seed,timestamp,observer_id,observed_id,f1_0,f1_1,f1_2,f1_3,f1_4,f1_5,f1_6,f1_7,f1_8,f1_9,f2_0,f2_1,f2_2,f2_3,f2_4,f2_5,f2_6,f2_7,f2_8,f2_9,f3_0,f3_1,f3_2,f3_3,f3_4,f3_5,f3_6,f3_7,f3_8,f3_9,f4_0,f4_1,f4_2,f4_3,f4_4,f4_5,f4_6,f4_7,f4_8,f4_9,f5,F1,F2,F3,F4,F5,F6,RUL,fault_status,fault_type,faulty_robot,movement_pattern
160,131.54,remora9,remora6,0.00,0.00,0.00,0.00,0.00,0.00,0.00,0.00,0.00,0.00,0.00,0.00,0.00,0.00,0.00,0.00,0.00,0.00,0.00,0.00,1.60,1.60,1.60,1.60,1.60,1.60,1.60,1.60,1.60,1.60,6.03,6.02,6.02,6.02,6.02,6.02,6.02,6.02,6.02,6.02,106.06,0.00,1.00,1.00,0.00,0.00,0.00,-1.00,0,None,0,aggregation
160,132.54,remora9,remora6,0.00,0.00,0.00,0.00,0.00,0.00,0.00,0.00,0.00,0.00,0.00,0.00,0.00,0.00,0.00,0.00,0.00,0.00,0.00,0.00,1.60,1.60,1.60,1.60,1.60,1.60,1.60,1.60,1.60,1.60,6.02,6.02,6.02,6.02,6.02,6.02,6.02,6.02,6.02,6.02,76.69,0.00,1.00,1.00,0.00,0.00,0.00,-1.00,0,None,0,aggregation
160,133.54,remora9,remora6,0.00,0.00,0.00,0.00,0.00,0.00,0.00,0.00,0.00,0.00,0.00,0.00,0.00,0.00,0.00,0.00,0.00,0.00,0.00,0.00,1.60,1.60,1.60,1.60,1.60,1.60,1.60,1.60,1.60,1.60,6.02,6.02,6.02,6.02,6.03,6.03,6.03,6.03,5.82,5.81,47.23,0.00,1.00,1.00,0.00,0.00,0.00,-1.00,0,None,0,aggregation
160,134.54,remora9,remora6,0.00,0.00,0.00,0.00,0.00,0.00,0.00,0.00,0.00,0.00,0.00,0.00,0.00,0.00,0.00,0.00,0.00,0.00,0.00,0.00,1.60,1.60,1.60,1.60,1.60,1.60,1.60,1.60,1.60,1.60,5.81,5.81,5.80,5.80,5.79,5.79,5.79,5.79,5.78,5.78,17.74,0.00,1.00,0.00,0.00,0.00,0.00,-1.00,0,None,0,aggregation
160,135.54,remora9,remora6,0.00,0.00,0.00,0.00,0.00,0.00,0.00,0.00,0.00,0.00,0.00,0.00,0.00,0.00,0.00,0.00,0.00,0.00,0.00,0.00,1.60,1.60,1.60,1.60,1.60,1.60,1.60,1.60,1.60,1.60,5.78,5.78,5.78,5.78,5.78,5.78,5.78,5.78,5.78,5.78,0.00,0.00,1.00,0.00,0.00,0.00,0.00,-1.00,0,None,0,aggregation
160,136.54,remora9,remora6,0.00,0.00,0.00,0.00,0.00,0.00,0.00,0.00,0.00,0.00,0.00,0.00,0.00,0.00,0.00,0.00,0.00,0.00,0.00,0.00,1.60,1.60,1.60,1.60,1.60,1.60,1.60,1.60,1.60,1.60,5.78,5.78,5.78,5.78,5.78,5.78,5.78,5.78,5.77,5.77,0.00,0.00,1.00,0.00,0.00,0.00,0.00,-1.00,0,None,0,aggregation
160,137.54,remora9,remora6,0.00,0.00,0.00,0.00,0.00,0.00,0.00,0.00,0.00,0.00,0.00,0.00,0.00,0.00,0.00,0.00,0.00,0.00,0.00,0.00,1.60,1.60,1.60,1.60,1.60,1.60,1.60,1.60,1.60,1.60,5.76,5.76,5.76,5.76,5.76,5.75,5.75,5.75,5.75,5.75,0.00,0.00,1.00,0.00,0.00,0.00,0.00,-1.00,0,None,0,aggregation
160,138.54,remora9,remora6,0.00,0.00,0.00,0.00,0.00,0.00,0.00,0.00,0.00,0.00,0.00,0.00,0.00,0.00,0.00,0.00,0.00,0.00,0.00,0.00,1.60,1.60,1.60,1.60,1.60,1.60,1.60,1.60,1.60,1.60,5.75,5.75,5.75,5.75,5.74,5.74,5.73,5.73,5.72,5.72,0.00,0.00,1.00,0.00,0.00,0.00,0.00,-1.00,0,None,0,aggregation
160,139.54,remora9,remora6,0.00,0.00,0.00,0.00,0.00,0.00,0.00,0.00,0.00,0.00,0.00,0.00,0.00,0.00,0.00,0.00,0.00,0.00,0.00,0.00,1.60,1.60,1.60,1.60,1.60,1.60,1.60,1.60,1.60,1.60,5.72,5.72,5.72,5.72,5.72,5.72,5.72,5.72,5.72,5.72,0.00,0.00,1.00,0.00,0.00,0.00,0.00,-1.00,0,None,0,aggregation
160,140.54,remora9,remora6,0.00,0.00,0.00,0.00,0.00,0.00,0.00,0.00,0.00,0.00,0.00,0.00,0.00,0.00,0.00,0.00,0.00,0.00,0.00,0.00,1.60,1.60,1.60,1.60,1.60,1.60,1.60,1.60,1.60,1.60,5.72,5.71,5.71,5.71,5.70,5.70,5.70,5.70,5.70,5.70,0.00,0.00,1.00,0.00,0.00,0.00,0.00,-1.00,0,None,0,aggregation
160,141.54,remora9,remora6,0.00,0.00,0.00,0.00,0.00,0.00,0.00,0.00,0.00,0.00,0.00,0.00,0.00,0.00,0.00,0.00,0.00,0.00,0.00,0.00,1.60,1.60,1.60,1.60,1.60,1.60,1.60,1.60,1.60,1.60,5.70,5.70,5.70,5.70,5.70,5.70,5.70,5.70,5.70,5.70,0.00,0.00,1.00,0.00,0.00,0.00,0.00,-1.00,0,None,0,aggregation
160,142.54,remora9,remora6,0.00,0.00,0.00,0.00,0.00,0.00,0.00,0.00,0.00,0.00,0.00,0.00,0.00,0.00,0.00,0.00,0.00,0.00,0.00,0.00,1.60,1.60,1.60,1.60,1.60,1.60,1.60,1.60,1.60,1.60,5.71,5.71,5.71,5.71,5.71,5.71,5.71,5.71,5.71,5.70,0.00,0.00,1.00,0.00,0.00,0.00,0.00,-1.00,0,None,0,aggregation
160,143.54,remora9,remora6,0.00,0.00,0.00,0.00,0.00,0.00,0.00,0.00,0.00,0.00,0.00,0.00,0.00,0.00,0.00,0.00,0.00,0.00,0.00,0.00,1.60,1.60,1.60,1.62,1.63,1.65,1.67,1.69,1.71,1.73,5.70,5.70,5.70,5.70,5.71,5.71,5.71,5.72,5.72,5.72,0.00,0.00,1.00,0.00,0.00,0.00,0.00,-1.00,0,None,0,aggregation
160,144.54,remora9,remora6,0.00,0.00,0.00,0.00,0.00,0.00,0.00,0.00,0.00,0.00,0.00,0.00,0.00,0.00,0.00,0.00,0.00,0.00,0.00,0.00,1.75,1.78,1.80,1.82,1.84,1.87,1.89,1.91,1.94,1.96,5.73,5.73,5.74,5.74,5.74,5.75,5.75,5.75,5.76,5.76,0.00,0.00,1.00,0.00,0.00,0.00,0.00,-1.00,0,None,0,aggregation
160,145.54,remora9,remora6,0.00,0.00,0.00,0.00,0.00,0.00,0.00,0.00,0.00,0.00,0.00,0.00,0.00,0.00,0.00,0.00,0.00,0.00,0.00,0.00,1.99,2.01,2.04,2.06,2.09,2.12,2.14,2.17,2.20,2.22,5.77,5.77,5.77,5.77,5.77,5.78,5.78,5.79,5.79,5.80,0.00,0.00,1.00,0.00,0.00,0.00,0.00,-1.00,0,None,0,aggregation
160,146.54,remora9,remora6,-35.22,-35.22,-35.16,-35.16,-34.91,-34.91,-34.49,-34.49,-33.95,-33.95,-24.75,-24.75,-24.69,-24.69,-24.45,-24.45,-24.02,-24.02,-23.49,-23.49,2.26,2.31,2.37,2.42,2.48,2.54,2.59,2.65,2.71,2.76,5.81,5.84,5.87,5.89,5.92,5.95,5.98,6.01,6.04,6.07,29.51,0.00,1.00,0.00,0.00,0.00,0.00,-1.00,0,None,0,aggregation
160,147.54,remora9,remora6,-33.20,-33.20,-32.38,-32.38,-31.52,-31.52,-30.45,-30.45,-29.25,-29.25,-22.74,-22.74,-21.91,-21.91,-21.06,-21.06,-19.98,-19.98,-18.79,-18.79,2.82,2.87,2.93,2.98,3.03,3.08,3.13,3.18,3.23,3.28,6.10,6.13,6.16,6.19,6.22,6.25,6.27,6.30,6.32,6.35,55.64,0.00,0.00,1.00,0.00,0.00,0.00,-1.00,0,None,0,aggregation
160,148.54,remora9,remora6,-28.08,-28.08,-26.67,-26.67,-25.31,-25.31,-23.87,-23.87,-22.35,-22.35,-17.61,-17.61,-16.20,-16.20,-14.84,-14.84,-13.40,-13.40,-11.89,-11.89,3.33,3.37,3.41,3.45,3.49,3.52,3.56,3.59,3.62,3.64,6.38,6.95,6.98,7.00,7.02,6.49,7.05,7.07,7.08,7.10,75.66,0.00,0.00,1.00,0.00,0.00,0.00,-1.00,0,None,0,aggregation
160,149.54,remora9,remora6,-20.59,-20.59,-19.13,-19.13,-17.24,-17.24,-15.49,-15.49,-13.70,-13.70,-10.13,-10.13,-8.67,-8.67,-6.78,-6.78,-5.03,-5.03,-3.24,-3.24,3.66,3.68,3.70,3.72,3.74,3.75,3.77,3.78,3.79,3.81,7.12,7.13,7.14,7.16,7.17,7.18,7.20,7.20,7.21,7.22,87.66,0.00,0.00,1.00,0.00,0.00,0.00,-1.00,0,None,0,aggregation
160,150.54,remora9,remora6,-11.67,-11.67,-9.82,-9.82,-7.74,-7.74,-5.86,-5.86,-3.60,-3.60,-1.21,-1.21,0.64,0.64,2.72,2.72,4.60,4.60,6.54,6.54,3.82,3.83,3.84,3.85,3.86,3.87,3.88,3.89,3.90,3.91,7.23,7.24,7.25,7.25,6.72,7.26,7.26,7.26,7.27,7.27,90.79,0.00,0.00,1.00,0.00,0.00,0.00,-1.00,0,None,0,aggregation
160,151.54,remora9,remora6,-1.29,-1.29,0.79,0.79,2.84,2.84,4.86,4.86,6.63,6.63,8.39,8.39,10.04,10.04,11.68,11.68,13.28,13.28,14.68,14.68,3.91,3.92,3.93,3.94,3.94,3.95,3.96,3.97,3.98,3.99,7.27,7.27,7.28,7.28,7.28,7.28,7.28,6.76,6.76,6.76,97.98,0.00,0.00,1.00,0.00,0.00,0.00,-1.00,0,None,0,aggregation
160,152.54,remora9,remora6,8.58,8.58,10.27,10.27,11.72,11.72,13.32,13.32,14.88,14.88,16.21,16.21,17.53,17.53,18.65,18.65,19.88,19.88,21.06,21.06,4.00,4.01,4.02,4.03,4.04,4.05,4.06,4.07,4.08,4.10,6.77,6.77,6.78,7.30,7.30,7.30,7.31,6.81,6.81,6.82,113.19,0.00,0.00,1.00,0.00,0.00,0.00,-1.00,0,None,0,aggregation
160,153.54,remora9,remora6,16.01,16.01,17.10,17.10,18.51,18.51,19.52,19.52,20.34,20.34,21.91,21.91,22.73,22.73,23.77,23.77,24.50,24.50,25.08,25.08,4.11,4.12,4.14,4.15,4.16,4.18,4.19,4.21,4.23,4.24,6.83,6.83,6.84,6.85,6.86,6.87,6.88,6.89,7.25,7.27,134.14,0.00,0.00,1.00,0.00,0.00,0.00,-1.00,0,None,0,aggregation
160,154.54,remora9,remora6,21.12,21.12,22.03,22.03,22.75,22.75,23.45,23.45,23.98,23.98,25.64,25.64,26.26,26.26,26.75,26.75,27.21,27.21,27.56,27.56,4.26,4.28,4.30,4.32,4.34,4.35,4.37,4.39,4.41,4.43,7.29,7.31,7.34,6.03,6.05,6.07,6.09,6.11,6.13,6.15,158.81,0.00,0.00,1.00,0.00,0.00,0.00,-1.00,0,None,0,aggregation
160,155.54,remora9,remora6,24.49,24.49,24.98,24.98,25.45,25.45,25.79,25.79,26.23,26.23,27.89,27.89,28.19,28.19,28.48,28.48,28.68,28.68,28.92,28.92,4.45,4.47,4.49,4.51,4.53,4.55,4.57,4.59,4.61,4.63,6.18,6.20,6.22,6.24,6.27,6.29,6.31,6.33,6.36,6.38,185.72,0.00,0.00,1.00,0.00,0.00,0.00,-1.00,0,None,0,aggregation
160,156.54,remora9,remora6,26.43,26.43,26.64,26.64,27.03,27.03,27.22,27.22,27.40,27.40,29.04,29.04,29.15,29.15,29.35,29.35,29.45,29.45,29.54,29.54,4.65,4.67,4.69,4.71,4.73,4.74,4.76,4.78,4.79,4.81,6.40,6.43,6.45,6.48,6.50,6.52,6.55,6.57,6.59,6.62,184.33,0.00,0.00,1.00,0.00,0.00,0.00,-1.00,0,None,0,aggregation
160,157.54,remora9,remora6,27.57,27.57,27.74,27.74,27.91,27.91,28.07,28.07,28.07,28.14,29.62,29.62,29.70,29.70,29.77,29.77,29.83,29.83,29.83,29.87,4.82,4.84,4.85,4.87,4.88,4.89,4.91,4.92,4.93,4.94,6.64,6.66,6.69,6.71,6.73,6.75,6.78,6.80,6.82,6.84,187.02,0.00,0.00,1.00,0.00,0.00,0.00,-1.00,0,None,0,aggregation
160,158.54,remora9,remora6,28.22,28.22,28.37,28.37,28.44,28.44,28.51,28.51,28.65,28.65,29.89,29.89,29.95,29.95,29.97,29.97,30.00,30.00,30.04,30.04,4.95,4.96,4.98,4.99,5.00,5.00,5.01,5.02,5.03,5.04,6.86,6.88,6.90,6.92,6.95,6.97,6.99,7.01,7.03,7.05,196.20,0.00,0.00,1.00,0.00,0.00,0.00,-1.00,0,None,0,aggregation
160,159.54,remora9,remora6,28.71,28.71,28.78,28.78,28.84,28.84,28.96,28.96,28.96,28.96,30.06,30.06,30.08,30.08,30.10,30.10,30.13,30.13,30.13,30.13,5.05,5.05,5.06,5.07,5.07,5.08,5.09,5.09,5.09,5.10,7.07,7.09,7.11,7.13,7.15,7.17,7.19,7.20,7.22,7.24,213.68,0.00,0.00,1.00,0.00,0.00,0.00,-1.00,0,None,0,aggregation
160,160.54,remora9,remora6,29.08,29.08,29.08,29.08,29.14,29.14,29.19,29.19,29.24,29.24,30.15,30.15,30.15,30.15,30.16,30.16,30.17,30.17,30.17,30.17,5.10,5.11,5.11,5.11,5.12,5.12,5.12,5.12,5.13,5.13,7.26,7.28,7.30,7.31,7.33,7.35,7.37,7.38,7.40,7.42,240.20,0.00,0.00,1.00,0.00,0.00,0.00,-1.00,0,None,0,aggregation
160,161.54,remora9,remora6,29.29,29.29,29.34,29.34,29.34,29.34,29.44,29.44,29.44,29.44,30.18,30.18,30.18,30.18,30.18,30.18,30.19,30.19,30.19,30.19,5.13,5.13,5.13,5.13,5.14,5.14,5.14,5.14,5.14,5.14,7.43,7.45,7.47,7.48,7.50,7.52,7.53,7.55,7.57,5.14,262.79,0.00,0.00,1.00,0.00,0.00,0.00,-1.00,0,None,0,aggregation
160,162.54,remora9,remora6,29.44,29.44,29.53,29.53,29.53,29.53,29.53,29.53,29.62,29.62,30.19,30.19,30.18,30.18,30.18,30.18,30.18,30.18,30.17,30.17,5.14,5.14,5.14,5.14,5.15,5.15,5.15,5.15,5.15,5.16,5.14,5.14,5.14,5.14,5.15,5.15,5.15,5.15,5.15,5.16,277.44,0.00,0.00,1.00,0.00,0.00,0.00,-1.00,0,None,0,aggregation
160,163.54,remora9,remora6,29.62,29.62,0.00,0.00,30.00,30.00,30.00,30.00,30.00,30.00,30.17,30.17,0.00,0.00,30.00,30.00,30.00,30.00,30.00,30.00,5.18,5.23,5.25,5.23,5.22,5.25,5.27,5.27,5.27,5.27,5.18,5.23,5.25,5.23,5.22,5.25,5.27,5.27,5.27,5.27,280.47,0.00,0.00,1.00,0.00,0.00,0.00,-1.00,0,None,0,aggregation
160,164.54,remora9,remora6,30.00,30.00,30.00,30.00,30.00,30.00,30.00,30.00,30.00,30.00,30.00,30.00,30.00,30.00,30.00,30.00,30.00,30.00,30.00,30.00,5.27,5.27,5.27,5.27,5.27,5.27,5.27,5.27,5.27,5.27,5.27,5.27,5.27,5.27,5.27,5.27,5.27,5.27,5.27,5.27,285.79,0.00,0.00,1.00,0.00,0.00,0.00,-1.00,0,None,0,aggregation
160,165.54,remora9,remora6,30.00,30.00,30.00,30.00,30.00,30.00,30.00,30.00,30.00,30.00,30.00,30.00,30.00,30.00,30.00,30.00,30.00,30.00,30.00,30.00,5.27,5.27,5.27,5.27,5.27,5.27,5.27,5.27,5.27,5.27,5.27,5.27,5.27,5.27,5.27,5.27,5.27,5.27,5.27,5.27,288.88,0.00,0.00,1.00,0.00,0.00,0.00,-1.00,0,None,0,aggregation
160,166.54,remora9,remora6,30.00,30.00,30.00,30.00,30.00,30.00,30.00,30.00,30.00,30.00,30.00,30.00,30.00,30.00,30.00,30.00,30.00,30.00,30.00,30.00,5.28,5.28,5.28,5.28,5.28,5.28,5.28,5.28,5.28,5.28,5.28,5.28,5.28,5.28,5.28,5.28,5.28,5.28,5.28,5.28,290.76,0.00,0.00,1.00,0.00,0.00,0.00,-1.00,0,None,0,aggregation
160,167.54,remora9,remora6,30.00,30.00,30.00,30.00,30.00,30.00,30.00,30.00,30.00,30.00,30.00,30.00,30.00,30.00,30.00,30.00,30.00,30.00,30.00,30.00,5.28,5.28,5.28,5.28,5.28,5.28,5.28,5.28,5.28,5.28,5.28,5.28,5.28,5.28,5.28,5.28,5.28,5.28,5.28,5.28,291.94,0.00,0.00,1.00,0.00,0.00,0.00,-1.00,0,None,0,aggregation
160,168.54,remora9,remora6,30.00,30.00,30.00,30.00,30.00,30.00,30.00,30.00,30.00,30.00,30.00,30.00,30.00,30.00,30.00,30.00,30.00,30.00,30.00,30.00,5.28,5.28,5.28,5.28,5.28,5.28,5.28,5.28,5.28,5.28,5.28,5.28,5.28,5.28,5.28,5.28,5.28,5.28,5.28,5.28,292.74,0.00,0.00,1.00,0.00,0.00,0.00,-1.00,0,None,0,aggregation
160,169.54,remora9,remora6,30.00,30.00,30.00,30.00,30.00,30.00,30.00,30.00,30.00,30.00,30.00,30.00,30.00,30.00,30.00,30.00,30.00,30.00,30.00,30.00,5.28,5.28,5.28,5.28,5.28,5.28,5.28,5.28,5.28,5.28,5.28,5.28,5.28,5.28,5.28,5.28,5.28,5.28,5.28,5.28,293.26,0.00,0.00,1.00,0.00,0.00,0.00,-1.00,0,None,0,aggregation
160,170.54,remora9,remora6,30.00,30.00,30.00,30.00,30.00,30.00,30.00,30.00,30.00,30.00,30.00,30.00,30.00,30.00,30.00,30.00,30.00,30.00,30.00,30.00,5.28,5.28,5.28,5.28,5.28,5.28,5.28,5.28,5.28,5.28,5.28,5.28,5.28,5.28,5.28,5.28,5.28,5.28,5.28,5.28,293.61,0.00,0.00,1.00,0.00,0.00,0.00,-1.00,0,None,0,aggregation
160,171.54,remora9,remora6,30.00,30.00,30.00,30.00,30.00,30.00,30.00,30.00,30.00,30.00,30.00,30.00,30.00,30.00,30.00,30.00,30.00,30.00,30.00,30.00,5.28,5.28,5.28,5.29,5.29,5.29,5.29,5.29,5.29,5.29,5.28,5.28,5.28,5.29,5.29,5.29,5.29,5.29,5.29,5.29,293.83,0.00,0.00,1.00,0.00,0.00,0.00,-1.00,0,None,0,aggregation
160,172.54,remora9,remora6,30.00,30.00,30.00,30.00,30.00,30.00,30.00,30.00,30.00,30.00,30.00,30.00,30.00,30.00,30.00,30.00,30.00,30.00,30.00,30.00,5.29,5.29,5.29,5.29,5.29,5.29,5.29,5.29,5.29,5.29,5.29,5.29,5.29,5.29,5.29,5.29,5.29,5.29,5.29,5.29,293.98,0.00,0.00,1.00,0.00,0.00,0.00,-1.00,0,None,0,aggregation
160,173.54,remora9,remora6,30.00,30.00,30.00,30.00,30.00,30.00,30.00,30.00,30.00,30.00,30.00,30.00,30.00,30.00,30.00,30.00,30.00,30.00,30.00,30.00,5.29,5.29,5.29,5.29,5.29,5.29,5.29,5.29,5.29,5.29,5.29,5.29,5.29,5.29,5.29,5.29,5.29,5.29,5.29,5.29,300.00,0.00,0.00,1.00,0.00,0.00,0.00,-1.00,0,None,0,aggregation
160,174.54,remora9,remora6,30.00,30.00,30.00,30.00,30.00,30.00,30.00,30.00,30.00,30.00,30.00,30.00,30.00,30.00,30.00,30.00,30.00,30.00,30.00,30.00,5.29,5.29,5.29,5.29,5.30,5.30,5.30,5.30,5.30,5.30,5.29,5.29,5.29,5.29,5.30,5.30,5.30,5.30,5.30,5.30,300.00,0.00,0.00,1.00,0.00,0.00,0.00,-1.00,0,None,0,aggregation
160,175.54,remora9,remora6,30.00,30.00,30.00,30.00,30.00,30.00,30.00,30.00,30.00,30.00,30.00,30.00,30.00,30.00,30.00,30.00,30.00,30.00,30.00,30.00,5.30,5.30,5.30,5.30,5.30,5.30,5.30,5.30,5.30,5.30,5.30,5.30,5.30,5.30,5.30,5.30,5.30,5.30,5.30,5.30,300.00,0.00,0.00,1.00,0.00,0.00,0.00,-1.00,0,None,0,aggregation
160,176.54,remora9,remora6,30.00,30.00,30.00,30.00,30.00,30.00,30.00,30.00,30.00,30.00,30.00,30.00,30.00,30.00,30.00,30.00,30.00,30.00,30.00,30.00,5.30,5.30,5.30,5.30,5.30,5.30,5.30,5.31,5.31,5.31,5.30,5.30,5.30,5.30,5.30,5.30,5.30,5.31,5.31,5.31,300.00,0.00,0.00,1.00,0.00,0.00,0.00,-1.00,0,None,0,aggregation
160,177.54,remora9,remora6,30.00,30.00,30.00,30.00,30.00,30.00,30.00,30.00,-1.26,-1.26,30.00,30.00,30.00,30.00,30.00,30.00,30.00,30.00,-16.96,-16.96,5.31,5.31,5.31,5.31,5.31,5.31,5.31,5.31,5.30,5.27,5.31,5.31,5.31,5.31,5.31,5.31,5.31,5.31,5.30,5.27,295.82,0.00,0.00,1.00,0.00,0.00,0.00,-1.00,0,None,0,aggregation
160,178.54,remora9,remora6,-1.07,-1.07,-0.57,-0.57,0.02,0.02,0.69,0.69,1.45,1.45,-16.77,-16.77,-16.27,-16.27,-15.68,-15.68,-15.00,-15.00,-14.25,-14.25,5.23,5.19,5.16,5.12,5.09,5.08,5.07,5.03,5.00,4.97,5.23,5.19,5.16,5.12,5.09,5.08,5.07,5.03,5.00,4.97,273.57,0.00,0.00,1.00,0.00,0.00,0.00,-1.00,0,None,0,aggregation
160,179.54,remora9,remora6,2.26,2.26,-19.76,-19.76,-18.15,-18.15,-16.64,-16.64,-15.15,-15.15,-13.43,-13.43,-30.22,-30.22,-28.61,-28.61,-27.10,-27.10,-25.62,-25.62,4.93,4.90,4.86,4.81,4.77,4.72,4.67,4.62,4.58,4.53,4.93,4.90,4.86,4.81,4.77,4.72,4.67,4.62,4.58,4.53,262.81,0.00,0.00,1.00,0.00,0.00,0.00,-1.00,0,None,0,aggregation
160,180.54,remora9,remora6,-13.57,-13.57,-11.72,-11.72,-9.95,-9.95,-8.11,-8.11,-6.01,-6.01,-24.03,-24.03,-22.18,-22.18,-20.41,-20.41,-18.57,-18.57,-16.47,-16.47,4.49,4.45,4.41,4.36,4.32,4.28,4.25,4.21,4.17,4.13,4.49,4.45,4.41,4.36,4.32,4.28,4.25,4.21,4.17,4.13,247.91,0.00,0.00,1.00,0.00,0.00,0.00,-1.00,0,None,0,aggregation
160,181.54,remora9,remora6,-3.84,-3.84,-1.82,-1.82,0.23,0.23,2.31,2.31,4.39,4.39,-14.30,-14.30,-12.29,-12.29,-10.24,-10.24,-8.16,-8.16,-6.07,-6.07,4.10,4.06,4.03,4.00,3.96,3.93,3.90,3.87,3.83,3.80,4.10,4.06,4.03,4.00,3.96,3.93,3.90,3.87,3.83,3.80,222.89,0.00,0.00,1.00,0.00,0.00,0.00,-1.00,0,None,0,aggregation
160,182.54,remora9,remora6,6.35,6.35,8.20,8.20,9.86,9.86,11.32,11.32,12.93,12.93,-3.84,-3.84,-1.52,-1.52,0.56,0.56,2.39,2.39,4.42,4.42,3.77,3.74,3.71,3.68,3.65,3.61,3.58,3.55,3.52,3.49,3.77,3.74,3.71,3.68,3.65,3.61,3.58,3.55,3.52,3.49,197.95,0.00,0.00,1.00,0.00,0.00,0.00,-1.00,0,None,0,aggregation
160,183.54,remora9,remora6,14.16,14.16,15.36,15.36,16.54,16.54,17.69,17.69,18.65,18.65,5.97,5.97,7.50,7.50,9.01,9.01,10.48,10.48,11.72,11.72,3.45,3.42,3.39,3.36,3.32,3.29,3.25,3.22,3.18,3.14,3.45,3.42,3.39,3.36,3.32,3.29,3.25,3.22,3.18,3.14,180.66,0.00,0.00,1.00,0.00,0.00,0.00,-1.00,0,None,0,aggregation
160,184.54,remora9,remora6,19.42,19.42,20.03,20.03,20.92,20.92,21.49,21.49,22.05,22.05,12.73,12.73,13.52,13.52,14.69,14.69,15.45,15.45,16.19,16.19,3.11,3.07,3.03,3.00,2.96,2.92,2.88,2.84,2.80,2.76,3.11,3.07,3.03,3.00,2.96,2.92,2.88,2.84,2.80,2.76,168.31,0.00,1.00,1.00,0.00,0.00,0.00,-1.00,0,None,0,aggregation
160,185.54,remora9,remora6,22.46,22.46,23.00,23.00,23.39,23.39,23.89,23.89,24.14,24.14,16.74,16.74,17.46,17.46,17.99,17.99,18.68,18.68,19.02,19.02,2.72,2.68,2.64,2.60,2.55,2.51,2.47,2.43,2.38,2.34,2.72,2.68,2.64,2.60,2.55,2.51,2.47,2.43,2.38,2.34,158.99,0.00,1.00,1.00,0.00,0.00,0.00,-1.00,0,None,0,aggregation
160,186.54,remora9,remora6,24.50,24.50,24.62,24.62,24.85,24.85,25.08,25.08,25.20,25.20,19.52,19.52,19.69,19.69,20.02,20.02,20.34,20.34,20.50,20.50,2.30,2.25,2.21,2.17,2.12,2.08,2.03,1.99,1.95,1.90,2.30,2.25,2.21,2.17,2.12,2.08,2.03,1.99,1.95,1.90,151.42,0.00,1.00,1.00,0.00,0.00,0.00,-1.00,0,None,0,aggregation
160,187.54,remora9,remora6,25.31,25.31,25.42,25.42,25.53,25.53,0.00,0.00,0.00,0.00,20.66,20.66,20.81,20.81,20.97,20.97,0.00,0.00,0.00,0.00,1.86,1.81,1.77,1.72,1.68,1.64,1.61,1.60,1.60,1.60,1.86,1.81,1.77,1.72,1.68,1.64,1.61,1.60,1.60,1.60,139.47,0.00,1.00,1.00,0.00,0.00,0.00,-1.00,0,None,0,aggregation
160,188.54,remora9,remora6,0.00,0.00,0.00,0.00,0.00,0.00,0.00,0.00,0.00,0.00,0.00,0.00,0.00,0.00,0.00,0.00,0.00,0.00,0.00,0.00,1.60,1.60,1.60,1.61,1.61,1.61,1.60,1.60,1.60,1.60,1.60,1.60,1.60,1.61,1.61,1.61,1.60,1.60,1.60,1.60,131.72,0.00,1.00,1.00,0.00,0.00,0.00,-1.00,0,None,0,aggregation
160,189.54,remora9,remora6,0.00,0.00,0.00,0.00,0.00,0.00,0.00,0.00,0.00,0.00,0.00,0.00,0.00,0.00,0.00,0.00,0.00,0.00,0.00,0.00,1.60,1.60,1.60,1.60,1.60,1.60,1.60,1.60,1.60,1.60,1.60,1.60,1.60,1.60,1.60,1.60,1.60,1.60,1.60,1.60,112.48,0.00,1.00,1.00,0.00,0.00,0.00,-1.00,0,None,0,aggregation
160,190.54,remora9,remora6,0.00,0.00,0.00,0.00,0.00,0.00,0.00,0.00,0.00,0.00,0.00,0.00,0.00,0.00,0.00,0.00,0.00,0.00,0.00,0.00,1.60,1.60,1.60,1.60,1.60,1.60,1.60,1.60,1.60,1.60,1.60,1.60,1.60,1.60,1.60,1.60,1.60,1.60,1.60,1.60,97.38,0.00,1.00,1.00,0.00,0.00,0.00,-1.00,0,None,0,aggregation
160,191.54,remora9,remora6,0.00,0.00,0.00,0.00,0.00,0.00,0.00,0.00,0.00,0.00,0.00,0.00,0.00,0.00,0.00,0.00,0.00,0.00,0.00,0.00,1.60,1.60,1.60,1.60,1.60,1.60,1.60,1.60,1.60,1.60,1.60,1.60,1.60,1.60,1.60,1.60,1.60,4.63,4.62,4.61,92.40,0.00,1.00,1.00,0.00,0.00,0.00,-1.00,0,None,0,aggregation
160,192.54,remora9,remora6,0.00,0.00,0.00,0.00,0.00,0.00,0.00,0.00,0.00,0.00,0.00,0.00,0.00,0.00,0.00,0.00,0.00,0.00,0.00,0.00,1.61,1.61,1.61,1.61,1.61,1.61,1.61,1.61,1.61,1.61,4.60,4.59,4.58,4.57,4.56,4.55,4.54,4.53,4.52,4.51,87.33,0.00,1.00,1.00,0.00,0.00,0.00,-1.00,0,None,0,aggregation
160,193.54,remora9,remora6,0.00,0.00,0.00,0.00,0.00,0.00,0.00,0.00,0.00,0.00,0.00,0.00,0.00,0.00,0.00,0.00,0.00,0.00,0.00,0.00,1.61,1.61,1.61,1.61,1.61,1.61,1.61,1.61,1.61,1.61,4.50,4.49,4.48,4.47,4.46,4.45,4.44,4.43,4.42,4.41,74.63,0.00,1.00,1.00,0.00,0.00,0.00,-1.00,0,None,0,aggregation
160,194.54,remora9,remora6,0.00,0.00,0.00,0.00,0.00,0.00,0.00,0.00,0.00,0.00,0.00,0.00,0.00,0.00,0.00,0.00,0.00,0.00,0.00,0.00,1.61,1.61,1.61,1.61,1.61,1.61,1.61,1.61,1.61,1.61,4.40,4.39,4.38,4.37,4.36,4.35,4.34,4.33,4.33,4.32,56.98,0.00,1.00,1.00,0.00,0.00,0.00,-1.00,0,None,0,aggregation
160,195.54,remora9,remora6,0.00,0.00,0.00,0.00,0.00,0.00,0.00,0.00,0.00,0.00,0.00,0.00,0.00,0.00,0.00,0.00,0.00,0.00,0.00,0.00,1.61,1.61,1.61,1.61,1.61,1.61,1.61,1.61,1.61,1.61,4.31,4.30,4.29,4.28,4.27,4.26,4.25,4.24,4.24,4.23,36.30,0.00,1.00,0.00,0.00,0.00,0.00,-1.00,0,None,0,aggregation
160,196.54,remora9,remora6,0.00,0.00,0.00,0.00,0.00,0.00,0.00,0.00,0.00,0.00,0.00,0.00,0.00,0.00,0.00,0.00,0.00,0.00,0.00,0.00,1.61,1.61,1.61,1.61,1.61,1.61,1.61,1.61,1.61,1.61,4.22,4.21,4.20,4.19,4.18,4.18,4.17,4.16,4.15,4.14,13.87,0.00,1.00,0.00,0.00,0.00,0.00,-1.00,0,None,0,aggregation
160,197.54,remora9,remora6,0.00,0.00,0.00,0.00,0.00,0.00,0.00,0.00,0.00,0.00,0.00,0.00,0.00,0.00,0.00,0.00,0.00,0.00,0.00,0.00,1.61,1.61,1.61,1.61,1.61,1.61,1.61,1.61,1.61,1.61,4.14,4.13,4.12,4.11,4.10,4.10,4.09,4.08,4.07,4.06,0.00,0.00,1.00,0.00,0.00,0.00,0.00,-1.00,0,None,0,aggregation
160,198.54,remora9,remora6,0.00,0.00,0.00,0.00,0.00,0.00,0.00,0.00,0.00,0.00,0.00,0.00,0.00,0.00,0.00,0.00,0.00,0.00,0.00,0.00,1.61,1.61,1.61,1.61,1.61,1.61,1.61,1.61,1.61,1.61,4.06,4.05,4.04,4.03,4.03,4.02,4.01,4.00,4.00,3.99,0.00,0.00,1.00,0.00,0.00,0.00,0.00,-1.00,0,None,0,aggregation
160,199.54,remora9,remora6,0.00,0.00,0.00,0.00,0.00,0.00,0.00,0.00,0.00,0.00,0.00,0.00,0.00,0.00,0.00,0.00,0.00,0.00,0.00,0.00,1.61,1.61,1.61,1.61,1.61,1.61,1.61,1.61,1.61,1.61,3.98,3.98,3.97,3.96,3.95,3.95,3.94,3.93,3.93,3.92,0.00,0.00,1.00,0.00,0.00,0.00,0.00,-1.00,0,None,0,aggregation
160,200.54,remora9,remora6,0.00,0.00,0.00,0.00,0.00,0.00,0.00,0.00,0.00,0.00,0.00,0.00,0.00,0.00,0.00,0.00,0.00,0.00,0.00,0.00,1.62,1.62,1.62,1.62,1.62,1.62,1.62,1.62,1.62,1.62,3.91,4.81,4.80,4.80,4.79,4.79,5.26,5.26,5.26,5.25,0.00,0.00,1.00,0.00,0.00,0.00,0.00,-1.00,0,None,0,aggregation
160,201.54,remora9,remora6,0.00,0.00,0.00,0.00,0.00,0.00,0.00,0.00,0.00,0.00,0.00,0.00,0.00,0.00,0.00,0.00,0.00,0.00,0.00,0.00,1.62,1.62,1.62,1.62,1.62,1.62,1.62,1.62,1.62,1.62,5.25,5.25,5.24,5.24,5.24,5.23,5.23,5.23,5.23,5.22,0.00,0.00,1.00,0.00,0.00,0.00,0.00,-1.00,0,None,0,aggregation
160,202.54,remora9,remora6,0.00,0.00,0.00,0.00,0.00,0.00,0.00,0.00,0.00,0.00,0.00,0.00,0.00,0.00,0.00,0.00,0.00,0.00,0.00,0.00,1.62,1.62,1.62,1.62,1.62,1.62,1.62,1.62,1.62,1.62,5.22,5.22,5.22,5.21,5.21,5.21,5.21,5.21,5.21,5.21,0.00,0.00,1.00,0.00,0.00,0.00,0.00,-1.00,0,None,0,aggregation
160,203.54,remora9,remora6,0.00,0.00,0.00,0.00,0.00,0.00,0.00,0.00,0.00,0.00,0.00,0.00,0.00,0.00,0.00,0.00,0.00,0.00,0.00,0.00,1.62,1.62,1.62,1.62,1.62,1.62,1.62,1.62,1.62,1.62,5.21,5.21,5.21,5.21,5.21,5.22,5.22,5.22,5.22,5.21,0.00,0.00,1.00,0.00,0.00,0.00,0.00,-1.00,0,None,0,aggregation
160,204.54,remora9,remora6,0.00,0.00,0.00,0.00,0.00,0.00,0.00,0.00,0.00,0.00,0.00,0.00,0.00,0.00,0.00,0.00,0.00,0.00,0.00,0.00,1.62,1.62,1.62,1.62,1.62,1.62,1.62,1.62,1.62,1.62,5.21,5.21,5.21,5.21,5.21,5.21,5.21,5.21,5.21,5.21,0.00,0.00,1.00,0.00,0.00,0.00,0.00,-1.00,0,None,0,aggregation
160,205.54,remora9,remora6,0.00,0.00,0.00,0.00,0.00,0.00,0.00,0.00,0.00,0.00,0.00,0.00,0.00,0.00,0.00,0.00,0.00,0.00,0.00,0.00,1.62,1.62,1.62,1.62,1.62,1.62,1.62,1.62,1.62,1.62,5.21,5.21,5.21,5.21,5.21,5.21,5.21,5.21,5.21,5.21,0.00,0.00,1.00,0.00,0.00,0.00,0.00,-1.00,0,None,0,aggregation
160,206.54,remora9,remora6,0.00,0.00,0.00,0.00,0.00,0.00,0.00,0.00,0.00,0.00,0.00,0.00,0.00,0.00,0.00,0.00,0.00,0.00,0.00,0.00,1.62,1.62,1.63,1.63,1.63,1.63,1.63,1.63,1.63,1.63,5.22,5.22,5.22,5.22,5.22,5.22,5.22,5.23,5.23,5.23,0.00,0.00,1.00,0.00,0.00,0.00,0.00,-1.00,0,None,0,aggregation
160,207.54,remora9,remora6,0.00,0.00,0.00,0.00,0.00,0.00,0.00,0.00,0.00,0.00,0.00,0.00,0.00,0.00,0.00,0.00,0.00,0.00,0.00,0.00,1.63,1.63,1.63,1.63,1.63,1.63,1.63,1.63,1.63,1.63,5.23,5.24,5.24,5.24,5.25,5.25,5.25,5.26,5.26,5.26,0.00,0.00,1.00,0.00,0.00,0.00,0.00,-1.00,0,None,0,aggregation
160,208.54,remora9,remora6,0.00,0.00,0.00,0.00,0.00,0.00,0.00,0.00,0.00,0.00,0.00,0.00,0.00,0.00,0.00,0.00,0.00,0.00,0.00,0.00,1.63,1.63,1.63,1.63,1.63,1.63,1.63,1.63,1.63,1.63,5.27,5.27,5.28,5.28,5.29,5.29,5.29,5.30,5.30,5.31,0.00,0.00,1.00,0.00,0.00,0.00,0.00,-1.00,0,None,0,aggregation
160,209.54,remora9,remora6,0.00,0.00,0.00,0.00,0.00,0.00,0.00,0.00,0.00,0.00,0.00,0.00,0.00,0.00,0.00,0.00,0.00,0.00,0.00,0.00,1.63,1.63,1.63,1.63,1.63,1.63,1.63,1.63,1.63,1.63,5.31,5.32,5.32,5.33,5.33,5.34,5.34,5.35,5.35,5.36,0.00,0.00,1.00,0.00,0.00,0.00,0.00,-1.00,0,None,0,aggregation
160,210.54,remora9,remora6,0.00,0.00,0.00,0.00,0.00,0.00,0.00,0.00,0.00,0.00,0.00,0.00,0.00,0.00,0.00,0.00,0.00,0.00,0.00,0.00,1.63,1.63,1.63,1.63,1.63,1.63,1.63,1.63,1.63,1.63,5.37,5.37,5.38,5.38,5.39,5.40,5.40,5.41,5.42,5.42,0.00,0.00,1.00,0.00,0.00,0.00,0.00,-1.00,0,None,0,aggregation
160,211.54,remora9,remora6,0.00,0.00,0.00,0.00,0.00,0.00,0.00,0.00,0.00,0.00,0.00,0.00,0.00,0.00,0.00,0.00,0.00,0.00,0.00,0.00,1.63,1.63,1.63,1.63,1.63,1.63,1.63,1.63,1.63,1.63,5.43,5.44,5.44,5.45,5.46,5.47,5.48,5.48,5.49,5.50,0.00,0.00,1.00,0.00,0.00,0.00,0.00,-1.00,0,None,0,aggregation
160,212.54,remora9,remora6,0.00,0.00,0.00,0.00,0.00,0.00,0.00,0.00,0.00,0.00,0.00,0.00,0.00,0.00,0.00,0.00,0.00,0.00,0.00,0.00,1.63,1.63,1.63,1.63,1.63,1.63,1.63,1.63,1.63,1.63,5.51,5.52,5.53,5.54,4.80,4.81,4.81,4.81,4.82,4.82,0.00,0.00,1.00,0.00,0.00,0.00,0.00,-1.00,0,None,0,aggregation
160,213.54,remora9,remora6,0.00,0.00,0.00,0.00,0.00,0.00,0.00,0.00,0.00,0.00,0.00,0.00,0.00,0.00,0.00,0.00,0.00,0.00,0.00,0.00,1.63,1.63,1.63,1.63,1.63,1.63,1.63,1.63,1.63,1.63,4.82,4.83,4.83,4.83,4.83,4.84,4.84,4.85,4.85,4.85,0.00,0.00,1.00,0.00,0.00,0.00,0.00,-1.00,0,None,0,aggregation
160,214.54,remora9,remora6,0.00,0.00,0.00,0.00,0.00,0.00,0.00,0.00,0.00,0.00,0.00,0.00,0.00,0.00,0.00,0.00,0.00,0.00,0.00,0.00,1.63,1.63,1.63,1.63,1.63,1.63,1.63,1.63,1.63,1.63,4.85,4.86,4.86,4.87,4.87,4.87,4.88,4.88,4.89,4.90,0.00,0.00,1.00,0.00,0.00,0.00,0.00,-1.00,0,None,0,aggregation
160,215.54,remora9,remora6,0.00,0.00,0.00,0.00,0.00,0.00,0.00,0.00,0.00,0.00,0.00,0.00,0.00,0.00,0.00,0.00,0.00,0.00,0.00,0.00,1.63,1.63,1.63,1.63,1.63,1.63,1.63,1.63,1.63,1.63,4.90,4.90,4.91,4.91,4.92,4.92,4.93,4.94,4.94,4.95,0.00,0.00,1.00,0.00,0.00,0.00,0.00,-1.00,0,None,0,aggregation
160,216.54,remora9,remora6,0.00,0.00,0.00,0.00,0.00,0.00,0.00,0.00,0.00,0.00,0.00,0.00,0.00,0.00,0.00,0.00,0.00,0.00,0.00,0.00,1.63,1.63,1.63,1.63,1.63,1.63,1.63,1.63,1.63,1.63,4.95,4.96,4.96,4.97,4.97,4.98,4.98,4.99,5.00,5.01,0.00,0.00,1.00,0.00,0.00,0.00,0.00,-1.00,0,None,0,aggregation
160,217.54,remora9,remora6,0.00,0.00,0.00,0.00,0.00,0.00,0.00,0.00,0.00,0.00,0.00,0.00,0.00,0.00,0.00,0.00,0.00,0.00,0.00,0.00,1.63,1.63,1.63,1.63,1.63,1.63,1.63,1.63,1.63,1.63,5.02,5.02,5.03,5.03,5.04,5.05,5.05,5.06,5.06,5.07,0.00,0.00,1.00,0.00,0.00,0.00,0.00,-1.00,0,None,0,aggregation
160,218.54,remora9,remora6,0.00,0.00,0.00,0.00,0.00,0.00,0.00,0.00,0.00,0.00,0.00,0.00,0.00,0.00,0.00,0.00,0.00,0.00,0.00,0.00,1.63,1.63,1.63,1.63,1.63,1.63,1.63,1.63,1.63,1.63,5.08,5.09,5.09,5.10,5.11,5.12,5.12,5.13,5.14,5.14,0.00,0.00,1.00,0.00,0.00,0.00,0.00,-1.00,0,None,0,aggregation
160,219.54,remora9,remora6,0.00,0.00,0.00,0.00,0.00,0.00,0.00,0.00,0.00,0.00,0.00,0.00,0.00,0.00,0.00,0.00,0.00,0.00,0.00,0.00,1.63,1.63,1.63,1.63,1.63,1.63,1.63,1.63,1.63,1.63,5.15,5.16,5.16,5.17,5.18,5.19,5.20,5.21,5.21,5.22,0.00,0.00,1.00,0.00,0.00,0.00,0.00,-1.00,0,None,0,aggregation
160,220.54,remora9,remora6,0.00,0.00,0.00,0.00,0.00,0.00,0.00,0.00,0.00,0.00,0.00,0.00,0.00,0.00,0.00,0.00,0.00,0.00,0.00,0.00,1.63,1.63,1.63,1.63,1.63,1.63,1.63,1.63,1.63,1.63,5.23,5.23,5.24,5.24,5.25,5.26,5.27,5.28,5.29,5.29,0.00,0.00,1.00,0.00,0.00,0.00,0.00,-1.00,0,None,0,aggregation
160,221.54,remora9,remora6,0.00,0.00,0.00,0.00,0.00,0.00,0.00,0.00,0.00,0.00,0.00,0.00,0.00,0.00,0.00,0.00,0.00,0.00,0.00,0.00,1.63,1.63,1.63,1.63,1.63,1.63,1.63,1.63,1.63,1.63,5.30,5.30,5.31,5.32,5.33,5.34,5.35,5.36,5.36,5.37,0.00,0.00,1.00,0.00,0.00,0.00,0.00,-1.00,0,None,0,aggregation
160,222.54,remora9,remora6,0.00,0.00,0.00,0.00,0.00,0.00,0.00,0.00,0.00,0.00,0.00,0.00,0.00,0.00,0.00,0.00,0.00,0.00,0.00,0.00,1.63,1.64,1.64,1.64,1.64,1.64,1.64,1.64,1.64,1.64,5.38,5.38,4.20,4.20,4.19,4.20,4.20,4.20,4.20,5.75,0.00,0.00,1.00,0.00,0.00,0.00,0.00,-1.00,0,None,0,aggregation
160,223.54,remora9,remora6,0.00,0.00,0.00,0.00,0.00,0.00,0.00,0.00,0.00,0.00,0.00,0.00,0.00,0.00,0.00,0.00,0.00,0.00,0.00,0.00,1.64,1.64,1.64,1.64,1.64,1.64,1.64,1.64,1.64,1.64,5.74,5.72,5.71,5.70,5.68,5.67,5.67,5.66,5.65,5.63,0.00,0.00,1.00,0.00,0.00,0.00,0.00,-1.00,0,None,0,aggregation
160,224.54,remora9,remora6,0.00,0.00,0.00,0.00,0.00,0.00,0.00,0.00,0.00,0.00,0.00,0.00,0.00,0.00,0.00,0.00,0.00,0.00,0.00,0.00,1.64,1.64,1.64,1.64,1.64,1.64,1.64,1.64,1.64,1.64,5.62,5.61,5.59,5.58,5.57,5.56,5.55,5.53,5.52,5.51,0.00,0.00,1.00,0.00,0.00,0.00,0.00,-1.00,0,None,0,aggregation
160,225.54,remora9,remora6,0.00,0.00,0.00,0.00,0.00,0.00,0.00,0.00,0.00,0.00,0.00,0.00,0.00,0.00,0.00,0.00,0.00,0.00,0.00,0.00,1.64,1.64,1.64,1.64,1.64,1.64,1.64,1.64,1.64,1.64,5.49,5.48,5.48,5.47,6.59,6.57,6.56,6.55,6.53,6.52,0.00,0.00,1.00,0.00,0.00,0.00,0.00,-1.00,0,None,0,aggregation
160,226.54,remora9,remora6,0.00,0.00,0.00,0.00,0.00,0.00,0.00,0.00,0.00,0.00,0.00,0.00,0.00,0.00,0.00,0.00,0.00,0.00,0.00,0.00,1.64,1.64,1.64,1.64,1.64,1.64,1.64,1.64,1.64,1.64,6.50,6.49,6.48,6.47,6.45,6.44,6.42,6.41,6.40,6.39,0.00,0.00,1.00,0.00,0.00,0.00,0.00,-1.00,0,None,0,aggregation
160,227.54,remora9,remora6,0.00,0.00,0.00,0.00,0.00,0.00,0.00,0.00,0.00,0.00,0.00,0.00,0.00,0.00,0.00,0.00,0.00,0.00,0.00,0.00,1.64,1.64,1.64,1.64,1.64,1.64,1.64,1.64,1.64,1.64,6.38,6.37,6.35,6.34,6.32,6.31,6.30,6.28,6.27,6.25,0.00,0.00,1.00,0.00,0.00,0.00,0.00,-1.00,0,None,0,aggregation
160,228.54,remora9,remora6,0.00,0.00,-23.45,-23.45,-22.74,-22.74,-21.53,-21.53,-20.28,-20.28,0.00,0.00,-12.98,-12.98,-12.28,-12.28,-11.06,-11.06,-9.82,-9.82,1.64,1.64,1.65,1.68,1.72,1.76,1.80,1.83,1.87,1.90,6.24,6.22,6.21,6.21,6.22,6.22,6.22,6.22,6.22,6.22,13.41,0.00,1.00,0.00,0.00,0.00,0.00,-1.00,0,None,0,aggregation
160,229.54,remora9,remora6,-18.63,-18.63,-17.06,-17.06,-15.43,-15.43,-13.65,-13.65,-11.72,-11.72,-8.16,-8.16,-6.59,-6.59,-4.97,-4.97,-3.19,-3.19,-1.26,-1.26,1.94,1.97,2.00,2.03,2.06,2.08,2.11,2.13,2.15,2.17,6.22,6.21,6.21,6.21,6.21,6.20,6.20,6.19,6.19,6.19,23.48,0.00,1.00,0.00,0.00,0.00,0.00,-1.00,0,None,0,aggregation
160,230.54,remora9,remora6,-9.93,-9.93,-7.99,-7.99,-6.07,-6.07,-4.04,-4.04,-1.79,-1.79,0.54,0.54,2.47,2.47,4.40,4.40,6.19,6.19,7.99,7.99,2.18,2.20,2.21,2.23,2.24,2.25,2.25,2.26,2.27,2.27,6.18,6.18,6.17,6.17,6.16,6.15,6.14,6.13,6.12,6.11,25.97,0.00,1.00,0.00,0.00,0.00,0.00,-1.00,0,None,0,aggregation
160,231.54,remora9,remora6,0.28,0.28,2.28,2.28,4.08,4.08,5.86,5.86,7.56,7.56,9.64,9.64,11.23,11.23,12.66,12.66,14.07,14.07,15.41,15.41,2.27,2.27,2.28,2.28,2.27,2.27,2.27,2.27,2.27,2.27,6.10,6.08,6.06,6.04,6.02,6.00,5.98,5.96,5.94,5.92,34.28,0.00,1.00,0.00,0.00,0.00,0.00,-1.00,0,None,0,aggregation
160,232.54,remora9,remora6,9.08,9.08,10.41,10.41,11.83,11.83,13.03,13.03,14.26,14.26,16.60,16.60,17.63,17.63,18.74,18.74,19.66,19.66,20.60,20.60,2.26,2.26,2.26,2.26,2.25,2.25,2.25,2.25,2.25,2.25,5.90,5.88,5.86,5.84,5.82,5.80,5.78,5.75,5.73,5.71,49.46,0.00,1.00,1.00,0.00,0.00,0.00,-1.00,0,None,0,aggregation
160,233.54,remora9,remora6,15.13,15.13,16.20,16.20,16.99,16.99,17.46,17.46,17.84,17.84,21.25,21.25,22.06,22.06,22.65,22.65,23.00,23.00,23.28,23.28,2.25,2.25,2.26,2.26,2.26,2.27,2.27,2.28,2.29,2.29,5.69,5.67,5.66,5.64,5.62,5.60,5.59,5.58,5.56,5.55,69.05,0.00,1.00,1.00,0.00,0.00,0.00,-1.00,0,None,0,aggregation
160,234.54,remora9,remora6,18.10,18.10,18.26,18.26,18.31,18.31,18.01,18.01,17.84,17.84,23.47,23.47,23.58,23.58,23.62,23.62,23.40,23.40,23.27,23.27,2.30,2.31,2.32,2.33,2.34,2.35,2.36,2.38,2.39,2.40,5.53,5.52,5.51,5.50,5.48,5.47,5.45,5.44,5.42,5.41,89.83,0.00,1.00,1.00,0.00,0.00,0.00,-1.00,0,None,0,aggregation
160,235.54,remora9,remora6,17.03,17.03,16.84,16.84,16.31,16.31,15.83,15.83,15.10,15.10,22.68,22.68,22.54,22.54,22.14,22.14,21.79,21.79,21.23,21.23,2.42,2.43,2.44,2.46,2.48,2.49,2.51,2.52,2.54,2.56,5.39,5.38,5.36,5.35,5.34,5.32,5.31,5.29,5.28,5.27,108.98,0.00,1.00,1.00,0.00,0.00,0.00,-1.00,0,None,0,aggregation
160,236.54,remora9,remora6,14.80,14.80,13.88,13.88,13.12,13.12,12.70,12.70,12.19,12.19,21.01,21.01,20.31,20.31,19.73,19.73,19.41,19.41,19.01,19.01,2.58,2.59,2.61,2.63,2.65,2.67,2.69,2.71,2.73,2.75,5.25,5.24,5.23,5.21,5.20,5.19,5.18,5.16,5.15,5.14,125.60,0.00,1.00,1.00,0.00,0.00,0.00,-1.00,0,None,0,aggregation
160,237.54,remora9,remora6,11.59,11.59,11.18,11.18,10.98,10.98,10.89,10.89,10.68,10.68,18.55,18.55,18.23,18.23,18.08,18.08,18.00,18.00,17.84,17.84,2.77,2.79,2.81,2.83,2.85,2.87,2.89,2.91,2.93,2.96,5.13,5.11,5.10,5.09,5.08,5.07,5.05,5.04,5.03,5.02,140.20,0.00,1.00,1.00,0.00,0.00,0.00,-1.00,0,None,0,aggregation
160,238.54,remora9,remora6,10.58,10.58,10.49,10.49,10.72,10.72,11.07,11.07,11.18,11.18,17.77,17.77,17.69,17.69,17.87,17.87,18.15,18.15,18.23,18.23,2.98,3.00,3.03,3.00,2.96,2.92,2.88,2.84,2.80,2.76,5.01,5.00,4.99,4.98,4.97,4.96,4.95,4.94,4.93,4.92,141.16,0.00,1.00,1.00,0.00,0.00,0.00,-1.00,0,None,0,aggregation
160,239.54,remora9,remora6,11.56,11.56,11.89,11.89,12.14,12.14,12.63,12.63,13.16,13.16,18.52,18.52,18.78,18.78,18.97,18.97,19.35,19.35,19.76,19.76,2.72,2.69,2.65,2.61,2.57,2.53,2.49,2.46,2.42,2.38,4.91,4.90,4.89,4.89,4.88,4.87,4.86,4.86,4.85,4.84,146.77,0.00,1.00,1.00,0.00,0.00,0.00,-1.00,0,None,0,aggregation
160,240.54,remora9,remora6,13.67,13.67,14.28,14.28,14.91,14.91,15.59,15.59,16.32,16.32,20.15,20.15,20.61,20.61,21.09,21.09,21.60,21.60,22.15,22.15,2.35,2.31,2.28,2.24,2.21,2.17,2.14,2.11,2.08,2.05,4.84,4.83,4.83,4.82,4.82,4.81,4.81,4.80,4.80,4.80,162.32,0.00,1.00,1.00,0.00,0.00,0.00,-1.00,0,None,0,aggregation
160,241.54,remora9,remora6,17.19,17.19,17.77,17.77,18.62,18.62,19.51,19.51,20.23,20.23,22.80,22.80,23.22,23.22,23.84,23.84,24.49,24.49,25.00,25.00,2.02,1.99,1.96,1.93,1.91,1.88,1.86,1.83,1.81,1.79,4.79,4.79,4.79,4.79,4.79,4.79,4.79,4.79,4.79,4.79,175.28,0.00,1.00,1.00,0.00,0.00,0.00,-1.00,0,None,0,aggregation
160,242.54,remora9,remora6,20.92,20.92,21.86,21.86,22.63,22.63,23.44,23.44,24.22,24.22,25.49,25.49,26.15,26.15,26.67,26.67,27.21,27.21,27.72,27.72,1.77,1.75,1.73,1.72,1.70,1.69,1.68,1.67,1.67,1.68,4.79,4.79,4.79,4.80,4.80,4.80,4.80,4.81,4.82,4.82,184.72,0.00,1.00,1.00,0.00,0.00,0.00,-1.00,0,None,0,aggregation
160,243.54,remora9,remora6,24.82,24.82,25.26,25.26,-17.72,-17.72,-17.60,-17.60,-17.31,-17.31,28.09,28.09,28.36,28.36,-2.02,-2.02,-1.90,-1.90,-1.61,-1.61,1.69,1.71,1.73,1.74,1.75,1.74,1.73,1.73,1.72,1.71,4.84,4.85,4.86,4.87,4.87,4.86,4.85,4.84,4.83,4.82,181.61,0.00,1.00,1.00,1.00,1.00,0.00,-1.00,0,None,0,aggregation
160,244.54,remora9,remora6,-16.93,-16.93,29.64,29.64,-16.17,-16.17,-15.84,-15.84,-15.19,-15.19,-1.23,-1.23,30.17,30.17,-0.48,-0.48,-0.15,-0.15,0.51,0.51,1.70,1.69,1.70,1.73,1.74,1.74,1.73,1.72,1.71,1.71,4.81,4.80,4.80,4.80,4.80,4.80,4.79,4.78,4.77,4.76,173.35,0.00,1.00,1.00,1.00,1.00,0.00,-1.00,0,None,0,aggregation
160,245.54,remora9,remora6,-14.45,-14.45,29.26,29.26,-13.15,-13.15,-12.72,-12.72,-11.80,-11.80,1.25,1.25,26.85,26.85,2.55,2.55,2.98,2.98,3.90,3.90,1.70,1.69,1.69,1.71,1.73,1.73,1.72,1.72,1.71,1.71,4.76,4.75,4.74,4.74,4.74,4.73,4.72,4.72,4.71,4.71,163.96,0.00,1.00,1.00,1.00,1.00,0.00,-1.00,0,None,0,aggregation
160,246.54,remora9,remora6,25.09,25.09,-10.50,-10.50,-10.03,-10.03,-9.02,-9.02,18.77,18.77,20.35,20.35,5.19,5.19,5.67,5.67,6.68,6.68,11.87,11.87,1.71,1.73,1.74,1.74,1.74,1.74,1.73,1.73,1.74,1.75,4.70,4.69,4.69,4.68,4.68,4.67,4.67,4.66,4.66,4.65,156.15,0.00,1.00,1.00,1.00,1.00,0.00,-1.00,0,None,0,aggregation
160,247.54,remora9,remora6,17.94,17.94,18.77,18.77,19.69,19.69,20.45,20.45,21.28,21.28,10.81,10.81,11.88,11.88,13.07,13.07,14.07,14.07,15.16,15.16,1.76,1.77,1.78,1.79,1.81,1.82,1.83,1.85,1.86,1.88,4.64,4.63,4.62,4.61,4.60,4.59,4.59,4.58,4.58,4.58,157.86,0.00,1.00,1.00,0.00,0.00,0.00,-1.00,0,None,0,aggregation
160,248.54,remora9,remora6,-9.79,-9.79,-9.37,-9.37,18.39,18.39,17.26,17.26,18.17,18.17,5.91,5.91,6.33,6.33,11.39,11.39,9.92,9.92,11.10,11.10,1.89,1.89,1.88,1.88,1.88,1.90,1.91,1.92,1.93,1.94,4.58,4.58,4.58,4.58,4.58,4.58,4.58,4.58,4.57,4.57,152.80,0.00,1.00,1.00,1.00,1.00,0.00,-1.00,0,None,0,aggregation
160,249.54,remora9,remora6,19.05,19.05,19.93,19.93,20.59,20.59,-10.13,-10.13,20.08,20.08,12.24,12.24,13.38,13.38,14.26,14.26,5.57,5.57,13.59,13.59,1.96,1.97,1.98,2.00,2.01,2.03,2.03,2.03,2.04,2.05,4.57,4.57,4.56,4.56,4.56,4.56,4.56,4.56,4.56,4.55,150.89,0.00,1.00,1.00,1.00,1.00,0.00,-1.00,0,None,0,aggregation
160,250.54,remora9,remora6,19.24,19.24,-9.82,-9.82,-9.48,-9.48,-8.48,-8.48,13.50,13.50,12.48,12.48,5.88,5.88,6.21,6.21,7.21,7.21,5.14,5.14,2.07,2.08,2.09,2.09,2.09,2.09,2.08,2.08,2.08,2.09,4.55,4.55,4.55,4.55,4.55,4.55,4.55,4.55,4.55,4.55,138.74,0.00,1.00,1.00,1.00,1.00,0.00,-1.00,0,None,0,aggregation
160,251.54,remora9,remora6,12.39,12.39,13.58,13.58,14.62,14.62,15.38,15.38,16.16,16.16,3.74,3.74,5.25,5.25,6.56,6.56,7.52,7.52,8.52,8.52,2.10,2.11,2.11,2.12,2.13,2.14,2.15,2.16,2.17,2.18,4.55,4.55,4.55,4.54,4.54,4.54,4.53,4.53,4.53,4.53,127.84,0.00,1.00,1.00,0.00,0.00,0.00,-1.00,0,None,0,aggregation
160,252.54,remora9,remora6,16.83,16.83,17.58,17.58,18.22,18.22,-11.17,-11.17,-10.87,-10.87,9.38,9.38,10.33,10.33,11.16,11.16,4.53,4.53,4.83,4.83,2.19,2.20,2.19,2.16,2.13,2.10,2.07,2.04,2.02,1.99,4.52,4.52,4.52,4.51,4.51,4.51,4.51,4.51,4.51,4.51,112.83,0.00,1.00,1.00,1.00,1.00,0.00,-1.00,0,None,0,aggregation
160,253.54,remora9,remora6,-9.91,-9.91,10.86,10.86,10.53,10.53,11.31,11.31,12.26,12.26,5.79,5.79,1.81,1.81,1.40,1.40,2.38,2.38,3.57,3.57,1.97,1.94,1.91,1.88,1.85,1.83,1.80,1.77,1.74,1.71,4.51,4.50,4.50,4.50,4.50,4.49,4.49,4.49,4.48,4.48,102.19,0.00,1.00,1.00,0.00,0.00,0.00,-1.00,0,None,0,aggregation
160,254.54,remora9,remora6,13.12,13.12,-11.11,-11.11,-11.00,-11.00,10.65,10.65,10.08,10.08,4.66,4.66,4.59,4.59,4.70,4.70,1.54,1.54,0.83,0.83,1.68,1.65,1.62,1.61,1.61,1.61,1.61,1.61,1.60,1.60,4.48,4.47,4.47,4.47,4.48,4.48,4.49,4.49,4.50,4.50,95.03,0.00,1.00,1.00,1.00,1.00,0.00,-1.00,0,None,0,aggregation
160,255.54,remora9,remora6,11.40,11.40,12.64,12.64,-11.55,-11.55,-11.22,-11.22,10.24,10.24,2.49,2.49,4.06,4.06,4.15,4.15,4.48,4.48,1.03,1.03,1.60,1.59,1.59,1.59,1.59,1.59,1.59,1.59,1.58,1.58,4.50,4.51,4.51,4.52,4.52,4.53,4.53,4.53,4.54,4.54,90.87,0.00,1.00,1.00,1.00,1.00,0.00,-1.00,0,None,0,aggregation
160,256.54,remora9,remora6,9.61,9.61,11.19,11.19,12.48,12.48,-11.77,-11.77,12.96,12.96,0.25,0.25,2.23,2.23,3.85,3.85,3.93,3.93,4.46,4.46,1.58,1.58,1.57,1.57,1.57,1.57,1.56,1.56,1.56,1.56,4.54,4.54,4.54,4.53,4.53,4.53,4.53,4.53,4.53,4.53,88.55,0.00,1.00,1.00,1.00,1.00,0.00,-1.00,0,None,0,aggregation
160,257.54,remora9,remora6,12.29,12.29,-11.79,-11.79,-11.54,-11.54,10.24,10.24,9.59,9.59,3.62,3.62,3.91,3.91,4.16,4.16,1.03,1.03,0.22,0.22,1.56,1.55,1.55,1.55,1.55,1.55,1.55,1.55,1.55,1.54,4.53,4.53,4.52,4.52,4.52,4.52,4.52,4.52,4.52,4.52,77.46,0.00,1.00,1.00,0.00,0.00,0.00,-1.00,0,None,0,aggregation
160,258.54,remora9,remora6,11.04,11.04,-11.48,-11.48,-11.31,-11.31,9.10,9.10,8.41,8.41,2.04,2.04,4.21,4.21,4.39,4.39,-0.40,-0.40,-1.26,-1.26,1.54,1.54,1.54,1.54,1.54,1.54,1.54,1.53,1.53,1.53,4.52,4.52,4.52,4.52,4.52,4.52,4.52,4.52,4.51,4.51,72.46,0.00,1.00,1.00,0.00,0.00,0.00,-1.00,0,None,0,aggregation
160,259.54,remora9,remora6,9.97,9.97,11.35,11.35,12.94,12.94,-12.28,-12.28,-12.10,-12.10,0.70,0.70,2.43,2.43,4.44,4.44,3.42,3.42,3.60,3.60,1.53,1.53,1.52,1.52,1.52,1.52,1.52,1.52,1.52,1.52,4.51,4.51,4.51,4.51,4.51,4.51,4.50,4.50,4.50,4.50,64.61,0.00,1.00,1.00,0.00,0.00,0.00,-1.00,0,None,0,aggregation
160,260.54,remora9,remora6,11.15,11.15,10.78,10.78,12.08,12.08,-12.08,-12.08,-11.69,-11.69,2.18,2.18,1.71,1.71,3.34,3.34,3.62,3.62,4.01,4.01,1.52,1.51,1.51,1.51,1.51,1.50,1.50,1.50,1.50,1.50,4.50,4.50,4.50,4.49,4.49,4.49,4.49,4.48,4.48,4.48,64.47,0.00,1.00,1.00,0.00,0.00,0.00,-1.00,0,None,0,aggregation
160,261.54,remora9,remora6,9.92,9.92,9.07,9.07,10.84,10.84,12.28,12.28,-12.24,-12.24,0.63,0.63,-0.43,-0.43,1.78,1.78,3.59,3.59,3.46,3.46,1.50,1.50,1.50,1.50,1.49,1.49,1.49,1.49,1.49,1.49,4.48,4.47,4.47,4.47,4.46,4.46,4.46,4.45,4.45,4.44,59.74,1.00,1.00,1.00,0.00,0.00,0.00,-1.00,0,None,0,aggregation
160,262.54,remora9,remora6,-11.93,-11.93,10.34,10.34,9.73,9.73,11.12,11.12,12.78,12.78,3.77,3.77,1.16,1.16,0.40,0.40,2.14,2.14,4.24,4.24,1.49,1.49,1.48,1.48,1.48,1.48,1.48,1.48,1.47,1.47,4.44,4.44,4.43,4.43,4.42,4.42,4.41,4.41,4.40,4.40,56.13,1.00,1.00,1.00,0.00,0.00,0.00,-1.00,0,None,0,aggregation
160,263.54,remora9,remora6,-12.45,-12.45,-12.14,-12.14,10.45,10.45,9.05,9.05,10.35,10.35,3.25,3.25,3.56,3.56,1.29,1.29,-0.46,-0.46,1.17,1.17,1.47,1.47,1.47,1.47,1.47,1.47,1.46,1.46,1.46,1.46,4.39,4.39,4.39,4.39,4.39,4.39,5.51,5.51,5.50,5.49,55.27,1.00,1.00,1.00,0.00,0.00,0.00,-1.00,0,None,0,aggregation
160,264.54,remora9,remora6,11.73,11.73,-12.46,-12.46,11.93,11.93,11.30,11.30,-12.51,-12.51,2.91,2.91,3.24,3.24,3.16,3.16,2.36,2.36,3.19,3.19,1.46,1.46,1.46,1.46,1.45,1.45,1.45,1.45,1.45,1.45,5.49,5.48,5.48,5.47,5.46,5.46,5.45,5.44,5.44,5.43,56.09,1.00,1.00,1.00,0.00,0.00,0.00,-1.00,0,None,0,aggregation
160,265.54,remora9,remora6,-12.14,-12.14,8.07,8.07,7.51,7.51,9.12,9.12,10.23,10.23,3.56,3.56,-1.68,-1.68,-2.39,-2.39,-0.37,-0.37,1.02,1.02,1.45,1.45,1.45,1.44,1.44,1.44,1.44,1.44,1.44,1.44,5.42,5.42,5.41,5.40,5.39,5.38,5.37,5.37,5.36,5.35,54.50,1.00,0.00,1.00,0.00,0.00,0.00,-1.00,0,None,0,aggregation
160,266.54,remora9,remora6,11.90,11.90,-13.26,-13.26,-13.10,-13.10,9.97,9.97,9.90,9.90,3.12,3.12,2.44,2.44,2.60,2.60,0.70,0.70,0.60,0.60,1.44,1.44,1.44,1.44,1.43,1.43,1.43,1.43,1.43,1.43,5.34,5.33,5.32,5.31,5.30,5.29,5.28,5.27,5.26,5.26,53.76,1.00,0.00,1.00,0.00,0.00,0.00,-1.00,0,None,0,aggregation
160,267.54,remora9,remora6,11.09,11.09,-13.19,-13.19,-12.90,-12.90,9.05,9.05,8.51,8.51,2.10,2.10,2.51,2.51,2.80,2.80,-0.46,-0.46,-1.14,-1.14,1.43,1.43,1.43,1.43,1.42,1.42,1.42,1.42,1.42,1.42,5.25,5.24,5.23,5.22,5.21,5.20,5.19,5.18,5.17,5.16,53.53,1.00,0.00,1.00,0.00,0.00,0.00,-1.00,0,None,0,aggregation
160,268.54,remora9,remora6,9.96,9.96,11.43,11.43,13.09,13.09,-13.84,-13.84,-13.62,-13.62,0.68,0.68,2.53,2.53,4.63,4.63,1.86,1.86,2.08,2.08,1.42,1.42,1.42,1.42,1.42,1.42,1.42,1.42,1.41,1.41,5.15,5.14,5.14,5.14,5.13,5.13,5.13,5.12,5.12,5.11,55.80,1.00,0.00,1.00,0.00,0.00,0.00,-1.00,0,None,0,aggregation
160,269.54,remora9,remora6,11.06,11.06,10.64,10.64,-13.19,-13.19,-12.97,-12.97,8.38,8.38,2.06,2.06,1.54,1.54,2.51,2.51,2.73,2.73,-1.29,-1.29,1.41,1.41,1.41,1.41,1.41,1.41,1.40,1.40,1.40,1.40,5.11,5.11,5.10,5.10,5.10,5.10,5.09,5.09,5.09,5.08,55.22,1.00,0.00,1.00,0.00,0.00,0.00,-1.00,0,None,0,aggregation
160,270.54,remora9,remora6,8.06,8.06,9.52,9.52,11.10,11.10,12.27,12.27,-14.07,-14.07,-1.69,-1.69,0.14,0.14,2.11,2.11,3.59,3.59,1.63,1.63,1.40,1.40,1.40,1.40,1.40,1.40,1.40,1.40,1.40,1.40,5.08,5.08,5.07,5.07,5.07,5.07,5.07,5.07,5.06,5.06,55.23,1.00,0.00,1.00,0.00,0.00,0.00,-1.00,0,None,0,aggregation
160,271.54,remora9,remora6,-13.91,-13.91,10.00,10.00,8.95,8.95,10.32,10.32,-13.88,-13.88,1.78,1.78,0.73,0.73,-0.58,-0.58,1.13,1.13,1.81,1.81,1.40,1.39,1.39,1.39,1.39,1.39,1.39,1.39,1.39,1.39,5.06,5.05,5.05,5.05,5.05,5.04,5.04,5.04,5.04,5.04,55.06,1.00,0.00,1.00,0.00,0.00,0.00,-1.00,0,None,0,aggregation
160,272.54,remora9,remora6,-13.93,-13.93,8.75,8.75,7.55,7.55,8.93,8.93,10.42,10.42,1.77,1.77,-0.84,-0.84,-2.33,-2.33,-0.61,-0.61,1.26,1.26,1.39,1.38,1.38,1.38,1.38,1.38,1.38,1.38,1.38,1.38,5.04,5.03,5.03,5.03,5.03,5.03,5.03,5.03,5.03,5.03,53.58,1.00,0.00,1.00,0.00,0.00,0.00,-1.00,0,None,0,aggregation
160,273.54,remora9,remora6,11.58,11.58,-14.85,-14.85,-14.61,-14.61,8.55,8.55,7.95,7.95,2.71,2.71,0.85,0.85,1.09,1.09,-1.08,-1.08,-1.83,-1.83,1.38,1.38,1.38,1.38,1.38,1.37,1.37,1.37,1.37,1.37,5.03,5.03,5.03,5.03,5.03,5.03,5.03,5.03,5.03,5.04,54.16,1.00,0.00,1.00,0.00,0.00,0.00,-1.00,0,None,0,aggregation
160,274.54,remora9,remora6,9.18,9.18,10.58,10.58,11.66,11.66,-15.49,-15.49,-15.32,-15.32,-0.30,-0.30,1.46,1.46,2.82,2.82,0.21,0.21,0.38,0.38,1.37,1.37,1.37,1.37,1.38,1.38,1.38,1.38,1.37,1.37,5.04,5.04,5.05,5.05,5.06,5.06,5.07,5.07,5.07,5.07,54.53,1.00,0.00,1.00,0.00,0.00,0.00,-1.00,0,None,0,aggregation
160,275.54,remora9,remora6,9.06,9.06,8.14,8.14,9.40,9.40,10.80,10.80,-15.76,-15.76,-0.45,-0.45,-1.59,-1.59,-0.02,-0.02,1.74,1.74,-0.06,-0.06,1.36,1.36,1.36,1.36,1.37,1.37,1.37,1.37,1.37,1.37,5.08,5.08,5.09,5.09,5.10,5.11,5.12,5.12,5.13,5.14,55.81,1.00,0.00,1.00,0.00,0.00,0.00,-1.00,0,None,0,aggregation
160,276.54,remora9,remora6,-15.74,-15.74,8.76,8.76,8.37,8.37,9.85,9.85,11.38,11.38,-0.04,-0.04,-0.82,-0.82,-1.30,-1.30,0.54,0.54,2.47,2.47,1.36,1.36,1.36,1.36,1.36,1.36,1.36,1.36,1.36,1.37,5.14,5.14,5.15,5.16,5.17,5.18,5.18,5.19,5.19,5.21,55.56,1.00,0.00,1.00,0.00,0.00,0.00,-1.00,0,None,0,aggregation
160,277.54,remora9,remora6,-16.19,-16.19,12.44,12.44,12.03,12.03,-16.26,-16.26,-16.15,-16.15,-0.49,-0.49,3.81,3.81,3.29,3.29,-0.56,-0.56,-0.45,-0.45,1.36,1.36,1.36,1.36,1.36,1.37,1.37,1.36,1.36,1.35,5.21,5.22,5.23,5.24,5.25,5.27,5.28,5.28,5.29,5.29,58.74,1.00,0.00,1.00,1.00,1.00,0.00,-1.00,0,None,0,aggregation
160,278.54,remora9,remora6,10.44,10.44,9.93,9.93,11.70,11.70,-16.16,-16.16,-15.97,-15.97,1.29,1.29,0.65,0.65,2.87,2.87,-0.46,-0.46,-0.27,-0.27,1.35,1.35,1.35,1.35,1.36,1.36,1.36,1.35,1.35,1.34,5.30,5.31,5.32,5.34,5.35,5.36,5.37,5.38,5.39,5.39,59.13,1.00,0.00,1.00,1.00,1.00,0.00,-1.00,0,None,0,aggregation
160,279.54,remora9,remora6,9.65,9.65,8.91,8.91,10.58,10.58,12.19,12.19,-16.26,-16.26,0.29,0.29,-0.63,-0.63,1.46,1.46,3.49,3.49,-0.57,-0.57,1.34,1.34,1.34,1.34,1.34,1.34,1.35,1.35,1.35,1.35,5.40,5.41,5.43,5.44,5.45,5.47,5.48,5.49,5.51,5.51,60.07,1.00,0.00,1.00,1.00,1.00,0.00,-1.00,0,None,0,aggregation
160,280.54,remora9,remora6,-16.07,-16.07,10.31,10.31,9.56,9.56,11.17,11.17,12.87,12.87,-0.37,-0.37,1.12,1.12,0.19,0.19,2.20,2.20,4.34,4.34,1.34,1.33,1.33,1.33,1.33,1.33,1.34,1.34,1.34,1.35,5.52,5.53,5.54,5.55,5.56,5.58,5.59,5.61,5.62,5.63,61.13,1.00,0.00,1.00,0.00,0.00,0.00,-1.00,0,None,0,aggregation
160,281.54,remora9,remora6,-16.35,-16.35,-16.28,-16.28,11.54,11.54,10.54,10.54,12.02,12.02,-0.65,-0.65,-0.58,-0.58,2.67,2.67,1.41,1.41,3.27,3.27,1.35,1.34,1.34,1.33,1.33,1.33,1.33,1.33,1.34,1.34,5.64,5.65,5.66,5.66,5.67,5.69,5.70,5.72,5.73,5.75,63.19,1.00,0.00,1.00,1.00,1.00,0.00,-1.00,0,None,0,aggregation
160,282.54,remora9,remora6,-16.14,-16.14,12.73,12.73,12.11,12.11,-16.11,-16.11,-16.00,-16.00,-0.44,-0.44,4.16,4.16,3.38,3.38,-0.41,-0.41,-0.30,-0.30,1.34,1.33,1.33,1.33,1.34,1.34,1.34,1.34,1.33,1.32,5.76,5.77,5.78,5.80,5.50,5.51,5.52,5.53,5.53,5.54,66.84,1.00,0.00,1.00,1.00,1.00,0.00,-1.00,0,None,0,aggregation
160,283.54,remora9,remora6,10.89,10.89,10.24,10.24,11.90,11.90,-15.99,-15.99,12.82,12.82,1.85,1.85,1.03,1.03,3.12,3.12,-0.29,-0.29,4.28,4.28,1.32,1.32,1.32,1.33,1.33,1.33,1.33,1.33,1.32,1.33,5.54,5.55,5.56,5.57,5.58,5.60,5.60,5.60,5.59,5.60,68.54,1.00,0.00,1.00,1.00,1.00,0.00,-1.00,0,None,0,aggregation
160,284.54,remora9,remora6,12.49,12.49,-16.05,-16.05,-15.84,-15.84,10.39,10.39,9.74,9.74,3.86,3.86,-0.35,-0.35,-0.15,-0.15,1.23,1.23,0.41,0.41,1.33,1.34,1.34,1.33,1.32,1.32,1.31,1.32,1.32,1.32,5.60,5.60,5.60,5.61,5.61,5.60,5.60,5.60,5.60,5.60,69.03,1.00,0.00,1.00,1.00,1.00,0.00,-1.00,0,None,0,aggregation
160,285.54,remora9,remora6,11.50,11.50,13.10,13.10,-16.08,-16.08,-15.92,-15.92,12.37,12.37,2.62,2.62,4.63,4.63,-0.38,-0.38,-0.22,-0.22,3.71,3.71,1.32,1.32,1.33,1.33,1.33,1.33,1.32,1.32,1.31,1.31,5.61,5.62,5.63,5.63,5.63,5.63,5.63,5.62,5.62,5.63,71.79,1.00,0.00,1.00,1.00,1.00,0.00,-1.00,0,None,0,aggregation
160,286.54,remora9,remora6,11.67,11.67,13.31,13.31,-15.73,-15.55,-15.55,-15.55,12.31,12.31,2.83,2.83,4.90,4.90,-0.03,0.15,0.15,0.15,3.64,3.64,1.32,1.32,1.32,1.33,1.33,1.32,1.32,1.31,1.31,1.31,5.64,5.64,5.65,5.66,5.66,5.66,5.66,5.65,5.66,5.66,74.26,1.00,0.00,1.00,1.00,1.00,0.00,-1.00,0,None,0,aggregation
160,287.54,remora9,remora6,12.61,12.61,-15.18,-15.18,-14.99,-14.99,11.64,11.64,11.24,11.24,4.01,4.01,0.52,0.52,0.71,0.71,2.79,2.79,2.29,2.29,1.31,1.32,1.32,1.31,1.31,1.30,1.30,1.30,1.30,1.30,5.67,5.67,5.68,5.68,5.67,5.67,5.68,5.68,5.68,5.69,73.44,1.00,0.00,1.00,1.00,1.00,0.00,-1.00,0,None,0,aggregation
160,288.54,remora9,remora6,13.32,13.32,15.01,15.01,-15.25,-15.25,-15.00,-15.00,14.12,14.12,4.91,4.91,7.05,7.05,0.45,0.45,0.70,0.70,5.92,5.92,1.31,1.31,1.31,1.32,1.32,1.32,1.31,1.31,1.30,1.31,5.70,5.70,5.71,5.72,5.72,5.72,5.09,5.08,5.07,5.07,75.41,1.00,0.00,1.00,1.00,1.00,0.00,-1.00,0,None,0,aggregation
160,289.54,remora9,remora6,14.01,14.01,-14.50,-14.50,-14.28,-14.28,13.25,13.25,13.10,13.10,5.78,5.78,1.20,1.20,1.42,1.42,4.83,4.83,4.63,4.63,1.31,1.31,1.31,1.31,1.31,1.30,1.30,1.30,1.30,1.31,5.07,5.06,5.06,5.05,5.05,5.04,5.03,5.03,5.02,5.01,77.31,1.00,0.00,1.00,1.00,1.00,0.00,-1.00,0,None,0,aggregation
160,290.54,remora9,remora6,-13.75,-13.75,-13.58,-13.58,12.53,12.53,12.13,12.13,13.92,13.92,1.95,1.95,2.11,2.11,3.91,3.91,3.41,3.41,5.67,5.67,1.31,1.30,1.30,1.30,1.29,1.30,1.30,1.30,1.30,1.30,5.01,5.00,4.99,4.98,4.97,4.97,4.96,4.95,4.94,4.94,77.98,1.00,0.00,1.00,1.00,1.00,0.00,-1.00,0,None,0,aggregation
160,291.54,remora9,remora6,-13.36,-13.36,-12.99,-12.99,12.34,12.34,12.38,12.38,-12.56,-12.56,2.33,2.33,2.70,2.70,3.67,3.67,3.73,3.73,3.14,3.14,1.30,1.30,1.30,1.29,1.29,1.29,1.30,1.30,1.30,1.29,4.93,4.92,4.91,4.90,4.89,4.88,4.87,4.86,4.85,4.84,76.73,1.00,0.00,1.00,1.00,1.00,0.00,-1.00,0,None,0,aggregation
160,292.54,remora9,remora6,13.39,13.39,-12.22,-12.22,12.35,12.35,12.05,12.05,-12.14,-12.14,5.01,5.01,3.48,3.48,3.69,3.69,3.31,3.31,3.55,3.55,1.29,1.30,1.30,1.29,1.29,1.29,1.29,1.30,1.30,1.29,4.83,4.82,4.81,4.80,4.79,4.78,4.76,4.75,4.74,4.73,75.27,1.00,0.00,1.00,1.00,1.00,0.00,-1.00,0,None,0,aggregation
160,293.54,remora9,remora6,-11.82,-11.82,10.53,10.53,9.72,9.72,11.61,11.61,13.29,13.29,3.87,3.87,1.39,1.39,0.39,0.39,2.76,2.76,4.88,4.88,1.29,1.29,1.29,1.29,1.29,1.29,1.29,1.29,1.29,1.29,4.72,4.70,4.69,4.68,4.67,4.65,4.64,4.63,4.62,4.60,74.28,1.00,0.00,1.00,0.00,0.00,0.00,-1.00,0,None,0,aggregation
160,294.54,remora9,remora6,-12.17,-12.17,-11.77,-11.77,11.67,11.67,11.29,11.29,12.99,12.99,3.53,3.53,3.92,3.92,2.83,2.83,2.35,2.35,4.49,4.49,1.29,1.29,1.29,1.29,1.29,1.29,1.29,1.29,1.30,1.33,4.59,4.57,4.56,4.55,4.53,4.52,4.50,4.49,4.48,4.47,73.43,1.00,0.00,1.00,1.00,1.00,0.00,-1.00,0,None,0,aggregation
160,295.54,remora9,remora6,-11.64,-11.64,-11.24,-11.24,10.71,10.71,10.26,10.26,11.96,11.96,4.06,4.06,4.46,4.46,1.63,1.63,1.06,1.06,3.20,3.20,1.35,1.38,1.41,1.43,1.46,1.49,1.51,1.54,1.57,1.59,4.46,4.46,4.45,4.45,4.44,4.43,4.43,4.42,4.41,4.41,70.70,1.00,0.00,1.00,1.00,1.00,0.00,-1.00,0,None,0,aggregation
160,296.54,remora9,remora6,13.68,13.68,-11.72,-11.72,-11.46,-11.46,12.29,12.29,11.71,11.71,5.37,5.37,3.98,3.98,4.24,4.24,3.61,3.61,2.89,2.89,1.62,1.65,1.67,1.69,1.71,1.73,1.75,1.76,1.78,1.80,4.40,4.39,4.38,4.37,4.36,4.35,4.34,4.33,4.32,4.31,69.18,0.00,1.00,1.00,1.00,1.00,0.00,-1.00,0,None,0,aggregation
160,297.54,remora9,remora6,13.34,13.34,-11.24,-11.24,-11.11,-11.11,12.67,12.67,12.79,12.79,4.93,4.93,4.46,4.46,4.59,4.59,4.10,4.10,4.24,4.24,1.81,1.83,1.84,1.85,1.86,1.86,1.87,1.87,1.88,1.88,4.30,4.29,4.27,4.26,4.24,4.23,4.21,4.20,4.18,4.17,68.37,0.00,1.00,1.00,1.00,1.00,0.00,-1.00,0,None,0,aggregation
160,298.54,remora9,remora6,14.32,14.32,-11.16,-11.16,-10.82,-10.82,12.62,12.62,11.88,11.88,6.18,6.18,4.54,4.54,4.88,4.88,4.03,4.03,3.10,3.10,1.89,1.89,1.89,1.89,1.89,1.89,1.88,1.88,1.88,1.87,4.15,4.13,4.12,4.10,4.08,4.06,4.04,4.02,4.00,3.98,65.89,0.00,1.00,1.00,1.00,1.00,0.00,-1.00,0,None,0,aggregation
160,299.54,remora9,remora6,13.45,13.45,14.90,14.90,-11.08,-11.08,-10.80,-10.80,-9.83,-9.83,5.07,5.07,6.91,6.91,4.62,4.62,4.90,4.90,5.87,5.87,1.87,1.87,1.86,1.86,1.85,1.85,1.84,1.83,1.83,1.82,3.96,3.94,3.93,3.91,3.89,3.87,3.84,3.82,3.80,3.78,63.38,0.00,1.00,1.00,1.00,1.00,0.00,-1.00,0,None,0,aggregation
160,300.54,remora9,remora6,10.07,10.07,9.62,9.62,11.00,11.00,12.32,12.32,13.42,13.42,0.82,0.82,0.26,0.26,1.99,1.99,3.64,3.64,5.04,5.04,1.81,1.81,1.80,1.80,1.79,1.79,1.79,1.78,1.78,1.78,3.76,3.74,3.72,3.70,3.68,3.66,3.64,3.62,3.60,3.58,62.71,0.00,1.00,1.00,0.00,0.00,0.00,-1.00,0,None,0,aggregation
160,301.54,remora9,remora6,14.65,14.65,-11.41,-11.41,-11.14,-11.14,12.23,12.23,11.83,11.83,6.59,6.59,4.29,4.29,4.56,4.56,3.54,3.54,3.03,3.03,1.78,1.78,1.78,1.78,1.78,1.78,1.78,1.78,1.78,1.79,3.56,3.54,3.52,3.50,3.49,3.47,3.45,3.43,3.41,3.39,62.99,0.00,1.00,1.00,1.00,1.00,0.00,-1.00,0,None,0,aggregation
160,302.54,remora9,remora6,-10.69,-10.69,11.92,11.92,11.16,11.16,-10.74,-10.74,-10.48,-10.48,5.00,5.00,3.15,3.15,2.19,2.19,4.96,4.96,5.21,5.21,1.79,1.79,1.80,1.80,1.81,1.82,1.82,1.83,1.84,1.85,3.38,3.36,3.34,3.33,3.31,3.29,3.28,3.27,3.26,3.26,60.79,0.00,1.00,1.00,1.00,1.00,0.00,-1.00,0,None,0,aggregation
160,303.54,remora9,remora6,8.77,8.77,8.18,8.18,9.69,9.69,11.12,11.12,12.57,12.57,-0.80,-0.80,-1.55,-1.55,0.34,0.34,2.14,2.14,3.97,3.97,1.86,1.87,1.88,1.89,1.90,1.92,1.93,1.94,1.96,1.97,3.25,3.24,3.24,3.23,3.22,3.22,3.21,3.21,3.20,3.20,59.98,0.00,1.00,1.00,0.00,0.00,0.00,-1.00,0,None,0,aggregation
160,304.54,remora9,remora6,-11.65,-11.65,-11.33,-11.33,10.26,10.26,9.61,9.61,11.08,11.08,4.05,4.05,4.37,4.37,1.06,1.06,0.24,0.24,2.09,2.09,1.99,2.00,2.02,2.04,2.05,2.03,2.01,1.98,1.96,1.94,3.19,3.19,3.18,3.18,3.17,3.17,3.17,3.16,3.16,3.15,58.66,0.00,1.00,1.00,0.00,0.00,0.00,-1.00,0,None,0,aggregation
160,305.54,remora9,remora6,12.47,12.47,-11.79,-11.79,-11.40,-11.40,10.39,10.39,9.95,9.95,3.84,3.84,3.90,3.90,4.30,4.30,1.22,1.22,0.67,0.67,1.91,1.89,1.86,1.83,1.80,1.77,1.74,1.71,1.69,1.66,3.15,3.15,3.14,3.14,3.14,3.13,3.13,3.13,3.12,3.12,58.70,0.00,1.00,1.00,0.00,0.00,0.00,-1.00,0,None,0,aggregation
160,306.54,remora9,remora6,11.47,11.47,12.85,12.85,-11.92,-11.92,-11.60,-11.60,10.86,10.86,2.57,2.57,4.31,4.31,3.78,3.78,4.10,4.10,1.82,1.82,1.65,1.66,1.66,1.67,1.67,1.67,1.66,1.66,1.66,1.66,3.12,3.13,3.13,3.14,3.15,3.16,3.16,3.17,3.18,3.18,58.20,0.00,1.00,1.00,0.00,0.00,0.00,-1.00,0,None,0,aggregation
160,307.54,remora9,remora6,10.78,10.78,12.30,12.30,-11.65,-11.65,12.85,12.85,11.93,11.93,1.71,1.71,3.63,3.63,4.05,4.05,4.31,4.31,3.16,3.16,1.66,1.67,1.67,1.68,1.68,1.68,1.68,1.68,1.69,1.69,3.19,3.20,3.20,3.21,3.22,3.23,3.23,3.24,3.25,3.26,58.49,0.00,1.00,1.00,0.00,0.00,0.00,-1.00,0,None,0,aggregation
160,308.54,remora9,remora6,-11.45,-11.45,-11.13,-11.13,10.05,10.05,9.10,9.10,10.70,10.70,4.24,4.24,4.57,4.57,0.80,0.80,-0.39,-0.39,1.62,1.62,1.69,1.69,1.69,1.68,1.68,1.68,1.69,1.69,1.69,1.70,3.26,3.27,3.28,3.29,3.30,3.30,3.31,3.32,3.33,3.33,56.59,0.00,1.00,1.00,0.00,0.00,0.00,-1.00,0,None,0,aggregation
160,309.54,remora9,remora6,12.33,12.33,13.90,13.90,-11.97,-11.97,-11.78,-11.78,-10.84,-10.84,3.66,3.66,5.65,5.65,3.73,3.73,3.92,3.92,4.86,4.86,1.70,1.71,1.72,1.72,1.73,1.73,1.72,1.72,1.71,1.71,3.34,3.35,3.36,3.37,3.37,3.38,3.39,3.40,3.41,3.42,56.68,0.00,1.00,1.00,0.00,0.00,0.00,-1.00,0,None,0,aggregation
160,310.54,remora9,remora6,9.99,9.99,9.42,9.42,11.30,11.30,12.73,12.73,14.38,14.38,0.71,0.71,0.01,0.01,2.37,2.37,4.16,4.16,6.25,6.25,1.71,1.71,1.71,1.72,1.72,1.73,1.73,1.74,1.75,1.75,3.42,3.43,3.44,3.45,3.45,3.46,3.47,3.48,3.49,3.49,57.00,0.00,1.00,1.00,0.00,0.00,0.00,-1.00,0,None,0,aggregation
160,311.54,remora9,remora6,-11.72,-11.72,-11.46,-11.46,12.62,12.62,12.09,12.09,13.63,13.63,3.97,3.97,4.24,4.24,4.03,4.03,3.36,3.36,5.31,5.31,1.76,1.76,1.75,1.75,1.75,1.75,1.76,1.76,1.77,1.78,3.50,3.51,3.52,3.53,3.54,3.54,3.55,3.56,3.57,3.58,57.04,0.00,1.00,1.00,1.00,1.00,0.00,-1.00,0,None,0,aggregation
160,312.54,remora9,remora6,-11.30,-11.30,-11.03,-11.03,12.12,12.12,11.77,11.77,13.27,13.27,4.40,4.40,4.66,4.66,3.40,3.40,2.96,2.96,4.85,4.85,1.78,1.78,1.78,1.77,1.77,1.78,1.78,1.79,1.80,1.80,3.58,3.59,3.60,3.61,3.62,3.63,3.64,3.64,3.65,3.66,58.69,0.00,1.00,1.00,1.00,1.00,0.00,-1.00,0,None,0,aggregation
160,313.54,remora9,remora6,-10.89,-10.89,13.67,13.67,13.30,13.30,-10.80,-10.80,-10.53,-10.53,4.81,4.81,5.36,5.36,4.89,4.89,4.90,4.90,5.16,5.16,1.80,1.80,1.80,1.81,1.82,1.82,1.83,1.82,1.82,1.82,3.67,3.68,3.68,3.69,3.70,3.71,3.72,3.73,3.73,3.74,58.70,0.00,1.00,1.00,1.00,1.00,0.00,-1.00,0,None,0,aggregation
160,314.54,remora9,remora6,11.80,11.80,11.68,11.68,12.98,12.98,14.60,14.60,-10.90,-10.90,3.00,3.00,2.85,2.85,4.48,4.48,6.53,6.53,4.79,4.79,1.82,1.82,1.83,1.83,1.84,1.85,1.85,1.86,1.87,1.86,3.75,3.76,3.77,3.78,3.78,3.79,3.80,3.81,3.82,3.82,61.21,0.00,1.00,1.00,1.00,1.00,0.00,-1.00,0,None,0,aggregation
160,315.54,remora9,remora6,-10.55,-10.55,12.49,12.49,11.43,11.43,13.16,13.16,14.23,14.23,5.15,5.15,3.86,3.86,2.53,2.53,4.71,4.71,6.06,6.06,1.86,1.86,1.86,1.86,1.87,1.87,1.88,1.89,1.89,1.90,3.83,3.84,3.85,3.86,3.87,3.87,3.88,3.89,3.90,3.91,63.25,0.00,1.00,1.00,0.00,0.00,0.00,-1.00,0,None,0,aggregation
160,316.54,remora9,remora6,-10.77,-10.77,-10.34,-10.34,12.27,12.27,11.49,11.49,13.22,13.22,4.93,4.93,5.35,5.35,3.59,3.59,2.61,2.61,4.78,4.78,1.90,1.90,1.90,1.90,1.90,1.90,1.91,1.91,1.92,1.93,3.91,3.92,3.93,3.94,3.95,3.96,3.96,3.97,3.98,3.99,63.18,0.00,1.00,1.00,1.00,1.00,0.00,-1.00,0,None,0,aggregation
160,317.54,remora9,remora6,14.53,14.53,-10.79,-10.79,-10.51,-10.51,12.20,12.20,11.91,11.91,6.45,6.45,4.91,4.91,5.19,5.19,3.50,3.50,3.13,3.13,1.93,1.94,1.95,1.94,1.94,1.94,1.94,1.95,1.95,1.96,3.99,4.00,4.01,4.02,4.03,4.04,4.04,4.05,4.06,4.07,62.64,0.00,1.00,1.00,1.00,1.00,0.00,-1.00,0,None,0,aggregation
160,318.54,remora9,remora6,13.09,13.09,14.08,14.08,-11.03,-11.03,-10.69,-10.69,11.00,11.00,4.62,4.62,5.87,5.87,4.67,4.67,5.01,5.01,1.98,1.98,1.96,1.97,1.98,1.99,1.99,1.99,1.99,1.98,1.98,1.99,4.07,4.08,4.09,4.10,4.10,4.11,4.12,4.13,4.14,4.14,64.34,0.00,1.00,1.00,1.00,1.00,0.00,-1.00,0,None,0,aggregation
160,319.54,remora9,remora6,10.51,10.51,11.75,11.75,12.41,12.41,-11.05,-11.05,-10.87,-10.87,1.37,1.37,2.93,2.93,3.77,3.77,4.65,4.65,4.83,4.83,1.99,2.00,2.00,2.01,2.01,2.02,2.02,2.02,2.02,2.02,4.15,4.16,4.16,4.17,4.18,4.19,4.19,4.20,4.21,4.22,64.10,0.00,1.00,1.00,1.00,1.00,0.00,-1.00,0,None,0,aggregation
160,320.54,remora9,remora6,10.02,10.02,9.97,9.97,10.92,10.92,12.06,12.06,-11.51,-11.51,0.75,0.75,0.70,0.70,1.88,1.88,3.33,3.33,4.19,4.19,2.02,2.02,2.02,2.03,2.03,2.04,2.05,2.05,2.06,2.05,4.22,4.23,4.24,4.25,4.25,4.26,4.27,4.28,4.29,4.29,62.66,0.00,1.00,1.00,1.00,1.00,0.00,-1.00,0,None,0,aggregation
160,321.54,remora9,remora6,-11.26,-11.26,10.05,10.05,9.40,9.40,10.70,10.70,12.16,12.16,4.44,4.44,0.80,0.80,-0.02,-0.02,1.62,1.62,3.45,3.45,2.05,2.05,2.05,2.05,2.05,2.06,2.06,2.07,2.07,2.08,4.30,4.30,4.30,4.31,4.32,4.33,4.33,4.34,4.35,4.36,61.56,0.00,1.00,1.00,0.00,0.00,0.00,-1.00,0,None,0,aggregation
160,322.54,remora9,remora6,-11.89,-11.89,-11.50,-11.50,9.71,9.71,8.92,8.92,10.31,10.31,3.80,3.80,4.20,4.20,0.37,0.37,-0.63,-0.63,1.12,1.12,2.08,2.08,2.08,2.07,2.07,2.08,2.08,2.08,2.09,2.09,4.37,4.37,4.38,4.39,4.40,4.41,4.41,4.42,4.43,4.44,59.92,0.00,1.00,1.00,0.00,0.00,0.00,-1.00,0,None,0,aggregation
160,323.54,remora9,remora6,11.32,11.32,-12.16,-12.16,12.72,12.72,12.50,12.50,-12.19,-12.19,2.40,2.40,3.54,3.54,4.15,4.15,3.87,3.87,3.51,3.51,2.10,2.10,2.11,2.10,2.10,2.11,2.12,2.12,2.13,2.12,4.45,4.47,4.49,4.50,4.52,4.54,4.55,4.57,4.59,4.60,60.88,0.00,1.00,1.00,0.00,0.00,0.00,-1.00,0,None,0,aggregation
160,324.54,remora9,remora6,-11.95,-11.95,11.62,11.62,11.52,11.52,12.70,12.70,-11.68,-11.68,3.75,3.75,2.77,2.77,2.65,2.65,4.12,4.12,4.02,4.02,2.12,2.12,2.11,2.12,2.12,2.13,2.14,2.15,2.15,2.14,4.62,4.62,4.63,4.65,4.66,4.68,4.70,4.71,4.73,4.74,59.61,0.00,1.00,1.00,0.00,0.00,0.00,-1.00,0,None,0,aggregation
160,325.54,remora9,remora6,-11.35,-11.35,12.04,12.04,11.44,11.44,12.65,12.65,-11.21,-11.21,4.35,4.35,3.29,3.29,2.55,2.55,4.07,4.07,4.49,4.49,2.14,2.14,2.14,2.14,2.15,2.16,2.16,2.17,2.17,2.17,4.75,4.77,4.78,4.79,4.80,4.82,4.83,4.84,4.85,4.87,58.19,0.00,1.00,1.00,0.00,0.00,0.00,-1.00,0,None,0,aggregation
160,326.54,remora9,remora6,13.35,13.35,12.40,12.40,-11.22,-11.22,-11.03,-11.03,9.21,9.21,4.95,4.95,3.76,3.76,4.48,4.48,4.66,4.66,-0.25,-0.25,2.17,2.18,2.19,2.19,2.21,2.23,2.26,2.29,2.31,2.35,4.88,4.89,4.90,4.91,4.93,4.94,4.96,4.98,5.00,5.02,57.97,0.00,1.00,1.00,0.00,0.00,0.00,-1.00,0,None,0,aggregation
160,327.54,remora9,remora6,7.60,7.60,8.46,8.46,8.81,8.81,8.95,8.95,-12.18,-12.18,-2.28,-2.28,-1.20,-1.20,-0.75,-0.75,-0.58,-0.58,3.52,3.52,2.38,2.41,2.44,2.48,2.51,2.54,2.57,2.60,2.63,2.66,5.04,5.06,5.08,5.10,5.12,5.14,5.16,5.17,5.19,5.21,55.44,0.00,1.00,1.00,0.00,0.00,0.00,-1.00,0,None,0,aggregation
160,328.54,remora9,remora6,8.08,8.08,6.52,6.52,7.40,7.40,7.74,7.74,-13.53,-13.53,-1.67,-1.67,-3.63,-3.63,-2.53,-2.53,-2.10,-2.10,2.17,2.17,2.68,2.71,2.74,2.76,2.79,2.81,2.84,2.86,2.88,2.89,5.23,5.25,5.26,5.28,5.30,5.32,5.34,5.36,5.37,5.39,52.29,0.00,1.00,1.00,0.00,0.00,0.00,-1.00,0,None,0,aggregation
160,329.54,remora9,remora6,7.09,7.09,6.12,6.12,6.75,6.75,7.74,7.74,9.07,9.07,-2.91,-2.91,-4.13,-4.13,-3.34,-3.34,-2.10,-2.10,-0.43,-0.43,2.91,2.93,2.95,2.97,2.98,3.00,3.02,3.03,3.05,3.06,5.40,5.42,5.44,5.46,5.48,5.49,5.51,5.53,5.55,5.57,49.16,0.00,0.00,1.00,0.00,0.00,0.00,-1.00,0,None,0,aggregation
160,330.54,remora9,remora6,-15.05,-15.05,9.15,9.15,9.04,9.04,-15.27,-15.27,8.96,8.96,0.65,0.65,-0.33,-0.33,-0.48,-0.48,0.43,0.43,-0.57,-0.57,3.07,3.08,3.09,3.10,3.11,3.12,3.13,3.12,3.13,3.13,5.59,5.60,5.62,5.63,5.65,5.67,5.69,5.70,5.72,5.74,48.97,0.00,0.00,1.00,0.00,0.00,0.00,-1.00,0,None,0,aggregation
160,331.54,remora9,remora6,7.90,7.90,9.03,9.03,-15.72,-15.72,-15.72,9.89,9.11,9.11,-1.90,-1.90,-0.49,-0.49,-0.02,-0.02,-0.02,0.60,-0.38,-0.38,3.14,3.15,3.15,3.16,3.16,3.15,3.15,3.16,3.16,3.17,5.76,5.77,5.79,5.81,5.83,5.84,5.86,5.88,5.90,5.92,48.68,0.00,0.00,1.00,0.00,0.00,0.00,-1.00,0,None,0,aggregation
160,332.54,remora9,remora6,10.42,10.42,-16.02,-16.02,10.64,10.64,9.83,9.83,10.63,10.63,1.26,1.26,-0.33,-0.33,1.54,1.54,0.52,0.52,1.52,1.52,3.17,3.18,3.18,3.18,3.17,3.18,3.19,3.20,3.21,3.22,5.94,5.96,5.98,5.99,6.01,6.03,6.05,6.07,6.09,6.12,50.43,0.00,0.00,1.00,0.00,0.00,0.00,-1.00,0,None,0,aggregation
160,333.54,remora9,remora6,-16.33,-16.33,-16.27,-16.27,9.26,9.26,8.94,8.94,9.87,9.87,-0.63,-0.63,-0.58,-0.58,-0.19,-0.19,-0.60,-0.60,0.57,0.57,3.23,3.23,3.23,3.23,3.23,3.25,3.26,3.27,3.29,3.31,6.14,6.16,6.17,6.19,6.21,6.23,6.26,6.28,6.30,6.33,50.17,0.00,0.00,1.00,0.00,0.00,0.00,-1.00,0,None,0,aggregation
160,334.54,remora9,remora6,11.01,11.01,-16.65,-16.65,-16.49,-16.49,6.87,6.87,5.72,5.72,2.00,2.00,-0.95,-0.95,-0.79,-0.79,-3.19,-3.19,-4.63,-4.63,3.32,3.34,3.36,3.37,3.37,3.38,3.39,3.41,3.43,3.45,6.36,6.38,6.41,6.43,6.45,6.47,6.49,6.51,6.54,6.56,49.32,0.00,0.00,1.00,0.00,0.00,0.00,-1.00,0,None,0,aggregation
160,335.54,remora9,remora6,6.24,6.24,7.89,7.89,8.66,8.66,9.26,9.26,10.12,10.12,-3.97,-3.97,-1.91,-1.91,-0.94,-0.94,-0.20,-0.20,0.88,0.88,3.47,3.49,3.51,3.54,3.56,3.59,3.61,3.64,3.67,3.69,6.59,6.61,6.64,6.67,6.70,6.73,6.76,5.21,6.82,5.26,46.95,0.00,0.00,1.00,0.00,0.00,0.00,-1.00,0,None,0,aggregation
160,131.54,remora9,remora0,-14.37,-16.36,-16.36,4.51,4.51,14.55,14.55,12.46,12.46,10.38,-24.83,-26.83,-26.83,-5.95,-5.95,6.47,6.47,3.83,3.83,1.21,4.15,4.13,4.11,4.09,4.09,4.09,4.08,4.06,4.03,4.01,5.85,5.86,5.86,5.86,5.87,5.87,5.87,5.87,5.87,5.87,47.27,0.00,0.00,1.00,0.00,0.00,0.00,-1.00,0,None,0,aggregation
160,132.54,remora9,remora0,10.38,8.87,8.87,6.72,6.72,10.51,10.51,11.12,11.12,9.50,1.21,-0.69,-0.69,-3.38,-3.38,1.37,1.37,2.14,2.14,0.11,3.99,3.97,3.95,3.93,3.91,3.90,3.88,3.86,3.84,3.83,5.87,5.87,5.87,5.87,5.87,5.87,5.88,5.19,5.19,5.18,51.99,0.00,0.00,1.00,0.00,0.00,0.00,-1.00,0,None,0,aggregation
160,133.54,remora9,remora0,9.50,9.02,9.02,13.42,13.42,14.19,14.19,13.38,13.38,12.14,0.11,-0.50,-0.50,5.04,5.04,6.01,6.01,4.99,4.99,3.43,3.81,3.80,3.78,3.77,3.76,3.74,3.73,3.72,3.71,3.70,5.18,5.18,5.18,5.17,5.17,5.17,5.17,5.17,5.17,5.16,59.81,0.00,0.00,1.00,0.00,0.00,0.00,-1.00,0,None,0,aggregation
160,134.54,remora9,remora0,12.14,13.40,13.40,14.54,13.82,13.82,14.44,14.44,14.44,15.62,3.43,5.01,5.01,6.46,5.54,5.54,6.33,6.33,6.33,7.83,3.69,3.68,3.67,3.67,3.66,3.66,3.65,3.65,3.65,3.65,5.16,5.16,5.16,5.16,5.16,5.16,5.16,5.16,5.16,5.17,69.70,0.00,0.00,1.00,0.00,0.00,0.00,-1.00,0,None,0,aggregation
160,135.54,remora9,remora0,15.62,14.99,14.99,15.71,15.71,15.26,15.26,15.83,15.83,15.88,7.83,7.03,7.03,7.95,7.95,7.38,7.38,8.09,8.09,8.16,3.65,3.65,3.65,3.66,3.66,3.66,3.67,3.68,3.69,3.69,5.17,5.17,5.17,5.17,5.17,5.17,5.17,5.18,5.18,5.18,81.30,0.00,0.00,1.00,0.00,0.00,0.00,-1.00,0,None,0,aggregation
160,136.54,remora9,remora0,15.88,14.49,14.49,15.06,15.06,12.17,12.17,10.82,10.82,12.29,8.16,6.39,6.39,7.11,7.11,3.47,3.47,1.76,1.76,3.61,3.70,3.71,3.72,3.74,3.75,3.76,3.77,3.79,3.80,3.81,5.19,5.19,5.19,5.19,5.20,5.02,5.02,5.03,5.03,5.03,90.42,0.00,0.00,1.00,0.00,0.00,0.00,-1.00,0,None,0,aggregation
160,137.54,remora9,remora0,12.29,11.48,11.48,9.39,9.39,9.20,9.20,7.77,7.77,4.24,3.61,2.59,2.59,-0.03,-0.03,-0.27,-0.27,-2.06,-2.06,-6.23,3.82,3.83,3.82,3.81,3.81,3.80,3.80,3.80,3.79,3.79,5.04,5.04,5.05,5.05,5.05,5.05,5.06,5.06,5.06,5.06,95.12,0.00,0.00,1.00,0.00,0.00,0.00,-1.00,0,None,0,aggregation
160,138.54,remora9,remora0,3.89,3.89,3.89,3.85,3.85,1.36,1.36,3.22,3.22,2.74,-6.57,-6.57,-6.57,-6.61,-6.61,-9.10,-9.10,-7.24,-7.24,-7.72,3.79,3.79,3.79,3.78,3.78,3.78,3.79,3.79,3.79,3.79,5.06,5.06,5.07,5.07,5.07,5.07,5.07,5.07,5.08,5.08,97.23,0.00,0.00,1.00,0.00,0.00,0.00,-1.00,0,None,0,aggregation
160,139.54,remora9,remora0,2.74,1.64,1.64,1.28,1.28,1.12,1.12,0.90,0.50,0.50,-7.72,-8.82,-8.82,-9.19,-9.19,-9.34,-9.34,-9.56,-9.96,-9.96,3.79,3.79,3.79,3.78,3.78,3.78,3.78,3.78,3.78,3.78,5.08,5.08,5.08,5.08,5.08,5.08,5.08,5.09,5.09,5.09,92.22,0.00,0.00,1.00,0.00,0.00,0.00,-1.00,0,None,0,aggregation
160,140.54,remora9,remora0,0.50,2.05,2.05,3.12,4.62,4.62,4.62,5.13,5.13,4.00,-9.96,-8.41,-8.41,-7.35,-5.84,-5.84,-5.84,-5.34,-5.34,-6.46,3.79,3.79,3.79,3.78,3.78,3.78,3.78,3.78,3.78,3.78,5.09,5.10,5.10,5.10,5.10,5.11,5.11,5.11,5.11,5.12,66.30,0.00,0.00,1.00,0.00,0.00,0.00,-1.00,0,None,0,aggregation
160,141.54,remora9,remora0,4.00,5.81,5.81,5.86,5.86,6.50,6.50,7.51,7.51,8.52,-6.46,-4.51,-4.51,-4.45,-4.45,-3.65,-3.65,-2.38,-2.38,-1.13,3.78,3.78,3.78,3.78,3.78,3.78,3.78,3.78,3.78,3.78,5.12,5.12,5.12,5.13,5.13,5.13,5.14,5.14,5.14,5.15,57.13,0.00,0.00,1.00,0.00,0.00,0.00,-1.00,0,None,0,aggregation
160,142.54,remora9,remora0,8.52,9.47,10.57,10.57,10.57,11.89,11.89,12.46,12.46,13.05,-1.13,0.06,1.45,1.45,1.45,3.11,3.11,3.82,3.82,4.56,3.79,3.79,3.79,3.80,3.80,3.81,3.81,3.82,3.83,3.83,5.15,5.15,5.16,5.16,5.16,5.17,5.17,5.18,5.18,5.18,59.06,0.00,0.00,1.00,0.00,0.00,0.00,-1.00,0,None,0,aggregation
160,143.54,remora9,remora0,14.50,14.50,15.01,15.01,15.01,16.08,16.08,16.41,16.41,17.43,6.41,6.41,7.06,7.06,7.06,8.42,8.42,8.84,8.84,10.15,3.84,3.85,3.85,3.84,3.83,3.82,3.82,3.81,3.80,3.79,5.18,5.19,5.19,5.19,5.18,5.18,5.18,5.18,5.18,5.17,63.00,0.00,0.00,1.00,0.00,0.00,0.00,-1.00,0,None,0,aggregation
160,144.54,remora9,remora0,17.43,18.14,18.14,18.74,18.74,19.05,19.05,20.05,20.05,20.72,10.15,11.06,11.06,11.83,11.83,12.24,12.24,13.55,13.55,14.43,3.79,3.78,3.77,3.77,3.76,3.76,3.75,3.75,3.74,3.74,5.48,5.47,5.46,5.46,5.45,5.44,5.43,5.42,5.42,5.41,68.71,0.00,0.00,1.00,0.00,0.00,0.00,-1.00,0,None,0,aggregation
160,145.54,remora9,remora0,20.72,21.76,21.76,22.38,22.38,22.48,22.48,22.47,22.47,23.10,14.43,15.80,15.80,16.63,16.63,16.76,16.76,16.75,16.75,17.60,3.74,3.73,3.73,3.73,3.72,3.72,3.72,3.72,3.72,3.72,5.40,5.39,5.38,5.36,5.35,5.34,5.33,5.32,5.31,5.30,76.41,0.00,0.00,1.00,0.00,0.00,0.00,-1.00,0,None,0,aggregation
160,146.54,remora9,remora0,23.10,23.01,23.01,22.65,22.65,22.09,22.09,21.41,21.41,21.27,17.60,17.48,17.48,17.00,17.00,16.24,16.24,15.33,15.33,15.14,3.73,3.73,3.73,3.74,3.74,3.74,3.74,3.75,3.75,3.76,5.29,5.28,5.28,5.28,5.27,5.27,5.26,5.26,5.26,5.26,86.66,0.00,0.00,1.00,0.00,0.00,0.00,-1.00,0,None,0,aggregation
160,147.54,remora9,remora0,21.27,20.72,20.72,19.57,19.57,18.90,18.90,17.32,17.32,15.19,15.14,14.42,14.42,12.91,12.91,12.04,12.04,10.01,10.01,7.29,3.77,3.78,3.78,3.79,3.80,3.81,3.81,3.82,3.82,3.83,5.25,5.25,5.25,5.25,5.25,5.24,5.24,5.24,5.24,5.24,97.49,0.00,0.00,1.00,0.00,0.00,0.00,-1.00,0,None,0,aggregation
160,148.54,remora9,remora0,13.08,13.08,13.08,11.43,11.43,9.45,9.45,9.41,7.58,7.58,4.61,4.61,4.61,2.53,2.53,0.04,0.04,-0.01,-2.30,-2.30,3.84,3.85,3.85,3.86,3.86,3.86,3.85,3.83,3.81,3.80,5.24,5.07,5.06,5.06,5.06,5.26,5.05,5.05,5.05,5.05,101.38,0.00,0.00,1.00,0.00,0.00,0.00,-1.00,0,None,0,aggregation
160,149.54,remora9,remora0,7.58,7.02,7.02,5.76,5.76,8.77,9.65,9.65,9.65,8.42,-2.30,-2.99,-2.99,-4.57,-4.57,-0.81,0.29,0.29,0.29,-1.24,3.79,3.78,3.77,3.76,3.75,3.74,3.73,3.72,3.71,3.70,5.05,5.05,5.05,5.06,5.07,5.08,5.08,5.08,5.08,5.09,100.46,0.00,0.00,1.00,0.00,0.00,0.00,-1.00,0,None,0,aggregation
160,150.54,remora9,remora0,8.42,8.54,8.54,11.32,12.39,12.39,12.39,13.22,11.64,11.64,-1.24,-1.10,-1.10,2.39,3.74,3.74,3.74,4.78,2.80,2.80,3.70,3.69,3.68,3.67,3.66,3.65,3.64,3.63,3.62,3.61,5.09,5.10,5.11,5.11,5.37,5.12,5.12,5.12,5.12,5.11,105.36,0.00,0.00,1.00,0.00,0.00,0.00,-1.00,0,None,0,aggregation
160,151.54,remora9,remora0,11.64,12.53,12.53,11.44,11.44,11.90,11.90,12.12,12.12,13.62,2.80,3.91,3.91,2.54,2.54,3.12,3.12,3.39,3.39,5.29,3.61,3.60,3.59,3.58,3.58,3.57,3.56,3.56,3.55,3.54,5.11,5.11,5.12,5.12,5.12,5.13,5.13,5.42,5.43,5.43,111.56,0.00,0.00,1.00,0.00,0.00,0.00,-1.00,0,None,0,aggregation
160,152.54,remora9,remora0,13.91,13.91,13.91,13.56,12.93,12.93,12.93,11.16,13.28,13.28,5.66,5.66,5.66,5.21,4.42,4.42,4.42,2.19,4.86,4.86,3.54,3.53,3.53,3.52,3.52,3.51,3.51,3.51,3.51,3.50,5.44,5.45,5.45,5.16,5.16,5.16,5.17,5.50,5.51,5.51,113.86,0.00,0.00,1.00,0.00,0.00,0.00,-1.00,0,None,0,aggregation
160,153.54,remora9,remora0,15.90,15.90,15.90,16.71,16.71,16.17,16.17,15.98,15.98,16.73,8.19,8.19,8.19,9.22,9.22,8.53,8.53,8.29,8.29,9.25,3.50,3.50,3.51,3.51,3.51,3.52,3.52,3.53,3.53,3.54,5.52,5.53,5.55,5.56,5.57,5.58,5.60,5.61,5.14,5.15,114.51,0.00,0.00,1.00,0.00,0.00,0.00,-1.00,0,None,0,aggregation
160,154.54,remora9,remora0,16.73,16.80,16.80,16.94,16.94,14.56,14.56,14.47,14.47,12.63,9.25,9.33,9.33,9.52,9.52,6.48,6.48,6.37,6.37,4.04,3.54,3.55,3.55,3.56,3.57,3.57,3.58,3.59,3.59,3.60,5.16,5.17,5.18,5.20,5.21,5.22,5.23,5.24,5.26,5.27,110.49,0.00,0.00,1.00,0.00,0.00,0.00,-1.00,0,None,0,aggregation
160,155.54,remora9,remora0,12.63,13.30,12.03,12.03,12.03,10.90,10.90,10.32,10.32,11.87,4.04,4.89,3.29,3.29,3.29,1.86,1.86,1.13,1.13,3.09,3.60,3.61,3.62,3.62,3.63,3.63,3.64,3.64,3.65,3.65,5.28,5.29,5.30,5.32,5.33,5.34,5.35,5.36,5.38,5.39,98.40,0.00,0.00,1.00,0.00,0.00,0.00,-1.00,0,None,0,aggregation
160,156.54,remora9,remora0,11.57,11.57,11.57,12.93,10.95,10.95,10.95,11.91,11.91,10.08,2.70,2.70,2.70,4.42,1.93,1.93,1.93,3.13,3.13,0.83,3.66,3.67,3.68,3.69,3.70,3.71,3.72,3.73,3.74,3.76,5.40,5.41,5.43,5.44,5.45,5.47,5.48,5.50,5.51,5.52,86.02,0.00,0.00,1.00,0.00,0.00,0.00,-1.00,0,None,0,aggregation
160,157.54,remora9,remora0,10.08,11.06,11.06,10.85,10.85,9.90,9.09,9.09,9.09,8.53,0.83,2.07,2.07,1.80,1.80,0.61,-0.41,-0.41,-0.41,-1.11,3.77,3.78,3.79,3.81,3.82,3.84,3.85,3.87,3.88,3.90,5.54,5.55,5.57,5.58,5.60,5.61,5.63,5.64,5.66,5.67,75.80,0.00,0.00,1.00,0.00,0.00,0.00,-1.00,0,None,0,aggregation
160,158.54,remora9,remora0,10.23,10.23,10.47,10.47,10.47,9.22,9.22,10.46,10.46,9.36,1.03,1.03,1.32,1.32,1.32,-0.24,-0.24,1.32,1.32,-0.07,3.91,3.93,3.95,3.97,3.99,4.01,4.03,4.05,4.07,4.09,5.69,5.71,5.72,5.74,5.75,5.77,5.79,5.80,5.82,5.84,75.25,0.00,0.00,1.00,0.00,0.00,0.00,-1.00,0,None,0,aggregation
160,159.54,remora9,remora0,9.36,9.86,10.97,10.97,10.97,10.05,10.05,9.36,9.36,9.61,-0.07,0.56,1.95,1.95,1.95,0.80,0.80,-0.07,-0.07,0.24,4.11,4.14,4.16,4.18,4.21,4.23,4.26,4.28,4.31,4.33,5.86,5.87,5.89,5.91,5.93,5.94,5.96,5.98,6.00,6.02,77.64,0.00,0.00,1.00,0.00,0.00,0.00,-1.00,0,None,0,aggregation
160,160.54,remora9,remora0,9.61,9.12,9.12,9.12,9.12,8.80,8.80,9.52,9.10,9.10,0.24,-0.38,-0.38,-0.37,-0.37,-0.77,-0.77,0.13,-0.39,-0.39,4.33,4.32,4.32,4.31,4.31,4.31,4.30,4.30,4.30,4.30,6.03,6.05,6.07,6.09,6.11,6.13,6.15,6.16,6.18,6.20,75.49,0.00,0.00,1.00,0.00,0.00,0.00,-1.00,0,None,0,aggregation
160,161.54,remora9,remora0,9.10,9.58,9.58,10.07,10.07,9.99,9.99,10.11,10.11,10.25,-0.39,0.21,0.21,0.83,0.83,0.72,0.72,0.88,0.88,1.05,4.30,4.29,4.29,4.28,4.27,4.26,4.26,4.25,4.25,4.25,6.22,6.24,6.26,6.28,6.30,6.31,6.33,6.35,6.37,4.58,72.97,0.00,0.00,1.00,0.00,0.00,0.00,-1.00,0,None,0,aggregation
160,162.54,remora9,remora0,10.25,11.03,11.03,10.90,11.13,11.13,11.13,11.51,11.51,11.74,1.05,2.03,2.03,1.87,2.16,2.16,2.16,2.62,2.62,2.91,4.24,4.24,4.23,4.23,4.22,4.21,4.20,4.19,4.19,4.18,4.59,4.60,4.61,4.62,4.63,4.64,4.65,4.67,4.68,4.68,70.66,0.00,0.00,1.00,0.00,0.00,0.00,-1.00,0,None,0,aggregation
160,163.54,remora9,remora0,11.74,12.16,12.16,12.51,12.51,13.00,13.00,13.15,13.15,13.19,2.91,3.45,3.45,3.88,3.88,4.51,4.51,4.69,4.69,4.75,4.18,4.17,4.17,4.16,4.16,4.15,4.14,4.13,4.12,4.11,4.69,4.67,4.67,4.68,4.69,4.68,4.68,4.69,4.70,4.71,66.62,0.00,0.00,1.00,0.00,0.00,0.00,-1.00,0,None,0,aggregation
160,164.54,remora9,remora0,13.19,13.79,13.79,13.78,13.78,14.87,14.87,14.59,14.59,15.22,4.75,5.51,5.51,5.50,5.50,6.87,6.87,6.52,6.52,7.32,4.11,4.10,4.10,4.09,4.09,4.08,4.07,4.06,4.05,4.05,4.72,4.73,4.74,4.75,4.76,4.77,4.78,4.79,4.80,4.81,65.20,0.00,0.00,1.00,0.00,0.00,0.00,-1.00,0,None,0,aggregation
160,165.54,remora9,remora0,15.60,15.60,15.60,16.13,16.13,17.23,17.23,17.42,17.42,17.80,7.81,7.81,7.81,8.48,8.48,9.89,9.89,10.13,10.13,10.62,4.04,4.04,4.03,4.03,4.02,4.02,4.01,4.01,4.01,4.01,4.82,4.83,4.84,4.85,4.86,4.86,4.87,4.88,4.89,4.90,70.85,0.00,0.00,1.00,0.00,0.00,0.00,-1.00,0,None,0,aggregation
160,166.54,remora9,remora0,17.80,18.36,18.36,18.54,18.54,19.05,19.05,19.50,20.14,20.14,10.62,11.35,11.35,11.58,11.58,12.24,12.24,12.82,13.66,13.66,4.00,4.00,3.99,3.98,3.98,3.98,3.98,3.98,3.98,3.99,4.91,4.91,4.92,4.93,4.93,4.94,4.95,4.96,4.97,4.98,79.39,0.00,0.00,1.00,0.00,0.00,0.00,-1.00,0,None,0,aggregation
160,167.54,remora9,remora0,20.14,20.19,20.31,20.31,20.31,21.11,21.11,21.19,21.44,21.44,13.66,13.72,13.88,13.88,13.88,14.94,14.94,15.05,15.38,15.38,3.99,3.98,3.98,3.99,3.99,4.00,4.00,4.00,4.00,4.01,4.99,5.00,5.00,5.01,5.02,5.03,5.04,5.05,5.06,5.06,91.68,0.00,0.00,1.00,0.00,0.00,0.00,-1.00,0,None,0,aggregation
160,168.54,remora9,remora0,21.44,21.75,21.75,22.28,22.28,22.32,22.32,22.22,22.22,22.90,15.38,15.79,15.79,16.50,16.50,16.55,16.55,16.42,16.42,17.34,4.01,4.02,4.03,4.03,4.04,4.06,4.06,4.07,4.08,4.09,5.07,5.08,5.09,5.10,5.11,5.12,5.13,5.14,5.15,5.16,105.48,0.00,0.00,1.00,0.00,0.00,0.00,-1.00,0,None,0,aggregation
160,169.54,remora9,remora0,22.90,23.42,23.42,23.39,23.39,24.02,24.59,24.59,24.59,24.83,17.34,18.04,18.04,18.00,18.00,18.86,19.64,19.64,19.64,19.98,4.10,4.11,4.12,4.14,4.15,4.17,4.18,4.19,4.20,4.22,5.17,5.18,5.19,5.21,5.22,5.23,5.24,5.25,5.26,5.27,121.37,0.00,0.00,1.00,0.00,0.00,0.00,-1.00,0,None,0,aggregation
160,170.54,remora9,remora0,24.83,24.85,24.85,25.53,25.53,26.16,26.66,26.66,26.66,27.21,19.98,20.02,20.02,20.97,20.97,21.88,22.61,22.61,22.61,23.45,4.23,4.25,4.26,4.28,4.30,4.32,4.34,6.38,6.39,6.39,5.28,5.29,5.31,5.32,5.33,5.34,5.36,6.38,6.39,6.39,140.67,0.00,0.00,1.00,0.00,0.00,0.00,-1.00,0,None,0,aggregation
160,171.54,remora9,remora0,27.21,27.64,27.96,27.96,27.96,28.26,28.54,28.54,28.80,28.80,23.45,24.11,24.61,24.61,24.61,25.10,25.57,25.57,26.01,26.01,6.40,6.40,6.41,6.41,6.42,6.42,6.42,6.43,6.43,6.44,6.40,6.40,6.41,6.41,6.42,6.42,6.42,6.43,6.43,6.44,162.00,0.00,0.00,1.00,0.00,0.00,0.00,-1.00,0,None,0,aggregation
160,172.54,remora9,remora0,28.80,29.04,29.04,29.25,29.25,29.35,29.35,29.54,29.62,29.62,26.01,26.43,26.43,26.84,26.84,27.03,27.03,27.40,27.57,27.57,6.44,6.45,6.45,6.45,6.46,6.46,6.47,6.47,6.47,6.48,6.44,6.45,6.45,6.45,6.46,6.46,6.47,6.47,6.47,6.48,183.45,0.00,0.00,1.00,0.00,0.00,0.00,-1.00,0,None,0,aggregation
160,173.54,remora9,remora0,29.73,29.73,29.73,29.83,29.83,29.89,29.89,29.95,30.00,30.00,27.83,27.83,27.83,28.07,28.07,28.22,28.22,28.37,28.51,28.51,6.48,6.49,6.49,6.49,6.50,6.50,6.51,6.51,6.52,6.52,6.48,6.49,6.49,6.49,6.50,6.50,6.51,6.51,6.52,6.52,204.09,0.00,0.00,1.00,0.00,0.00,0.00,-1.00,0,None,0,aggregation
160,174.54,remora9,remora0,30.00,30.04,0.00,0.00,0.00,30.00,30.00,30.00,30.00,30.00,28.51,28.65,0.00,0.00,0.00,30.00,30.00,30.00,30.00,30.00,6.53,6.53,6.54,6.56,6.59,6.61,6.61,6.62,6.62,6.63,6.53,6.53,6.54,6.56,6.59,6.61,6.61,6.62,6.62,6.63,214.78,0.00,0.00,1.00,0.00,0.00,0.00,-1.00,0,None,0,aggregation
160,175.54,remora9,remora0,30.00,30.00,30.00,30.00,30.00,30.00,30.00,30.00,30.00,30.00,30.00,30.00,30.00,30.00,30.00,30.00,30.00,30.00,30.00,30.00,6.63,6.64,6.64,6.65,6.66,6.66,6.67,6.67,6.68,6.68,6.63,6.64,6.64,6.65,6.66,6.66,6.67,6.67,6.68,6.68,231.92,0.00,0.00,1.00,0.00,0.00,0.00,-1.00,0,None,0,aggregation
160,176.54,remora9,remora0,30.00,30.00,30.00,30.00,30.00,30.00,30.00,30.00,30.00,30.00,30.00,30.00,30.00,30.00,30.00,30.00,30.00,30.00,30.00,30.00,6.69,6.70,6.70,6.71,6.71,6.72,6.73,6.73,6.74,6.75,6.69,6.70,6.70,6.71,6.71,6.72,6.73,6.73,6.74,6.75,246.40,0.00,0.00,1.00,0.00,0.00,0.00,-1.00,0,None,0,aggregation
160,177.54,remora9,remora0,30.00,30.00,30.00,30.00,30.00,30.00,30.00,30.00,30.00,30.00,30.00,30.00,30.00,30.00,30.00,30.00,30.00,30.00,30.00,30.00,6.75,6.76,6.76,6.77,6.78,6.78,6.79,6.80,6.80,6.81,6.75,6.76,6.76,6.77,6.78,6.78,6.79,6.80,6.80,6.81,258.78,0.00,0.00,1.00,0.00,0.00,0.00,-1.00,0,None,0,aggregation
160,178.54,remora9,remora0,30.00,30.00,30.00,30.00,30.00,30.00,30.00,30.00,30.00,30.00,30.00,30.00,30.00,30.00,30.00,30.00,30.00,30.00,30.00,30.00,6.82,6.82,6.83,6.84,6.83,6.81,6.80,6.80,6.81,6.81,6.82,6.82,6.83,6.84,6.83,6.81,6.80,6.80,6.81,6.81,269.55,0.00,0.00,1.00,0.00,0.00,0.00,-1.00,0,None,0,aggregation
160,179.54,remora9,remora0,30.00,30.00,30.00,30.00,30.00,30.00,30.00,30.00,30.00,30.00,30.00,30.00,30.00,30.00,30.00,30.00,30.00,30.00,30.00,30.00,6.82,6.82,6.83,6.84,6.84,6.85,6.86,6.86,6.87,6.88,6.82,6.82,6.83,6.84,6.84,6.85,6.86,6.86,6.87,6.88,278.23,0.00,0.00,1.00,0.00,0.00,0.00,-1.00,0,None,0,aggregation
160,180.54,remora9,remora0,30.00,30.00,30.00,30.00,30.00,30.00,30.00,30.00,30.00,30.00,30.00,30.00,30.00,30.00,30.00,30.00,30.00,30.00,30.00,30.00,6.88,6.89,6.90,6.91,6.91,6.92,6.93,6.93,6.94,6.95,6.88,6.89,6.90,6.91,6.91,6.92,6.93,6.93,6.94,6.95,284.53,0.00,0.00,1.00,0.00,0.00,0.00,-1.00,0,None,0,aggregation
160,181.54,remora9,remora0,30.00,30.00,30.00,30.00,30.00,30.00,30.00,30.00,30.00,30.00,30.00,30.00,30.00,30.00,30.00,30.00,30.00,30.00,30.00,30.00,6.95,6.96,6.97,6.98,6.98,6.99,7.00,7.00,7.01,7.02,6.95,6.96,6.97,6.98,6.98,6.99,7.00,7.00,7.01,7.02,287.96,0.00,0.00,1.00,0.00,0.00,0.00,-1.00,0,None,0,aggregation
160,201.54,remora9,remora0,30.00,30.00,30.00,30.00,30.00,30.00,30.00,30.00,30.00,30.00,30.00,30.00,30.00,30.00,30.00,30.00,30.00,30.00,30.00,30.00,5.68,5.67,5.67,5.67,5.66,5.66,5.65,5.65,5.65,5.65,6.29,6.27,6.25,6.23,6.21,6.20,6.18,6.16,6.14,6.12,300.00,0.00,0.00,1.00,0.00,0.00,0.00,-1.00,0,None,0,aggregation
160,202.54,remora9,remora0,30.00,30.00,30.00,30.00,30.00,30.00,30.00,30.00,30.00,30.00,30.00,30.00,30.00,30.00,30.00,30.00,30.00,30.00,30.00,30.00,5.64,5.64,5.64,5.60,5.55,5.49,5.43,5.38,5.32,5.26,6.10,6.09,6.07,6.05,6.03,6.01,5.99,5.98,5.96,5.94,300.00,0.00,0.00,1.00,0.00,0.00,0.00,-1.00,0,None,0,aggregation
160,203.54,remora9,remora0,30.00,30.00,30.00,0.00,0.00,30.07,30.07,30.07,30.07,30.07,30.00,30.00,30.00,0.00,0.00,29.91,29.91,29.91,29.91,29.91,5.21,5.15,5.09,5.05,5.02,4.99,4.94,4.88,4.83,4.77,5.92,5.91,5.89,5.88,5.88,5.87,5.86,5.84,5.82,5.80,294.00,0.00,0.00,1.00,0.00,0.00,0.00,-1.00,0,None,0,aggregation
160,204.54,remora9,remora0,30.07,30.07,30.07,30.07,30.07,30.07,30.07,30.07,30.07,30.06,29.91,29.91,29.91,29.91,29.91,29.91,29.91,29.91,29.91,29.93,4.72,4.67,4.62,4.57,4.52,4.47,4.42,4.37,4.33,4.28,5.79,5.77,5.75,5.74,5.72,5.70,5.69,5.67,5.65,5.64,293.99,0.00,0.00,1.00,0.00,0.00,0.00,-1.00,0,None,0,aggregation
160,205.54,remora9,remora0,30.06,30.06,30.06,30.06,30.06,30.06,30.06,30.04,30.04,30.04,29.93,29.93,29.93,29.93,29.93,29.93,29.93,29.96,29.96,29.96,4.24,4.20,4.16,4.12,4.08,4.04,4.00,3.96,3.93,3.90,5.62,5.61,5.59,5.57,5.56,5.54,5.53,5.51,5.50,5.49,293.98,0.00,0.00,1.00,0.00,0.00,0.00,-1.00,0,None,0,aggregation
160,206.54,remora9,remora0,30.04,30.04,30.04,30.04,30.04,30.04,30.04,30.04,30.04,30.04,29.96,29.96,29.96,29.96,29.96,29.96,29.96,29.96,29.96,29.96,3.87,3.84,3.81,3.78,3.75,3.72,3.70,3.67,3.65,3.62,5.47,5.46,5.44,5.43,5.42,5.40,5.39,5.38,5.36,5.35,293.98,0.00,0.00,1.00,0.00,0.00,0.00,-1.00,0,None,0,aggregation
160,207.54,remora9,remora0,30.04,30.07,30.07,30.09,30.09,30.10,30.13,30.13,30.14,30.14,29.96,29.91,29.91,29.88,29.88,29.85,29.79,29.79,29.76,29.76,3.60,3.57,3.55,3.53,3.50,3.48,3.46,3.44,3.41,3.39,5.34,5.32,5.31,5.30,5.29,5.28,5.26,5.25,5.24,5.23,293.96,0.00,0.00,1.00,0.00,0.00,0.00,-1.00,0,None,0,aggregation
160,208.54,remora9,remora0,30.14,30.17,30.18,30.18,30.18,30.18,30.18,30.18,30.18,30.18,29.76,29.66,29.57,29.57,29.57,29.49,29.49,29.39,29.39,29.29,3.37,3.35,3.33,3.31,3.29,3.26,3.24,3.22,3.20,3.18,5.22,5.21,5.20,5.19,5.18,5.17,5.16,5.15,5.14,5.13,293.80,0.00,0.00,1.00,0.00,0.00,0.00,-1.00,0,None,0,aggregation
160,209.54,remora9,remora0,30.17,30.17,30.17,30.14,30.14,30.11,30.11,30.08,30.08,30.04,29.19,29.19,29.19,29.02,29.02,28.90,28.90,28.78,28.78,28.65,3.16,3.14,3.12,3.10,3.08,3.07,3.05,3.03,3.01,2.99,5.12,5.12,5.11,5.10,5.10,5.09,5.08,5.08,5.07,5.07,293.34,0.00,0.00,1.00,0.00,0.00,0.00,-1.00,0,None,0,aggregation
160,210.54,remora9,remora0,30.04,30.00,30.00,29.95,29.95,29.92,29.87,29.87,29.80,29.80,28.65,28.51,28.51,28.37,28.37,28.29,28.14,28.14,27.99,27.99,2.98,2.96,2.94,2.93,2.91,2.90,2.88,2.87,2.85,2.84,5.06,5.06,5.06,5.05,5.05,5.05,5.05,5.04,5.04,5.04,292.45,0.00,1.00,1.00,0.00,0.00,0.00,-1.00,0,None,0,aggregation
160,211.54,remora9,remora0,29.77,29.77,29.77,29.73,29.73,29.66,29.66,29.58,29.58,29.58,27.91,27.91,27.91,27.83,27.83,27.66,27.66,27.49,27.49,27.49,2.83,2.81,2.80,2.79,2.78,2.77,2.76,2.75,2.74,2.73,5.04,5.04,5.04,5.04,5.04,5.05,5.05,5.05,5.05,5.05,291.15,0.00,1.00,1.00,0.00,0.00,0.00,-1.00,0,None,0,aggregation
160,212.54,remora9,remora0,29.58,29.49,29.49,29.45,29.45,29.40,29.35,29.35,29.35,29.30,27.49,27.31,27.31,27.22,27.22,27.12,27.03,27.03,27.03,26.93,2.72,2.71,2.71,2.70,5.47,5.46,5.44,5.41,5.38,5.35,5.05,5.05,5.04,5.04,5.82,5.83,5.83,5.83,5.83,5.83,289.45,0.00,0.00,1.00,0.00,0.00,0.00,-1.00,0,None,0,aggregation
160,213.54,remora9,remora0,29.30,29.25,29.20,29.20,29.20,29.20,29.20,29.26,29.26,29.32,26.93,26.84,26.74,26.74,26.74,26.74,26.74,26.85,26.85,26.96,5.32,5.29,5.27,5.25,5.23,5.21,5.18,5.16,5.13,5.12,5.83,5.83,5.83,5.83,5.84,5.84,5.84,5.84,5.84,5.85,293.48,0.00,0.00,1.00,0.00,0.00,0.00,-1.00,0,None,0,aggregation
160,214.54,remora9,remora0,29.32,29.37,29.44,29.44,29.44,29.50,29.50,29.59,29.65,29.65,26.96,27.06,27.21,27.21,27.21,27.32,27.32,27.52,27.64,27.64,5.09,5.07,5.05,5.02,5.00,4.98,4.96,4.94,4.92,4.90,5.85,5.86,5.86,5.86,5.87,5.87,5.88,5.88,5.89,5.90,291.88,0.00,0.00,1.00,0.00,0.00,0.00,-1.00,0,None,0,aggregation
160,215.54,remora9,remora0,29.65,29.74,29.74,29.79,29.86,29.86,29.86,29.92,29.92,29.96,27.64,27.84,27.84,27.95,28.13,28.13,28.13,28.28,28.28,28.39,4.88,4.86,4.84,4.82,4.80,4.78,4.76,4.74,4.72,4.71,5.90,5.91,5.92,5.92,5.93,5.94,5.94,5.95,5.96,5.97,290.83,0.00,0.00,1.00,0.00,0.00,0.00,-1.00,0,None,0,aggregation
160,216.54,remora9,remora0,29.96,29.98,30.03,30.03,30.03,30.07,30.07,30.09,30.09,30.09,28.39,28.46,28.62,28.62,28.62,28.74,28.74,28.82,28.82,28.81,4.69,4.67,4.65,4.64,4.62,4.61,4.59,4.57,4.56,4.54,5.98,5.99,5.99,6.00,6.01,6.02,6.03,6.04,6.05,6.06,290.19,0.00,0.00,1.00,0.00,0.00,0.00,-1.00,0,None,0,aggregation
160,217.54,remora9,remora0,30.09,30.13,30.15,30.15,30.15,30.16,30.16,30.16,30.18,30.18,28.81,29.00,29.10,29.10,29.10,29.12,29.12,29.15,29.29,29.29,4.53,4.51,4.50,4.48,4.47,4.46,4.45,4.43,4.42,4.41,6.07,6.09,6.10,6.11,6.12,6.13,6.14,6.16,6.17,6.18,289.84,0.00,0.00,1.00,0.00,0.00,0.00,-1.00,0,None,0,aggregation
160,218.54,remora9,remora0,30.18,30.18,30.18,30.18,30.18,30.19,30.19,30.18,30.18,30.18,29.29,29.32,29.32,29.31,29.31,29.45,29.45,29.48,29.50,29.50,4.40,4.39,4.38,4.36,4.35,4.34,4.33,4.33,4.32,4.31,6.20,6.21,6.22,6.23,6.25,6.26,6.27,6.29,6.30,6.31,289.78,0.00,0.00,1.00,0.00,0.00,0.00,-1.00,0,None,0,aggregation
160,219.54,remora9,remora0,30.18,30.18,30.18,30.18,30.18,30.18,30.18,30.18,30.17,30.17,29.50,29.56,29.56,29.52,29.52,29.52,29.52,29.60,29.61,29.61,4.30,4.29,4.28,4.28,4.27,4.26,4.25,4.24,4.24,4.23,6.33,6.34,6.36,6.37,6.39,6.40,6.42,6.43,6.45,6.46,290.11,0.00,0.00,1.00,0.00,0.00,0.00,-1.00,0,None,0,aggregation
160,220.54,remora9,remora0,30.17,30.17,30.17,30.17,30.17,30.17,30.17,30.18,30.18,30.18,29.66,29.66,29.66,29.66,29.66,29.66,29.66,29.55,29.55,29.41,4.23,4.22,4.22,4.22,4.21,4.21,4.20,4.19,4.19,4.19,6.48,6.50,6.51,6.53,6.55,6.56,6.58,6.59,6.61,6.63,290.89,0.00,0.00,1.00,0.00,0.00,0.00,-1.00,0,None,0,aggregation
160,221.54,remora9,remora0,30.18,30.18,30.18,30.17,30.17,30.16,30.16,30.13,30.13,30.08,29.41,29.38,29.38,29.21,29.21,29.16,29.16,28.98,28.98,28.79,4.19,4.19,4.18,4.18,4.18,4.17,4.17,4.17,4.17,4.17,6.65,6.66,6.68,6.70,6.71,6.73,6.75,6.77,6.79,6.80,291.86,0.00,0.00,1.00,0.00,0.00,0.00,-1.00,0,None,0,aggregation
160,131.54,remora9,remora1,28.12,28.12,28.23,28.23,28.36,28.36,28.15,28.15,28.01,27.78,24.87,24.87,25.05,25.05,25.25,25.25,24.91,24.91,24.69,24.32,2.68,2.70,2.73,2.76,2.78,2.81,2.84,2.86,2.89,2.92,5.81,5.81,5.80,5.80,5.80,5.79,5.78,5.78,5.77,5.77,148.59,0.00,1.00,1.00,0.00,0.00,0.00,-1.00,0,None,1,aggregation
160,132.54,remora9,remora1,27.78,27.78,27.74,27.74,27.28,27.28,27.27,27.27,27.12,27.12,24.32,24.32,24.27,24.27,23.55,23.55,23.53,23.53,23.31,23.31,2.94,2.97,2.99,3.02,3.05,3.07,3.10,3.12,3.15,3.17,5.76,5.76,5.75,5.75,5.74,5.74,5.73,5.73,5.72,5.72,174.20,0.00,0.00,1.00,0.00,0.00,0.00,-1.00,0,None,1,aggregation
160,133.54,remora9,remora1,26.78,26.78,26.63,26.63,26.61,26.61,26.34,26.34,26.14,26.14,22.79,22.79,22.57,22.57,22.55,22.55,22.14,22.14,21.85,21.85,3.20,3.22,3.25,3.27,3.30,3.32,3.34,3.37,3.39,3.42,5.72,5.71,5.71,5.71,5.71,5.70,5.70,5.70,5.43,5.42,198.64,0.00,0.00,1.00,0.00,0.00,0.00,-1.00,0,None,1,aggregation
160,134.54,remora9,remora1,26.24,26.24,26.20,26.20,26.27,26.27,26.42,26.42,26.47,26.47,21.99,21.99,21.94,21.94,22.04,22.04,22.26,22.26,22.33,22.33,3.44,3.46,3.49,3.51,3.53,3.56,3.58,3.60,3.63,3.65,5.42,5.41,5.41,5.40,5.39,5.39,5.39,5.38,5.38,5.37,222.86,0.00,0.00,1.00,0.00,0.00,0.00,-1.00,0,None,1,aggregation
160,135.54,remora9,remora1,26.48,26.48,26.57,26.57,26.46,26.46,26.52,26.52,26.39,26.39,22.35,22.35,22.48,22.48,22.32,22.32,22.41,22.41,22.21,22.21,3.65,3.65,3.65,3.66,3.66,3.66,3.67,3.68,3.69,3.69,5.37,5.37,5.36,5.36,5.36,5.35,5.35,5.35,5.35,5.35,247.28,0.00,0.00,1.00,0.00,0.00,0.00,-1.00,0,None,1,aggregation
160,136.54,remora9,remora1,26.36,26.36,26.45,26.45,26.22,26.22,26.32,26.00,26.00,26.00,22.17,22.17,22.30,22.30,21.97,21.97,22.11,21.64,21.64,21.64,3.70,3.71,3.72,3.74,3.75,3.76,3.77,3.79,3.80,3.81,5.35,5.35,5.35,5.35,5.35,5.62,5.62,5.61,5.61,5.61,255.69,0.00,0.00,1.00,0.00,0.00,0.00,-1.00,0,None,1,aggregation
160,137.54,remora9,remora1,25.96,25.96,25.77,25.77,26.04,26.04,25.29,25.29,25.36,25.36,21.59,21.59,21.32,21.32,21.71,21.71,20.63,20.63,20.74,20.74,3.82,3.84,3.85,3.87,3.88,3.90,3.91,3.93,3.94,3.95,5.61,5.61,5.60,5.60,5.60,5.60,5.60,5.60,5.60,5.60,254.98,0.00,0.00,1.00,0.00,0.00,0.00,-1.00,0,None,1,aggregation
160,138.54,remora9,remora1,24.97,24.97,24.68,24.68,24.33,23.71,23.71,23.71,23.36,23.36,20.18,20.18,19.77,19.77,19.29,18.43,18.43,18.43,17.96,17.96,3.97,3.98,3.99,4.00,4.01,4.02,4.03,4.04,4.05,4.07,5.60,5.59,5.59,5.60,5.60,5.60,5.60,5.60,5.60,5.60,249.64,0.00,0.00,1.00,0.00,0.00,0.00,-1.00,0,None,1,aggregation
160,139.54,remora9,remora1,23.37,23.37,23.11,23.26,23.26,23.26,22.96,22.96,22.71,22.71,17.96,17.96,17.62,17.82,17.82,17.82,17.41,17.41,17.07,17.07,4.08,4.09,4.10,4.11,4.12,4.14,4.15,4.16,4.17,4.19,5.60,5.60,5.60,5.61,5.61,5.61,5.62,5.62,5.63,5.63,242.04,0.00,0.00,1.00,0.00,0.00,0.00,-1.00,0,None,1,aggregation
160,140.54,remora9,remora1,22.74,22.74,22.36,22.36,22.67,22.67,22.56,22.56,22.86,22.86,17.11,17.11,16.60,16.60,17.02,17.02,16.87,16.87,17.27,17.27,4.20,4.21,4.20,4.19,4.18,4.17,4.16,4.15,4.14,4.13,5.64,5.64,5.65,5.65,5.65,5.66,5.66,5.67,5.68,5.68,234.53,0.00,0.00,1.00,0.00,0.00,0.00,-1.00,0,None,1,aggregation
160,141.54,remora9,remora1,23.66,23.66,24.21,24.21,24.94,24.94,25.42,25.42,26.17,26.67,18.37,18.37,19.11,19.11,20.14,20.14,20.82,20.82,21.90,22.64,4.13,4.12,4.11,4.11,4.10,4.09,4.09,4.08,4.08,4.08,5.69,5.70,5.71,5.72,5.73,5.73,5.75,5.76,5.77,5.78,230.53,0.00,0.00,1.00,0.00,0.00,0.00,-1.00,0,None,1,aggregation
160,142.54,remora9,remora1,26.67,26.67,27.19,27.19,27.70,27.70,27.81,27.81,28.24,28.24,22.64,22.64,23.40,23.40,24.19,24.19,24.37,24.37,25.06,25.06,4.07,4.07,4.07,4.07,4.06,4.06,4.06,4.06,4.06,4.07,5.80,5.81,5.82,5.84,5.85,5.87,5.88,5.90,5.91,5.92,230.64,0.00,0.00,1.00,0.00,0.00,0.00,-1.00,0,None,1,aggregation
160,143.54,remora9,remora1,29.08,29.08,29.22,29.22,29.34,29.34,29.74,29.74,30.03,30.03,26.50,26.50,26.77,26.77,26.99,26.99,27.84,27.84,28.60,28.60,4.07,4.07,4.07,4.08,4.08,4.09,4.10,4.11,4.12,4.13,5.94,5.95,5.97,5.99,6.00,6.02,6.04,6.06,6.08,6.09,234.61,0.00,0.00,1.00,0.00,0.00,0.00,-1.00,0,None,1,aggregation
160,144.54,remora9,remora1,30.17,30.17,30.17,30.17,30.11,30.11,29.93,29.93,29.66,29.66,29.20,29.20,29.65,29.65,29.85,29.85,30.06,30.06,30.17,30.17,4.14,4.15,4.16,4.18,4.19,4.21,4.23,4.24,4.26,4.28,5.71,5.73,5.74,5.76,5.78,5.80,5.82,5.83,5.85,5.87,240.29,0.00,0.00,1.00,0.00,0.00,0.00,-1.00,0,None,1,aggregation
160,145.54,remora9,remora1,29.53,29.53,29.12,29.12,28.98,28.98,28.50,28.50,28.41,28.41,30.18,30.18,30.16,30.16,30.13,30.13,29.99,29.99,29.96,29.96,4.30,4.32,4.34,4.36,4.38,4.40,4.42,4.44,4.46,4.48,5.89,5.91,5.93,5.94,5.96,5.98,6.00,6.02,6.04,6.06,245.37,0.00,0.00,1.00,0.00,0.00,0.00,-1.00,0,None,1,aggregation
160,146.54,remora9,remora1,28.11,28.11,28.07,28.07,28.06,28.06,28.01,28.01,27.75,27.75,29.85,29.85,29.83,29.83,29.83,29.83,29.81,29.81,29.70,29.70,4.51,4.53,4.55,4.58,4.60,4.63,4.65,4.68,4.70,4.73,6.08,6.10,6.12,6.14,6.17,6.19,6.21,6.24,6.26,6.28,250.15,0.00,0.00,1.00,0.00,0.00,0.00,-1.00,0,None,1,aggregation
160,147.54,remora9,remora1,27.71,27.71,27.48,27.48,27.68,27.68,27.16,27.16,26.90,26.90,29.68,29.68,29.58,29.58,29.67,29.67,29.42,29.42,29.29,29.29,4.75,4.78,4.80,4.83,4.86,4.88,4.91,4.93,4.96,4.99,6.31,6.33,6.36,6.38,6.40,6.43,6.45,6.47,6.50,6.52,255.17,0.00,0.00,1.00,0.00,0.00,0.00,-1.00,0,None,1,aggregation
160,148.54,remora9,remora1,27.02,27.02,26.30,26.30,26.30,26.30,25.88,25.88,26.01,26.01,29.35,29.35,28.97,28.97,28.96,28.96,28.72,28.72,28.80,28.80,5.01,4.56,4.58,4.61,4.63,5.14,4.69,4.72,4.75,4.78,6.54,6.17,6.19,6.22,6.24,6.66,6.29,6.31,6.33,6.36,261.21,0.00,0.00,1.00,0.00,0.00,0.00,-1.00,0,None,1,aggregation
160,149.54,remora9,remora1,25.10,25.10,25.79,25.79,26.23,26.23,26.43,26.43,26.84,26.84,28.26,28.26,28.68,28.68,28.92,28.92,29.04,29.04,29.25,29.25,4.81,4.84,4.86,4.89,4.90,4.92,4.94,4.98,5.01,5.04,6.38,6.41,6.43,6.45,6.47,6.49,6.51,5.67,5.69,5.71,268.31,0.00,0.00,1.00,0.00,0.00,0.00,-1.00,0,None,1,aggregation
160,150.54,remora9,remora1,27.12,27.12,27.31,27.31,27.49,27.49,27.74,27.74,0.00,0.00,29.40,29.40,29.49,29.49,29.58,29.58,29.70,29.70,0.00,0.00,5.06,5.08,5.10,5.12,5.51,5.17,5.19,5.22,5.24,5.24,5.73,5.75,5.76,5.78,6.01,5.81,5.83,5.84,5.85,5.85,271.29,0.00,0.00,1.00,0.00,0.00,0.00,-1.00,0,None,1,aggregation
160,151.54,remora9,remora1,30.00,30.00,30.00,30.00,30.00,30.00,30.00,30.00,30.00,30.00,30.00,30.00,30.00,30.00,30.00,30.00,30.00,30.00,30.00,30.00,5.25,5.28,5.31,5.34,5.37,5.40,5.43,5.69,5.70,5.72,5.86,5.87,5.89,5.90,5.92,5.93,5.95,6.13,6.14,6.15,278.75,0.00,0.00,1.00,0.00,0.00,0.00,-1.00,0,None,1,aggregation
160,152.54,remora9,remora1,30.00,30.00,30.00,30.00,30.00,30.00,30.00,30.00,30.00,30.00,30.00,30.00,30.00,30.00,30.00,30.00,30.00,30.00,30.00,30.00,5.73,5.75,5.76,5.63,5.65,5.68,5.71,5.84,5.86,5.87,6.16,6.17,6.18,6.05,6.06,6.07,6.09,6.22,6.23,6.24,283.03,0.00,0.00,1.00,0.00,0.00,0.00,-1.00,0,None,1,aggregation
160,210.54,remora9,remora1,27.80,27.80,27.46,27.46,27.19,27.19,26.81,26.81,26.59,26.59,29.72,29.72,29.57,29.57,29.43,29.43,29.24,29.24,29.12,29.12,2.98,2.96,2.94,2.93,2.91,2.90,2.88,2.87,2.85,2.84,5.40,5.42,5.44,5.46,5.48,5.50,5.52,5.54,5.56,5.58,189.26,0.00,1.00,1.00,0.00,0.00,0.00,-1.00,0,None,1,aggregation
160,211.54,remora9,remora1,26.51,26.51,26.38,26.38,26.27,26.27,26.27,26.16,25.97,25.97,29.08,29.08,29.01,29.01,28.95,28.95,28.95,28.89,28.78,28.78,2.83,2.81,2.80,2.79,2.78,2.77,2.76,2.75,2.74,2.73,5.60,5.62,5.64,5.66,5.68,5.71,5.73,5.75,5.77,5.79,216.87,0.00,1.00,1.00,0.00,0.00,0.00,-1.00,0,None,1,aggregation
160,131.54,remora9,remora7,0.00,0.00,0.00,0.00,0.00,0.00,0.00,0.00,0.00,0.00,0.00,0.00,0.00,0.00,0.00,0.00,0.00,0.00,0.00,0.00,1.60,1.60,1.60,1.60,1.60,1.60,1.60,1.60,1.60,1.60,6.35,6.34,6.34,6.34,6.34,6.34,6.34,6.34,6.34,6.35,0.00,0.00,1.00,0.00,0.00,0.00,0.00,-1.00,0,None,0,aggregation
160,132.54,remora9,remora7,0.00,0.00,0.00,0.00,0.00,0.00,0.00,0.00,0.00,0.00,0.00,0.00,0.00,0.00,0.00,0.00,0.00,0.00,0.00,0.00,1.60,1.60,1.60,1.60,1.60,1.60,1.60,1.60,1.60,1.60,6.35,6.35,6.35,6.35,6.35,6.35,6.35,6.35,6.35,6.35,0.00,0.00,1.00,0.00,0.00,0.00,0.00,-1.00,0,None,0,aggregation
160,133.54,remora9,remora7,0.00,0.00,0.00,0.00,0.00,0.00,0.00,0.00,0.00,0.00,0.00,0.00,0.00,0.00,0.00,0.00,0.00,0.00,0.00,0.00,1.60,1.60,1.60,1.60,1.60,1.60,1.60,1.60,1.60,1.60,6.35,6.35,6.36,6.36,6.36,6.36,6.36,6.36,6.25,6.25,0.00,0.00,1.00,0.00,0.00,0.00,0.00,-1.00,0,None,0,aggregation
160,134.54,remora9,remora7,0.00,0.00,0.00,0.00,0.00,0.00,0.00,0.00,0.00,0.00,0.00,0.00,0.00,0.00,0.00,0.00,0.00,0.00,0.00,0.00,1.60,1.60,1.60,1.60,1.60,1.60,1.60,1.60,1.60,1.60,6.25,6.24,6.24,6.24,6.23,6.23,6.23,6.23,6.23,6.23,0.00,0.00,1.00,0.00,0.00,0.00,0.00,-1.00,0,None,0,aggregation
160,135.54,remora9,remora7,0.00,0.00,0.00,0.00,0.00,0.00,0.00,0.00,0.00,0.00,0.00,0.00,0.00,0.00,0.00,0.00,0.00,0.00,0.00,0.00,1.60,1.60,1.60,1.60,1.60,1.60,1.60,1.60,1.60,1.60,6.22,6.22,6.22,6.22,6.22,6.22,6.22,6.22,6.22,6.22,0.00,0.00,1.00,0.00,0.00,0.00,0.00,-1.00,0,None,0,aggregation
160,136.54,remora9,remora7,0.00,0.00,0.00,0.00,0.00,0.00,0.00,0.00,0.00,0.00,0.00,0.00,0.00,0.00,0.00,0.00,0.00,0.00,0.00,0.00,1.60,1.60,1.60,1.60,1.60,1.60,1.60,1.60,1.60,1.60,6.22,6.22,6.22,6.22,6.22,5.70,5.70,5.70,5.69,5.69,0.00,0.00,1.00,0.00,0.00,0.00,0.00,-1.00,0,None,0,aggregation
160,137.54,remora9,remora7,0.00,0.00,0.00,0.00,0.00,0.00,0.00,0.00,0.00,0.00,0.00,0.00,0.00,0.00,0.00,0.00,0.00,0.00,0.00,0.00,1.60,1.60,1.60,1.60,1.60,1.60,1.60,1.60,1.60,1.60,5.69,5.69,5.68,5.68,5.68,5.68,5.68,5.68,5.68,5.68,0.00,0.00,1.00,0.00,0.00,0.00,0.00,-1.00,0,None,0,aggregation
160,138.54,remora9,remora7,0.00,0.00,0.00,0.00,0.00,0.00,0.00,0.00,0.00,0.00,0.00,0.00,0.00,0.00,0.00,0.00,0.00,0.00,0.00,0.00,1.60,1.60,1.60,1.60,1.60,1.60,1.60,1.60,1.60,1.60,5.68,5.67,5.67,5.67,5.67,5.67,5.66,5.66,5.66,5.66,0.00,0.00,1.00,0.00,0.00,0.00,0.00,-1.00,0,None,0,aggregation
160,139.54,remora9,remora7,0.00,0.00,0.00,0.00,0.00,0.00,0.00,0.00,0.00,0.00,0.00,0.00,0.00,0.00,0.00,0.00,0.00,0.00,0.00,0.00,1.60,1.60,1.60,1.60,1.60,1.60,1.60,1.60,1.60,1.60,5.66,5.65,5.65,5.65,5.65,5.65,5.65,5.65,5.65,5.66,0.00,0.00,1.00,0.00,0.00,0.00,0.00,-1.00,0,None,0,aggregation
160,140.54,remora9,remora7,0.00,0.00,0.00,0.00,0.00,0.00,0.00,0.00,0.00,0.00,0.00,0.00,0.00,0.00,0.00,0.00,0.00,0.00,0.00,0.00,1.60,1.60,1.60,1.60,1.60,1.60,1.60,1.60,1.60,1.60,5.66,5.65,5.65,5.65,5.64,5.64,5.64,5.64,5.64,5.64,0.00,0.00,1.00,0.00,0.00,0.00,0.00,-1.00,0,None,0,aggregation
160,141.54,remora9,remora7,0.00,0.00,0.00,0.00,0.00,0.00,0.00,0.00,0.00,0.00,0.00,0.00,0.00,0.00,0.00,0.00,0.00,0.00,0.00,0.00,1.60,1.60,1.60,1.60,1.60,1.60,1.60,1.60,1.60,1.60,5.64,5.65,5.65,5.65,5.65,5.65,5.65,5.65,5.65,5.65,0.00,0.00,1.00,0.00,0.00,0.00,0.00,-1.00,0,None,0,aggregation
160,142.54,remora9,remora7,0.00,0.00,0.00,0.00,0.00,0.00,0.00,0.00,0.00,0.00,0.00,0.00,0.00,0.00,0.00,0.00,0.00,0.00,0.00,0.00,1.60,1.60,1.60,1.60,1.60,1.60,1.60,1.60,1.60,1.60,5.66,5.66,5.66,5.66,5.66,5.67,5.67,5.67,5.67,5.66,0.00,0.00,1.00,0.00,0.00,0.00,0.00,-1.00,0,None,0,aggregation
160,143.54,remora9,remora7,0.00,0.00,23.41,23.41,23.75,23.75,24.62,24.62,25.49,25.49,0.00,0.00,27.19,27.19,27.41,27.41,27.96,27.96,28.50,28.50,1.60,1.60,1.60,1.62,1.63,1.65,1.67,1.69,1.71,1.73,5.66,5.66,5.66,5.66,5.65,5.64,5.63,5.62,5.62,5.61,20.83,0.00,1.00,0.00,0.00,0.00,0.00,-1.00,0,None,0,aggregation
160,144.54,remora9,remora7,26.05,26.05,26.63,26.63,27.02,27.02,27.32,27.32,27.60,27.60,28.82,28.82,29.14,29.14,29.35,29.35,29.50,29.50,29.63,29.63,1.75,1.78,1.80,1.82,1.84,1.87,1.89,1.91,1.94,1.96,4.63,4.63,4.62,4.62,4.61,4.60,4.60,4.59,4.59,4.58,48.94,0.00,1.00,1.00,0.00,0.00,0.00,-1.00,0,None,0,aggregation
160,145.54,remora9,remora7,27.68,27.68,27.70,27.70,27.81,27.81,27.90,27.90,27.78,27.78,29.67,29.67,29.68,29.68,29.73,29.73,29.76,29.76,29.71,29.71,1.99,2.01,2.04,2.06,2.09,2.12,2.14,2.17,2.20,2.22,4.58,4.57,4.56,4.56,4.55,4.55,4.54,4.54,4.53,4.53,77.68,0.00,1.00,1.00,0.00,0.00,0.00,-1.00,0,None,0,aggregation
160,146.54,remora9,remora7,27.87,27.87,27.94,27.94,27.87,27.87,27.67,27.67,27.44,27.44,29.75,29.75,29.78,29.78,29.75,29.75,29.66,29.66,29.56,29.56,2.26,2.31,2.37,2.42,2.48,2.54,2.59,2.65,2.71,2.76,4.53,4.53,4.53,4.53,4.53,4.53,4.54,4.54,4.54,4.55,106.41,0.00,1.00,1.00,0.00,0.00,0.00,-1.00,0,None,0,aggregation
160,147.54,remora9,remora7,27.04,27.04,26.33,26.33,25.64,25.64,24.66,24.66,22.66,22.66,29.36,29.36,28.98,28.98,28.58,28.58,27.99,27.99,26.69,26.69,2.82,2.87,2.93,2.98,3.03,3.08,3.13,3.18,3.23,3.28,4.55,4.56,4.56,4.57,4.57,4.57,4.57,4.58,4.58,4.58,133.20,0.00,0.00,1.00,0.00,0.00,0.00,-1.00,0,None,0,aggregation
160,148.54,remora9,remora7,20.99,20.99,17.68,17.68,15.24,15.24,10.20,10.20,7.52,7.52,25.54,25.54,23.16,23.16,21.34,21.34,17.47,17.47,15.37,15.37,3.33,3.37,3.41,3.45,3.49,3.52,3.56,3.59,3.62,3.64,4.59,5.02,5.02,5.02,5.02,4.62,5.02,5.01,5.01,5.01,150.65,0.00,0.00,1.00,0.00,0.00,0.00,-1.00,0,None,0,aggregation
160,149.54,remora9,remora7,3.20,3.20,2.38,2.38,1.35,1.35,2.42,2.42,2.14,2.14,11.96,11.96,11.31,11.31,10.49,10.49,11.34,11.34,11.12,11.12,3.66,3.68,3.70,3.72,3.74,3.74,3.73,3.72,3.71,3.70,5.02,5.02,5.02,5.02,5.03,5.04,5.04,5.04,5.04,5.05,157.43,0.00,0.00,1.00,0.00,0.00,0.00,-1.00,0,None,0,aggregation
160,150.54,remora9,remora7,1.28,1.28,2.36,2.36,2.80,2.80,2.15,2.15,2.33,2.33,10.44,10.44,11.30,11.30,11.64,11.64,11.12,11.12,11.27,11.27,3.70,3.69,3.68,3.67,3.66,3.65,3.64,3.63,3.62,3.61,5.05,5.06,5.06,5.06,4.72,5.06,5.07,5.07,5.07,5.06,164.10,0.00,0.00,1.00,0.00,0.00,0.00,-1.00,0,None,0,aggregation
160,151.54,remora9,remora7,1.94,1.94,0.90,0.90,1.80,1.80,3.44,3.44,2.89,2.89,10.96,10.96,10.13,10.13,10.85,10.85,12.15,12.15,11.72,11.72,3.61,3.60,3.59,3.58,3.58,3.57,3.56,3.56,3.55,3.54,5.06,5.07,5.07,5.07,5.07,5.08,5.08,4.76,4.76,4.77,170.77,0.00,0.00,1.00,0.00,0.00,0.00,-1.00,0,None,0,aggregation
160,152.54,remora9,remora7,2.70,1.74,1.74,1.74,2.13,2.13,1.54,1.54,-0.29,-0.29,11.57,10.80,10.80,10.80,11.11,11.11,10.64,10.64,9.18,9.18,3.54,3.53,3.53,3.52,3.52,3.51,3.51,3.51,3.51,3.50,4.77,4.78,4.79,5.09,5.10,5.10,5.10,4.82,4.83,4.84,176.80,0.00,0.00,1.00,0.00,0.00,0.00,-1.00,0,None,0,aggregation
160,153.54,remora9,remora7,0.22,0.22,-1.11,-1.11,-1.43,-1.43,-0.54,-0.54,0.46,0.46,9.59,9.59,8.53,8.53,8.27,8.27,8.98,8.98,9.78,9.78,3.50,3.50,3.51,3.51,3.51,3.52,3.52,3.53,3.53,3.54,4.84,4.85,4.86,4.87,4.88,4.89,4.90,4.91,4.55,4.56,160.24,0.00,0.00,1.00,0.00,0.00,0.00,-1.00,0,None,0,aggregation
160,154.54,remora9,remora7,0.61,0.61,-0.90,-0.90,-0.36,-0.36,0.30,0.30,2.75,2.75,9.90,9.90,8.70,8.70,9.13,9.13,9.65,9.65,11.60,11.60,3.54,3.55,3.55,3.56,3.57,3.57,3.58,3.59,3.59,3.60,4.57,4.58,4.59,4.60,4.61,4.62,4.63,4.64,4.65,4.66,137.27,0.00,0.00,1.00,0.00,0.00,0.00,-1.00,0,None,0,aggregation
160,155.54,remora9,remora7,4.97,4.97,4.98,4.98,6.45,6.45,7.20,7.20,7.83,7.83,13.36,13.36,13.38,13.38,14.54,14.54,15.13,15.13,15.62,15.62,3.60,3.61,3.62,3.62,3.63,3.63,3.64,3.64,3.65,3.65,4.67,4.68,4.69,4.71,4.72,4.73,4.75,4.76,4.77,4.78,118.88,0.00,0.00,1.00,0.00,0.00,0.00,-1.00,0,None,0,aggregation
160,156.54,remora9,remora7,8.74,8.74,9.89,9.89,11.18,11.18,12.66,12.66,13.45,13.45,16.33,16.33,17.23,17.23,18.23,18.23,19.37,19.37,19.98,19.98,3.66,3.67,3.68,3.69,3.70,3.71,3.72,3.73,3.74,3.76,4.80,4.81,4.82,4.83,4.85,4.86,4.88,4.90,4.91,4.92,104.85,0.00,0.00,1.00,0.00,0.00,0.00,-1.00,0,None,0,aggregation
160,157.54,remora9,remora7,14.89,14.89,15.40,15.40,15.89,15.89,16.67,16.67,16.67,17.96,21.07,21.07,21.46,21.46,21.83,21.83,22.41,22.41,22.41,23.36,3.77,3.78,3.79,3.81,3.82,3.84,3.85,3.87,3.88,3.90,4.94,4.95,4.97,4.98,5.00,5.01,5.03,5.05,5.07,5.08,97.04,0.00,0.00,1.00,0.00,0.00,0.00,-1.00,0,None,0,aggregation
160,158.54,remora9,remora7,18.36,18.36,19.24,19.24,19.79,19.79,20.40,20.40,20.72,20.72,23.66,23.66,24.30,24.30,24.69,24.69,25.13,25.13,25.35,25.35,3.91,3.93,3.95,3.97,3.99,4.01,4.03,4.05,4.07,4.09,5.10,5.12,5.14,5.15,5.17,5.18,5.20,5.22,5.24,5.26,101.75,0.00,0.00,1.00,0.00,0.00,0.00,-1.00,0,None,0,aggregation
160,159.54,remora9,remora7,21.09,21.09,22.10,22.10,23.05,23.05,23.80,23.80,24.50,24.50,25.61,25.61,26.31,26.31,26.95,26.95,27.44,27.44,27.89,27.89,4.11,4.14,4.16,4.18,4.21,4.23,4.26,4.28,4.31,4.34,5.28,5.30,5.31,5.33,5.35,5.37,5.39,5.41,5.43,5.45,119.86,0.00,0.00,1.00,0.00,0.00,0.00,-1.00,0,None,0,aggregation
160,160.54,remora9,remora7,25.01,25.01,25.64,25.64,26.10,26.10,26.46,26.46,26.76,26.76,28.21,28.21,28.59,28.59,28.85,28.85,29.06,29.06,29.22,29.22,4.36,4.39,4.42,4.44,4.47,4.50,4.53,4.55,4.58,4.61,5.47,5.48,5.50,5.52,5.54,5.56,5.58,5.60,5.62,5.65,140.58,0.00,0.00,1.00,0.00,0.00,0.00,-1.00,0,None,0,aggregation
160,161.54,remora9,remora7,27.11,27.11,27.49,27.49,27.55,27.55,27.88,27.88,27.99,27.99,29.40,29.40,29.58,29.58,29.61,29.61,29.76,29.76,29.80,29.80,4.64,4.67,4.70,4.73,4.76,4.79,4.81,4.84,4.87,4.90,5.67,5.69,5.71,5.73,5.75,5.76,5.78,5.80,5.83,5.85,162.52,0.00,0.00,1.00,0.00,0.00,0.00,-1.00,0,None,0,aggregation
160,162.54,remora9,remora7,28.29,28.29,28.31,28.31,28.16,28.16,27.89,27.89,17.45,17.45,29.92,29.92,29.93,29.93,29.87,29.87,29.76,29.76,22.99,22.99,4.93,4.96,4.99,5.02,5.05,5.08,5.11,5.14,5.15,5.16,5.87,5.89,5.91,5.93,5.95,5.96,5.98,6.00,6.02,6.04,183.75,0.00,0.00,1.00,0.00,0.00,0.00,-1.00,0,None,0,aggregation
160,163.54,remora9,remora7,-34.30,-34.30,29.73,29.73,0.00,0.00,30.00,30.00,30.00,30.00,-23.84,-23.84,30.15,30.15,0.00,0.00,30.00,30.00,30.00,30.00,5.18,5.18,5.17,5.20,5.22,5.22,5.23,5.25,5.27,5.27,6.05,6.06,6.07,6.08,6.09,6.10,6.11,6.12,6.14,6.16,203.28,0.00,0.00,1.00,0.00,0.00,0.00,-1.00,0,None,0,aggregation
160,164.54,remora9,remora7,30.00,30.00,30.00,30.00,30.00,30.00,30.00,30.00,30.00,30.00,30.00,30.00,30.00,30.00,30.00,30.00,30.00,30.00,30.00,30.00,5.27,5.27,5.27,5.27,5.27,5.27,5.27,5.27,5.27,5.27,6.18,6.20,6.22,6.24,6.26,6.28,6.29,6.31,6.33,6.34,228.14,0.00,0.00,1.00,0.00,0.00,0.00,-1.00,0,None,0,aggregation
160,165.54,remora9,remora7,30.00,30.00,30.00,30.00,30.00,30.00,30.00,30.00,30.00,30.00,30.00,30.00,30.00,30.00,30.00,30.00,30.00,30.00,30.00,30.00,5.27,5.27,5.27,5.27,5.27,5.27,5.27,5.27,5.27,5.27,6.36,6.38,6.40,6.42,6.44,6.45,6.47,6.49,6.51,6.52,247.79,0.00,0.00,1.00,0.00,0.00,0.00,-1.00,0,None,0,aggregation
160,166.54,remora9,remora7,30.00,30.00,30.00,30.00,30.00,30.00,30.00,30.00,30.00,30.00,30.00,30.00,30.00,30.00,30.00,30.00,30.00,30.00,30.00,30.00,5.28,5.28,5.28,5.28,5.28,5.28,5.28,5.28,5.28,5.28,6.54,6.55,6.57,6.58,6.60,6.61,6.63,6.65,6.66,6.68,263.09,0.00,0.00,1.00,0.00,0.00,0.00,-1.00,0,None,0,aggregation
160,167.54,remora9,remora7,30.00,30.00,30.00,30.00,30.00,30.00,30.00,30.00,30.00,30.00,30.00,30.00,30.00,30.00,30.00,30.00,30.00,30.00,30.00,30.00,5.28,5.28,5.28,5.28,5.28,5.28,5.28,5.28,5.28,5.28,6.70,6.71,6.72,6.74,6.76,6.77,6.79,6.80,6.81,6.83,274.11,0.00,0.00,1.00,0.00,0.00,0.00,-1.00,0,None,0,aggregation
160,168.54,remora9,remora7,30.00,30.00,30.00,30.00,30.00,30.00,30.00,30.00,30.00,30.00,30.00,30.00,30.00,30.00,30.00,30.00,30.00,30.00,30.00,30.00,5.28,5.28,5.28,5.28,5.28,5.28,5.28,5.28,5.28,5.28,6.84,6.85,6.87,6.88,6.90,6.91,6.93,6.94,6.95,6.97,281.94,0.00,0.00,1.00,0.00,0.00,0.00,-1.00,0,None,0,aggregation
160,169.54,remora9,remora7,30.00,30.00,30.00,30.00,30.00,30.00,30.00,30.00,30.00,30.00,30.00,30.00,30.00,30.00,30.00,30.00,30.00,30.00,30.00,30.00,5.28,5.28,5.28,5.28,5.28,5.28,5.28,5.28,5.28,5.28,6.98,6.99,7.01,7.02,7.03,7.05,7.06,7.07,7.08,7.09,287.07,0.00,0.00,1.00,0.00,0.00,0.00,-1.00,0,None,0,aggregation
160,170.54,remora9,remora7,30.00,30.00,30.00,30.00,30.00,30.00,30.00,30.00,30.00,30.00,30.00,30.00,30.00,30.00,30.00,30.00,30.00,30.00,30.00,30.00,5.28,5.28,5.28,5.28,5.28,5.28,5.28,5.28,5.28,5.28,7.11,7.12,7.13,7.14,7.16,7.17,7.18,5.83,5.84,5.84,289.68,0.00,0.00,1.00,0.00,0.00,0.00,-1.00,0,None,0,aggregation
160,171.54,remora9,remora7,30.00,30.00,30.00,30.00,30.00,30.00,30.00,30.00,30.00,30.00,30.00,30.00,30.00,30.00,30.00,30.00,30.00,30.00,30.00,30.00,5.28,5.28,5.28,5.29,5.29,5.29,5.29,5.29,5.29,5.29,5.84,5.84,5.85,5.85,5.85,5.85,5.86,5.86,5.86,5.86,291.06,0.00,0.00,1.00,0.00,0.00,0.00,-1.00,0,None,0,aggregation
160,172.54,remora9,remora7,30.00,30.00,30.00,30.00,30.00,30.00,30.00,30.00,30.00,30.00,30.00,30.00,30.00,30.00,30.00,30.00,30.00,30.00,30.00,30.00,5.29,5.29,5.29,5.29,5.29,5.29,5.29,5.29,5.29,5.29,5.86,5.87,5.87,5.87,5.87,5.87,5.88,5.88,5.88,5.88,293.80,0.00,0.00,1.00,0.00,0.00,0.00,-1.00,0,None,0,aggregation
160,173.54,remora9,remora7,30.00,30.00,30.00,30.00,30.00,30.00,30.00,30.00,30.00,30.00,30.00,30.00,30.00,30.00,30.00,30.00,30.00,30.00,30.00,30.00,5.29,5.29,5.29,5.29,5.29,5.29,5.29,5.29,5.29,5.29,5.89,5.89,5.89,5.89,5.90,5.90,5.90,5.90,5.91,5.91,300.00,0.00,0.00,1.00,0.00,0.00,0.00,-1.00,0,None,0,aggregation
160,174.54,remora9,remora7,30.00,30.00,30.00,30.00,30.00,30.00,30.00,30.00,30.00,30.00,30.00,30.00,30.00,30.00,30.00,30.00,30.00,30.00,30.00,30.00,5.29,5.29,5.29,5.29,5.30,5.30,5.30,5.30,5.30,5.30,5.91,5.91,5.92,5.93,5.94,5.95,5.95,5.96,5.96,5.96,300.00,0.00,0.00,1.00,0.00,0.00,0.00,-1.00,0,None,0,aggregation
160,175.54,remora9,remora7,30.00,30.00,30.00,30.00,30.00,30.00,30.00,30.00,30.00,30.00,30.00,30.00,30.00,30.00,30.00,30.00,30.00,30.00,30.00,30.00,5.30,5.30,5.30,5.30,5.30,5.30,5.30,5.30,5.30,5.30,5.97,5.97,5.97,5.97,5.98,5.98,5.98,5.99,5.99,5.99,300.00,0.00,0.00,1.00,0.00,0.00,0.00,-1.00,0,None,0,aggregation
160,176.54,remora9,remora7,30.00,30.00,30.00,30.00,30.00,30.00,30.00,30.00,30.00,30.00,30.00,30.00,30.00,30.00,30.00,30.00,30.00,30.00,30.00,30.00,5.30,5.30,5.30,5.30,5.30,5.30,5.30,5.31,5.31,5.31,6.00,6.00,6.00,6.01,6.01,6.01,6.02,6.02,6.02,6.03,300.00,0.00,0.00,1.00,0.00,0.00,0.00,-1.00,0,None,0,aggregation
160,177.54,remora9,remora7,30.00,30.00,30.00,30.00,30.00,30.00,30.00,30.00,30.00,30.00,30.00,30.00,30.00,30.00,30.00,30.00,30.00,30.00,30.00,30.00,5.31,5.31,5.31,5.31,5.31,5.31,5.31,5.31,5.30,5.27,6.03,6.03,6.04,6.04,6.04,6.05,6.05,6.05,6.05,6.04,300.00,0.00,0.00,1.00,0.00,0.00,0.00,-1.00,0,None,0,aggregation
160,178.54,remora9,remora7,30.00,30.00,30.00,30.00,0.00,0.00,29.97,29.97,30.00,30.00,30.00,30.00,30.00,30.00,0.00,0.00,28.44,28.44,28.51,28.51,5.23,5.19,5.16,5.12,5.09,5.08,5.07,5.03,5.00,4.97,6.02,6.01,5.99,5.98,5.96,5.95,5.93,5.92,5.90,5.89,293.69,0.00,0.00,1.00,0.00,0.00,0.00,-1.00,0,None,0,aggregation
160,179.54,remora9,remora7,30.02,30.02,30.04,30.04,30.08,30.08,30.10,30.10,30.11,30.11,28.58,28.58,28.65,28.65,28.78,28.78,28.84,28.84,28.90,28.90,4.93,4.90,4.86,4.81,4.77,4.72,4.67,4.62,4.58,4.53,5.87,5.86,5.85,5.83,5.80,5.78,5.76,5.74,5.72,5.71,293.10,0.00,0.00,1.00,0.00,0.00,0.00,-1.00,0,None,0,aggregation
160,180.54,remora9,remora7,30.14,30.14,30.16,30.16,30.17,30.17,30.18,30.18,30.18,30.18,29.02,29.02,29.14,29.14,29.19,29.19,29.29,29.29,29.39,29.39,4.49,4.45,4.41,4.36,4.32,4.28,4.25,4.21,4.17,4.13,5.69,5.67,5.65,5.63,5.62,5.60,5.59,5.57,5.56,5.54,292.79,0.00,0.00,1.00,0.00,0.00,0.00,-1.00,0,None,0,aggregation
160,181.54,remora9,remora7,30.18,30.18,30.18,30.18,30.18,30.18,30.17,30.17,30.18,30.18,29.39,29.39,29.49,29.49,29.49,29.49,29.63,29.63,29.57,29.57,4.10,4.06,4.03,4.00,3.96,3.93,3.90,3.87,3.83,3.80,5.53,5.51,5.50,5.49,5.47,5.46,5.45,5.43,5.42,5.41,292.64,0.00,0.00,1.00,0.00,0.00,0.00,-1.00,0,None,0,aggregation
160,182.54,remora9,remora7,30.17,30.17,30.17,30.17,30.17,30.17,30.17,30.17,30.17,30.17,29.62,29.62,29.62,29.62,29.62,29.62,29.62,29.62,29.62,29.62,3.77,3.74,3.71,3.68,3.65,3.61,3.58,3.55,3.52,3.49,5.40,5.39,5.37,5.36,5.35,5.34,5.33,3.55,3.52,3.49,292.53,0.00,0.00,1.00,0.00,0.00,0.00,-1.00,0,None,0,aggregation
160,183.54,remora9,remora7,30.17,30.17,30.17,30.17,30.18,30.18,30.18,30.18,30.18,30.18,29.62,29.62,29.62,29.62,29.57,29.57,29.57,29.57,29.53,29.53,3.45,3.42,3.39,3.36,3.32,3.29,3.25,3.22,3.18,3.14,3.45,3.42,3.39,3.36,3.32,3.29,3.25,3.22,3.18,3.14,292.41,0.00,0.00,1.00,0.00,0.00,0.00,-1.00,0,None,0,aggregation
160,184.54,remora9,remora7,30.18,30.18,30.19,30.19,30.19,30.19,30.18,30.18,30.18,30.18,29.49,29.49,29.44,29.44,29.44,29.44,29.34,29.34,29.29,29.29,3.11,3.07,3.03,3.00,2.96,2.92,2.88,2.84,2.80,2.76,3.11,3.07,3.03,3.00,2.96,2.92,2.88,2.84,2.80,2.76,292.20,0.00,1.00,1.00,0.00,0.00,0.00,-1.00,0,None,0,aggregation
160,185.54,remora9,remora7,30.17,30.17,30.17,30.17,30.15,30.15,30.14,30.14,30.11,30.11,29.19,29.19,29.19,29.19,29.08,29.08,29.02,29.02,28.90,28.90,2.72,2.68,2.64,2.60,2.55,2.51,2.47,2.43,2.38,2.34,2.72,2.68,2.64,2.60,2.55,2.51,2.47,2.43,2.38,2.34,291.81,0.00,1.00,1.00,0.00,0.00,0.00,-1.00,0,None,0,aggregation
160,186.54,remora9,remora7,30.10,30.10,30.06,30.06,30.04,30.04,30.00,30.00,29.95,29.95,28.84,28.84,28.71,28.71,28.65,28.65,28.51,28.51,28.37,28.37,2.30,2.25,2.21,2.17,2.12,2.08,2.03,1.99,1.95,1.90,2.30,2.25,2.21,2.17,2.12,2.08,2.03,1.99,1.95,1.90,291.14,0.00,1.00,1.00,0.00,0.00,0.00,-1.00,0,None,0,aggregation
160,187.54,remora9,remora7,29.89,29.89,29.83,29.83,29.77,29.77,0.00,0.00,0.00,0.00,28.22,28.22,28.07,28.07,27.91,27.91,0.00,0.00,0.00,0.00,1.86,1.81,1.77,1.72,1.68,1.64,1.61,1.60,1.60,1.60,1.86,1.81,1.77,1.72,1.68,1.64,1.61,1.60,1.60,1.60,278.51,0.00,1.00,1.00,0.00,0.00,0.00,-1.00,0,None,0,aggregation
160,188.54,remora9,remora7,0.00,0.00,0.00,0.00,0.00,0.00,0.00,0.00,0.00,0.00,0.00,0.00,0.00,0.00,0.00,0.00,0.00,0.00,0.00,0.00,1.60,1.60,1.60,1.61,1.61,1.61,1.60,1.60,1.60,1.60,1.60,1.60,1.60,1.61,1.61,1.61,1.60,1.60,1.60,1.60,254.81,0.00,1.00,1.00,0.00,0.00,0.00,-1.00,0,None,0,aggregation
160,189.54,remora9,remora7,0.00,0.00,0.00,0.00,0.00,0.00,0.00,0.00,0.00,0.00,0.00,0.00,0.00,0.00,0.00,0.00,0.00,0.00,0.00,0.00,1.60,1.60,1.60,1.60,1.60,1.60,1.60,1.60,1.60,1.60,1.60,1.60,1.60,1.60,1.60,1.60,1.60,1.60,1.60,1.60,225.40,0.00,1.00,1.00,0.00,0.00,0.00,-1.00,0,None,0,aggregation
160,190.54,remora9,remora7,0.00,0.00,0.00,0.00,0.00,0.00,0.00,0.00,0.00,0.00,0.00,0.00,0.00,0.00,0.00,0.00,0.00,0.00,0.00,0.00,1.60,1.60,1.60,1.60,1.60,1.60,1.60,1.60,1.60,1.60,1.60,1.60,1.60,1.60,1.60,1.60,1.60,1.60,1.60,1.60,195.72,0.00,1.00,1.00,0.00,0.00,0.00,-1.00,0,None,0,aggregation
160,191.54,remora9,remora7,0.00,0.00,0.00,0.00,0.00,0.00,0.00,0.00,0.00,0.00,0.00,0.00,0.00,0.00,0.00,0.00,0.00,0.00,0.00,0.00,1.60,1.60,1.60,1.60,1.60,1.60,1.60,1.60,1.60,1.60,1.60,1.60,1.60,1.60,1.60,1.60,1.60,4.14,4.13,4.12,165.87,0.00,1.00,1.00,0.00,0.00,0.00,-1.00,0,None,0,aggregation
160,192.54,remora9,remora7,0.00,0.00,0.00,0.00,0.00,0.00,0.00,0.00,0.00,0.00,0.00,0.00,0.00,0.00,0.00,0.00,0.00,0.00,0.00,0.00,1.61,1.61,1.61,1.61,1.61,1.61,1.61,1.61,1.61,1.61,4.12,4.11,4.10,4.09,4.08,4.08,4.07,4.06,4.05,4.05,135.98,0.00,1.00,1.00,0.00,0.00,0.00,-1.00,0,None,0,aggregation
160,193.54,remora9,remora7,0.00,0.00,0.00,0.00,0.00,0.00,0.00,0.00,0.00,0.00,0.00,0.00,0.00,0.00,0.00,0.00,0.00,0.00,0.00,0.00,1.61,1.61,1.61,1.61,1.61,1.61,1.61,1.61,1.61,1.61,4.04,4.03,4.02,4.02,4.01,4.00,4.00,3.99,3.98,3.97,106.10,0.00,1.00,1.00,0.00,0.00,0.00,-1.00,0,None,0,aggregation
160,194.54,remora9,remora7,0.00,0.00,0.00,0.00,0.00,0.00,0.00,0.00,0.00,0.00,0.00,0.00,0.00,0.00,0.00,0.00,0.00,0.00,0.00,0.00,1.61,1.61,1.61,1.61,1.61,1.61,1.61,1.61,1.61,1.61,3.97,3.96,3.95,3.95,3.94,3.93,3.93,3.92,3.92,3.91,76.30,0.00,1.00,1.00,0.00,0.00,0.00,-1.00,0,None,0,aggregation
160,195.54,remora9,remora7,0.00,0.00,0.00,0.00,0.00,0.00,0.00,0.00,0.00,0.00,0.00,0.00,0.00,0.00,0.00,0.00,0.00,0.00,0.00,0.00,1.61,1.61,1.61,1.61,1.61,1.61,1.61,1.61,1.61,1.61,3.90,3.90,3.89,3.88,3.88,3.87,3.87,3.86,3.85,3.85,46.69,0.00,1.00,1.00,0.00,0.00,0.00,-1.00,0,None,0,aggregation
160,196.54,remora9,remora7,0.00,0.00,0.00,0.00,0.00,0.00,0.00,0.00,0.00,0.00,0.00,0.00,0.00,0.00,0.00,0.00,0.00,0.00,0.00,0.00,1.61,1.61,1.61,1.61,1.61,1.61,1.61,1.61,1.61,1.61,3.84,3.84,3.83,3.83,3.82,3.82,3.81,3.80,3.80,3.79,17.37,0.00,1.00,0.00,0.00,0.00,0.00,-1.00,0,None,0,aggregation
160,197.54,remora9,remora7,0.00,0.00,0.00,0.00,0.00,0.00,0.00,0.00,0.00,0.00,0.00,0.00,0.00,0.00,0.00,0.00,0.00,0.00,0.00,0.00,1.61,1.61,1.61,1.61,1.61,1.61,1.61,1.61,1.61,1.61,3.79,3.78,3.78,3.78,3.77,3.77,3.76,3.76,3.75,3.75,0.00,0.00,1.00,0.00,0.00,0.00,0.00,-1.00,0,None,0,aggregation
160,198.54,remora9,remora7,0.00,0.00,0.00,0.00,0.00,0.00,0.00,0.00,0.00,0.00,0.00,0.00,0.00,0.00,0.00,0.00,0.00,0.00,0.00,0.00,1.61,1.61,1.61,1.61,1.61,1.61,1.61,1.61,1.61,1.61,3.74,3.74,3.73,3.73,3.73,3.72,3.72,3.72,3.71,3.71,0.00,0.00,1.00,0.00,0.00,0.00,0.00,-1.00,0,None,0,aggregation
160,199.54,remora9,remora7,0.00,0.00,0.00,0.00,0.00,0.00,0.00,0.00,0.00,0.00,0.00,0.00,0.00,0.00,0.00,0.00,0.00,0.00,0.00,0.00,1.61,1.61,1.61,1.61,1.61,1.61,1.61,1.61,1.61,1.61,3.70,3.70,3.70,3.69,3.69,3.69,3.68,3.68,3.68,3.67,0.00,0.00,1.00,0.00,0.00,0.00,0.00,-1.00,0,None,0,aggregation
160,200.54,remora9,remora7,0.00,0.00,0.00,0.00,0.00,0.00,0.00,0.00,0.00,0.00,0.00,0.00,0.00,0.00,0.00,0.00,0.00,0.00,0.00,0.00,1.62,1.62,1.62,1.62,1.62,1.62,1.62,1.62,1.62,1.62,3.67,4.99,4.99,4.99,4.98,4.98,5.73,5.73,5.73,5.73,0.00,0.00,1.00,0.00,0.00,0.00,0.00,-1.00,0,None,0,aggregation
160,201.54,remora9,remora7,0.00,0.00,0.00,0.00,0.00,0.00,0.00,0.00,0.00,0.00,0.00,0.00,0.00,0.00,0.00,0.00,0.00,0.00,0.00,0.00,1.62,1.62,1.62,1.62,1.62,1.62,1.62,1.62,1.62,1.62,5.72,5.72,5.72,5.72,5.72,5.72,5.72,5.72,5.72,5.72,0.00,0.00,1.00,0.00,0.00,0.00,0.00,-1.00,0,None,0,aggregation
160,202.54,remora9,remora7,0.00,0.00,0.00,0.00,0.00,0.00,0.00,0.00,0.00,0.00,0.00,0.00,0.00,0.00,0.00,0.00,0.00,0.00,0.00,0.00,1.62,1.62,1.62,1.62,1.62,1.62,1.62,1.62,1.62,1.62,5.72,5.72,5.72,5.72,5.72,5.72,5.72,5.72,5.72,5.72,0.00,0.00,1.00,0.00,0.00,0.00,0.00,-1.00,0,None,0,aggregation
160,203.54,remora9,remora7,0.00,0.00,0.00,0.00,0.00,0.00,0.00,0.00,0.00,0.00,0.00,0.00,0.00,0.00,0.00,0.00,0.00,0.00,0.00,0.00,1.62,1.62,1.62,1.62,1.62,1.62,1.62,1.62,1.62,1.62,5.73,5.73,5.73,5.73,5.73,5.73,5.73,5.74,5.74,5.74,0.00,0.00,1.00,0.00,0.00,0.00,0.00,-1.00,0,None,0,aggregation
160,204.54,remora9,remora7,0.00,0.00,0.00,0.00,0.00,0.00,0.00,0.00,0.00,0.00,0.00,0.00,0.00,0.00,0.00,0.00,0.00,0.00,0.00,0.00,1.62,1.62,1.62,1.62,1.62,1.62,1.62,1.62,1.62,1.62,5.74,5.74,5.74,5.74,5.75,5.75,5.75,5.75,5.75,5.75,0.00,0.00,1.00,0.00,0.00,0.00,0.00,-1.00,0,None,0,aggregation
160,205.54,remora9,remora7,0.00,0.00,0.00,0.00,0.00,0.00,0.00,0.00,0.00,0.00,0.00,0.00,0.00,0.00,0.00,0.00,0.00,0.00,0.00,0.00,1.62,1.62,1.62,1.62,1.62,1.62,1.62,1.62,1.62,1.62,5.76,5.76,5.76,5.76,5.76,5.77,5.77,5.77,5.77,5.78,0.00,0.00,1.00,0.00,0.00,0.00,0.00,-1.00,0,None,0,aggregation
160,206.54,remora9,remora7,0.00,0.00,0.00,0.00,0.00,0.00,0.00,0.00,0.00,0.00,0.00,0.00,0.00,0.00,0.00,0.00,0.00,0.00,0.00,0.00,1.62,1.62,1.63,1.63,1.63,1.63,1.63,1.63,1.63,1.63,5.78,5.78,5.79,5.79,5.79,5.80,5.80,5.81,5.81,5.81,0.00,0.00,1.00,0.00,0.00,0.00,0.00,-1.00,0,None,0,aggregation
160,207.54,remora9,remora7,0.00,0.00,0.00,0.00,0.00,0.00,0.00,0.00,0.00,0.00,0.00,0.00,0.00,0.00,0.00,0.00,0.00,0.00,0.00,0.00,1.63,1.63,1.63,1.63,1.63,1.63,1.63,1.63,1.63,1.63,5.82,5.82,5.83,5.83,5.84,5.85,5.85,5.86,5.86,5.87,0.00,0.00,1.00,0.00,0.00,0.00,0.00,-1.00,0,None,0,aggregation
160,208.54,remora9,remora7,0.00,0.00,0.00,0.00,0.00,0.00,0.00,0.00,0.00,0.00,0.00,0.00,0.00,0.00,0.00,0.00,0.00,0.00,0.00,0.00,1.63,1.63,1.63,1.63,1.63,1.63,1.63,1.63,1.63,1.63,5.88,5.88,5.89,5.89,5.90,5.91,5.91,5.92,5.93,5.93,0.00,0.00,1.00,0.00,0.00,0.00,0.00,-1.00,0,None,0,aggregation
160,209.54,remora9,remora7,0.00,0.00,0.00,0.00,0.00,0.00,0.00,0.00,0.00,0.00,0.00,0.00,0.00,0.00,0.00,0.00,0.00,0.00,0.00,0.00,1.63,1.63,1.63,1.63,1.63,1.63,1.63,1.63,1.63,1.63,5.94,5.95,5.95,5.96,5.97,5.98,5.98,5.99,6.00,6.01,0.00,0.00,1.00,0.00,0.00,0.00,0.00,-1.00,0,None,0,aggregation
160,210.54,remora9,remora7,0.00,0.00,0.00,0.00,0.00,0.00,0.00,0.00,0.00,0.00,0.00,0.00,0.00,0.00,0.00,0.00,0.00,0.00,0.00,0.00,1.63,1.63,1.63,1.63,1.63,1.63,1.63,1.63,1.63,1.63,6.01,6.02,6.03,6.04,6.05,6.06,6.06,6.07,6.08,6.09,0.00,0.00,1.00,0.00,0.00,0.00,0.00,-1.00,0,None,0,aggregation
160,211.54,remora9,remora7,0.00,0.00,0.00,0.00,0.00,0.00,0.00,0.00,0.00,0.00,0.00,0.00,0.00,0.00,0.00,0.00,0.00,0.00,0.00,0.00,1.63,1.63,1.63,1.63,1.63,1.63,1.63,1.63,1.63,1.63,6.10,6.11,6.12,6.13,6.14,6.15,6.16,6.17,6.18,6.19,0.00,0.00,1.00,0.00,0.00,0.00,0.00,-1.00,0,None,0,aggregation
160,212.54,remora9,remora7,0.00,0.00,0.00,0.00,0.00,0.00,0.00,0.00,0.00,0.00,0.00,0.00,0.00,0.00,0.00,0.00,0.00,0.00,0.00,0.00,1.63,1.63,1.63,1.63,1.63,1.63,1.63,1.63,1.63,1.63,6.20,6.21,6.22,6.23,5.46,5.46,5.46,5.47,5.48,5.48,0.00,0.00,1.00,0.00,0.00,0.00,0.00,-1.00,0,None,0,aggregation
160,213.54,remora9,remora7,0.00,0.00,0.00,0.00,0.00,0.00,0.00,0.00,0.00,0.00,0.00,0.00,0.00,0.00,0.00,0.00,0.00,0.00,0.00,0.00,1.63,1.63,1.63,1.63,1.63,1.63,1.63,1.63,1.63,1.63,5.49,5.49,5.50,5.50,5.51,5.51,5.52,5.53,5.53,5.53,0.00,0.00,1.00,0.00,0.00,0.00,0.00,-1.00,0,None,0,aggregation
160,214.54,remora9,remora7,0.00,0.00,0.00,0.00,0.00,0.00,0.00,0.00,0.00,0.00,0.00,0.00,0.00,0.00,0.00,0.00,0.00,0.00,0.00,0.00,1.63,1.63,1.63,1.63,1.63,1.63,1.63,1.63,1.63,1.63,5.54,5.54,5.55,5.56,5.56,5.57,5.57,5.58,5.59,5.60,0.00,0.00,1.00,0.00,0.00,0.00,0.00,-1.00,0,None,0,aggregation
160,215.54,remora9,remora7,0.00,0.00,0.00,0.00,0.00,0.00,0.00,0.00,0.00,0.00,0.00,0.00,0.00,0.00,0.00,0.00,0.00,0.00,0.00,0.00,1.63,1.63,1.63,1.63,1.63,1.63,1.63,1.63,1.63,1.63,5.60,5.61,5.61,5.62,5.62,5.63,5.64,5.65,5.66,5.66,0.00,0.00,1.00,0.00,0.00,0.00,0.00,-1.00,0,None,0,aggregation
160,216.54,remora9,remora7,0.00,0.00,0.00,0.00,0.00,0.00,0.00,0.00,0.00,0.00,0.00,0.00,0.00,0.00,0.00,0.00,0.00,0.00,0.00,0.00,1.63,1.63,1.63,1.63,1.63,1.63,1.63,1.63,1.63,1.63,5.67,5.68,5.68,5.69,6.77,6.77,6.77,6.77,6.77,6.78,0.00,0.00,1.00,0.00,0.00,0.00,0.00,-1.00,0,None,0,aggregation
160,217.54,remora9,remora7,0.00,0.00,0.00,0.00,0.00,0.00,0.00,0.00,0.00,0.00,0.00,0.00,0.00,0.00,0.00,0.00,0.00,0.00,0.00,0.00,1.63,1.63,1.63,1.63,1.63,1.63,1.63,1.63,1.63,1.63,6.78,6.78,6.78,6.78,6.78,6.78,6.78,6.78,6.78,6.78,0.00,0.00,1.00,0.00,0.00,0.00,0.00,-1.00,0,None,0,aggregation
160,218.54,remora9,remora7,0.00,0.00,0.00,0.00,0.00,0.00,0.00,0.00,0.00,0.00,0.00,0.00,0.00,0.00,0.00,0.00,0.00,0.00,0.00,0.00,1.63,1.63,1.63,1.63,1.63,1.63,1.63,1.63,1.63,1.63,6.78,6.79,6.79,6.79,6.79,6.79,6.79,6.79,6.79,6.80,0.00,0.00,1.00,0.00,0.00,0.00,0.00,-1.00,0,None,0,aggregation
160,219.54,remora9,remora7,0.00,0.00,0.00,0.00,0.00,0.00,0.00,0.00,0.00,0.00,0.00,0.00,0.00,0.00,0.00,0.00,0.00,0.00,0.00,0.00,1.63,1.63,1.63,1.63,1.63,1.63,1.63,1.63,1.63,1.63,6.80,6.80,6.80,6.80,6.80,6.80,6.81,6.81,6.81,6.81,0.00,0.00,1.00,0.00,0.00,0.00,0.00,-1.00,0,None,0,aggregation
160,220.54,remora9,remora7,0.00,0.00,0.00,0.00,0.00,0.00,0.00,0.00,0.00,0.00,0.00,0.00,0.00,0.00,0.00,0.00,0.00,0.00,0.00,0.00,1.63,1.63,1.63,1.63,1.63,1.63,1.63,1.63,1.63,1.63,6.81,6.81,6.81,6.81,6.82,6.82,6.82,6.83,6.83,6.83,0.00,0.00,1.00,0.00,0.00,0.00,0.00,-1.00,0,None,0,aggregation
160,221.54,remora9,remora7,0.00,0.00,0.00,0.00,0.00,0.00,0.00,0.00,0.00,0.00,0.00,0.00,0.00,0.00,0.00,0.00,0.00,0.00,0.00,0.00,1.63,1.63,1.63,1.63,1.63,1.63,1.63,1.63,1.63,1.63,6.83,6.83,6.83,6.83,6.84,6.84,6.84,6.84,6.84,6.85,0.00,0.00,1.00,0.00,0.00,0.00,0.00,-1.00,0,None,0,aggregation
160,222.54,remora9,remora7,0.00,0.00,0.00,0.00,0.00,0.00,0.00,0.00,0.00,0.00,0.00,0.00,0.00,0.00,0.00,0.00,0.00,0.00,0.00,0.00,1.63,1.64,1.64,1.64,1.64,1.64,1.64,1.64,1.64,1.64,6.85,6.85,6.25,6.24,6.23,6.23,6.22,6.22,6.21,6.84,0.00,0.00,1.00,0.00,0.00,0.00,0.00,-1.00,0,None,0,aggregation
160,223.54,remora9,remora7,0.00,0.00,0.00,0.00,0.00,0.00,0.00,0.00,0.00,0.00,0.00,0.00,0.00,0.00,0.00,0.00,0.00,0.00,0.00,0.00,1.64,1.64,1.64,1.64,1.64,1.64,1.64,1.64,1.64,1.64,6.83,6.81,6.80,6.79,6.77,6.76,6.75,6.74,6.73,6.71,0.00,0.00,1.00,0.00,0.00,0.00,0.00,-1.00,0,None,0,aggregation
160,224.54,remora9,remora7,0.00,0.00,0.00,0.00,0.00,0.00,0.00,0.00,0.00,0.00,0.00,0.00,0.00,0.00,0.00,0.00,0.00,0.00,0.00,0.00,1.64,1.64,1.64,1.64,1.64,1.64,1.64,1.64,1.64,1.64,6.70,6.69,6.67,6.66,6.65,6.64,6.62,6.61,6.59,6.58,0.00,0.00,1.00,0.00,0.00,0.00,0.00,-1.00,0,None,0,aggregation
160,225.54,remora9,remora7,0.00,0.00,0.00,0.00,0.00,0.00,0.00,0.00,0.00,0.00,0.00,0.00,0.00,0.00,0.00,0.00,0.00,0.00,0.00,0.00,1.64,1.64,1.64,1.64,1.64,1.64,1.64,1.64,1.64,1.64,6.57,6.56,6.54,6.53,6.52,6.51,6.49,6.48,6.46,6.45,0.00,0.00,1.00,0.00,0.00,0.00,0.00,-1.00,0,None,0,aggregation
160,226.54,remora9,remora7,0.00,0.00,0.00,0.00,0.00,0.00,0.00,0.00,0.00,0.00,0.00,0.00,0.00,0.00,0.00,0.00,0.00,0.00,0.00,0.00,1.64,1.64,1.64,1.64,1.64,1.64,1.64,1.64,1.64,1.64,6.44,6.43,6.41,6.40,6.39,6.37,6.36,6.35,6.34,6.33,0.00,0.00,1.00,0.00,0.00,0.00,0.00,-1.00,0,None,0,aggregation
160,227.54,remora9,remora7,0.00,0.00,0.00,0.00,0.00,0.00,0.00,0.00,0.00,0.00,0.00,0.00,0.00,0.00,0.00,0.00,0.00,0.00,0.00,0.00,1.64,1.64,1.64,1.64,1.64,1.64,1.64,1.64,1.64,1.64,6.31,6.30,6.29,6.27,6.26,6.24,6.23,6.21,6.20,6.19,0.00,0.00,1.00,0.00,0.00,0.00,0.00,-1.00,0,None,0,aggregation
160,228.54,remora9,remora7,0.00,0.00,-21.55,-21.55,-20.99,-20.99,-19.54,-19.54,-17.97,-17.97,0.00,0.00,-32.02,-32.02,-31.45,-31.45,-30.00,-30.00,-28.44,-28.44,1.64,1.64,1.65,1.68,1.72,1.76,1.80,1.83,1.87,1.90,6.17,6.16,6.15,6.14,6.14,6.14,6.13,6.12,6.12,6.11,20.20,0.00,1.00,0.00,0.00,0.00,0.00,-1.00,0,None,0,aggregation
160,229.54,remora9,remora7,-16.19,-16.19,-14.29,-14.29,-12.32,-12.32,-10.18,-10.18,-8.02,-8.02,-26.65,-26.65,-24.75,-24.75,-22.78,-22.78,-20.65,-20.65,-18.48,-18.48,1.94,1.97,2.00,2.03,2.06,2.08,2.11,2.13,2.15,2.17,6.10,6.09,6.09,6.08,6.08,6.07,6.06,6.05,6.05,6.04,37.63,0.00,1.00,0.00,0.00,0.00,0.00,-1.00,0,None,0,aggregation
160,230.54,remora9,remora7,-5.77,-5.77,-3.56,-3.56,-1.34,-1.34,0.88,0.88,3.03,3.03,-16.23,-16.23,-14.02,-14.02,-11.81,-11.81,-9.59,-9.59,-7.44,-7.44,2.18,2.20,2.21,2.23,2.24,2.25,2.25,2.26,2.27,2.27,6.04,6.03,6.03,6.02,6.01,6.00,6.00,5.99,5.98,5.97,44.21,0.00,1.00,0.00,0.00,0.00,0.00,-1.00,0,None,0,aggregation
160,231.54,remora9,remora7,5.15,5.15,7.09,7.09,8.97,8.97,10.57,10.57,11.96,11.96,-5.31,-5.31,-2.92,-2.92,-0.56,-0.56,1.45,1.45,3.20,3.20,2.27,2.27,2.28,2.28,2.27,2.27,2.27,2.27,2.27,2.27,5.96,5.94,5.92,5.90,5.89,5.87,5.85,5.83,5.81,5.79,48.20,0.00,1.00,1.00,0.00,0.00,0.00,-1.00,0,None,0,aggregation
160,232.54,remora9,remora7,13.35,13.35,14.54,14.54,15.48,15.48,16.48,16.48,17.30,17.30,4.96,4.96,6.45,6.45,7.65,7.65,8.93,8.93,9.98,9.98,2.26,2.26,2.26,2.26,2.25,2.25,2.25,2.25,2.25,2.25,5.78,5.76,5.74,5.72,5.70,5.68,5.66,5.64,5.62,5.60,59.72,0.00,1.00,1.00,0.00,0.00,0.00,-1.00,0,None,0,aggregation
160,233.54,remora9,remora7,18.18,18.18,18.71,18.71,19.20,19.20,19.72,19.72,20.14,20.14,11.11,11.11,11.80,11.80,12.44,12.44,13.11,13.11,13.66,13.66,2.25,2.25,2.26,2.26,2.26,2.27,2.27,2.28,2.29,2.29,5.58,5.56,5.55,5.53,5.51,5.49,5.48,5.47,5.45,5.44,75.52,0.00,1.00,1.00,0.00,0.00,0.00,-1.00,0,None,0,aggregation
160,234.54,remora9,remora7,20.27,20.27,20.11,20.11,20.11,20.11,19.88,19.88,19.52,19.52,13.83,13.83,13.63,13.63,13.63,13.63,13.32,13.32,12.86,12.86,2.30,2.31,2.32,2.33,2.34,2.35,2.36,2.38,2.39,2.40,5.42,5.41,5.40,5.39,5.37,5.35,5.34,5.32,5.30,5.29,92.24,0.00,1.00,1.00,0.00,0.00,0.00,-1.00,0,None,0,aggregation
160,235.54,remora9,remora7,19.30,19.30,18.71,18.71,18.26,18.26,17.65,17.65,17.79,17.79,12.57,12.57,11.79,11.79,11.22,11.22,10.43,10.43,10.61,10.61,2.42,2.43,2.44,2.46,2.48,2.49,2.51,2.52,2.54,2.56,5.27,5.25,5.24,5.22,5.21,5.19,5.17,5.16,5.14,5.13,107.08,0.00,1.00,1.00,0.00,0.00,0.00,-1.00,0,None,0,aggregation
160,236.54,remora9,remora7,17.18,17.18,16.62,16.62,16.63,16.63,16.57,16.57,16.52,16.52,9.82,9.82,9.11,9.11,9.12,9.12,9.04,9.04,8.98,8.98,2.58,2.59,2.61,2.63,2.65,2.67,2.69,2.71,2.73,2.75,5.11,5.10,5.08,5.07,5.05,5.03,5.02,5.00,4.99,4.97,120.03,0.00,1.00,1.00,0.00,0.00,0.00,-1.00,0,None,0,aggregation
160,237.54,remora9,remora7,16.49,16.49,16.37,16.37,16.45,16.45,16.69,16.69,16.89,16.89,8.94,8.94,8.78,8.78,8.89,8.89,9.20,9.20,9.45,9.45,2.77,2.79,2.81,2.83,2.85,2.87,2.89,2.91,2.93,2.96,4.96,4.94,4.93,4.91,4.90,4.89,4.87,4.86,4.84,4.83,132.85,0.00,1.00,1.00,0.00,0.00,0.00,-1.00,0,None,0,aggregation
160,238.54,remora9,remora7,16.97,16.97,17.21,17.21,17.47,17.47,17.95,17.95,18.15,18.15,9.55,9.55,9.86,9.86,10.20,10.20,10.82,10.82,11.07,11.07,2.98,3.00,3.03,3.05,3.08,3.10,3.13,3.15,3.12,3.09,4.81,4.80,4.79,4.77,4.76,4.75,4.73,4.72,4.71,4.70,126.58,0.00,0.00,1.00,0.00,0.00,0.00,-1.00,0,None,0,aggregation
160,239.54,remora9,remora7,18.44,18.44,19.13,19.13,19.24,19.24,19.93,19.93,20.29,20.29,11.45,11.45,12.34,12.34,12.49,12.49,13.39,13.39,13.86,13.86,3.05,3.01,2.98,2.94,2.91,2.88,2.84,2.81,2.78,2.75,4.68,4.67,4.66,4.65,4.64,4.63,4.62,4.61,4.60,4.59,125.21,0.00,1.00,1.00,0.00,0.00,0.00,-1.00,0,None,0,aggregation
160,240.54,remora9,remora7,20.87,20.87,21.36,21.36,21.91,21.91,22.53,22.53,22.92,22.92,14.63,14.63,15.26,15.26,16.00,16.00,16.83,16.83,17.36,17.36,2.72,2.69,2.66,2.63,2.60,2.57,2.55,2.52,2.50,2.47,4.58,4.57,4.56,4.55,4.54,4.54,4.53,4.52,4.52,4.51,137.58,0.00,1.00,1.00,0.00,0.00,0.00,-1.00,0,None,0,aggregation
160,241.54,remora9,remora7,23.68,23.68,24.39,24.39,24.81,24.81,25.46,25.46,26.06,26.06,18.39,18.39,19.37,19.37,19.95,19.95,20.87,20.87,21.74,21.74,2.45,2.43,2.41,2.39,2.37,2.35,2.33,2.32,2.30,2.29,4.50,4.50,4.49,4.49,4.48,4.48,4.48,4.47,4.47,4.47,156.06,0.00,1.00,1.00,0.00,0.00,0.00,-1.00,0,None,0,aggregation
160,242.54,remora9,remora7,26.53,26.53,27.06,27.06,27.51,27.51,27.94,27.94,28.36,28.36,22.42,22.42,23.22,23.22,23.90,23.90,24.57,24.57,25.26,25.26,2.28,2.27,2.26,2.25,2.24,2.23,2.23,2.22,2.22,2.22,4.47,4.47,4.47,4.47,4.47,4.47,4.47,4.47,4.47,4.48,170.23,0.00,1.00,1.00,0.00,0.00,0.00,-1.00,0,None,0,aggregation
160,243.54,remora9,remora7,28.65,28.65,28.87,28.87,29.18,29.18,29.42,29.42,29.71,29.71,25.75,25.75,26.14,26.14,26.70,26.70,27.16,27.16,27.77,27.77,2.22,2.22,2.22,2.23,2.23,2.23,2.24,2.25,2.26,2.26,4.49,4.50,4.51,4.52,4.53,4.53,4.54,4.54,4.55,4.55,182.35,0.00,1.00,1.00,0.00,0.00,0.00,-1.00,0,None,0,aggregation
160,244.54,remora9,remora7,29.87,29.87,30.04,30.04,30.12,30.12,30.17,30.17,30.19,30.19,28.15,28.15,28.64,28.64,28.95,28.95,29.23,29.23,29.46,29.46,2.27,2.28,2.30,2.31,2.32,2.33,2.35,2.36,2.38,2.40,4.56,4.56,4.57,4.58,4.59,4.60,4.61,4.61,4.62,4.63,195.12,0.00,1.00,1.00,0.00,0.00,0.00,-1.00,0,None,0,aggregation
160,245.54,remora9,remora7,30.14,30.14,29.99,29.99,29.82,29.82,29.53,29.53,29.21,29.21,29.78,29.78,30.01,30.01,30.12,30.12,30.18,30.18,30.17,30.17,2.41,2.43,2.45,2.47,2.48,2.50,2.52,2.54,2.56,2.58,4.64,4.65,4.66,4.67,4.68,4.69,4.70,4.71,4.72,4.73,210.18,0.00,1.00,1.00,0.00,0.00,0.00,-1.00,0,None,0,aggregation
160,246.54,remora9,remora7,28.71,28.71,28.05,28.05,27.42,27.42,26.96,26.96,26.28,26.28,30.06,30.06,29.83,29.83,29.55,29.55,29.32,29.32,28.95,28.95,2.61,2.63,2.65,2.67,2.69,2.72,2.74,2.76,2.78,2.81,4.74,4.75,4.76,4.78,4.79,4.80,4.82,4.83,4.84,4.85,225.73,0.00,1.00,1.00,0.00,0.00,0.00,-1.00,0,None,0,aggregation
160,247.54,remora9,remora7,25.73,25.73,25.22,25.22,24.78,24.78,24.31,24.31,24.10,24.10,28.64,28.64,28.34,28.34,28.06,28.06,27.77,27.77,27.64,27.64,2.83,2.85,2.88,2.90,2.93,2.95,2.98,3.00,3.03,3.05,4.86,4.87,4.88,4.90,4.91,4.92,4.93,4.94,4.96,4.97,239.38,0.00,1.00,1.00,0.00,0.00,0.00,-1.00,0,None,0,aggregation
160,248.54,remora9,remora7,23.91,23.91,23.65,23.65,23.93,23.93,23.43,23.43,23.50,23.50,27.51,27.51,27.34,27.34,27.53,27.53,27.20,27.20,27.25,27.25,3.08,3.11,3.13,3.16,3.19,3.22,3.25,3.28,3.30,3.33,4.99,5.00,5.02,5.04,5.06,5.07,5.09,5.10,5.12,5.14,250.98,0.00,0.00,1.00,0.00,0.00,0.00,-1.00,0,None,0,aggregation
160,249.54,remora9,remora7,23.38,23.38,23.55,23.55,23.73,23.73,23.60,23.60,23.79,23.79,27.17,27.17,27.28,27.28,27.40,27.40,27.32,27.32,27.44,27.44,3.36,3.39,3.43,3.46,3.49,3.52,3.56,3.59,3.62,3.66,5.15,5.17,5.18,5.20,5.22,5.24,5.26,5.28,5.30,5.32,260.38,0.00,0.00,1.00,0.00,0.00,0.00,-1.00,0,None,0,aggregation
160,250.54,remora9,remora7,23.93,23.93,24.05,24.05,23.97,23.97,23.99,23.99,24.17,24.17,27.53,27.53,27.61,27.61,27.56,27.56,27.57,27.57,27.68,27.68,3.70,3.73,3.77,3.81,3.84,3.88,3.92,3.96,4.00,4.04,5.34,5.35,5.38,5.40,5.42,5.44,5.47,5.49,5.51,5.54,267.22,0.00,0.00,1.00,0.00,0.00,0.00,-1.00,0,None,0,aggregation
160,251.54,remora9,remora7,24.22,24.22,24.43,24.43,24.29,24.29,24.45,24.45,24.41,24.41,27.72,27.72,27.85,27.85,27.76,27.76,27.86,27.86,27.84,27.84,4.08,4.12,4.17,4.21,4.25,4.29,4.33,4.33,4.34,4.35,5.56,5.58,5.60,5.63,5.65,5.67,5.70,5.72,5.74,5.77,270.84,0.00,0.00,1.00,0.00,0.00,0.00,-1.00,0,None,0,aggregation
160,252.54,remora9,remora7,24.43,24.43,24.13,24.13,24.04,24.04,23.54,23.54,23.12,23.12,27.85,27.85,27.66,27.66,27.60,27.60,27.28,27.28,27.00,27.00,4.36,4.37,4.38,4.39,4.40,4.41,4.42,4.43,4.45,4.46,5.79,5.82,5.84,5.87,5.89,5.92,5.94,5.97,6.00,6.02,270.82,0.00,0.00,1.00,0.00,0.00,0.00,-1.00,0,None,0,aggregation
160,253.54,remora9,remora7,22.11,22.11,21.43,21.43,19.99,19.99,17.90,17.90,18.34,18.34,26.32,26.32,25.85,25.85,24.84,24.84,23.32,23.32,23.64,23.64,4.47,4.48,4.50,4.51,4.52,4.53,4.55,4.56,4.57,4.59,6.05,6.07,6.10,6.12,6.15,6.17,6.20,6.22,6.24,6.27,265.26,0.00,0.00,1.00,0.00,0.00,0.00,-1.00,0,None,0,aggregation
160,254.54,remora9,remora7,19.36,19.36,20.34,20.34,21.28,21.28,22.18,22.18,22.75,22.75,24.38,24.38,25.08,25.08,25.74,25.74,26.36,26.36,26.75,26.75,4.60,4.61,4.63,4.64,4.66,4.68,4.70,4.71,4.73,4.75,6.29,6.31,6.34,6.36,6.38,6.40,6.42,6.43,6.45,6.47,259.20,0.00,0.00,1.00,0.00,0.00,0.00,-1.00,0,None,0,aggregation
160,255.54,remora9,remora7,23.58,23.58,24.11,24.11,19.38,19.38,12.92,12.92,7.28,7.28,27.30,27.30,27.64,27.64,24.40,24.40,19.57,19.57,15.19,15.19,4.77,4.79,4.81,4.83,4.85,4.87,4.89,4.90,4.91,4.87,6.49,6.51,6.53,6.55,6.57,6.28,6.29,6.62,6.29,6.29,249.45,0.00,0.00,1.00,0.00,0.00,0.00,-1.00,0,None,0,aggregation
160,256.54,remora9,remora7,-3.90,-3.90,-6.87,-6.87,-7.90,-7.90,-7.76,-7.76,-7.08,-7.08,6.30,6.30,3.60,3.60,2.56,2.56,2.70,2.70,3.39,3.39,4.84,4.81,4.78,4.75,4.73,4.70,4.67,4.65,4.62,4.59,6.29,6.28,6.28,6.27,6.27,6.26,6.26,6.25,6.24,6.24,222.91,0.00,0.00,1.00,0.00,0.00,0.00,-1.00,0,None,0,aggregation
160,257.54,remora9,remora7,-6.51,-6.51,-7.01,-7.01,-5.69,-5.69,-3.66,-3.66,-2.31,-2.31,3.95,3.95,3.46,3.46,4.77,4.77,6.49,6.49,7.57,7.57,4.57,4.54,4.51,4.49,4.46,4.43,4.40,4.38,4.35,4.32,6.23,6.22,6.22,6.21,6.21,6.20,6.19,6.19,6.18,6.18,197.96,0.00,0.00,1.00,0.00,0.00,0.00,-1.00,0,None,0,aggregation
160,258.54,remora9,remora7,-1.03,-1.03,1.04,1.04,1.71,1.71,3.03,3.03,5.15,5.15,8.60,8.60,10.24,10.24,10.78,10.78,11.83,11.83,13.51,13.51,4.29,4.26,4.23,4.20,4.17,4.15,4.12,4.09,4.06,4.03,6.17,6.17,6.16,6.16,6.15,6.15,6.14,6.14,6.13,6.13,178.93,0.00,0.00,1.00,0.00,0.00,0.00,-1.00,0,None,0,aggregation
160,259.54,remora9,remora7,6.08,6.08,6.94,6.94,8.10,8.10,9.90,9.90,10.70,10.70,14.24,14.24,14.92,14.92,15.83,15.83,17.24,17.24,17.86,17.86,4.00,3.98,3.95,3.92,3.90,3.87,3.85,3.82,3.80,3.77,6.12,6.12,6.11,6.11,6.10,6.10,6.09,6.09,6.08,6.08,165.64,0.00,0.00,1.00,0.00,0.00,0.00,-1.00,0,None,0,aggregation
160,260.54,remora9,remora7,12.38,12.38,13.48,13.48,14.83,14.83,15.87,15.87,16.92,16.92,19.16,19.16,20.00,20.00,21.03,21.03,21.81,21.81,22.59,22.59,3.75,3.73,3.70,3.68,3.66,3.64,3.62,3.60,3.59,3.57,6.07,6.07,6.06,6.05,6.05,6.04,6.03,6.03,6.02,6.01,157.64,0.00,0.00,1.00,0.00,0.00,0.00,-1.00,0,None,0,aggregation
160,261.54,remora9,remora7,17.94,17.94,18.68,18.68,20.02,20.02,20.97,20.97,22.03,22.03,23.35,23.35,23.89,23.89,24.85,24.85,25.53,25.53,26.26,26.26,3.55,3.54,3.52,3.51,3.49,3.48,3.47,3.46,3.45,3.44,6.01,6.00,5.99,5.98,5.98,5.97,5.96,5.95,5.94,5.93,153.91,0.00,0.00,1.00,0.00,0.00,0.00,-1.00,0,None,0,aggregation
160,262.54,remora9,remora7,22.89,22.89,23.71,23.71,24.49,24.49,25.10,25.10,25.68,25.68,26.85,26.85,27.39,27.39,27.89,27.89,28.26,28.26,28.61,28.61,3.43,3.42,3.41,3.40,3.40,3.39,3.39,3.38,3.38,3.37,5.93,5.92,5.91,5.90,5.89,5.88,5.87,5.86,5.85,5.84,154.34,0.00,0.00,1.00,0.00,0.00,0.00,-1.00,0,None,0,aggregation
160,263.54,remora9,remora7,26.23,26.23,26.74,26.74,27.12,27.12,27.49,27.49,27.83,27.83,28.92,28.92,29.20,29.20,29.40,29.40,29.58,29.58,29.73,29.73,3.37,3.36,3.36,3.36,3.36,3.36,3.35,3.35,3.35,3.35,5.83,5.82,5.81,5.80,5.80,5.79,5.78,5.78,5.77,5.76,160.19,0.00,0.00,1.00,0.00,0.00,0.00,-1.00,0,None,0,aggregation
160,264.54,remora9,remora7,28.07,28.07,28.29,28.29,28.58,28.58,28.71,28.71,28.96,28.96,29.83,29.83,29.92,29.92,30.02,30.02,30.06,30.06,30.13,30.13,3.35,3.35,3.35,3.35,3.35,3.35,3.35,3.35,3.35,3.35,5.76,5.75,5.74,5.74,5.73,5.72,5.72,5.71,5.70,5.69,166.02,0.00,0.00,1.00,0.00,0.00,0.00,-1.00,0,None,0,aggregation
160,265.54,remora9,remora7,29.17,29.17,29.37,29.37,29.53,29.53,29.71,29.71,29.83,29.83,30.16,30.16,30.18,30.18,30.18,30.18,30.16,30.16,30.12,30.12,3.35,3.36,3.36,3.36,3.36,3.36,3.36,3.36,3.36,3.37,5.69,5.68,5.67,5.66,5.66,5.65,5.64,5.63,5.62,5.61,175.73,0.00,0.00,1.00,0.00,0.00,0.00,-1.00,0,None,0,aggregation
160,266.54,remora9,remora7,29.93,29.93,30.05,30.05,30.12,30.12,30.16,30.16,30.18,30.18,30.06,30.06,29.94,29.94,29.82,29.82,29.71,29.71,29.58,29.58,3.37,3.37,3.37,3.37,3.37,3.37,3.38,3.38,3.38,3.38,5.60,5.60,5.59,5.58,5.57,5.56,5.55,5.54,5.53,5.52,203.70,0.00,0.00,1.00,0.00,0.00,0.00,-1.00,0,None,0,aggregation
160,267.54,remora9,remora7,30.18,30.18,30.17,30.17,30.13,30.13,30.07,30.07,30.00,30.00,29.40,29.40,29.22,29.22,28.99,28.99,28.74,28.74,28.52,28.52,3.38,3.38,3.38,3.38,3.39,3.39,3.39,3.39,3.39,3.39,5.51,5.50,5.49,5.48,5.47,5.45,5.44,5.43,5.42,5.41,231.73,0.00,0.00,1.00,0.00,0.00,0.00,-1.00,0,None,0,aggregation
160,268.54,remora9,remora7,29.91,29.91,29.77,29.77,29.72,29.72,29.55,29.55,29.56,29.56,28.27,28.27,27.91,27.91,27.80,27.80,27.42,27.42,27.46,27.46,3.39,3.39,3.39,3.39,3.39,3.39,3.39,3.39,3.39,3.39,5.40,5.39,5.38,5.37,5.36,5.35,5.34,5.33,5.32,5.31,253.98,0.00,0.00,1.00,0.00,0.00,0.00,-1.00,0,None,0,aggregation
160,269.54,remora9,remora7,29.47,29.47,29.24,29.24,29.18,29.18,29.12,29.12,29.05,29.05,27.27,27.27,26.81,26.81,26.69,26.69,26.58,26.58,26.46,26.46,3.39,3.39,3.38,3.38,3.38,3.38,3.38,3.38,3.38,3.37,5.30,5.29,5.28,5.28,5.27,5.26,5.25,5.24,5.23,5.22,269.79,0.00,0.00,1.00,0.00,0.00,0.00,-1.00,0,None,0,aggregation
160,270.54,remora9,remora7,29.02,29.02,28.90,28.90,29.00,29.00,28.99,28.99,28.99,28.99,26.40,26.40,26.18,26.18,26.36,26.36,26.34,26.34,26.35,26.35,3.37,3.37,3.37,3.37,3.37,3.36,3.36,3.36,3.36,3.36,5.21,5.21,5.20,5.19,5.18,5.18,5.17,5.16,5.16,5.15,279.64,0.00,0.00,1.00,0.00,0.00,0.00,-1.00,0,None,0,aggregation
160,271.54,remora9,remora7,29.01,29.01,29.05,29.05,29.02,29.02,29.11,29.11,29.16,29.16,26.38,26.38,26.45,26.45,26.40,26.40,26.56,26.56,26.66,26.66,3.35,3.35,3.35,3.35,3.34,3.34,3.34,3.34,3.34,3.33,5.14,5.14,5.13,5.13,5.12,5.12,5.12,5.11,5.11,5.11,285.07,0.00,0.00,1.00,0.00,0.00,0.00,-1.00,0,None,0,aggregation
160,272.54,remora9,remora7,29.23,29.23,29.24,29.24,29.34,29.34,29.35,29.35,29.53,29.53,26.78,26.78,26.81,26.81,27.00,27.00,27.02,27.02,27.39,27.39,3.33,3.33,3.33,3.32,3.32,3.32,3.32,3.31,3.31,3.31,5.10,5.10,5.10,5.10,5.10,5.10,5.10,5.10,5.10,5.10,287.15,0.00,0.00,1.00,0.00,0.00,0.00,-1.00,0,None,0,aggregation
160,273.54,remora9,remora7,29.62,29.62,29.66,29.66,29.70,29.70,29.79,29.79,29.83,29.83,27.57,27.57,27.67,27.67,27.74,27.74,27.96,27.96,28.06,28.06,3.31,3.31,3.30,3.30,3.30,3.30,3.30,3.30,3.29,3.29,5.11,5.11,5.11,5.12,5.12,5.12,5.13,5.13,5.14,5.14,287.68,0.00,0.00,1.00,0.00,0.00,0.00,-1.00,0,None,0,aggregation
160,274.54,remora9,remora7,29.83,29.83,29.87,29.87,29.96,29.96,30.00,30.00,30.04,30.04,28.06,28.06,28.16,28.16,28.39,28.39,28.51,28.51,28.64,28.64,3.29,3.29,3.29,3.29,3.29,3.28,3.28,3.28,3.28,3.28,5.15,5.16,5.16,5.17,5.18,5.19,5.20,5.21,5.22,5.22,287.57,0.00,0.00,1.00,0.00,0.00,0.00,-1.00,0,None,0,aggregation
160,275.54,remora9,remora7,30.07,30.07,30.10,30.10,30.13,30.13,30.15,30.15,30.15,30.15,28.74,28.74,28.85,28.85,28.98,28.98,29.06,29.06,29.11,29.11,3.28,3.28,3.28,3.28,3.27,3.27,3.27,3.27,3.27,3.27,5.23,5.24,5.25,5.27,5.28,5.29,5.30,5.31,5.33,5.34,287.26,0.00,0.00,1.00,0.00,0.00,0.00,-1.00,0,None,0,aggregation
160,276.54,remora9,remora7,30.17,30.17,30.18,30.18,30.18,30.18,30.19,30.19,30.18,30.18,29.19,29.19,29.31,29.31,29.39,29.39,29.45,29.45,29.52,29.52,3.27,3.27,3.27,3.27,3.27,3.27,3.26,3.26,3.26,3.26,5.35,5.36,5.38,5.39,5.40,5.42,5.43,5.44,5.46,5.47,287.09,0.00,0.00,1.00,0.00,0.00,0.00,-1.00,0,None,0,aggregation
160,277.54,remora9,remora7,30.18,30.18,30.17,30.17,30.17,30.17,30.15,30.15,30.14,30.14,29.60,29.60,29.63,29.63,29.67,29.67,29.74,29.74,29.76,29.76,3.26,3.26,3.26,3.26,3.26,3.26,3.26,3.26,3.26,3.26,5.49,5.50,5.51,5.53,5.55,5.56,5.58,5.59,5.61,5.62,287.46,0.00,0.00,1.00,0.00,0.00,0.00,-1.00,0,None,0,aggregation
160,278.54,remora9,remora7,30.12,30.12,30.11,30.11,30.07,30.07,30.06,30.06,30.04,30.04,29.83,29.83,29.84,29.84,29.91,29.91,29.92,29.92,29.95,29.95,3.26,3.25,3.25,3.25,3.25,3.25,3.25,3.25,3.25,3.25,5.64,5.65,5.67,5.69,5.70,5.72,5.74,5.75,5.77,5.78,288.71,0.00,0.00,1.00,0.00,0.00,0.00,-1.00,0,None,0,aggregation
160,279.54,remora9,remora7,30.00,30.00,29.97,29.97,29.95,29.95,29.93,29.93,29.91,29.91,30.00,30.00,30.03,30.03,30.05,30.05,30.06,30.06,30.07,30.07,3.25,3.25,3.25,3.25,3.25,3.25,3.25,3.25,3.25,3.25,5.80,5.82,5.83,4.80,4.81,4.82,4.83,4.84,4.85,4.85,290.72,0.00,0.00,1.00,0.00,0.00,0.00,-1.00,0,None,0,aggregation
160,280.54,remora9,remora7,29.91,29.91,29.84,29.84,29.86,29.86,29.81,29.81,29.83,29.83,30.07,30.07,30.11,30.11,30.10,30.10,30.12,30.12,30.12,30.12,3.25,3.26,3.26,3.26,3.26,3.26,3.26,3.26,3.26,3.26,4.86,4.86,4.87,4.88,4.89,4.90,4.91,4.92,4.93,4.94,293.04,0.00,0.00,1.00,0.00,0.00,0.00,-1.00,0,None,0,aggregation
160,281.54,remora9,remora7,29.75,29.75,29.74,29.74,29.68,29.68,29.70,29.70,29.71,29.71,30.14,30.14,30.15,30.15,30.16,30.16,30.16,30.16,30.16,30.16,3.26,3.27,3.27,3.27,3.27,3.27,3.27,3.27,3.28,3.28,4.95,4.95,4.96,4.97,4.97,4.98,4.99,5.00,5.02,5.03,295.20,0.00,0.00,1.00,0.00,0.00,0.00,-1.00,0,None,0,aggregation
160,282.54,remora9,remora7,29.69,29.69,29.66,29.66,29.66,29.66,29.73,29.73,29.80,29.80,30.16,30.16,30.17,30.17,30.17,30.17,30.15,30.15,30.13,30.13,3.28,3.28,3.28,3.29,3.29,3.29,3.29,3.30,3.30,3.30,5.03,5.04,5.05,5.06,4.95,4.97,4.99,5.00,5.01,5.02,296.96,0.00,0.00,1.00,0.00,0.00,0.00,-1.00,0,None,0,aggregation
160,283.54,remora9,remora7,29.87,29.87,29.92,29.92,29.98,29.98,29.98,29.98,30.02,30.02,30.10,30.10,30.06,30.06,30.02,30.02,30.02,30.02,29.98,29.98,3.31,3.31,3.31,3.31,3.32,3.32,3.32,3.33,3.33,3.34,5.03,5.05,5.06,5.08,5.10,5.11,5.13,5.14,5.15,5.17,298.20,0.00,0.00,1.00,0.00,0.00,0.00,-1.00,0,None,0,aggregation
160,284.54,remora9,remora7,30.04,30.04,30.06,30.06,30.10,30.10,30.10,30.10,30.13,30.13,29.95,29.95,29.92,29.92,29.87,29.87,29.87,29.87,29.80,29.80,3.34,3.34,3.35,3.35,3.36,3.36,3.37,3.37,3.37,3.38,5.19,5.20,5.22,5.23,5.24,5.26,5.27,5.29,5.30,5.32,299.03,0.00,0.00,1.00,0.00,0.00,0.00,-1.00,0,None,0,aggregation
160,285.54,remora9,remora7,30.13,30.13,30.15,30.15,30.15,30.15,30.16,30.16,30.17,30.17,29.80,29.80,29.73,29.73,29.73,29.73,29.69,29.69,29.66,29.66,3.38,3.39,3.39,3.40,3.40,3.41,3.42,3.42,3.43,3.43,5.34,5.36,5.37,5.39,5.41,5.42,5.44,5.45,5.46,5.48,299.44,0.00,0.00,1.00,0.00,0.00,0.00,-1.00,0,None,0,aggregation
160,286.54,remora9,remora7,30.17,30.17,30.18,30.18,30.18,30.18,30.18,30.18,30.18,30.18,29.62,29.62,29.57,29.57,29.53,29.53,29.53,29.53,29.49,29.49,3.44,3.45,3.45,3.46,3.47,3.47,3.48,3.49,3.50,3.50,5.50,5.52,5.54,5.56,5.58,5.59,5.61,5.62,5.64,5.66,299.52,0.00,0.00,1.00,0.00,0.00,0.00,-1.00,0,None,0,aggregation
160,287.54,remora9,remora7,30.19,30.19,30.19,30.19,30.18,30.18,30.18,30.18,30.18,30.18,29.44,29.44,29.44,29.44,29.39,29.39,29.34,29.34,29.34,29.34,3.51,3.52,3.53,3.54,3.55,3.55,3.56,3.57,3.58,3.59,5.68,5.70,5.72,5.73,5.75,5.77,5.78,5.80,5.82,5.85,299.39,0.00,0.00,1.00,0.00,0.00,0.00,-1.00,0,None,0,aggregation
160,131.54,remora9,remora3,30.00,30.00,30.00,30.00,30.00,30.00,30.00,30.00,30.00,30.00,30.00,30.00,30.00,30.00,30.00,30.00,30.00,30.00,30.00,30.00,6.45,6.47,6.48,6.50,6.51,6.53,6.54,6.56,6.57,6.59,7.39,7.41,7.44,7.46,7.48,7.51,7.53,7.55,7.58,7.60,278.25,0.00,0.00,1.00,0.00,0.00,0.00,-1.00,0,None,0,aggregation
160,132.54,remora9,remora3,30.00,30.00,30.00,30.00,30.00,30.00,30.00,30.00,30.00,30.00,30.00,30.00,30.00,30.00,30.00,30.00,30.00,30.00,30.00,30.00,6.60,6.62,6.63,6.65,6.67,6.68,6.70,6.71,6.73,6.75,7.62,7.64,7.67,7.69,7.71,7.74,7.76,7.23,7.25,7.27,280.82,0.00,0.00,1.00,0.00,0.00,0.00,-1.00,0,None,0,aggregation
160,210.54,remora9,remora3,28.34,28.34,28.80,28.80,29.15,29.15,29.35,29.35,29.62,29.62,25.22,25.22,26.01,26.01,26.64,26.64,27.03,27.03,27.57,27.57,3.52,3.56,3.60,3.64,3.68,3.73,3.77,3.81,3.85,3.90,6.22,6.22,6.23,6.23,6.24,6.24,6.25,6.26,6.26,6.27,159.69,0.00,1.00,1.00,0.00,0.00,0.00,-1.00,0,None,0,aggregation
160,211.54,remora9,remora3,29.77,29.77,29.92,29.92,30.02,30.02,30.02,30.08,30.13,-17.77,27.91,27.91,28.29,28.29,28.58,28.58,28.58,28.78,28.96,-2.08,3.94,3.98,4.03,4.07,4.12,4.16,4.21,4.25,4.29,4.34,6.28,6.29,6.30,6.31,6.32,6.33,6.34,6.35,6.36,6.37,186.96,0.00,0.00,1.00,1.00,0.00,1.00,-1.00,0,None,0,aggregation
160,212.54,remora9,remora3,-17.77,-17.77,-17.65,-17.65,29.62,29.62,-17.27,-17.27,-17.05,-16.61,-2.08,-2.08,-1.95,-1.95,27.57,27.57,-1.57,-1.57,-1.35,-0.91,4.35,4.36,4.37,4.37,5.47,5.46,5.44,5.41,5.38,5.35,6.37,6.36,6.35,6.35,7.00,6.99,6.98,6.97,6.96,6.95,178.23,0.00,0.00,1.00,1.00,0.00,1.00,-1.00,0,None,0,aggregation
160,213.54,remora9,remora3,-16.61,-16.61,27.21,27.21,-15.86,-15.86,-15.52,-15.52,24.15,24.15,-0.91,-0.91,23.45,23.45,-0.17,-0.17,0.18,0.18,19.03,19.03,5.32,5.29,5.27,5.25,5.23,5.21,5.18,5.16,5.13,5.12,6.95,6.94,6.93,6.91,6.90,6.90,6.89,6.88,6.87,6.86,168.10,0.00,0.00,1.00,1.00,0.00,1.00,-1.00,0,None,0,aggregation
160,214.54,remora9,remora3,-14.59,-14.59,-14.25,19.55,19.55,19.55,-13.39,-13.39,-12.97,-12.97,1.10,1.10,1.45,12.89,12.89,12.89,2.31,2.31,2.73,2.73,5.09,5.07,5.05,5.02,5.00,4.98,4.96,4.94,4.92,4.90,6.85,6.84,6.83,6.83,6.82,6.80,6.79,6.79,6.78,6.78,157.76,0.00,0.00,1.00,1.00,0.00,1.00,-1.00,0,None,0,aggregation
160,215.54,remora9,remora3,14.39,14.39,13.70,13.70,-12.47,-12.07,-12.07,-12.07,9.72,9.72,6.27,6.27,5.39,5.39,3.23,3.62,3.62,3.62,0.38,0.38,4.88,4.86,4.84,4.82,4.80,4.78,4.76,4.74,4.72,4.71,6.77,6.76,6.74,6.73,6.72,6.72,6.71,6.71,6.70,6.69,151.97,0.00,0.00,1.00,1.00,0.00,1.00,-1.00,0,None,0,aggregation
160,216.54,remora9,remora3,8.99,8.99,10.32,10.32,11.34,11.34,-12.73,-12.42,-12.42,-12.42,-0.53,-0.53,1.14,1.14,2.41,2.41,2.97,3.28,3.28,3.28,4.69,4.67,4.65,4.64,4.62,4.61,4.59,4.57,4.56,4.54,6.68,6.68,6.67,6.66,6.65,6.64,6.63,6.63,6.63,6.62,153.33,0.00,0.00,1.00,1.00,0.00,1.00,-1.00,0,None,0,aggregation
160,217.54,remora9,remora3,8.30,8.30,8.19,8.19,9.13,9.13,11.13,11.13,13.10,13.10,-1.40,-1.40,-1.53,-1.53,-0.36,-0.36,2.16,2.16,4.64,4.64,4.53,4.51,4.50,4.48,4.47,4.46,4.45,4.43,4.42,4.41,6.62,6.61,6.60,6.60,6.59,6.58,6.58,6.57,6.56,6.55,151.02,0.00,0.00,1.00,0.00,0.00,0.00,-1.00,0,None,0,aggregation
160,218.54,remora9,remora3,-13.54,-13.54,-13.18,-13.18,11.86,11.86,12.21,-12.77,-12.77,-12.77,2.16,2.16,2.52,2.52,3.07,3.07,3.52,2.93,2.93,2.93,4.40,4.39,4.38,4.36,4.35,4.34,4.33,4.33,4.32,4.31,6.55,6.55,6.54,6.54,6.54,6.53,6.52,6.52,6.51,6.51,139.20,0.00,0.00,1.00,1.00,0.00,1.00,-1.00,0,None,0,aggregation
160,219.54,remora9,remora3,12.93,12.93,13.10,-12.71,-12.71,-12.71,-12.25,-12.25,11.68,11.68,4.42,4.42,4.64,2.99,2.99,2.99,3.44,3.44,2.84,2.84,4.30,4.29,4.28,4.28,4.27,4.26,4.25,4.24,4.24,4.23,6.51,6.50,6.49,6.48,6.48,6.48,6.48,6.48,6.47,6.47,121.29,0.00,0.00,1.00,1.00,0.00,1.00,-1.00,0,None,0,aggregation
160,220.54,remora9,remora3,11.86,11.86,13.63,13.63,-12.24,-12.24,-11.85,-11.85,12.57,12.57,3.07,3.07,5.31,5.31,3.45,3.45,3.85,3.85,3.97,3.97,4.23,4.22,4.22,4.22,4.21,4.21,4.20,4.19,4.19,4.19,6.46,6.46,6.45,6.44,6.44,6.44,6.44,6.44,6.44,6.43,100.24,0.00,0.00,1.00,1.00,0.00,1.00,-1.00,0,None,0,aggregation
160,221.54,remora9,remora3,12.93,12.93,-11.38,-11.38,-10.98,-10.98,11.86,11.86,11.13,11.13,4.42,4.42,4.32,4.32,4.72,4.72,3.07,3.07,2.16,2.16,4.19,4.19,4.18,4.18,4.18,4.17,4.17,4.17,4.17,4.17,6.43,6.42,6.42,6.42,6.42,6.42,6.42,6.41,6.41,6.41,78.86,0.00,0.00,1.00,1.00,0.00,1.00,-1.00,0,None,0,aggregation
160,222.54,remora9,remora3,13.10,13.10,15.02,15.02,-11.25,-11.25,-10.82,-10.82,13.81,13.81,4.64,4.64,7.07,7.07,4.45,4.45,4.87,4.87,5.53,5.53,4.18,4.18,6.77,6.76,6.75,6.76,6.76,6.76,6.76,6.75,6.40,6.40,7.50,7.49,7.48,7.49,7.49,7.49,7.49,8.00,72.71,0.00,0.00,1.00,1.00,0.00,1.00,-1.00,0,None,0,aggregation
160,223.54,remora9,remora3,13.98,13.98,15.70,15.70,-10.80,-10.37,-10.37,-10.37,14.68,14.68,5.75,5.75,7.93,7.93,4.89,5.32,5.32,5.32,6.63,6.63,6.74,6.73,6.72,6.71,6.70,6.70,6.71,6.71,6.70,6.69,7.99,7.97,7.96,7.95,7.94,7.93,7.93,7.92,7.91,7.90,65.95,0.00,0.00,1.00,1.00,0.00,1.00,-1.00,0,None,0,aggregation
160,224.54,remora9,remora3,14.85,-9.82,-9.82,-9.82,15.53,15.53,15.19,15.19,16.71,16.71,6.85,5.88,5.88,5.88,7.72,7.72,7.28,7.28,9.22,9.22,6.68,6.67,6.67,6.67,6.67,6.66,6.65,6.64,6.62,6.61,7.89,7.88,7.87,7.86,7.85,7.84,7.83,7.81,7.80,7.79,65.81,0.00,0.00,1.00,1.00,0.00,1.00,-1.00,0,None,0,aggregation
160,225.54,remora9,remora3,-10.00,-10.00,-9.70,-9.70,15.70,15.70,15.87,17.36,17.36,-9.59,5.69,5.69,6.00,6.00,7.93,7.93,8.15,10.06,10.06,6.10,6.60,6.60,6.61,6.61,6.60,6.59,6.58,6.57,6.55,6.54,7.77,7.77,7.76,7.76,7.75,7.74,7.72,7.71,7.69,7.68,66.38,0.00,0.00,1.00,1.00,0.00,1.00,-1.00,0,None,0,aggregation
160,226.54,remora9,remora3,-9.59,-9.59,17.85,17.85,17.85,17.85,-9.43,-8.97,-8.97,-8.97,6.10,6.10,10.69,10.69,10.69,10.69,6.26,6.73,6.73,6.73,6.54,6.54,6.53,6.52,6.50,6.49,6.48,6.48,6.49,6.49,7.67,7.66,7.65,7.64,7.62,7.61,7.60,7.59,7.59,7.58,67.70,0.00,0.00,1.00,1.00,0.00,1.00,-1.00,0,None,0,aggregation
160,227.54,remora9,remora3,16.21,16.21,16.21,17.53,17.53,17.53,18.96,18.96,20.18,20.18,8.58,8.58,8.58,10.27,10.27,10.27,12.12,12.12,13.72,13.72,6.48,6.47,6.46,6.44,6.43,6.42,6.40,6.39,6.37,6.36,7.57,7.56,7.54,7.53,7.51,7.50,7.48,7.47,7.45,7.43,76.75,0.00,0.00,1.00,0.00,0.00,0.00,-1.00,0,None,0,aggregation
160,228.54,remora9,remora3,21.35,21.35,-10.11,-10.11,-9.64,-9.64,19.58,19.58,19.42,19.42,15.26,15.26,5.58,5.58,6.06,6.06,12.93,12.93,12.73,12.73,6.34,6.32,6.31,6.31,6.30,6.30,6.28,6.26,6.24,6.22,7.41,7.40,7.39,7.39,7.39,7.39,7.38,7.37,7.36,7.34,81.73,0.00,0.00,1.00,1.00,0.00,1.00,-1.00,0,None,0,aggregation
160,229.54,remora9,remora3,20.48,20.48,0.00,0.00,30.00,30.00,-9.56,-8.98,-8.98,-8.98,14.11,14.11,0.00,0.00,30.00,30.00,6.13,6.72,6.72,6.72,6.20,6.18,6.17,6.17,6.15,6.12,6.11,6.11,6.11,6.11,7.33,7.32,7.31,7.31,7.30,7.28,7.27,7.27,7.27,7.27,85.29,0.00,0.00,1.00,1.00,0.00,1.00,-1.00,0,None,0,aggregation
160,230.54,remora9,remora3,-7.97,-6.51,-6.51,-5.05,-5.05,-3.69,-3.69,-2.43,-2.43,-2.43,7.72,8.30,8.30,8.78,8.78,9.21,9.21,9.60,9.60,9.60,6.11,6.10,6.10,6.10,6.10,6.10,6.09,6.09,6.08,6.08,7.27,7.27,7.26,7.26,7.26,7.25,7.25,7.24,7.24,7.23,80.76,0.00,0.00,1.00,0.00,0.00,0.00,-1.00,0,None,0,aggregation
160,231.54,remora9,remora3,30.00,30.00,30.00,30.00,30.00,30.00,30.00,30.00,30.00,30.00,30.00,30.00,30.00,30.00,30.00,30.00,30.00,30.00,30.00,30.00,6.06,6.03,6.00,5.97,5.94,5.90,5.87,5.83,5.80,5.76,7.21,7.18,7.15,7.12,7.08,7.05,7.02,6.98,6.95,6.91,104.87,0.00,0.00,1.00,0.00,0.00,0.00,-1.00,0,None,0,aggregation
160,232.54,remora9,remora3,30.00,30.00,30.00,30.00,30.00,30.00,30.00,30.00,30.00,30.00,30.00,30.00,30.00,30.00,30.00,30.00,30.00,30.00,30.00,30.00,5.73,5.69,5.65,5.61,5.57,5.53,5.49,5.45,5.41,5.37,6.87,6.84,6.80,6.76,6.72,6.69,6.65,6.61,6.57,6.53,127.68,0.00,0.00,1.00,0.00,0.00,0.00,-1.00,0,None,0,aggregation
160,233.54,remora9,remora3,30.00,30.00,30.00,30.00,30.00,30.00,0.00,0.00,29.09,29.09,30.00,30.00,30.00,30.00,30.00,30.00,0.00,0.00,26.54,26.54,5.33,5.28,5.24,5.19,5.15,5.10,5.07,5.05,5.02,4.98,6.49,6.45,6.41,6.37,6.33,6.29,6.26,6.25,6.22,6.18,143.72,0.00,0.00,1.00,0.00,0.00,0.00,-1.00,0,None,0,aggregation
160,234.54,remora9,remora3,29.20,29.20,29.30,29.30,29.35,29.35,29.45,29.45,29.54,29.54,26.74,26.74,26.93,26.93,27.03,27.03,27.22,27.22,27.40,27.40,4.93,4.88,4.84,4.79,4.75,4.70,4.65,4.61,4.56,4.51,6.15,6.11,6.08,6.04,6.00,5.96,5.92,5.88,5.84,5.80,163.10,0.00,0.00,1.00,0.00,0.00,0.00,-1.00,0,None,0,aggregation
160,235.54,remora9,remora3,29.62,29.62,29.70,29.70,29.73,29.73,29.80,29.80,29.83,29.83,27.57,27.57,27.74,27.74,27.83,27.83,27.99,27.99,28.07,28.07,4.46,4.42,4.37,4.32,4.28,4.23,4.18,4.14,4.09,4.04,5.76,5.73,5.69,5.65,5.61,5.57,5.54,5.50,5.46,5.42,184.60,0.00,0.00,1.00,0.00,0.00,0.00,-1.00,0,None,0,aggregation
160,236.54,remora9,remora3,29.87,29.87,29.89,29.89,29.92,29.92,29.95,29.95,29.95,29.95,28.14,28.14,28.22,28.22,28.29,28.29,28.37,28.37,28.37,28.37,4.00,3.95,3.91,3.86,3.82,3.77,3.73,3.68,3.64,3.59,5.39,5.35,5.31,5.28,5.24,5.21,5.17,5.14,5.10,5.07,207.15,0.00,0.00,1.00,0.00,0.00,0.00,-1.00,0,None,0,aggregation
160,237.54,remora9,remora3,30.00,30.00,30.00,30.02,30.02,30.02,30.02,30.02,30.02,30.02,28.51,28.51,28.51,28.58,28.58,28.58,28.58,28.58,28.58,28.58,3.55,3.51,3.46,3.42,3.38,3.34,3.29,3.25,3.21,3.17,5.03,5.00,4.96,4.93,4.90,4.86,4.83,4.80,4.76,4.73,222.05,0.00,0.00,1.00,0.00,0.00,0.00,-1.00,0,None,0,aggregation
160,238.54,remora9,remora3,30.02,30.02,30.04,30.04,30.07,30.07,30.11,30.11,30.13,30.13,28.58,28.58,28.65,28.65,28.74,28.74,28.91,28.91,28.99,28.99,3.13,3.09,3.05,3.00,2.96,2.92,2.88,2.84,2.80,2.76,4.70,4.67,4.63,4.60,4.57,4.54,4.51,4.48,4.45,4.42,240.54,0.00,1.00,1.00,0.00,0.00,0.00,-1.00,0,None,0,aggregation
160,239.54,remora9,remora3,30.16,30.16,30.16,30.16,30.18,30.18,30.18,30.18,30.18,30.18,29.15,29.15,29.15,29.15,29.27,29.27,29.38,29.38,29.36,29.36,2.72,2.69,2.65,2.61,2.57,2.53,2.49,2.46,2.42,2.38,4.39,4.36,4.33,4.30,4.27,4.24,4.21,4.18,4.16,4.13,260.28,0.00,1.00,1.00,0.00,0.00,0.00,-1.00,0,None,0,aggregation
160,240.54,remora9,remora3,30.18,30.18,30.18,30.18,30.18,30.18,30.18,30.18,30.18,30.18,29.37,29.37,29.38,29.38,29.37,29.37,29.34,29.34,29.28,29.28,2.35,2.31,2.28,2.24,2.21,2.17,2.14,2.11,2.08,2.05,4.10,4.07,4.05,4.02,4.00,3.97,3.95,3.92,3.90,3.87,287.86,0.00,1.00,1.00,0.00,0.00,0.00,-1.00,0,None,0,aggregation
160,241.54,remora9,remora3,30.17,30.17,30.17,30.17,30.15,30.15,30.13,30.13,30.10,30.10,29.25,29.25,29.22,29.22,29.11,29.11,29.00,29.00,28.86,28.86,2.02,1.99,1.96,1.93,1.91,1.88,1.86,1.83,1.81,1.79,3.85,3.83,3.81,3.78,3.76,3.74,3.72,3.70,3.68,3.66,287.48,0.00,1.00,1.00,0.00,0.00,0.00,-1.00,0,None,0,aggregation
160,242.54,remora9,remora3,30.08,30.08,30.03,30.00,30.00,30.00,29.94,29.94,0.00,0.00,28.77,28.77,28.59,28.50,28.50,28.50,28.33,28.33,0.00,0.00,1.77,1.75,1.73,1.72,1.70,1.69,1.68,1.67,1.67,1.68,3.65,3.63,3.61,3.60,3.58,3.57,3.55,3.54,3.53,3.54,280.89,0.00,1.00,1.00,0.00,0.00,0.00,-1.00,0,None,0,aggregation
160,243.54,remora9,remora3,0.00,0.00,0.00,0.00,0.00,0.00,0.00,0.00,0.00,0.00,0.00,0.00,0.00,0.00,0.00,0.00,0.00,0.00,0.00,0.00,1.69,1.71,1.73,1.74,1.75,1.74,1.73,1.73,1.72,1.71,5.16,5.16,5.16,5.16,5.16,5.16,5.16,5.15,5.15,5.14,257.33,0.00,1.00,1.00,0.00,0.00,0.00,-1.00,0,None,0,aggregation
160,244.54,remora9,remora3,0.00,0.00,0.00,0.00,0.00,0.00,0.00,0.00,0.00,0.00,0.00,0.00,0.00,0.00,0.00,0.00,0.00,0.00,0.00,0.00,1.70,1.69,1.70,1.73,1.74,1.74,1.73,1.72,1.71,1.71,5.14,5.14,5.14,5.14,5.14,5.14,5.14,5.14,5.13,5.13,229.11,0.00,1.00,1.00,0.00,0.00,0.00,-1.00,0,None,0,aggregation
160,245.54,remora9,remora3,0.00,0.00,0.00,0.00,0.00,0.00,0.00,0.00,0.00,0.00,0.00,0.00,0.00,0.00,0.00,0.00,0.00,0.00,0.00,0.00,1.70,1.69,1.69,1.71,1.73,1.73,1.72,1.72,1.71,1.71,5.13,5.12,5.12,5.13,5.13,5.13,5.13,5.13,5.13,5.13,200.33,0.00,1.00,1.00,0.00,0.00,0.00,-1.00,0,None,0,aggregation
160,246.54,remora9,remora3,0.00,0.00,0.00,0.00,0.00,0.00,0.00,0.00,0.00,0.00,0.00,0.00,0.00,0.00,0.00,0.00,0.00,0.00,0.00,0.00,1.71,1.73,1.74,1.74,1.74,1.74,1.73,1.73,1.74,1.75,5.13,5.13,5.13,5.13,5.13,5.13,5.13,5.13,5.13,5.13,171.23,0.00,1.00,1.00,0.00,0.00,0.00,-1.00,0,None,0,aggregation
160,247.54,remora9,remora3,0.00,0.00,0.00,0.00,0.00,0.00,0.00,0.00,0.00,0.00,0.00,0.00,0.00,0.00,0.00,0.00,0.00,0.00,0.00,0.00,1.76,1.77,1.78,1.79,1.81,1.82,1.83,1.85,1.86,1.88,5.14,5.14,5.14,5.14,5.15,5.15,5.16,5.17,5.17,5.18,141.94,0.00,1.00,1.00,0.00,0.00,0.00,-1.00,0,None,0,aggregation
160,248.54,remora9,remora3,0.00,0.00,0.00,0.00,0.00,0.00,0.00,0.00,0.00,0.00,0.00,0.00,0.00,0.00,0.00,0.00,0.00,0.00,0.00,0.00,1.89,1.89,1.88,1.88,1.88,1.90,1.91,1.92,1.93,1.94,5.19,5.20,5.20,5.21,5.21,5.22,5.23,5.24,5.25,5.26,112.52,0.00,1.00,1.00,0.00,0.00,0.00,-1.00,0,None,0,aggregation
160,249.54,remora9,remora3,0.00,0.00,0.00,0.00,0.00,0.00,0.00,0.00,0.00,0.00,0.00,0.00,0.00,0.00,0.00,0.00,0.00,0.00,0.00,0.00,1.96,1.97,1.98,2.00,2.01,2.03,2.03,2.03,2.04,2.05,5.27,5.27,5.28,5.29,5.30,5.31,5.32,5.32,5.33,5.34,82.80,0.00,1.00,1.00,0.00,0.00,0.00,-1.00,0,None,0,aggregation
160,250.54,remora9,remora3,0.00,0.00,0.00,0.00,0.00,0.00,0.00,0.00,0.00,0.00,0.00,0.00,0.00,0.00,0.00,0.00,0.00,0.00,0.00,0.00,2.07,2.08,2.09,2.09,2.09,2.09,2.08,2.08,2.08,2.09,5.34,5.35,5.36,5.36,5.37,5.37,5.38,5.38,5.39,5.39,53.03,0.00,1.00,1.00,0.00,0.00,0.00,-1.00,0,None,0,aggregation
160,251.54,remora9,remora3,0.00,0.00,0.00,0.00,0.00,0.00,0.00,0.00,0.00,0.00,0.00,0.00,0.00,0.00,0.00,0.00,0.00,0.00,0.00,0.00,2.10,2.11,2.11,2.12,2.13,2.14,2.15,2.16,2.17,2.18,5.40,5.40,5.41,5.42,5.42,5.43,5.43,5.44,5.45,5.45,23.42,0.00,1.00,0.00,0.00,0.00,0.00,-1.00,0,None,0,aggregation
160,252.54,remora9,remora3,0.00,0.00,0.00,0.00,0.00,0.00,0.00,0.00,0.00,0.00,0.00,0.00,0.00,0.00,0.00,0.00,0.00,0.00,0.00,0.00,2.19,2.20,2.22,2.23,2.24,2.26,2.26,2.26,2.26,2.26,5.46,5.47,5.47,5.48,5.49,5.49,5.50,5.50,5.50,5.51,0.00,0.00,1.00,0.00,0.00,0.00,0.00,-1.00,0,None,0,aggregation
160,253.54,remora9,remora3,0.00,0.00,0.00,0.00,0.00,0.00,0.00,0.00,0.00,0.00,0.00,0.00,0.00,0.00,0.00,0.00,0.00,0.00,0.00,0.00,2.25,2.25,2.25,2.26,2.26,2.27,2.28,2.28,2.29,2.30,5.51,5.51,5.51,5.52,5.52,5.53,5.53,5.53,5.54,5.54,0.00,0.00,1.00,0.00,0.00,0.00,0.00,-1.00,0,None,0,aggregation
160,254.54,remora9,remora3,0.00,0.00,0.00,0.00,0.00,0.00,0.00,0.00,0.00,0.00,0.00,0.00,0.00,0.00,0.00,0.00,0.00,0.00,0.00,0.00,2.30,2.31,2.32,2.32,2.31,2.31,2.31,2.32,2.32,2.33,5.54,5.55,5.55,5.55,5.56,5.56,5.57,5.57,5.58,5.58,0.00,0.00,1.00,0.00,0.00,0.00,0.00,-1.00,0,None,0,aggregation
160,255.54,remora9,remora3,0.00,0.00,0.00,0.00,0.00,0.00,0.00,0.00,0.00,0.00,0.00,0.00,0.00,0.00,0.00,0.00,0.00,0.00,0.00,0.00,2.33,2.34,2.35,2.35,2.36,2.35,2.35,2.35,2.35,2.35,5.59,5.60,5.60,5.61,5.61,5.62,5.62,5.62,5.63,5.63,0.00,0.00,1.00,0.00,0.00,0.00,0.00,-1.00,0,None,0,aggregation
160,256.54,remora9,remora3,0.00,0.00,0.00,0.00,0.00,0.00,0.00,0.00,0.00,0.00,0.00,0.00,0.00,0.00,0.00,0.00,0.00,0.00,0.00,0.00,2.36,2.36,2.37,2.37,2.38,2.39,2.39,2.39,2.39,2.40,5.63,5.63,5.64,5.64,5.64,5.64,5.64,5.64,5.64,5.64,0.00,0.00,1.00,0.00,0.00,0.00,0.00,-1.00,0,None,0,aggregation
160,257.54,remora9,remora3,0.00,0.00,0.00,0.00,0.00,0.00,0.00,0.00,0.00,0.00,0.00,0.00,0.00,0.00,0.00,0.00,0.00,0.00,0.00,0.00,2.40,2.41,2.42,2.41,2.41,2.41,2.41,2.41,2.41,2.42,5.65,5.65,5.65,5.65,5.65,5.65,5.65,5.65,5.65,5.65,0.00,0.00,1.00,0.00,0.00,0.00,0.00,-1.00,0,None,0,aggregation
160,258.54,remora9,remora3,0.00,0.00,0.00,0.00,0.00,0.00,0.00,0.00,0.00,0.00,0.00,0.00,0.00,0.00,0.00,0.00,0.00,0.00,0.00,0.00,2.42,2.43,2.43,2.43,2.43,2.42,2.42,2.43,2.43,2.43,5.65,5.65,5.65,5.65,5.65,5.65,5.65,5.65,5.65,5.65,0.00,0.00,1.00,0.00,0.00,0.00,0.00,-1.00,0,None,0,aggregation
160,259.54,remora9,remora3,0.00,0.00,0.00,0.00,0.00,0.00,0.00,0.00,0.00,0.00,0.00,0.00,0.00,0.00,0.00,0.00,0.00,0.00,0.00,0.00,2.44,2.44,2.45,2.45,2.46,2.47,2.48,2.47,2.47,2.46,5.65,5.65,5.65,5.65,5.65,5.65,5.65,5.65,5.65,5.65,0.00,0.00,1.00,0.00,0.00,0.00,0.00,-1.00,0,None,0,aggregation
160,260.54,remora9,remora3,0.00,0.00,0.00,0.00,0.00,0.00,0.00,0.00,0.00,0.00,0.00,0.00,0.00,0.00,0.00,0.00,0.00,0.00,0.00,0.00,2.46,2.47,2.48,2.48,2.49,2.50,2.50,2.49,2.49,2.49,5.65,5.64,5.64,5.64,5.64,5.64,5.64,5.64,5.63,5.63,0.00,0.00,1.00,0.00,0.00,0.00,0.00,-1.00,0,None,0,aggregation
160,261.54,remora9,remora3,0.00,0.00,0.00,0.00,0.00,0.00,0.00,0.00,0.00,0.00,0.00,0.00,0.00,0.00,0.00,0.00,0.00,0.00,0.00,0.00,2.49,2.49,2.49,2.50,2.50,2.51,2.52,2.52,2.53,2.52,5.62,5.62,5.62,5.62,5.61,5.61,5.61,5.61,5.60,5.60,0.00,0.00,1.00,0.00,0.00,0.00,0.00,-1.00,0,None,0,aggregation
160,262.54,remora9,remora3,0.00,0.00,0.00,0.00,0.00,0.00,0.00,0.00,0.00,0.00,0.00,0.00,0.00,0.00,0.00,0.00,0.00,0.00,0.00,0.00,2.52,2.52,2.51,2.52,2.52,2.53,2.54,2.54,2.55,2.56,5.59,5.59,5.58,5.58,5.57,5.57,5.57,5.56,5.56,5.55,0.00,0.00,1.00,0.00,0.00,0.00,0.00,-1.00,0,None,0,aggregation
160,263.54,remora9,remora3,0.00,0.00,-34.29,-34.29,-33.96,-33.96,-33.39,-33.39,-32.68,-31.93,0.00,0.00,-23.83,-23.83,-23.50,-23.50,-22.92,-22.92,-22.22,-21.46,2.56,2.56,2.56,2.58,2.61,2.64,2.67,2.69,2.72,2.75,5.55,5.54,5.55,5.57,5.59,5.61,5.63,5.65,5.67,5.69,22.60,0.00,1.00,0.00,0.00,0.00,0.00,-1.00,0,None,0,aggregation
160,264.54,remora9,remora3,-31.93,-31.93,-30.95,-29.93,-29.93,-29.93,-28.88,-28.88,-27.66,-27.66,-21.46,-21.46,-20.49,-19.46,-19.46,-19.46,-18.42,-18.42,-17.20,-17.20,2.78,2.81,2.84,2.86,2.88,2.90,2.93,2.96,2.98,2.99,5.71,5.73,5.75,5.77,5.78,5.80,5.82,5.84,5.85,5.86,47.14,0.00,1.00,1.00,0.00,0.00,0.00,-1.00,0,None,0,aggregation
160,265.54,remora9,remora3,-26.27,-26.27,-24.96,-24.96,-23.50,-23.50,-22.12,-22.12,-20.42,-20.42,-15.80,-15.80,-14.49,-14.49,-13.03,-13.03,-11.66,-11.66,-9.96,-9.96,3.00,3.01,3.03,3.04,3.06,3.08,3.09,3.11,3.12,3.14,5.88,5.89,5.90,5.91,5.92,5.93,5.94,5.95,5.96,5.97,65.36,0.00,0.00,1.00,0.00,0.00,0.00,-1.00,0,None,0,aggregation
160,266.54,remora9,remora3,-18.69,-18.69,-17.04,-17.04,-15.30,-15.30,-13.52,-13.52,-11.63,-11.63,-8.22,-8.22,-6.58,-6.58,-4.84,-4.84,-3.06,-3.06,-1.16,-1.16,3.15,3.17,3.18,3.18,3.18,3.18,3.19,3.20,3.20,3.21,5.97,5.98,5.98,5.99,5.99,5.99,5.99,5.99,5.99,5.99,75.37,0.00,0.00,1.00,0.00,0.00,0.00,-1.00,0,None,0,aggregation
160,267.54,remora9,remora3,-9.58,-9.58,-7.64,-7.64,-5.64,-5.64,-3.34,-3.34,-1.15,-1.15,0.89,0.89,2.82,2.82,4.82,4.82,6.75,6.75,8.50,8.50,3.22,3.23,3.23,3.23,3.23,3.23,3.23,3.23,3.24,3.24,5.99,5.98,5.98,5.98,5.97,5.96,5.96,5.95,5.95,5.94,77.87,0.00,0.00,1.00,0.00,0.00,0.00,-1.00,0,None,0,aggregation
160,268.54,remora9,remora3,1.13,1.13,3.06,3.06,5.15,5.15,7.00,7.00,8.97,8.97,10.32,10.32,11.85,11.85,13.51,13.51,14.97,14.97,16.51,16.51,3.25,3.26,3.27,3.28,3.29,3.30,3.31,3.31,3.31,3.31,5.94,5.94,5.94,5.95,5.95,5.95,5.95,5.95,5.95,5.95,87.12,0.00,0.00,1.00,0.00,0.00,0.00,-1.00,0,None,0,aggregation
160,269.54,remora9,remora3,10.71,10.71,12.33,12.33,13.75,13.75,15.14,16.64,16.64,17.71,17.87,17.87,19.12,19.12,20.21,20.21,21.26,22.39,22.39,23.18,3.32,3.33,3.35,3.36,3.37,3.38,3.39,3.39,3.41,3.42,5.95,5.95,5.95,5.96,5.96,6.76,6.76,6.75,6.75,6.74,104.29,0.00,0.00,1.00,0.00,0.00,0.00,-1.00,0,None,0,aggregation
160,270.54,remora9,remora3,17.71,17.71,18.89,18.89,19.97,19.97,20.90,20.90,21.80,21.80,23.18,23.18,24.04,24.04,24.82,24.82,25.48,25.48,26.10,26.10,3.44,3.46,3.48,3.50,3.52,3.55,3.57,3.60,3.62,3.64,6.74,5.92,5.91,5.91,5.90,5.90,5.89,5.89,5.88,5.88,126.58,0.00,0.00,1.00,0.00,0.00,0.00,-1.00,0,None,0,aggregation
160,271.54,remora9,remora3,22.57,22.57,23.27,23.27,23.92,23.92,24.50,24.50,25.04,25.04,26.63,26.63,27.09,27.09,27.52,27.52,27.89,27.89,28.23,28.23,3.65,3.67,3.69,3.71,3.74,3.77,3.80,3.83,3.85,3.87,5.87,5.87,5.87,5.86,5.86,5.86,5.86,5.86,5.87,5.86,152.24,0.00,0.00,1.00,0.00,0.00,0.00,-1.00,0,None,0,aggregation
160,272.54,remora9,remora3,25.55,25.55,26.01,26.01,26.44,26.44,26.73,26.73,27.05,27.05,28.54,28.54,28.80,28.80,29.04,29.04,29.20,29.20,29.36,29.36,3.89,3.91,3.94,3.97,3.99,4.02,4.05,4.08,4.12,4.15,5.86,5.86,5.87,5.87,5.87,5.88,5.88,5.88,5.89,5.89,179.91,0.00,0.00,1.00,0.00,0.00,0.00,-1.00,0,None,0,aggregation
160,273.54,remora9,remora3,27.29,27.29,27.64,27.64,27.83,28.01,28.01,28.01,28.24,28.24,29.49,29.49,29.65,29.65,29.73,29.81,29.81,29.81,29.90,29.90,4.18,4.22,4.25,4.27,4.29,4.31,4.34,4.37,4.40,4.43,5.90,5.91,5.91,5.92,5.92,5.93,5.93,5.94,5.95,5.95,186.08,0.00,0.00,1.00,0.00,0.00,0.00,-1.00,0,None,0,aggregation
160,274.54,remora9,remora3,28.38,28.38,28.53,28.53,28.66,28.66,28.78,28.78,28.93,28.93,29.96,29.96,30.00,30.00,30.05,30.05,30.08,30.08,30.12,30.12,4.47,4.50,4.53,4.57,4.60,4.64,4.67,4.69,4.72,4.74,5.96,5.97,5.98,5.99,6.00,6.01,6.02,6.02,6.03,6.04,190.90,0.00,0.00,1.00,0.00,0.00,0.00,-1.00,0,None,0,aggregation
160,275.54,remora9,remora3,29.09,29.09,29.16,29.16,29.30,29.30,29.45,29.45,29.46,29.46,30.15,30.15,30.16,30.16,30.18,30.18,30.19,30.19,30.19,30.19,4.77,4.80,4.83,4.87,4.90,4.94,4.97,5.01,5.04,5.06,6.05,6.06,6.07,6.08,6.09,6.10,6.11,6.12,6.13,6.14,202.41,0.00,0.00,1.00,0.00,0.00,0.00,-1.00,0,None,0,aggregation
160,276.54,remora9,remora3,29.62,29.98,29.98,29.98,29.98,29.98,0.00,0.00,30.00,30.00,30.17,30.02,30.02,30.02,30.02,30.02,0.00,0.00,30.00,30.00,5.09,5.11,5.14,5.17,5.21,5.24,5.26,5.26,5.28,5.32,6.15,6.16,6.17,6.18,6.20,6.21,6.21,6.20,6.20,6.21,216.39,0.00,0.00,1.00,0.00,0.00,0.00,-1.00,0,None,0,aggregation
160,277.54,remora9,remora3,30.00,30.00,30.00,30.00,30.00,30.00,30.00,30.00,30.00,30.00,30.00,30.00,30.00,30.00,30.00,30.00,30.00,30.00,30.00,30.00,5.35,5.37,5.40,5.44,5.48,5.51,5.55,5.57,5.57,5.57,6.22,6.23,6.24,6.25,6.27,6.28,6.29,6.30,6.31,6.32,243.88,0.00,0.00,1.00,0.00,0.00,0.00,-1.00,0,None,0,aggregation
160,278.54,remora9,remora3,30.00,30.00,30.00,30.00,30.00,30.00,30.00,30.00,30.00,30.00,30.00,30.00,30.00,30.00,30.00,30.00,30.00,30.00,30.00,30.00,5.56,5.56,5.56,5.55,5.55,5.55,5.54,5.54,5.54,5.53,6.33,6.35,6.36,6.37,6.39,6.40,6.41,6.42,6.43,6.44,264.63,0.00,0.00,1.00,0.00,0.00,0.00,-1.00,0,None,0,aggregation
160,279.54,remora9,remora3,30.00,30.00,30.00,30.00,30.00,30.00,30.00,30.00,30.00,30.00,30.00,30.00,30.00,30.00,30.00,30.00,30.00,30.00,30.00,30.00,5.53,5.53,5.52,5.52,5.52,5.51,5.51,5.51,5.51,5.50,6.45,6.46,6.48,6.49,6.50,6.52,6.53,6.54,6.56,6.57,277.47,0.00,0.00,1.00,0.00,0.00,0.00,-1.00,0,None,0,aggregation
160,280.54,remora9,remora3,30.00,30.00,30.00,30.00,30.00,30.00,30.00,30.00,30.00,30.00,30.00,30.00,30.00,30.00,30.00,30.00,30.00,30.00,30.00,30.00,5.50,5.50,5.49,5.49,5.49,5.48,5.48,5.48,5.48,5.47,6.58,6.59,6.60,6.61,6.62,6.64,6.65,6.66,6.68,6.69,285.18,0.00,0.00,1.00,0.00,0.00,0.00,-1.00,0,None,0,aggregation
160,281.54,remora9,remora3,30.00,30.00,30.00,30.00,30.00,30.00,30.00,30.00,30.00,30.00,30.00,30.00,30.00,30.00,30.00,30.00,30.00,30.00,30.00,30.00,5.47,5.47,5.46,5.46,5.46,5.45,5.45,5.45,5.44,5.44,6.71,6.72,6.73,6.74,6.75,6.76,6.77,6.79,6.80,6.82,289.51,0.00,0.00,1.00,0.00,0.00,0.00,-1.00,0,None,0,aggregation
160,131.54,remora9,remora5,0.00,0.00,0.00,0.00,0.00,0.00,0.00,0.00,0.00,0.00,0.00,0.00,0.00,0.00,0.00,0.00,0.00,0.00,0.00,0.00,2.68,2.70,2.73,2.76,2.78,2.81,2.84,2.86,2.89,2.92,6.22,6.24,6.25,6.26,6.28,6.29,6.30,6.30,6.31,6.32,0.00,0.00,1.00,0.00,0.00,0.00,0.00,-1.00,0,None,0,aggregation
160,132.54,remora9,remora5,0.00,0.00,0.00,0.00,0.00,0.00,0.00,0.00,0.00,0.00,0.00,0.00,0.00,0.00,0.00,0.00,0.00,0.00,0.00,0.00,2.94,2.97,2.99,3.02,3.05,3.07,3.10,3.12,3.15,3.17,6.34,6.35,6.36,6.37,6.38,6.38,6.39,6.40,6.41,6.42,0.00,0.00,0.00,0.00,0.00,0.00,0.00,-1.00,0,None,0,aggregation
160,133.54,remora9,remora5,0.00,0.00,0.00,0.00,0.00,0.00,0.00,0.00,0.00,0.00,0.00,0.00,0.00,0.00,0.00,0.00,0.00,0.00,0.00,0.00,3.20,3.22,3.25,3.27,3.30,3.32,3.34,3.37,3.39,3.42,6.43,6.45,6.46,6.47,6.48,6.49,6.49,6.50,5.99,5.99,0.00,0.00,0.00,0.00,0.00,0.00,0.00,-1.00,0,None,0,aggregation
160,134.54,remora9,remora5,0.00,0.00,0.00,0.00,0.00,0.00,0.00,0.00,0.00,0.00,0.00,0.00,0.00,0.00,0.00,0.00,0.00,0.00,0.00,0.00,3.44,3.46,3.49,3.51,3.53,3.56,3.58,3.60,3.63,3.65,6.00,6.00,6.01,6.01,6.02,6.02,6.03,6.03,6.04,6.05,0.00,0.00,0.00,0.00,0.00,0.00,0.00,-1.00,0,None,0,aggregation
160,135.54,remora9,remora5,0.00,0.00,0.00,0.00,0.00,0.00,0.00,0.00,0.00,0.00,0.00,0.00,0.00,0.00,0.00,0.00,0.00,0.00,0.00,0.00,3.67,3.70,3.72,3.74,3.77,3.79,3.81,3.83,3.86,3.88,6.05,6.06,6.06,6.06,6.07,6.08,6.08,6.09,6.10,6.10,0.00,0.00,0.00,0.00,0.00,0.00,0.00,-1.00,0,None,0,aggregation
160,131.54,remora9,remora2,2.43,2.43,3.97,3.97,3.07,3.07,3.01,3.01,3.52,3.52,-13.26,-13.26,12.57,12.57,11.86,11.86,-12.69,-12.69,12.21,12.21,4.28,4.29,4.30,4.31,4.31,4.30,4.29,4.28,4.28,4.27,6.42,6.42,6.42,6.43,6.43,6.43,6.43,6.42,6.42,6.42,180.51,0.00,0.00,1.00,1.00,0.00,1.00,-1.00,0,None,0,aggregation
160,132.54,remora9,remora2,3.07,3.07,3.06,3.06,3.44,3.44,0.33,0.33,-0.13,-0.13,11.86,11.86,-12.64,-12.64,-12.25,-12.25,9.68,9.68,9.31,9.31,4.27,4.26,4.26,4.25,4.25,4.24,4.24,4.23,4.23,4.22,6.42,6.42,6.42,6.42,6.42,6.42,6.41,6.41,6.41,6.41,157.19,0.00,0.00,1.00,1.00,0.00,1.00,-1.00,0,None,0,aggregation
160,133.54,remora9,remora2,2.16,2.16,3.97,3.97,2.94,2.94,4.64,4.64,4.42,4.42,11.13,11.13,12.57,12.57,-12.76,-12.76,13.10,13.10,12.93,12.93,4.22,4.21,4.21,4.21,4.20,4.18,4.17,4.17,4.16,4.15,6.41,6.41,6.42,6.42,6.42,6.41,6.41,6.41,6.42,6.42,136.72,0.00,0.00,1.00,1.00,0.00,1.00,-1.00,0,None,0,aggregation
160,134.54,remora9,remora2,2.94,3.32,3.32,1.70,1.70,1.70,1.70,1.70,3.97,3.15,-12.75,-12.37,-12.37,10.77,10.77,10.77,10.77,10.77,12.57,-12.55,4.14,4.13,4.12,4.11,4.10,4.09,4.08,4.07,4.06,4.05,6.42,6.42,6.41,6.41,6.41,6.41,6.42,6.42,6.42,6.42,115.84,0.00,0.00,1.00,1.00,0.00,1.00,-1.00,0,None,0,aggregation
160,135.54,remora9,remora2,3.15,3.60,3.60,3.60,0.79,0.79,0.33,0.33,2.16,2.16,-12.55,-12.10,-12.10,-12.10,10.04,10.04,9.68,9.68,11.13,11.13,4.04,4.02,4.01,4.00,3.98,3.97,3.96,3.95,3.94,3.93,6.42,6.41,6.41,6.41,6.40,6.40,6.40,6.40,6.40,6.40,95.85,0.00,0.00,1.00,1.00,0.00,1.00,-1.00,0,None,0,aggregation
160,136.54,remora9,remora2,4.19,4.19,3.03,3.03,3.41,3.41,1.25,1.25,1.25,1.25,12.75,12.75,-12.67,-12.67,-12.29,-12.29,10.41,10.41,10.41,10.41,3.92,3.91,3.90,3.89,3.87,3.86,3.85,3.85,3.84,3.84,6.41,6.41,6.41,6.40,6.40,6.59,6.59,6.60,6.60,6.61,75.52,0.00,0.00,1.00,1.00,0.00,1.00,-1.00,0,None,0,aggregation
160,137.54,remora9,remora2,3.07,3.07,3.28,3.28,3.52,3.07,3.07,3.07,3.31,3.70,11.86,11.86,-12.42,-12.42,12.21,11.86,11.86,11.86,-12.38,-12.00,3.83,3.83,3.82,3.81,3.81,3.80,3.80,3.80,3.79,3.79,6.61,6.62,6.62,6.62,6.61,6.62,6.62,6.62,6.62,6.62,69.93,0.00,0.00,1.00,1.00,0.00,1.00,-1.00,0,None,0,aggregation
160,138.54,remora9,remora2,3.70,3.70,0.10,0.10,0.10,0.10,2.39,2.39,4.19,4.19,-12.00,-12.00,9.49,9.49,9.49,9.49,11.32,11.32,12.75,12.75,3.79,3.79,3.79,3.78,3.78,3.78,3.79,3.79,3.79,3.79,6.62,6.62,6.62,6.62,6.63,6.63,6.64,6.64,6.65,6.65,65.98,0.00,0.00,1.00,1.00,0.00,1.00,-1.00,0,None,0,aggregation
160,139.54,remora9,remora2,3.03,3.03,3.41,3.41,1.70,1.70,1.25,1.25,3.29,3.29,-12.66,-12.66,-12.28,-12.28,10.77,10.77,10.41,10.41,12.04,12.04,3.79,3.79,3.79,3.78,3.78,3.78,3.78,3.78,3.78,3.78,6.65,6.65,6.65,6.65,6.65,6.65,6.65,6.66,6.66,6.66,62.28,0.00,0.00,1.00,1.00,0.00,1.00,-1.00,0,None,0,aggregation
160,140.54,remora9,remora2,5.31,5.31,2.94,2.94,3.26,3.26,3.07,3.07,2.39,2.39,13.63,13.63,-12.76,-12.76,-12.44,-12.44,11.86,11.86,11.32,11.32,3.79,3.79,3.79,3.78,3.78,3.78,3.78,3.78,3.78,3.78,6.66,6.67,6.68,6.68,6.68,6.68,6.69,6.69,6.69,6.69,60.90,0.00,0.00,1.00,1.00,0.00,1.00,-1.00,0,None,0,aggregation
160,141.54,remora9,remora2,4.42,4.42,3.31,3.63,3.63,3.63,1.93,1.93,1.70,1.70,12.93,12.93,-12.39,-12.07,-12.07,-12.07,10.95,10.95,10.77,10.77,3.78,3.78,3.78,3.78,3.78,3.78,3.78,3.78,3.78,3.78,6.70,6.70,6.70,6.70,6.70,6.70,6.70,6.71,6.71,6.71,60.12,0.00,0.00,1.00,1.00,0.00,1.00,-1.00,0,None,0,aggregation
160,142.54,remora9,remora2,3.74,3.74,3.59,4.19,4.19,4.19,4.19,3.43,3.43,3.43,12.39,12.39,-12.11,12.75,12.75,12.75,12.75,-12.27,-12.27,-12.27,3.79,3.79,3.79,3.80,3.80,3.81,3.81,3.82,3.83,3.83,6.72,6.72,6.73,6.73,6.73,6.74,6.75,6.76,6.76,6.77,61.63,0.00,0.00,1.00,1.00,0.00,1.00,-1.00,0,None,0,aggregation
160,143.54,remora9,remora2,3.89,3.89,1.02,1.02,1.02,1.02,2.84,2.84,3.76,3.76,-11.81,-11.81,10.23,10.23,10.23,10.23,11.68,11.68,-11.94,-11.94,3.84,3.85,3.85,3.86,3.87,3.89,3.90,3.91,3.92,3.93,6.77,6.78,6.78,6.78,6.79,6.79,6.80,6.80,6.81,6.81,59.46,0.00,0.00,1.00,1.00,0.00,1.00,-1.00,0,None,0,aggregation
160,265.54,remora9,remora2,29.87,29.87,29.89,29.89,29.92,29.92,29.92,29.92,29.92,29.92,28.14,28.14,28.22,28.22,28.29,28.29,28.29,28.29,28.29,28.29,3.35,3.36,3.36,3.36,3.36,3.36,3.36,3.36,3.36,3.37,6.82,6.80,6.78,6.76,6.74,6.72,6.70,6.68,6.66,6.65,289.78,0.00,0.00,1.00,0.00,0.00,0.00,-1.00,0,None,0,aggregation
160,266.54,remora9,remora2,29.95,29.95,29.97,29.97,29.97,29.97,29.97,30.02,30.02,30.02,28.37,28.37,28.44,28.44,28.44,28.44,28.44,28.58,28.58,28.58,3.37,3.37,3.37,3.37,3.37,3.37,3.38,3.38,3.38,3.38,6.63,6.61,6.59,6.57,6.55,6.54,6.52,6.50,6.48,6.46,290.67,0.00,0.00,1.00,0.00,0.00,0.00,-1.00,0,None,0,aggregation
160,267.54,remora9,remora2,30.02,30.02,30.02,30.02,30.04,30.04,30.06,30.06,30.06,30.06,28.58,28.58,28.58,28.58,28.65,28.65,28.71,28.71,28.71,28.71,3.38,3.38,3.38,3.38,3.39,3.39,3.39,3.39,3.39,3.39,6.44,6.43,6.41,6.39,6.37,6.36,6.34,6.32,6.30,6.28,291.19,0.00,0.00,1.00,0.00,0.00,0.00,-1.00,0,None,0,aggregation
160,268.54,remora9,remora2,30.08,30.08,30.10,30.10,30.10,30.10,30.10,30.10,30.11,30.13,28.78,28.78,28.84,28.84,28.84,28.84,28.84,28.84,28.90,28.96,3.39,3.39,3.39,3.39,3.39,3.39,3.39,3.39,3.39,3.39,6.27,6.24,6.22,6.20,6.18,6.16,6.14,6.12,6.10,6.08,291.57,0.00,0.00,1.00,0.00,0.00,0.00,-1.00,0,None,0,aggregation
160,269.54,remora9,remora2,30.13,30.13,30.13,30.13,30.13,30.13,30.14,30.14,30.14,30.14,28.96,28.96,28.96,28.96,28.96,28.96,29.02,29.02,29.02,29.02,3.39,3.39,3.38,3.38,3.38,3.38,3.38,3.38,3.38,3.37,6.06,6.04,6.02,6.00,5.98,6.77,6.74,6.72,6.70,6.68,291.92,0.00,0.00,1.00,0.00,0.00,0.00,-1.00,0,None,0,aggregation
160,270.54,remora9,remora2,30.15,30.15,30.15,30.15,30.15,30.15,30.15,30.15,30.18,30.18,29.08,29.08,29.08,29.08,29.08,29.08,29.08,29.08,29.31,29.31,3.37,3.37,3.37,3.37,3.37,3.36,3.36,3.36,3.36,3.36,6.66,6.64,6.61,6.59,6.57,6.55,6.53,6.51,6.49,6.47,292.38,0.00,0.00,1.00,0.00,0.00,0.00,-1.00,0,None,0,aggregation
160,271.54,remora9,remora2,30.18,30.18,30.18,30.18,30.18,30.18,30.18,30.18,30.18,30.18,29.38,29.38,29.42,29.42,29.42,29.42,29.55,29.55,29.58,29.58,3.35,3.35,3.35,3.35,3.34,3.34,3.34,3.34,3.34,3.33,6.45,6.43,6.42,6.40,6.38,6.36,6.34,6.33,6.31,6.29,293.11,0.00,0.00,1.00,0.00,0.00,0.00,-1.00,0,None,0,aggregation
160,272.54,remora9,remora2,30.18,30.18,30.18,30.18,30.18,30.18,30.18,30.18,30.19,30.19,29.54,29.54,29.61,29.61,29.51,29.51,29.48,29.48,29.42,29.42,3.33,3.33,3.33,3.32,3.32,3.32,3.32,3.31,3.31,3.31,6.28,6.26,6.25,6.23,6.22,6.20,6.19,6.18,6.16,6.15,293.95,0.00,0.00,1.00,0.00,0.00,0.00,-1.00,0,None,0,aggregation
160,273.54,remora9,remora2,30.18,30.18,30.17,30.17,30.15,30.15,30.13,30.10,30.10,30.10,29.41,29.41,29.22,29.22,29.06,29.06,28.98,28.84,28.84,28.84,3.31,3.31,3.30,3.30,3.30,3.30,3.30,3.30,3.29,3.29,6.14,6.13,6.12,6.10,6.09,6.08,6.07,6.06,6.05,6.04,294.61,0.00,0.00,1.00,0.00,0.00,0.00,-1.00,0,None,0,aggregation
160,274.54,remora9,remora2,30.10,30.10,30.10,30.10,30.10,30.10,30.10,30.10,30.10,30.10,28.84,28.84,28.84,28.84,28.84,28.84,28.84,28.84,28.84,28.84,3.29,3.29,3.29,3.29,3.29,3.28,3.28,3.28,3.28,3.28,6.03,6.02,6.01,6.01,6.00,5.99,5.98,5.98,5.97,5.96,295.08,0.00,0.00,1.00,0.00,0.00,0.00,-1.00,0,None,0,aggregation
160,275.54,remora9,remora2,30.10,30.10,30.10,30.10,30.10,30.10,30.10,30.10,30.06,30.06,28.84,28.84,28.84,28.84,28.84,28.84,28.84,28.84,28.71,28.71,3.28,3.28,3.28,3.28,3.27,3.27,3.27,3.27,3.27,3.27,5.95,5.95,5.94,5.94,5.93,5.93,5.92,5.92,5.91,5.91,295.45,0.00,0.00,1.00,0.00,0.00,0.00,-1.00,0,None,0,aggregation
160,276.54,remora9,remora2,30.06,30.06,30.09,30.09,30.12,30.12,30.15,30.15,30.16,30.16,28.71,28.71,28.81,28.81,28.94,28.94,29.09,29.09,29.12,29.12,3.27,3.27,3.27,3.27,3.27,3.27,3.26,3.26,3.26,3.26,5.90,5.90,5.89,5.89,5.88,5.88,5.88,5.87,5.86,5.86,295.75,0.00,0.00,1.00,0.00,0.00,0.00,-1.00,0,None,0,aggregation
160,277.54,remora9,remora2,30.17,30.17,30.18,30.18,30.18,30.18,30.18,30.18,30.17,30.17,29.26,29.26,29.38,29.38,29.41,29.41,29.52,29.52,29.62,29.65,3.26,3.26,3.26,3.26,3.26,3.26,3.26,3.26,3.26,3.26,5.86,5.86,5.85,5.85,5.85,5.85,5.85,5.84,5.84,5.84,296.22,0.00,0.00,1.00,0.00,0.00,0.00,-1.00,0,None,0,aggregation
160,278.54,remora9,remora2,30.17,30.17,30.15,30.15,30.14,30.14,30.11,30.11,30.10,30.10,29.65,29.65,29.74,29.74,29.76,29.76,29.84,29.84,29.86,29.86,3.26,3.25,3.25,3.25,3.25,3.25,3.25,3.25,3.25,3.25,5.84,5.84,5.83,5.83,5.83,5.83,5.83,5.83,5.83,5.83,296.69,0.00,0.00,1.00,0.00,0.00,0.00,-1.00,0,None,0,aggregation
160,279.54,remora9,remora2,30.07,30.07,30.06,30.06,30.04,30.04,30.03,30.03,30.00,30.00,29.92,29.92,29.93,29.93,29.96,29.96,29.97,29.97,30.00,30.00,3.25,3.25,3.25,3.25,3.25,3.25,3.25,3.25,3.25,3.25,5.83,5.83,5.83,5.83,5.83,5.83,5.83,5.83,5.83,5.83,297.13,0.00,0.00,1.00,0.00,0.00,0.00,-1.00,0,None,0,aggregation
160,280.54,remora9,remora2,29.94,29.94,29.93,29.93,29.95,29.95,29.90,29.90,29.88,29.88,30.05,30.05,30.06,30.06,30.05,30.05,30.08,30.08,30.09,30.09,3.25,3.26,3.26,3.26,3.26,3.26,3.26,3.26,3.26,3.26,5.83,5.83,5.83,5.83,5.84,5.84,5.84,5.84,5.84,5.84,297.48,0.00,0.00,1.00,0.00,0.00,0.00,-1.00,0,None,0,aggregation
160,281.54,remora9,remora2,29.83,29.83,29.86,29.86,29.79,29.79,29.77,29.77,29.76,29.76,30.11,30.11,30.10,30.10,30.13,30.13,30.14,30.14,30.14,30.14,3.26,3.27,3.27,3.27,3.27,3.27,3.27,3.27,3.28,3.28,5.84,5.84,5.84,5.84,5.85,5.85,5.85,5.86,5.86,5.86,297.62,0.00,0.00,1.00,0.00,0.00,0.00,-1.00,0,None,0,aggregation
160,282.54,remora9,remora2,29.75,29.75,29.73,29.73,29.70,29.70,29.63,29.63,29.63,29.63,30.14,30.14,30.15,30.15,30.16,30.16,30.17,30.17,30.17,30.17,3.28,3.28,3.28,3.29,3.29,3.29,3.29,3.30,3.30,3.30,5.87,5.87,5.87,5.87,5.34,5.35,5.35,5.36,5.36,5.37,297.70,0.00,0.00,1.00,0.00,0.00,0.00,-1.00,0,None,0,aggregation
160,283.54,remora9,remora2,29.60,29.60,29.58,29.58,29.61,29.61,29.55,29.55,29.51,29.51,30.18,30.18,30.18,30.18,30.17,30.17,30.18,30.18,30.18,30.18,3.31,3.31,3.31,3.31,3.32,3.32,3.32,3.33,3.33,3.34,5.38,5.38,5.39,5.40,5.41,5.42,5.42,5.42,5.42,5.42,297.96,0.00,0.00,1.00,0.00,0.00,0.00,-1.00,0,None,0,aggregation
160,284.54,remora9,remora2,29.49,29.49,29.51,29.51,29.44,29.44,29.40,29.40,29.43,29.43,30.18,30.18,30.18,30.18,30.19,30.19,30.18,30.18,30.19,30.19,3.34,3.34,3.35,3.35,3.36,3.36,3.37,3.37,3.37,3.38,5.42,5.42,5.42,5.43,5.43,5.43,5.43,5.43,5.43,5.43,298.31,0.00,0.00,1.00,0.00,0.00,0.00,-1.00,0,None,0,aggregation
160,285.54,remora9,remora2,29.35,29.35,29.31,29.31,29.33,29.33,29.29,28.70,28.70,28.70,30.18,30.18,30.18,30.18,30.18,30.18,30.18,30.06,30.06,30.06,3.38,3.39,3.39,3.40,3.40,3.41,3.42,3.42,3.43,3.43,5.44,5.44,5.45,5.45,5.46,5.46,5.46,5.46,5.46,5.47,298.50,0.00,0.00,1.00,0.00,0.00,0.00,-1.00,0,None,0,aggregation
160,286.54,remora9,remora2,28.64,28.64,28.60,28.60,28.48,28.48,28.33,28.33,28.11,28.11,30.04,30.04,30.03,30.03,29.99,29.99,29.94,29.94,29.85,29.85,3.44,3.45,3.45,3.46,3.47,3.47,3.48,3.49,3.50,3.50,5.47,5.47,5.48,5.48,5.49,5.49,5.49,5.50,5.50,5.50,298.17,0.00,0.00,1.00,0.00,0.00,0.00,-1.00,0,None,0,aggregation
160,287.54,remora9,remora2,27.93,27.93,27.96,27.96,27.70,27.70,27.52,27.52,27.13,27.13,29.78,29.78,29.79,29.79,29.68,29.68,29.60,29.60,29.41,29.41,3.51,3.52,3.53,3.54,3.55,3.55,3.56,3.57,3.58,3.59,5.51,5.52,5.52,5.52,5.53,5.53,5.53,5.54,4.05,4.05,297.01,0.00,0.00,1.00,0.00,0.00,0.00,-1.00,0,None,0,aggregation
160,288.54,remora9,remora2,27.22,27.22,27.05,27.05,26.87,26.87,26.53,26.53,26.08,26.08,29.45,29.45,29.37,29.37,29.27,29.27,29.09,29.09,28.84,28.84,3.60,3.61,3.62,3.64,3.64,3.64,3.64,3.63,3.63,3.62,4.05,4.05,4.06,4.06,4.06,4.06,4.25,4.24,4.23,4.23,295.04,0.00,0.00,1.00,0.00,0.00,0.00,-1.00,0,None,0,aggregation
160,289.54,remora9,remora2,25.85,25.85,25.66,25.66,25.13,25.13,24.54,24.54,23.80,23.80,28.71,28.71,28.60,28.60,28.28,28.28,27.92,27.92,27.44,27.44,3.62,3.61,3.61,3.60,3.60,3.60,3.59,3.59,3.58,3.58,4.22,4.22,4.22,4.21,4.20,4.19,4.18,4.18,4.18,4.17,291.63,0.00,0.00,1.00,0.00,0.00,0.00,-1.00,0,None,0,aggregation
160,290.54,remora9,remora2,23.43,23.43,22.84,22.84,21.91,21.91,21.55,21.55,21.00,21.00,27.20,27.20,26.81,26.81,26.18,26.18,25.93,25.93,25.55,25.55,3.57,3.57,3.56,3.56,3.56,3.55,3.55,3.54,3.54,3.53,4.17,4.16,4.15,4.14,4.13,4.13,4.12,4.12,4.12,4.11,285.88,0.00,0.00,1.00,0.00,0.00,0.00,-1.00,0,None,0,aggregation
160,291.54,remora9,remora2,20.34,20.34,19.98,19.98,19.31,19.31,19.03,19.03,18.45,18.45,25.08,25.08,24.83,24.83,24.35,24.35,24.15,24.15,23.72,23.72,3.53,3.52,3.52,3.51,3.51,3.50,3.49,3.49,3.48,3.48,4.11,4.10,4.09,4.08,4.07,4.07,4.06,4.06,4.05,4.04,277.84,0.00,0.00,1.00,0.00,0.00,0.00,-1.00,0,None,0,aggregation
160,292.54,remora9,remora2,18.19,18.19,18.06,18.06,17.91,17.91,17.93,17.93,17.82,17.82,23.53,23.53,23.44,23.44,23.32,23.32,23.34,23.34,23.26,23.26,3.47,3.46,3.46,3.45,3.44,3.43,3.43,3.42,3.41,3.40,4.03,4.03,4.02,4.01,4.00,3.99,3.99,3.98,3.97,5.97,268.60,0.00,0.00,1.00,0.00,0.00,0.00,-1.00,0,None,0,aggregation
160,293.54,remora9,remora2,17.91,17.71,17.71,17.71,18.04,18.04,18.21,18.21,18.55,18.55,23.33,23.18,23.18,23.18,23.42,23.42,23.55,23.55,23.80,23.80,3.39,3.39,3.38,3.37,3.36,3.35,3.34,3.33,3.32,3.31,5.96,5.94,5.93,5.91,5.90,5.89,5.88,5.86,5.85,5.84,259.48,0.00,0.00,1.00,0.00,0.00,0.00,-1.00,0,None,0,aggregation
160,294.54,remora9,remora2,18.88,18.88,19.02,19.02,19.47,19.47,19.94,19.94,20.12,20.12,24.03,24.03,24.13,24.13,24.46,24.46,24.80,24.80,24.93,24.93,3.30,3.28,3.27,3.26,3.25,3.23,3.22,3.21,3.19,3.16,5.82,5.80,5.79,5.77,5.75,5.73,5.72,5.70,5.68,5.66,251.64,0.00,0.00,1.00,0.00,0.00,0.00,-1.00,0,None,0,aggregation
160,295.54,remora9,remora2,20.36,20.36,20.48,20.48,20.65,20.65,20.79,20.79,20.95,20.95,25.09,25.09,25.19,25.19,25.30,25.30,25.40,25.40,25.52,25.52,3.13,3.11,3.08,3.05,3.02,2.99,2.96,2.94,2.91,2.88,5.64,5.61,5.59,5.56,5.54,5.52,5.49,5.47,5.45,5.42,244.97,0.00,0.00,1.00,0.00,0.00,0.00,-1.00,0,None,0,aggregation
160,296.54,remora9,remora2,21.16,21.16,21.26,21.26,21.57,21.57,21.90,21.90,22.04,22.04,25.66,25.66,25.73,25.73,25.94,25.94,26.17,26.17,26.27,26.27,2.85,2.82,2.80,2.77,2.74,2.72,2.69,2.67,2.64,2.62,5.40,5.38,5.35,5.33,5.30,5.27,5.25,5.22,5.20,5.18,239.54,0.00,1.00,1.00,0.00,0.00,0.00,-1.00,0,None,0,aggregation
160,297.54,remora9,remora2,22.33,22.33,22.44,22.44,22.77,22.77,22.99,23.23,23.23,23.23,26.47,26.47,26.54,26.54,26.77,26.77,26.91,27.07,27.07,27.07,2.59,2.57,2.54,2.52,2.50,2.48,2.46,2.44,2.42,2.40,5.15,5.13,5.10,5.08,5.05,5.03,5.00,4.98,4.96,4.93,235.66,0.00,1.00,1.00,0.00,0.00,0.00,-1.00,0,None,0,aggregation
160,298.54,remora9,remora2,23.42,23.42,23.62,23.62,24.03,24.03,24.17,24.17,24.42,24.42,27.20,27.20,27.33,27.33,27.59,27.59,27.68,27.68,27.84,27.84,2.38,2.37,2.35,2.34,2.32,2.31,2.29,2.28,2.27,2.26,4.91,4.89,4.86,4.84,4.81,4.79,4.76,4.74,4.72,4.70,233.41,0.00,1.00,1.00,0.00,0.00,0.00,-1.00,0,None,0,aggregation
160,299.54,remora9,remora2,24.61,24.89,24.89,24.89,25.10,25.10,25.30,25.30,25.47,25.47,27.96,28.13,28.13,28.13,28.26,28.26,28.38,28.38,28.49,28.49,2.25,2.24,2.23,2.22,2.21,2.21,2.20,2.19,2.19,2.18,4.67,4.65,4.63,4.61,4.59,4.56,4.54,4.52,4.49,4.47,233.50,0.00,1.00,1.00,0.00,0.00,0.00,-1.00,0,None,0,aggregation
160,300.54,remora9,remora2,25.76,25.76,25.90,25.90,26.07,26.07,26.20,26.20,26.39,26.39,28.66,28.66,28.74,28.74,28.83,28.83,28.91,28.91,29.02,29.02,2.18,2.17,2.17,2.17,2.16,2.16,2.16,2.16,2.15,2.15,4.44,4.42,4.40,4.38,4.36,4.34,4.31,4.29,4.27,4.25,236.71,0.00,1.00,1.00,0.00,0.00,0.00,-1.00,0,None,0,aggregation
160,301.54,remora9,remora2,26.46,26.46,26.52,26.65,26.65,26.65,26.82,26.82,26.95,26.95,29.06,29.06,29.08,29.16,29.16,29.16,29.25,29.25,29.32,29.32,2.15,2.15,2.15,2.15,2.15,2.15,2.15,2.15,2.15,2.15,4.23,4.21,4.19,4.17,4.14,4.12,4.10,4.08,4.06,4.04,242.72,0.00,1.00,1.00,0.00,0.00,0.00,-1.00,0,None,0,aggregation
160,302.54,remora9,remora2,27.03,27.03,27.06,27.06,27.20,27.20,27.22,27.41,27.41,27.41,29.36,29.36,29.37,29.37,29.44,29.44,29.45,29.54,29.54,29.54,2.16,2.16,2.16,2.16,2.16,2.16,2.17,2.17,2.17,2.17,4.01,3.99,3.97,3.95,3.93,3.91,3.89,3.87,3.85,3.84,250.36,0.00,1.00,1.00,0.00,0.00,0.00,-1.00,0,None,0,aggregation
160,303.54,remora9,remora2,27.47,27.47,27.58,27.58,27.61,27.61,27.67,27.76,27.76,27.76,29.57,29.57,29.62,29.62,29.64,29.64,29.66,29.70,29.70,29.70,2.18,2.18,2.18,2.19,2.19,2.19,2.20,2.20,2.21,2.21,3.82,3.81,3.79,3.78,3.76,3.75,3.73,3.72,3.71,3.69,258.24,0.00,1.00,1.00,0.00,0.00,0.00,-1.00,0,None,0,aggregation
160,304.54,remora9,remora2,27.90,27.90,27.91,27.91,27.99,27.99,28.07,28.07,28.18,28.18,29.76,29.76,29.77,29.77,29.80,29.80,29.84,29.84,29.88,29.88,2.18,2.15,2.12,2.09,2.06,2.03,2.01,1.98,1.96,1.94,3.68,3.66,3.64,3.63,3.61,3.60,3.58,3.57,3.56,3.54,265.18,0.00,1.00,1.00,0.00,0.00,0.00,-1.00,0,None,0,aggregation
160,305.54,remora9,remora2,28.25,28.25,28.27,28.27,28.36,28.36,28.49,28.49,28.58,28.58,29.91,29.91,29.91,29.91,29.95,29.95,29.99,29.99,30.02,30.02,1.91,1.89,1.86,1.83,1.80,1.77,1.74,1.71,1.69,1.66,3.53,3.52,3.50,3.49,3.47,3.45,3.44,3.42,3.41,3.40,271.38,0.00,1.00,1.00,0.00,0.00,0.00,-1.00,0,None,0,aggregation
160,306.54,remora9,remora2,0.00,0.00,0.00,0.00,0.00,0.00,0.00,0.00,0.00,0.00,0.00,0.00,0.00,0.00,0.00,0.00,0.00,0.00,0.00,0.00,1.65,1.66,1.66,1.67,1.67,1.67,1.66,1.66,1.66,1.66,3.40,3.40,3.41,3.43,3.43,3.44,3.45,3.46,3.46,3.47,247.61,0.00,1.00,1.00,0.00,0.00,0.00,-1.00,0,None,0,aggregation
160,307.54,remora9,remora2,0.00,0.00,0.00,0.00,0.00,0.00,0.00,0.00,0.00,0.00,0.00,0.00,0.00,0.00,0.00,0.00,0.00,0.00,0.00,0.00,1.66,1.67,1.67,1.68,1.68,1.68,1.68,1.68,1.69,1.69,3.48,3.49,3.50,3.51,3.52,3.53,3.53,3.54,3.55,3.56,222.84,0.00,1.00,1.00,0.00,0.00,0.00,-1.00,0,None,0,aggregation
160,308.54,remora9,remora2,0.00,0.00,0.00,0.00,0.00,0.00,0.00,0.00,0.00,0.00,0.00,0.00,0.00,0.00,0.00,0.00,0.00,0.00,0.00,0.00,1.69,1.69,1.69,1.68,1.68,1.68,1.69,1.69,1.69,1.70,3.57,3.58,3.59,3.59,3.60,3.61,3.62,3.63,3.64,3.65,197.11,0.00,1.00,1.00,0.00,0.00,0.00,-1.00,0,None,0,aggregation
160,309.54,remora9,remora2,0.00,0.00,0.00,0.00,0.00,0.00,0.00,0.00,0.00,0.00,0.00,0.00,0.00,0.00,0.00,0.00,0.00,0.00,0.00,0.00,1.70,1.71,1.72,1.72,1.73,1.73,1.72,1.72,1.71,1.71,3.65,3.66,3.67,3.69,3.69,3.70,3.71,3.71,3.72,3.73,170.43,0.00,1.00,1.00,0.00,0.00,0.00,-1.00,0,None,0,aggregation
160,310.54,remora9,remora2,0.00,0.00,0.00,0.00,0.00,0.00,0.00,0.00,0.00,0.00,0.00,0.00,0.00,0.00,0.00,0.00,0.00,0.00,0.00,0.00,1.71,1.71,1.71,1.72,1.72,1.73,1.73,1.74,1.75,1.75,3.73,3.74,3.75,3.76,3.77,3.78,3.79,3.80,3.81,3.82,142.98,0.00,1.00,1.00,0.00,0.00,0.00,-1.00,0,None,0,aggregation
160,311.54,remora9,remora2,0.00,0.00,0.00,0.00,0.00,0.00,0.00,0.00,0.00,0.00,0.00,0.00,0.00,0.00,0.00,0.00,0.00,0.00,0.00,0.00,1.76,1.76,1.75,1.75,1.75,1.75,1.76,1.76,1.77,1.78,3.83,3.83,3.84,3.85,3.85,3.86,3.87,3.88,3.89,3.90,115.04,0.00,1.00,1.00,0.00,0.00,0.00,-1.00,0,None,0,aggregation
160,312.54,remora9,remora2,0.00,0.00,0.00,0.00,0.00,0.00,0.00,0.00,0.00,0.00,0.00,0.00,0.00,0.00,0.00,0.00,0.00,0.00,0.00,0.00,1.78,1.78,1.78,1.77,1.77,1.78,1.78,1.79,1.80,1.80,3.91,3.92,3.93,3.93,3.94,3.95,3.96,3.97,3.98,3.99,86.72,0.00,1.00,1.00,0.00,0.00,0.00,-1.00,0,None,0,aggregation
160,313.54,remora9,remora2,0.00,0.00,0.00,0.00,0.00,0.00,0.00,0.00,0.00,0.00,0.00,0.00,0.00,0.00,0.00,0.00,0.00,0.00,0.00,0.00,1.80,1.80,1.80,1.81,1.82,1.82,1.83,1.82,1.82,1.82,3.99,4.00,4.01,4.02,4.03,4.04,4.05,4.05,4.06,4.07,58.08,0.00,1.00,1.00,0.00,0.00,0.00,-1.00,0,None,0,aggregation
160,314.54,remora9,remora2,0.00,0.00,0.00,0.00,0.00,0.00,0.00,0.00,0.00,0.00,0.00,0.00,0.00,0.00,0.00,0.00,0.00,0.00,0.00,0.00,1.82,1.82,1.83,1.83,1.84,1.85,1.85,1.86,1.87,1.86,4.07,4.08,4.09,4.10,4.11,4.12,4.13,4.14,4.15,4.15,29.17,0.00,1.00,0.00,0.00,0.00,0.00,-1.00,0,None,0,aggregation
160,315.54,remora9,remora2,0.00,0.00,0.00,0.00,0.00,0.00,0.00,0.00,0.00,0.00,0.00,0.00,0.00,0.00,0.00,0.00,0.00,0.00,0.00,0.00,1.86,1.86,1.86,1.86,1.87,1.87,1.88,1.89,1.89,1.90,4.16,4.17,4.17,4.18,4.19,4.20,4.21,4.22,4.23,4.24,0.00,0.00,1.00,0.00,0.00,0.00,0.00,-1.00,0,None,0,aggregation
160,316.54,remora9,remora2,0.00,0.00,0.00,0.00,0.00,0.00,0.00,0.00,0.00,0.00,0.00,0.00,0.00,0.00,0.00,0.00,0.00,0.00,0.00,0.00,1.90,1.90,1.90,1.90,1.90,1.90,1.91,1.91,1.92,1.93,4.25,4.26,4.26,4.27,4.28,4.28,4.29,4.30,4.31,4.32,0.00,0.00,1.00,0.00,0.00,0.00,0.00,-1.00,0,None,0,aggregation
160,317.54,remora9,remora2,0.00,0.00,0.00,0.00,0.00,0.00,0.00,0.00,0.00,0.00,0.00,0.00,0.00,0.00,0.00,0.00,0.00,0.00,0.00,0.00,1.93,1.94,1.95,1.94,1.94,1.94,1.94,1.95,1.95,1.96,4.33,4.34,4.35,4.36,4.36,4.37,4.38,4.38,4.39,4.40,0.00,0.00,1.00,0.00,0.00,0.00,0.00,-1.00,0,None,0,aggregation
160,318.54,remora9,remora2,0.00,0.00,0.00,0.00,0.00,0.00,0.00,0.00,0.00,0.00,0.00,0.00,0.00,0.00,0.00,0.00,0.00,0.00,0.00,0.00,1.96,1.97,1.98,1.99,1.99,1.99,1.99,1.98,1.98,1.99,4.41,4.42,4.43,4.44,4.45,4.45,4.46,4.46,4.47,4.48,0.00,0.00,1.00,0.00,0.00,0.00,0.00,-1.00,0,None,0,aggregation
160,319.54,remora9,remora2,0.00,0.00,0.00,0.00,0.00,0.00,0.00,0.00,0.00,0.00,0.00,0.00,0.00,0.00,0.00,0.00,0.00,0.00,0.00,0.00,1.99,2.00,2.00,2.01,2.01,2.02,2.02,2.02,2.02,2.02,4.48,4.49,4.50,4.51,4.52,4.53,4.53,4.54,4.54,4.55,0.00,0.00,1.00,0.00,0.00,0.00,0.00,-1.00,0,None,0,aggregation
160,320.54,remora9,remora2,0.00,0.00,0.00,0.00,0.00,0.00,0.00,0.00,0.00,0.00,0.00,0.00,0.00,0.00,0.00,0.00,0.00,0.00,0.00,0.00,2.02,2.02,2.02,2.03,2.03,2.04,2.05,2.05,2.06,2.05,4.56,4.56,4.57,4.58,4.59,4.59,4.60,4.61,4.62,4.62,0.00,0.00,1.00,0.00,0.00,0.00,0.00,-1.00,0,None,0,aggregation
160,321.54,remora9,remora2,0.00,0.00,0.00,0.00,0.00,0.00,0.00,0.00,0.00,0.00,0.00,0.00,0.00,0.00,0.00,0.00,0.00,0.00,0.00,0.00,2.05,2.05,2.05,2.05,2.05,2.06,2.06,2.07,2.07,2.08,4.63,4.63,4.63,4.64,4.64,4.65,4.66,4.67,4.67,4.68,0.00,0.00,1.00,0.00,0.00,0.00,0.00,-1.00,0,None,0,aggregation
160,322.54,remora9,remora2,0.00,0.00,0.00,0.00,0.00,0.00,0.00,0.00,0.00,0.00,0.00,0.00,0.00,0.00,0.00,0.00,0.00,0.00,0.00,0.00,2.08,2.08,2.08,2.07,2.07,2.08,2.08,2.08,2.09,2.09,4.69,4.69,4.70,4.70,4.71,4.72,4.73,4.73,4.74,4.75,0.00,0.00,1.00,0.00,0.00,0.00,0.00,-1.00,0,None,0,aggregation
160,323.54,remora9,remora2,0.00,0.00,0.00,0.00,0.00,0.00,0.00,0.00,0.00,0.00,0.00,0.00,0.00,0.00,0.00,0.00,0.00,0.00,0.00,0.00,2.10,2.10,2.11,2.10,2.10,2.11,2.12,2.12,2.13,2.12,4.76,4.78,4.79,4.80,4.82,4.83,4.85,4.86,4.88,4.89,0.00,0.00,1.00,0.00,0.00,0.00,0.00,-1.00,0,None,0,aggregation
160,324.54,remora9,remora2,0.00,0.00,0.00,0.00,0.00,0.00,0.00,0.00,0.00,0.00,0.00,0.00,0.00,0.00,0.00,0.00,0.00,0.00,0.00,0.00,2.12,2.12,2.11,2.12,2.12,2.13,2.14,2.15,2.15,2.14,4.90,4.91,4.91,4.93,4.94,4.96,4.97,4.98,4.99,5.00,0.00,0.00,1.00,0.00,0.00,0.00,0.00,-1.00,0,None,0,aggregation
160,325.54,remora9,remora2,0.00,0.00,0.00,0.00,0.00,0.00,0.00,0.00,0.00,0.00,0.00,0.00,0.00,0.00,0.00,0.00,0.00,0.00,0.00,0.00,2.14,2.14,2.14,2.14,2.15,2.16,2.16,2.17,2.17,2.17,5.01,5.02,5.03,5.05,5.06,5.07,5.08,5.09,5.10,5.11,0.00,0.00,1.00,0.00,0.00,0.00,0.00,-1.00,0,None,0,aggregation
160,326.54,remora9,remora2,0.00,0.00,0.00,0.00,-24.77,-24.77,-24.75,-24.75,-24.63,-24.63,0.00,0.00,0.00,0.00,-35.23,-35.23,-35.21,-35.21,-35.09,-35.09,2.17,2.18,2.19,2.19,2.21,2.23,2.26,2.29,2.31,2.35,5.12,5.13,5.14,5.15,5.16,5.19,5.21,5.23,5.25,5.28,17.97,0.00,1.00,0.00,0.00,0.00,0.00,-1.00,0,None,0,aggregation
160,327.54,remora9,remora2,-24.33,-24.33,-23.96,-23.96,-23.46,-23.46,-22.84,-22.84,-22.17,-22.17,-34.79,-34.79,-34.43,-34.43,-33.93,-33.93,-33.31,-33.31,-32.63,-32.63,2.38,2.41,2.44,2.48,2.51,2.54,2.57,2.60,2.63,2.66,5.30,5.32,5.34,5.36,5.39,5.41,5.43,5.45,5.47,5.48,46.55,0.00,1.00,1.00,0.00,0.00,0.00,-1.00,0,None,0,aggregation
160,328.54,remora9,remora2,-21.38,-21.38,-20.57,-19.47,-19.47,-19.47,-18.52,-17.37,-17.37,-17.37,-31.85,-31.85,-31.03,-29.93,-29.93,-29.93,-28.98,-27.84,-27.84,-27.84,2.68,2.71,2.74,2.76,2.79,2.81,2.84,2.86,2.88,2.89,5.50,5.52,5.53,5.55,5.57,5.58,5.60,5.61,5.63,5.64,71.02,0.00,1.00,1.00,0.00,0.00,0.00,-1.00,0,None,0,aggregation
160,329.54,remora9,remora2,-16.20,-16.20,-14.84,-14.84,-13.57,-13.57,-11.89,-11.89,-10.49,-10.49,-26.67,-26.67,-25.31,-25.31,-24.03,-24.03,-22.35,-22.35,-20.95,-20.95,2.91,2.93,2.95,2.97,2.98,3.00,3.02,3.03,3.05,3.06,5.65,5.67,5.68,5.69,5.71,5.72,5.73,5.75,5.76,5.78,89.65,0.00,0.00,1.00,0.00,0.00,0.00,-1.00,0,None,0,aggregation
160,330.54,remora9,remora2,-8.85,-8.85,-7.16,-7.16,-5.42,-5.42,-3.64,-3.64,-1.82,-1.82,-19.32,-19.32,-17.63,-17.63,-15.89,-15.89,-14.10,-14.10,-12.29,-12.29,3.07,3.08,3.09,3.10,3.11,3.12,3.13,3.12,3.13,3.13,5.79,5.80,5.81,5.82,5.84,5.85,5.87,5.88,5.89,5.90,100.26,0.00,0.00,1.00,0.00,0.00,0.00,-1.00,0,None,0,aggregation
160,331.54,remora9,remora2,0.02,0.02,2.10,4.19,4.19,4.19,4.19,5.98,7.83,7.83,-10.44,-10.44,-8.37,-6.28,-6.28,-6.28,-6.28,-4.30,-1.98,-1.98,3.14,3.15,3.15,3.16,3.16,3.15,3.15,3.16,3.16,3.17,5.92,5.93,5.95,5.97,5.98,6.00,6.01,6.03,6.05,6.07,102.70,0.00,0.00,1.00,0.00,0.00,0.00,-1.00,0,None,0,aggregation
160,332.54,remora9,remora2,9.68,9.68,11.50,11.50,13.10,13.10,14.68,14.68,16.21,16.21,0.33,0.33,2.61,2.61,4.64,4.64,6.63,6.63,8.58,8.58,3.17,3.18,3.18,3.18,3.17,3.18,3.19,3.20,3.21,3.22,6.09,6.11,6.13,6.15,6.17,6.20,6.22,6.25,6.28,6.30,111.50,0.00,0.00,1.00,0.00,0.00,0.00,-1.00,0,None,0,aggregation
160,333.54,remora9,remora2,17.69,17.69,18.96,20.18,20.18,20.18,21.35,21.35,22.19,22.19,10.48,10.48,12.12,13.72,13.72,13.72,15.26,15.26,16.38,16.38,3.23,3.23,3.23,3.23,3.23,3.25,3.26,3.27,3.29,3.31,6.33,6.36,6.38,6.41,6.44,6.47,6.50,6.53,6.56,6.60,128.47,0.00,0.00,1.00,0.00,0.00,0.00,-1.00,0,None,0,aggregation
160,334.54,remora9,remora2,23.26,23.26,24.02,24.02,24.85,24.85,25.64,25.64,26.26,26.26,17.82,17.82,18.85,18.85,20.02,20.02,21.12,21.12,22.03,22.03,3.32,3.34,3.36,3.37,3.37,3.38,3.39,3.41,3.43,3.45,6.63,6.67,6.70,6.73,6.76,6.80,6.83,6.87,6.90,6.94,150.86,0.00,0.00,1.00,0.00,0.00,0.00,-1.00,0,None,0,aggregation
160,335.54,remora9,remora2,26.85,26.85,27.30,27.30,27.64,27.64,28.12,28.12,28.41,28.41,22.89,22.89,23.58,23.58,24.11,24.11,24.86,24.86,25.34,25.34,3.47,3.49,3.51,3.54,3.56,3.59,3.61,3.64,3.67,3.69,6.98,7.01,7.05,7.09,7.13,7.16,7.20,6.52,7.28,7.32,176.77,0.00,0.00,1.00,0.00,0.00,0.00,-1.00,0,None,0,aggregation
160,131.54,remora9,remora4,-9.47,-9.47,13.69,13.69,13.02,13.02,14.60,14.60,16.48,16.48,6.23,6.23,5.38,5.38,4.53,4.53,6.54,6.54,8.92,8.92,4.15,4.13,4.11,4.09,4.09,4.09,4.09,4.10,4.10,4.11,6.68,6.67,6.66,6.66,6.65,6.65,6.64,6.64,6.64,6.64,62.04,0.00,0.00,1.00,0.00,0.00,0.00,-1.00,0,None,0,aggregation
160,132.54,remora9,remora4,18.01,18.01,-10.19,-10.19,-9.74,-9.74,16.57,16.57,16.35,16.35,10.90,10.90,5.51,5.51,5.96,5.96,9.05,9.05,8.76,8.76,4.11,4.11,4.11,4.11,4.11,4.12,4.12,4.12,4.12,4.12,6.63,6.63,6.63,6.62,6.62,6.61,6.61,6.61,6.60,6.60,64.47,0.00,0.00,1.00,1.00,0.00,1.00,-1.00,0,None,0,aggregation
160,133.54,remora9,remora4,17.80,17.80,19.20,19.20,-9.82,-9.82,19.70,19.70,19.65,-9.60,10.63,10.63,12.44,12.44,5.88,5.88,13.08,13.08,13.03,6.10,4.12,4.12,4.12,4.12,4.12,4.13,4.13,4.13,4.14,4.14,6.60,6.59,6.59,6.59,6.59,6.58,6.58,6.58,6.58,6.58,70.87,0.00,0.00,1.00,1.00,0.00,1.00,-1.00,0,None,0,aggregation
160,134.54,remora9,remora4,-9.60,-9.60,-8.98,-8.98,-8.98,-8.98,15.68,15.68,16.05,16.05,6.10,6.10,6.72,6.72,6.72,6.72,7.91,7.91,8.38,8.38,4.14,4.14,4.15,4.15,4.16,4.16,4.17,4.16,4.16,4.16,6.58,6.57,6.57,6.57,6.57,6.56,6.56,6.56,6.55,6.55,70.84,0.00,0.00,1.00,0.00,0.00,0.00,-1.00,0,None,0,aggregation
160,135.54,remora9,remora4,17.29,17.29,18.90,18.90,19.98,19.98,21.05,21.05,22.06,22.06,9.97,9.97,12.05,12.05,13.46,13.46,14.86,14.86,16.20,16.20,4.16,4.16,4.16,4.15,4.15,4.15,4.14,4.14,4.14,4.13,6.55,6.55,6.55,6.54,6.54,6.54,6.54,6.54,6.54,6.54,82.58,0.00,0.00,1.00,0.00,0.00,0.00,-1.00,0,None,0,aggregation
160,136.54,remora9,remora4,23.00,23.00,23.86,23.86,24.52,24.52,-10.55,-10.55,-10.06,-10.06,17.46,17.46,18.64,18.64,19.56,19.56,5.14,5.14,5.64,5.64,4.13,4.12,4.12,4.12,4.11,4.11,4.11,4.10,4.10,4.10,6.54,6.54,6.54,6.55,6.55,6.55,6.55,6.55,6.55,6.54,90.30,0.00,0.00,1.00,1.00,0.00,1.00,-1.00,0,None,0,aggregation
160,137.54,remora9,remora4,-9.06,-9.06,21.24,21.24,21.05,21.05,21.90,21.90,22.72,22.72,6.63,6.63,15.11,15.11,14.86,14.86,15.99,15.99,17.08,17.08,4.10,4.10,4.09,4.09,4.08,4.07,4.06,4.05,4.05,4.04,6.54,6.54,6.54,6.54,6.54,6.54,6.54,6.54,6.54,6.54,98.89,0.00,0.00,1.00,0.00,0.00,0.00,-1.00,0,None,0,aggregation
160,138.54,remora9,remora4,23.63,23.63,24.22,24.22,-9.74,-9.74,-9.24,-9.24,22.21,22.21,18.32,18.32,19.14,19.14,5.96,5.96,6.46,6.46,16.41,16.41,4.04,4.03,4.03,4.02,4.02,4.02,4.02,4.03,4.02,4.02,6.55,6.55,6.56,6.56,6.56,6.56,6.56,6.56,6.56,6.56,106.54,0.00,0.00,1.00,1.00,0.00,1.00,-1.00,0,None,0,aggregation
160,139.54,remora9,remora4,21.99,21.99,22.67,22.67,23.35,23.35,24.00,24.00,24.45,24.45,16.10,16.10,17.02,17.02,17.94,17.94,18.83,18.83,19.45,19.45,4.01,4.01,4.01,4.00,4.00,4.00,4.00,4.00,4.00,4.00,6.56,6.57,6.57,6.58,6.58,6.59,6.59,6.60,6.60,6.61,120.82,0.00,0.00,1.00,0.00,0.00,0.00,-1.00,0,None,0,aggregation
160,140.54,remora9,remora4,-9.70,-9.70,-9.32,-9.32,-8.32,-8.32,20.33,20.33,19.89,19.89,6.00,6.00,6.38,6.38,7.37,7.37,13.91,13.91,13.33,13.33,4.00,4.00,4.00,4.00,4.01,4.01,4.00,4.00,3.99,3.99,6.61,6.61,6.61,6.62,6.62,6.62,6.62,6.62,6.63,6.63,121.19,0.00,0.00,1.00,1.00,0.00,1.00,-1.00,0,None,0,aggregation
160,141.54,remora9,remora4,20.30,20.30,20.82,20.82,21.13,21.13,21.57,21.57,21.74,21.87,13.88,13.88,14.55,14.55,14.96,14.96,15.55,15.55,15.77,15.95,3.98,3.98,3.97,3.97,3.96,3.96,3.95,3.95,3.94,3.93,6.63,6.64,6.64,6.65,6.65,6.66,6.66,6.67,6.68,6.68,130.59,0.00,0.00,1.00,0.00,0.00,0.00,-1.00,0,None,0,aggregation
160,142.54,remora9,remora4,21.87,21.87,21.80,21.80,22.02,22.02,-10.73,-10.73,-10.25,-10.25,15.95,15.95,15.86,15.86,16.15,16.15,4.97,4.97,5.44,5.44,3.93,3.92,3.92,3.91,3.91,3.90,3.90,3.89,3.88,3.87,6.69,6.70,6.71,6.71,6.72,6.73,6.74,6.74,6.74,6.74,134.20,0.00,0.00,1.00,1.00,0.00,1.00,-1.00,0,None,0,aggregation
160,143.54,remora9,remora4,17.22,17.22,16.11,16.11,-9.66,-9.66,14.16,14.16,13.20,13.20,9.87,9.87,8.46,8.46,6.04,6.04,5.98,5.98,4.76,4.76,3.87,3.86,3.85,3.84,3.83,3.82,3.82,3.81,3.80,3.79,6.74,6.75,6.76,6.76,6.76,6.75,6.75,6.75,6.75,6.75,132.05,0.00,0.00,1.00,1.00,0.00,1.00,-1.00,0,None,0,aggregation
160,144.54,remora9,remora4,13.58,13.58,-10.22,-10.22,12.60,12.60,10.88,10.88,12.12,12.12,5.24,5.24,5.47,5.47,4.00,4.00,1.84,1.84,3.39,3.39,3.79,3.78,3.77,3.77,3.76,3.76,3.75,3.75,3.74,3.74,6.92,6.92,6.92,6.92,6.92,6.92,6.92,6.93,6.93,6.93,133.29,0.00,0.00,1.00,1.00,0.00,1.00,-1.00,0,None,0,aggregation
160,145.54,remora9,remora4,-10.74,-10.74,-10.41,-10.41,10.99,10.99,10.97,10.97,12.61,12.61,4.96,4.96,5.29,5.29,1.98,1.98,1.95,1.95,4.01,4.01,3.74,3.73,3.73,3.73,3.72,3.72,3.72,3.72,3.72,3.72,6.93,6.93,6.93,6.93,6.93,6.93,6.93,6.93,6.94,6.94,122.05,0.00,0.00,1.00,1.00,0.00,1.00,-1.00,0,None,0,aggregation
160,146.54,remora9,remora4,14.14,14.14,-10.89,-10.48,-10.48,-10.48,12.00,12.00,12.02,12.02,5.95,5.95,4.81,5.22,5.22,5.22,3.25,3.25,3.27,3.27,3.73,3.73,3.73,3.74,3.74,3.74,3.74,3.75,3.75,3.76,6.95,6.96,6.97,6.98,6.98,6.99,7.00,7.01,7.02,7.03,114.52,0.00,0.00,1.00,1.00,0.00,1.00,-1.00,0,None,0,aggregation
160,147.54,remora9,remora4,13.62,13.62,15.24,15.24,-10.98,-10.98,-10.63,-10.63,12.96,12.96,5.29,5.29,7.35,7.35,4.72,4.72,5.06,5.06,4.45,4.45,3.77,3.78,3.78,3.79,3.80,3.81,3.81,3.82,3.82,3.83,7.04,7.06,7.07,7.08,7.09,7.10,7.10,7.11,7.12,7.13,106.35,0.00,0.00,1.00,1.00,0.00,1.00,-1.00,0,None,0,aggregation
160,148.54,remora9,remora4,12.31,12.31,13.46,13.46,-10.53,-10.53,-10.12,-10.12,11.50,11.50,3.64,3.64,5.08,5.08,5.16,5.16,5.58,5.58,2.61,2.61,3.84,3.85,3.85,3.86,3.86,3.86,3.87,3.87,3.87,3.87,7.14,7.31,7.32,7.32,7.32,7.19,7.31,7.31,7.31,7.31,99.15,0.00,0.00,1.00,1.00,0.00,1.00,-1.00,0,None,0,aggregation
160,149.54,remora9,remora4,11.68,11.68,13.28,14.68,14.68,-10.71,-10.71,-10.71,15.02,15.02,2.84,2.84,4.86,6.63,6.63,4.98,4.98,4.98,7.07,7.07,3.88,3.88,3.88,3.88,3.89,3.89,3.90,3.90,3.90,3.91,7.32,7.32,7.33,7.34,7.35,7.36,7.37,6.71,6.71,6.71,86.13,0.00,0.00,1.00,1.00,0.00,1.00,-1.00,0,None,0,aggregation
160,150.54,remora9,remora4,14.50,14.50,-10.52,-10.52,-10.09,-10.09,12.39,12.39,11.86,11.86,6.41,6.41,5.18,5.18,5.61,5.61,3.74,3.74,3.07,3.07,3.92,3.92,3.93,3.93,3.94,3.94,3.95,3.96,3.97,3.98,6.72,6.73,6.74,6.74,6.41,6.74,6.74,6.74,6.74,6.74,84.80,0.00,0.00,1.00,1.00,0.00,1.00,-1.00,0,None,0,aggregation
160,151.54,remora9,remora4,13.46,13.46,15.02,15.02,-10.51,-10.51,-10.16,-10.16,12.93,12.93,5.08,5.08,7.07,7.07,5.18,5.18,5.54,5.54,4.42,4.42,3.99,4.00,4.01,4.02,4.03,4.03,4.04,4.04,4.05,4.06,6.75,6.75,6.76,6.76,6.77,6.77,6.77,6.47,6.47,6.48,73.55,0.00,0.00,1.00,1.00,0.00,1.00,-1.00,0,None,0,aggregation
160,152.54,remora9,remora4,11.68,11.68,13.10,13.10,14.68,14.68,16.04,-10.77,-10.77,-10.77,2.84,2.84,4.64,4.64,6.63,6.63,8.36,4.93,4.93,4.93,4.07,4.08,4.09,4.10,4.11,4.12,4.14,4.15,4.15,4.16,6.49,6.50,6.51,6.81,6.81,6.82,6.83,6.57,6.58,6.58,68.58,0.00,0.00,1.00,1.00,0.00,1.00,-1.00,0,None,0,aggregation
160,153.54,remora9,remora4,-10.27,-10.27,13.28,12.93,12.93,12.93,14.33,14.33,-10.15,-10.15,5.43,5.43,4.86,4.42,4.42,4.42,6.19,6.19,5.55,5.55,4.16,4.17,4.18,4.19,4.20,4.21,4.23,4.24,4.25,4.25,6.58,6.59,6.60,6.61,6.63,6.64,6.65,6.67,6.68,6.69,65.75,0.00,0.00,1.00,1.00,0.00,1.00,-1.00,0,None,0,aggregation
160,154.54,remora9,remora4,14.33,14.33,14.33,14.33,-10.19,-10.19,-9.76,-9.76,11.11,11.11,6.19,6.19,6.19,6.19,5.51,5.51,5.94,5.94,2.12,2.12,4.26,4.27,4.29,4.30,4.30,4.31,4.31,4.32,4.33,4.33,6.70,6.72,6.73,5.11,5.12,5.12,5.12,5.13,5.13,5.14,65.19,0.00,0.00,1.00,1.00,0.00,1.00,-1.00,0,None,0,aggregation
160,155.54,remora9,remora4,10.62,10.62,11.66,11.66,13.09,13.09,14.34,14.34,-10.94,-10.88,1.51,1.51,2.82,2.82,4.62,4.62,6.21,6.21,4.76,4.82,4.34,4.34,4.35,4.35,4.36,4.36,4.37,4.37,4.38,4.38,5.14,5.15,5.16,5.17,5.18,5.19,5.20,5.21,5.22,5.22,66.94,0.00,0.00,1.00,1.00,0.00,1.00,-1.00,0,None,0,aggregation
160,156.54,remora9,remora4,-10.88,-10.88,11.75,11.75,11.02,11.02,11.97,11.97,-10.93,-10.93,4.82,4.82,2.93,2.93,2.01,2.01,3.21,3.21,4.77,4.77,4.38,4.38,4.38,4.38,4.39,4.39,4.39,4.39,4.39,4.39,5.23,5.23,5.23,5.24,5.25,5.26,5.27,5.29,5.29,5.30,66.30,0.00,0.00,1.00,1.00,0.00,1.00,-1.00,0,None,0,aggregation
160,157.54,remora9,remora4,-10.52,-10.52,9.10,9.10,8.82,8.82,9.94,9.94,9.94,11.83,5.18,5.18,-0.40,-0.40,-0.74,-0.74,0.66,0.66,0.66,3.03,4.39,4.39,4.39,4.39,4.38,4.38,4.38,4.38,4.39,4.39,5.30,5.31,5.32,5.33,5.34,5.35,5.36,5.37,5.38,5.40,63.77,0.00,0.00,1.00,0.00,0.00,0.00,-1.00,0,None,0,aggregation
160,158.54,remora9,remora4,12.72,12.72,-11.81,-11.81,-11.49,-11.49,10.06,10.06,9.94,9.94,4.15,4.15,3.89,3.89,4.21,4.21,0.81,0.81,0.66,0.66,4.39,4.39,4.39,4.38,4.38,4.37,4.37,4.37,4.37,4.37,5.41,5.43,5.44,5.44,5.45,5.46,5.47,5.48,5.49,5.50,63.28,0.00,0.00,1.00,0.00,0.00,0.00,-1.00,0,None,0,aggregation
160,159.54,remora9,remora4,11.39,11.39,-11.58,-11.58,11.40,11.40,10.75,10.75,-11.64,-11.64,2.48,2.48,4.12,4.12,2.49,2.49,1.67,1.67,4.06,4.06,4.36,4.36,4.36,4.35,4.35,4.35,4.34,4.34,4.34,4.33,5.52,5.53,5.54,5.55,5.56,5.57,5.59,5.60,5.61,5.62,61.24,0.00,0.00,1.00,0.00,0.00,0.00,-1.00,0,None,0,aggregation
160,160.54,remora9,remora4,-11.25,-11.25,8.43,8.42,8.42,8.42,9.98,9.98,11.53,11.53,4.45,4.45,-1.23,-1.24,-1.24,-1.24,0.70,0.70,2.65,2.65,4.33,4.32,4.32,4.31,4.31,4.31,4.30,4.30,4.30,4.30,5.63,5.64,5.65,5.66,5.67,5.69,5.70,5.72,5.73,5.75,59.66,0.00,0.00,1.00,0.00,0.00,0.00,-1.00,0,None,0,aggregation
160,161.54,remora9,remora4,12.58,12.58,-12.52,-12.52,-12.14,-12.14,10.41,10.41,10.37,10.37,3.98,3.98,3.17,3.17,3.55,3.55,1.25,1.25,1.19,1.19,4.30,4.29,4.29,4.28,4.27,4.26,4.26,4.25,4.25,4.25,5.76,5.78,5.79,5.80,5.81,5.82,5.83,5.84,5.86,5.87,58.64,0.00,0.00,1.00,0.00,0.00,0.00,-1.00,0,None,0,aggregation
160,162.54,remora9,remora4,11.62,11.62,-12.29,-11.98,-11.98,-11.98,9.98,9.98,9.40,9.40,2.76,2.76,3.41,3.72,3.72,3.72,0.70,0.70,-0.02,-0.02,4.24,4.24,4.23,4.23,4.22,4.21,4.20,4.19,4.19,4.18,5.89,5.90,5.91,5.92,5.93,5.93,5.94,5.96,5.97,5.98,56.32,0.00,0.00,1.00,0.00,0.00,0.00,-1.00,0,None,0,aggregation
160,163.54,remora9,remora4,10.51,10.51,12.42,12.42,-12.52,-12.52,-12.21,-12.21,10.60,10.60,1.37,1.37,3.78,3.78,3.18,3.18,3.49,3.49,1.48,1.48,4.18,4.17,4.17,4.16,4.16,4.15,4.14,4.13,4.12,4.11,5.98,5.97,5.97,5.99,5.99,5.99,5.98,5.99,6.00,6.01,55.63,0.00,0.00,1.00,0.00,0.00,0.00,-1.00,0,None,0,aggregation
160,164.54,remora9,remora4,10.53,10.53,12.14,12.14,-12.34,-12.34,-12.10,-12.10,10.56,10.56,1.40,1.40,3.43,3.43,3.36,3.36,3.60,3.60,1.43,1.43,4.11,4.10,4.10,4.09,4.09,4.08,4.07,4.06,4.05,4.05,6.02,6.04,6.05,6.07,6.08,6.08,6.09,6.10,6.11,6.12,55.05,0.00,0.00,1.00,0.00,0.00,0.00,-1.00,0,None,0,aggregation
160,165.54,remora9,remora4,10.19,10.19,11.56,11.56,-12.09,-12.09,12.47,12.47,12.37,-12.19,0.98,0.98,2.70,2.70,3.61,3.61,3.84,3.84,3.72,3.51,4.04,4.04,4.03,4.03,4.02,4.02,4.01,4.01,4.01,4.01,6.13,6.15,6.16,6.18,6.19,6.19,6.21,6.22,6.24,6.26,54.21,0.00,0.00,1.00,0.00,0.00,0.00,-1.00,0,None,0,aggregation
160,166.54,remora9,remora4,-12.19,-12.19,-11.73,-11.73,10.22,10.22,10.43,10.43,11.80,11.80,3.51,3.51,3.97,3.97,1.01,1.01,1.27,1.27,2.99,2.99,4.00,4.00,3.99,3.98,3.98,3.98,3.98,3.98,3.98,3.99,6.27,6.28,6.28,6.29,6.31,6.32,6.34,6.35,6.37,6.39,54.12,0.00,0.00,1.00,0.00,0.00,0.00,-1.00,0,None,0,aggregation
160,167.54,remora9,remora4,-11.79,-11.79,12.53,12.53,12.04,12.04,-11.81,-11.81,-11.42,10.05,3.91,3.91,3.92,3.92,3.30,3.30,3.88,3.88,4.27,0.79,3.99,3.98,3.98,3.99,3.99,4.00,4.00,4.00,4.00,4.01,6.40,6.42,6.43,6.45,6.47,6.49,6.50,6.52,6.53,6.54,55.23,0.00,0.00,1.00,1.00,0.00,1.00,-1.00,0,None,0,aggregation
160,168.54,remora9,remora4,10.05,10.05,10.45,10.45,11.72,11.72,-11.64,-11.64,12.14,12.14,0.79,0.79,1.30,1.30,2.89,2.89,4.06,4.06,3.42,3.42,4.01,4.02,4.03,4.03,4.04,4.06,4.06,4.07,4.08,4.09,6.56,6.58,6.60,6.62,6.64,6.66,6.68,6.70,6.72,6.74,55.91,0.00,0.00,1.00,1.00,0.00,1.00,-1.00,0,None,0,aggregation
160,169.54,remora9,remora4,-11.22,-11.22,11.03,10.98,10.98,-11.34,-11.34,-11.34,-10.88,-10.88,4.48,4.48,2.02,1.97,1.97,4.35,4.35,4.35,4.82,4.82,4.10,4.11,4.12,4.14,4.15,4.17,4.18,4.19,4.20,4.22,6.76,6.78,6.80,6.82,6.85,6.87,6.89,6.91,6.93,6.95,54.67,0.00,0.00,1.00,0.00,0.00,0.00,-1.00,0,None,0,aggregation
160,223.54,remora9,remora4,30.00,30.00,30.00,30.00,30.00,30.00,30.00,30.00,30.00,30.00,30.00,30.00,30.00,30.00,30.00,30.00,30.00,30.00,30.00,30.00,8.75,8.73,8.72,8.70,8.68,8.67,8.65,8.63,8.62,8.60,8.75,8.73,8.72,8.70,8.68,8.67,8.65,8.63,8.62,8.60,300.00,0.00,0.00,1.00,0.00,0.00,0.00,-1.00,0,None,0,aggregation
160,224.54,remora9,remora4,30.00,30.00,30.00,30.00,30.00,30.00,30.00,30.00,30.00,30.00,30.00,30.00,30.00,30.00,30.00,30.00,30.00,30.00,30.00,30.00,8.59,8.57,8.55,8.54,8.52,8.51,8.49,8.47,8.46,8.44,8.59,8.57,8.55,8.54,8.52,8.51,8.49,8.47,8.46,8.44,300.00,0.00,0.00,1.00,0.00,0.00,0.00,-1.00,0,None,0,aggregation
160,225.54,remora9,remora4,30.00,30.00,30.00,30.00,30.00,30.00,30.00,30.00,30.00,30.00,30.00,30.00,30.00,30.00,30.00,30.00,30.00,30.00,30.00,30.00,8.43,8.41,8.40,8.38,8.37,8.35,8.34,8.32,8.31,8.29,8.43,8.41,8.40,8.38,9.18,9.16,9.15,9.13,9.12,9.10,300.00,0.00,0.00,1.00,0.00,0.00,0.00,-1.00,0,None,0,aggregation
160,226.54,remora9,remora4,30.00,30.00,30.00,30.00,30.00,30.00,30.00,30.00,30.00,30.00,30.00,30.00,30.00,30.00,30.00,30.00,30.00,30.00,30.00,30.00,8.28,8.27,8.25,8.24,8.22,8.21,8.19,8.18,8.17,8.15,9.09,9.07,9.06,9.04,9.03,9.02,9.00,8.99,8.97,8.96,300.00,0.00,0.00,1.00,0.00,0.00,0.00,-1.00,0,None,0,aggregation
160,227.54,remora9,remora4,30.00,30.00,30.00,30.00,30.00,30.00,30.00,30.00,30.00,30.00,30.00,30.00,30.00,30.00,30.00,30.00,30.00,30.00,30.00,30.00,8.14,8.13,8.11,8.10,8.08,8.07,8.06,8.05,8.03,8.02,8.94,8.93,8.92,8.90,8.89,8.88,8.86,8.85,8.83,8.82,300.00,0.00,0.00,1.00,0.00,0.00,0.00,-1.00,0,None,0,aggregation
160,228.54,remora9,remora4,30.00,30.00,30.00,30.00,30.00,30.00,30.00,30.00,30.00,30.00,30.00,30.00,30.00,30.00,30.00,30.00,30.00,30.00,30.00,30.00,8.01,7.99,7.97,7.94,7.91,7.87,7.84,7.81,7.77,7.74,8.81,8.79,8.78,8.76,8.74,8.72,8.71,8.69,8.67,8.65,300.00,0.00,0.00,1.00,0.00,0.00,0.00,-1.00,0,None,0,aggregation
160,229.54,remora9,remora4,30.00,30.00,30.00,30.00,30.00,30.00,30.00,30.00,30.00,30.00,30.00,30.00,30.00,30.00,30.00,30.00,30.00,30.00,30.00,30.00,7.71,7.68,7.65,7.62,7.60,7.57,7.54,7.52,7.49,7.47,8.63,8.61,8.60,8.58,8.56,8.54,8.53,8.51,8.49,8.47,300.00,0.00,0.00,1.00,0.00,0.00,0.00,-1.00,0,None,0,aggregation
160,230.54,remora9,remora4,30.00,30.00,30.00,30.00,30.00,30.00,30.00,30.00,30.00,30.00,30.00,30.00,30.00,30.00,30.00,30.00,30.00,30.00,30.00,30.00,7.45,7.43,7.41,7.39,7.37,7.35,7.34,7.32,7.31,7.30,8.46,8.44,8.43,8.41,8.40,8.38,8.37,8.36,8.35,8.33,300.00,0.00,0.00,1.00,0.00,0.00,0.00,-1.00,0,None,0,aggregation
160,231.54,remora9,remora4,30.00,30.00,30.00,30.00,30.00,30.00,30.00,30.00,30.00,30.00,30.00,30.00,30.00,30.00,30.00,30.00,30.00,30.00,30.00,30.00,7.29,7.28,7.27,7.26,7.25,7.25,7.24,7.24,7.24,7.24,8.32,8.31,8.30,8.30,8.29,8.28,8.28,8.27,8.27,8.26,300.00,0.00,0.00,1.00,0.00,0.00,0.00,-1.00,0,None,0,aggregation
160,232.54,remora9,remora4,30.00,30.00,30.00,30.00,30.00,30.00,30.00,30.00,30.00,30.00,30.00,30.00,30.00,30.00,30.00,30.00,30.00,30.00,30.00,30.00,7.24,7.24,7.24,7.24,7.24,7.24,7.25,7.25,7.25,7.26,8.26,8.26,8.26,8.26,8.26,8.26,8.26,8.26,8.26,8.27,300.00,0.00,0.00,1.00,0.00,0.00,0.00,-1.00,0,None,0,aggregation
160,233.54,remora9,remora4,30.00,30.00,0.00,0.00,18.01,18.65,18.65,18.65,19.58,19.58,30.00,30.00,0.00,0.00,10.89,11.72,11.72,11.72,12.93,12.93,7.26,7.27,7.28,7.29,7.30,7.31,7.32,7.32,7.33,7.34,8.27,8.28,8.28,8.30,8.31,8.32,8.33,8.34,8.35,8.36,285.25,0.00,0.00,1.00,0.00,0.00,0.00,-1.00,0,None,0,aggregation
160,234.54,remora9,remora4,20.48,21.21,21.21,21.21,22.05,22.05,22.86,22.86,23.39,23.39,14.11,15.07,15.07,15.07,16.19,16.19,17.28,17.28,17.99,17.99,7.35,7.36,7.36,7.37,7.38,7.38,7.39,7.39,7.39,7.40,8.37,8.38,8.39,8.39,8.40,8.41,8.42,8.43,8.43,8.44,274.40,0.00,0.00,1.00,0.00,0.00,0.00,-1.00,0,None,0,aggregation
160,235.54,remora9,remora4,24.02,24.02,24.62,24.62,25.08,25.08,25.53,25.53,25.95,25.95,18.85,18.85,19.69,19.69,20.34,20.34,20.97,20.97,21.58,21.58,7.40,7.40,7.40,7.40,7.40,7.40,7.39,7.39,7.39,7.38,8.44,8.45,8.45,8.46,8.46,8.46,8.47,8.47,8.47,8.47,267.06,0.00,0.00,1.00,0.00,0.00,0.00,-1.00,0,None,0,aggregation
160,236.54,remora9,remora4,26.26,26.26,26.66,26.66,27.03,27.03,27.30,27.30,27.56,27.56,22.03,22.03,22.61,22.61,23.17,23.17,23.58,23.58,23.98,23.98,7.38,7.37,7.37,7.36,7.35,7.34,7.34,7.33,7.32,7.31,8.47,8.47,8.46,8.46,8.46,8.46,8.45,8.45,8.44,8.43,262.08,0.00,0.00,1.00,0.00,0.00,0.00,-1.00,0,None,0,aggregation
160,237.54,remora9,remora4,27.81,27.81,27.96,27.96,28.19,28.19,28.41,28.41,28.54,28.68,24.36,24.36,24.61,24.61,24.98,24.98,25.34,25.34,25.57,25.79,7.30,7.28,7.27,7.26,7.25,7.23,7.22,7.21,7.19,7.18,8.43,8.42,8.41,8.41,8.40,8.39,8.38,8.37,8.36,8.90,258.67,0.00,0.00,1.00,0.00,0.00,0.00,-1.00,0,None,0,aggregation
160,238.54,remora9,remora4,28.68,28.68,28.80,28.80,28.98,28.98,29.09,29.09,29.20,29.20,25.79,25.79,26.01,26.01,26.33,26.33,26.54,26.54,26.74,26.74,7.16,7.14,7.13,7.11,7.09,7.07,7.06,7.04,7.02,7.00,8.88,8.86,8.84,8.82,8.80,8.78,8.76,8.74,8.71,8.69,256.29,0.00,0.00,1.00,0.00,0.00,0.00,-1.00,0,None,0,aggregation
160,239.54,remora9,remora4,29.30,29.30,29.40,29.40,29.49,29.49,29.62,29.70,29.70,29.70,26.93,26.93,27.12,27.12,27.31,27.31,27.57,27.74,27.74,27.74,6.98,6.96,6.93,6.91,6.89,6.87,6.84,6.82,6.80,6.77,8.67,8.65,8.62,8.60,8.58,8.55,8.53,8.50,8.48,8.45,254.72,0.00,0.00,1.00,0.00,0.00,0.00,-1.00,0,None,0,aggregation
160,240.54,remora9,remora4,29.77,29.77,29.83,29.83,29.89,29.89,29.97,29.97,30.02,30.02,27.91,27.91,28.07,28.07,28.22,28.22,28.44,28.44,28.58,28.58,6.75,6.72,6.70,6.67,6.64,6.61,6.59,6.56,6.53,6.50,8.43,8.40,8.37,8.35,8.32,8.29,8.27,8.24,8.21,8.18,253.79,0.00,0.00,1.00,0.00,0.00,0.00,-1.00,0,None,0,aggregation
160,241.54,remora9,remora4,30.08,30.08,30.13,30.13,30.15,30.15,30.17,30.17,30.18,30.18,28.78,28.78,28.96,28.96,29.08,29.08,29.19,29.19,29.34,29.34,6.47,6.44,6.41,6.38,6.35,6.32,6.28,6.25,6.22,6.18,8.15,8.12,8.09,8.07,8.04,8.00,7.97,7.94,7.91,7.88,253.40,0.00,0.00,1.00,0.00,0.00,0.00,-1.00,0,None,0,aggregation
160,242.54,remora9,remora4,30.19,30.19,30.18,30.18,30.15,30.15,30.13,30.13,30.11,30.11,29.44,29.44,29.53,29.53,29.72,29.72,29.79,29.79,29.85,29.85,6.15,6.12,6.08,6.05,6.01,5.98,5.94,5.90,5.87,5.83,7.85,7.82,7.79,7.75,7.72,7.69,7.65,7.62,7.59,7.55,253.31,0.00,0.00,1.00,0.00,0.00,0.00,-1.00,0,None,0,aggregation
160,243.54,remora9,remora4,30.06,30.06,30.02,30.02,29.98,29.98,29.93,29.93,29.88,29.88,29.93,29.93,29.98,29.98,30.02,30.02,30.06,30.06,30.09,30.09,5.80,5.76,5.72,5.69,5.65,5.61,5.58,5.54,5.50,5.47,8.14,8.11,8.07,8.04,8.01,7.98,7.94,7.91,7.88,7.84,268.05,0.00,0.00,1.00,0.00,0.00,0.00,-1.00,0,None,0,aggregation
160,244.54,remora9,remora4,29.82,29.82,29.75,29.75,29.68,29.68,29.61,29.61,29.62,29.62,30.12,30.12,30.14,30.14,30.16,30.16,30.17,30.17,30.17,30.17,5.43,5.39,5.36,5.32,5.29,5.25,5.21,5.18,5.14,5.11,7.81,7.78,7.74,7.71,7.67,7.64,7.61,7.58,7.54,7.51,278.83,0.00,0.00,1.00,0.00,0.00,0.00,-1.00,0,None,0,aggregation
160,245.54,remora9,remora4,29.61,29.61,29.67,29.67,29.68,29.68,29.76,29.76,29.88,29.88,30.17,30.17,30.16,30.16,30.16,30.16,30.14,30.14,30.09,30.09,5.07,5.04,5.01,4.97,4.94,4.91,4.88,4.84,4.81,4.78,7.48,7.45,7.42,7.38,7.34,7.31,7.28,7.25,7.22,7.19,286.10,0.00,0.00,1.00,0.00,0.00,0.00,-1.00,0,None,0,aggregation
160,246.54,remora9,remora4,29.90,29.90,29.96,29.96,29.96,29.96,30.03,30.03,30.05,30.05,30.08,30.08,30.03,30.03,30.04,30.04,29.97,29.97,29.94,29.94,4.75,4.73,4.70,4.67,4.64,4.62,4.59,4.57,4.54,4.52,7.16,7.12,7.09,7.06,7.03,7.00,6.97,6.94,6.91,6.88,291.08,0.00,0.00,1.00,0.00,0.00,0.00,-1.00,0,None,0,aggregation
160,247.54,remora9,remora4,30.07,30.07,30.09,30.09,30.06,30.06,0.00,0.00,0.00,0.00,29.92,29.92,29.88,29.88,29.92,29.92,0.00,0.00,0.00,0.00,4.50,4.48,4.46,4.44,4.42,4.40,4.39,4.38,4.37,4.36,6.85,6.81,6.78,6.75,6.72,6.69,6.67,6.66,6.64,6.63,282.48,0.00,0.00,1.00,0.00,0.00,0.00,-1.00,0,None,0,aggregation
160,248.54,remora9,remora4,0.00,0.00,0.00,0.00,0.00,0.00,0.00,0.00,0.00,0.00,0.00,0.00,0.00,0.00,0.00,0.00,0.00,0.00,0.00,0.00,4.35,4.34,4.33,4.33,4.32,4.31,4.31,4.30,4.29,4.29,6.62,6.62,6.61,6.61,6.60,6.59,6.58,6.57,6.56,6.56,254.86,0.00,0.00,1.00,0.00,0.00,0.00,-1.00,0,None,0,aggregation
160,249.54,remora9,remora4,0.00,0.00,0.00,0.00,0.00,0.00,0.00,0.00,0.00,0.00,0.00,0.00,0.00,0.00,0.00,0.00,0.00,0.00,0.00,0.00,4.28,4.28,4.28,4.27,4.27,4.27,4.27,4.26,4.26,4.26,6.55,6.54,6.53,6.52,6.52,6.51,6.50,6.50,6.50,6.49,226.43,0.00,0.00,1.00,0.00,0.00,0.00,-1.00,0,None,0,aggregation
160,250.54,remora9,remora4,0.00,0.00,0.00,0.00,0.00,0.00,0.00,0.00,0.00,0.00,0.00,0.00,0.00,0.00,0.00,0.00,0.00,0.00,0.00,0.00,4.26,4.26,4.26,4.27,4.27,4.27,4.27,4.28,4.28,4.28,6.48,6.48,6.47,6.47,6.47,6.47,6.47,6.47,6.47,6.46,197.36,0.00,0.00,1.00,0.00,0.00,0.00,-1.00,0,None,0,aggregation
160,251.54,remora9,remora4,0.00,0.00,0.00,0.00,0.00,0.00,0.00,0.00,0.00,0.00,0.00,0.00,0.00,0.00,0.00,0.00,0.00,0.00,0.00,0.00,4.29,4.29,4.30,4.31,4.31,4.32,4.33,4.33,4.34,4.35,6.46,6.46,6.46,6.46,6.45,6.45,6.45,6.45,6.45,6.45,167.75,0.00,0.00,1.00,0.00,0.00,0.00,-1.00,0,None,0,aggregation
160,252.54,remora9,remora4,0.00,0.00,0.00,0.00,0.00,0.00,0.00,0.00,0.00,0.00,0.00,0.00,0.00,0.00,0.00,0.00,0.00,0.00,0.00,0.00,4.36,4.37,4.38,4.39,4.40,4.41,4.42,4.43,4.45,4.46,6.44,6.44,6.44,6.44,6.44,6.44,6.44,6.45,6.45,6.45,137.84,0.00,0.00,1.00,0.00,0.00,0.00,-1.00,0,None,0,aggregation
160,253.54,remora9,remora4,0.00,0.00,0.00,0.00,0.00,0.00,0.00,0.00,0.00,0.00,0.00,0.00,0.00,0.00,0.00,0.00,0.00,0.00,0.00,0.00,4.47,4.48,4.50,4.51,4.52,4.53,4.55,4.56,4.57,4.59,6.46,6.46,6.47,6.47,6.47,6.48,6.48,6.48,6.48,6.49,107.85,0.00,0.00,1.00,0.00,0.00,0.00,-1.00,0,None,0,aggregation
160,254.54,remora9,remora4,0.00,0.00,0.00,0.00,0.00,0.00,0.00,0.00,0.00,0.00,0.00,0.00,0.00,0.00,0.00,0.00,0.00,0.00,0.00,0.00,4.60,4.61,4.63,4.64,4.66,4.68,4.70,4.71,4.73,4.75,6.49,6.49,6.50,6.50,6.51,6.51,6.52,6.52,6.52,6.53,77.92,0.00,0.00,1.00,0.00,0.00,0.00,-1.00,0,None,0,aggregation
160,255.54,remora9,remora4,0.00,0.00,0.00,0.00,0.00,0.00,0.00,0.00,0.00,0.00,0.00,0.00,0.00,0.00,0.00,0.00,0.00,0.00,0.00,0.00,4.77,4.79,4.81,4.83,4.85,4.87,4.89,4.90,4.91,4.92,6.53,6.53,6.54,6.54,6.54,6.95,6.95,6.56,6.95,6.94,47.99,0.00,0.00,1.00,0.00,0.00,0.00,-1.00,0,None,0,aggregation
160,256.54,remora9,remora4,0.00,0.00,0.00,0.00,0.00,0.00,0.00,0.00,0.00,0.00,0.00,0.00,0.00,0.00,0.00,0.00,0.00,0.00,0.00,0.00,4.93,4.93,4.93,4.93,4.93,4.93,4.92,4.92,4.92,4.92,6.94,6.93,6.92,6.92,6.91,6.90,6.90,6.89,6.88,6.88,17.99,0.00,0.00,0.00,0.00,0.00,0.00,-1.00,0,None,0,aggregation
160,257.54,remora9,remora4,0.00,0.00,0.00,0.00,0.00,0.00,0.00,0.00,0.00,0.00,0.00,0.00,0.00,0.00,0.00,0.00,0.00,0.00,0.00,0.00,4.92,4.92,4.91,4.91,4.91,4.91,4.91,4.91,4.91,4.92,6.87,6.86,6.85,6.85,6.84,6.84,6.83,6.83,6.82,6.81,0.00,0.00,0.00,0.00,0.00,0.00,0.00,-1.00,0,None,0,aggregation
160,258.54,remora9,remora4,0.00,0.00,0.00,0.00,0.00,0.00,0.00,0.00,0.00,0.00,0.00,0.00,0.00,0.00,0.00,0.00,0.00,0.00,0.00,0.00,4.92,4.92,4.93,4.93,4.94,4.94,4.95,4.96,4.96,4.97,6.81,6.80,6.80,6.79,6.79,6.78,6.78,6.78,6.77,6.77,0.00,0.00,0.00,0.00,0.00,0.00,0.00,-1.00,0,None,0,aggregation
160,259.54,remora9,remora4,0.00,0.00,0.00,0.00,0.00,0.00,0.00,0.00,0.00,0.00,0.00,0.00,0.00,0.00,0.00,0.00,0.00,0.00,0.00,0.00,4.98,4.99,5.00,5.01,5.02,5.03,5.04,5.05,5.06,5.07,6.76,6.76,6.75,6.75,6.74,6.74,6.73,6.73,6.73,6.72,0.00,0.00,0.00,0.00,0.00,0.00,0.00,-1.00,0,None,0,aggregation
160,260.54,remora9,remora4,0.00,0.00,0.00,0.00,0.00,0.00,0.00,0.00,0.00,0.00,0.00,0.00,0.00,0.00,0.00,0.00,0.00,0.00,0.00,0.00,5.08,5.09,5.10,5.11,5.13,5.14,5.15,5.16,5.17,5.19,6.72,6.72,6.71,6.71,6.70,6.70,6.70,6.69,6.69,6.69,0.00,0.00,0.00,0.00,0.00,0.00,0.00,-1.00,0,None,0,aggregation
160,261.54,remora9,remora4,0.00,0.00,0.00,0.00,0.00,0.00,0.00,0.00,0.00,0.00,0.00,0.00,0.00,0.00,0.00,0.00,0.00,0.00,0.00,0.00,5.20,5.21,5.22,5.23,5.25,5.26,5.27,5.28,5.29,5.31,6.69,6.68,6.68,6.68,6.67,6.67,6.67,6.66,6.66,6.66,0.00,0.00,0.00,0.00,0.00,0.00,0.00,-1.00,0,None,0,aggregation
160,262.54,remora9,remora4,0.00,0.00,0.00,0.00,0.00,0.00,0.00,0.00,0.00,0.00,0.00,0.00,0.00,0.00,0.00,0.00,0.00,0.00,0.00,0.00,5.32,5.33,5.34,5.35,5.36,5.38,5.39,5.40,5.41,5.42,6.65,6.65,6.65,6.65,6.64,6.64,6.64,6.63,6.63,6.62,0.00,0.00,0.00,0.00,0.00,0.00,0.00,-1.00,0,None,0,aggregation
160,263.54,remora9,remora4,0.00,0.00,0.00,0.00,0.00,0.00,0.00,0.00,0.00,0.00,0.00,0.00,0.00,0.00,0.00,0.00,0.00,0.00,0.00,0.00,5.43,5.44,5.45,5.46,5.47,5.48,5.49,5.50,5.51,5.52,6.62,6.62,6.62,6.62,6.63,6.63,6.63,6.63,6.64,6.64,0.00,0.00,0.00,0.00,0.00,0.00,0.00,-1.00,0,None,0,aggregation
160,264.54,remora9,remora4,0.00,0.00,0.00,0.00,0.00,0.00,0.00,0.00,0.00,0.00,0.00,0.00,0.00,0.00,0.00,0.00,0.00,0.00,0.00,0.00,5.53,5.54,5.55,5.56,5.57,5.58,5.59,5.60,5.61,5.62,6.64,6.64,6.65,6.65,6.65,6.65,6.65,6.66,6.66,6.66,0.00,0.00,0.00,0.00,0.00,0.00,0.00,-1.00,0,None,0,aggregation
160,265.54,remora9,remora4,0.00,0.00,0.00,0.00,0.00,0.00,0.00,0.00,0.00,0.00,0.00,0.00,0.00,0.00,0.00,0.00,0.00,0.00,0.00,0.00,5.63,5.64,5.65,5.66,5.67,5.68,5.69,5.70,5.71,5.72,6.66,6.67,6.67,6.67,6.67,6.67,6.67,6.67,6.67,6.67,0.00,0.00,0.00,0.00,0.00,0.00,0.00,-1.00,0,None,0,aggregation
160,266.54,remora9,remora4,0.00,0.00,0.00,0.00,0.00,0.00,0.00,0.00,0.00,0.00,0.00,0.00,0.00,0.00,0.00,0.00,0.00,0.00,0.00,0.00,5.73,5.74,5.74,5.74,5.74,5.74,5.74,5.74,5.74,5.74,6.67,6.67,6.67,6.68,6.68,6.68,6.68,6.68,6.68,6.68,0.00,0.00,0.00,0.00,0.00,0.00,0.00,-1.00,0,None,0,aggregation
160,267.54,remora9,remora4,0.00,0.00,0.00,0.00,0.00,0.00,0.00,0.00,0.00,0.00,0.00,0.00,0.00,0.00,0.00,0.00,0.00,0.00,0.00,0.00,5.74,5.74,5.74,5.74,5.74,5.74,5.74,5.74,5.73,5.72,6.67,6.67,6.67,6.67,6.67,6.67,6.67,6.67,6.67,6.67,0.00,0.00,0.00,0.00,0.00,0.00,0.00,-1.00,0,None,0,aggregation
160,268.54,remora9,remora4,-34.70,-34.70,-34.49,-34.49,-34.01,-34.01,-33.42,-33.42,-32.64,-32.64,-24.24,-24.24,-24.02,-24.02,-23.55,-23.55,-22.96,-22.96,-22.17,-22.17,5.70,5.68,5.65,5.63,5.61,5.59,5.56,5.54,5.52,5.50,6.68,6.69,6.70,6.71,6.73,6.74,6.75,6.77,6.78,6.79,28.62,0.00,0.00,0.00,0.00,0.00,0.00,-1.00,0,None,0,aggregation
160,269.54,remora9,remora4,-31.82,-31.82,-30.89,-30.89,-29.87,-29.87,-28.74,-28.74,-27.53,-27.53,-21.35,-21.35,-20.43,-20.43,-19.40,-19.40,-18.28,-18.28,-17.06,-17.06,5.47,5.45,5.43,5.41,5.39,5.37,5.35,5.33,5.31,5.29,6.81,6.82,6.83,6.84,6.85,6.86,6.87,6.88,6.89,6.90,53.16,0.00,0.00,1.00,0.00,0.00,0.00,-1.00,0,None,0,aggregation
160,270.54,remora9,remora4,-26.37,-26.37,-24.84,-24.84,-23.37,-23.37,-21.49,-21.49,-19.39,-19.39,-15.91,-15.91,-14.37,-14.37,-12.91,-12.91,-11.03,-11.03,-8.92,-8.92,5.27,5.25,5.24,5.22,5.20,5.19,5.17,5.16,5.14,5.13,6.91,6.14,6.15,6.15,6.16,6.16,6.16,6.17,6.17,6.18,71.02,0.00,0.00,1.00,0.00,0.00,0.00,-1.00,0,None,0,aggregation
160,271.54,remora9,remora4,-17.61,-17.61,-15.47,-15.47,-13.30,-13.30,-11.18,-11.18,-9.18,-9.18,-7.14,-7.14,-5.01,-5.01,-2.84,-2.84,-0.71,-0.71,1.28,1.28,5.12,5.11,5.10,5.09,5.08,5.07,5.06,5.06,5.06,5.05,6.18,6.18,6.19,6.19,6.20,6.20,6.20,6.21,6.21,6.22,79.13,0.00,0.00,1.00,0.00,0.00,0.00,-1.00,0,None,0,aggregation
160,272.54,remora9,remora4,-6.97,-6.97,-4.80,-4.80,-2.12,-2.12,-0.56,-0.56,1.59,1.59,3.50,3.50,5.58,5.58,7.72,7.72,8.97,8.97,10.68,10.68,5.05,5.05,5.05,5.06,5.06,5.06,5.07,5.08,5.09,5.10,6.22,6.23,6.24,6.24,6.25,6.26,6.27,6.28,6.29,6.30,82.18,0.00,0.00,1.00,0.00,0.00,0.00,-1.00,0,None,0,aggregation
160,273.54,remora9,remora4,3.55,3.55,5.27,5.27,6.81,6.81,7.95,7.95,9.01,9.01,12.24,12.24,13.61,13.61,14.82,14.82,15.71,15.71,16.54,16.54,5.11,5.12,5.13,5.15,5.16,5.18,5.19,5.21,5.23,5.25,6.31,6.32,6.34,6.35,6.37,6.39,6.40,6.42,6.44,6.45,92.73,0.00,0.00,1.00,0.00,0.00,0.00,-1.00,0,None,0,aggregation
160,274.54,remora9,remora4,11.10,11.10,12.73,12.73,13.91,13.91,15.45,15.45,16.92,16.92,18.17,18.17,19.42,19.42,20.33,20.33,21.49,21.49,22.60,22.60,5.27,5.29,5.31,5.33,5.36,5.38,5.41,5.43,5.46,5.49,6.47,6.49,6.51,6.53,6.55,6.58,6.60,6.63,6.65,6.68,109.95,0.00,0.00,1.00,0.00,0.00,0.00,-1.00,0,None,0,aggregation
160,275.54,remora9,remora4,17.99,17.99,19.19,19.19,20.18,20.18,21.28,21.28,22.18,22.18,23.39,23.39,24.26,24.26,24.97,24.97,25.74,25.74,26.36,26.36,5.51,5.54,5.57,5.60,5.63,5.66,5.69,5.73,5.76,5.79,6.71,6.73,6.76,6.79,6.82,6.85,6.88,6.91,6.94,6.97,132.50,0.00,0.00,1.00,0.00,0.00,0.00,-1.00,0,None,0,aggregation
160,276.54,remora9,remora4,22.89,22.89,23.58,23.58,24.24,24.24,24.74,24.74,25.22,25.22,26.85,26.85,27.30,27.30,27.72,27.72,28.04,28.04,28.34,28.34,5.83,5.86,5.90,5.93,5.97,6.00,6.04,6.08,6.11,6.15,7.01,7.04,7.07,7.11,7.14,7.17,7.21,7.24,7.28,7.31,158.39,0.00,0.00,1.00,0.00,0.00,0.00,-1.00,0,None,0,aggregation
160,277.54,remora9,remora4,25.90,25.90,26.33,26.33,26.54,26.54,26.93,26.93,27.22,27.22,28.74,28.74,28.98,28.98,29.09,29.09,29.30,29.30,29.45,29.45,6.19,6.23,6.27,6.30,6.34,6.38,6.42,6.46,6.50,6.54,7.35,7.39,7.42,7.46,7.49,7.53,7.57,7.60,7.64,7.68,186.24,0.00,0.00,1.00,0.00,0.00,0.00,-1.00,0,None,0,aggregation
160,278.54,remora9,remora4,27.49,27.49,27.74,27.74,27.99,27.99,28.22,28.22,28.37,28.37,29.58,29.58,29.70,29.70,29.80,29.80,29.89,29.89,29.95,29.95,6.58,6.63,6.67,6.71,6.75,6.79,6.83,6.88,6.92,6.96,7.72,7.76,7.79,7.83,7.87,7.91,7.95,7.99,8.02,8.06,186.49,0.00,0.00,1.00,0.00,0.00,0.00,-1.00,0,None,0,aggregation
160,279.54,remora9,remora4,28.51,28.51,28.65,28.65,28.78,28.78,28.84,28.84,28.96,28.96,30.00,30.00,30.04,30.04,30.08,30.08,30.10,30.10,30.13,30.13,7.01,7.05,7.09,7.14,7.18,7.22,7.27,7.31,7.36,7.40,8.10,8.14,8.18,7.61,7.64,7.68,7.71,7.74,7.78,7.81,191.36,0.00,0.00,1.00,0.00,0.00,0.00,-1.00,0,None,0,aggregation
160,280.54,remora9,remora4,29.02,29.02,29.08,29.19,29.19,29.19,29.29,29.29,0.00,0.00,30.14,30.14,30.15,30.17,30.17,30.17,30.18,30.18,0.00,0.00,7.45,7.49,7.54,7.58,7.63,7.67,7.72,7.76,7.80,7.82,7.85,7.88,7.92,7.95,7.98,8.02,8.05,8.08,8.10,8.11,197.23,0.00,0.00,1.00,0.00,0.00,0.00,-1.00,0,None,0,aggregation
160,281.54,remora9,remora4,30.00,30.00,30.00,30.00,30.00,30.00,30.00,30.00,30.00,30.00,30.00,30.00,30.00,30.00,30.00,30.00,30.00,30.00,30.00,30.00,7.86,7.90,7.95,8.00,8.04,8.09,8.14,8.18,8.23,8.28,8.13,8.17,8.20,8.24,8.27,8.31,8.34,8.38,8.41,8.45,219.12,0.00,0.00,1.00,0.00,0.00,0.00,-1.00,0,None,0,aggregation
160,282.54,remora9,remora4,30.00,30.00,30.00,30.00,30.00,30.00,30.00,30.00,30.00,30.00,30.00,30.00,30.00,30.00,30.00,30.00,30.00,30.00,30.00,30.00,8.32,8.35,8.37,8.40,8.43,8.46,8.49,8.52,8.55,8.58,8.48,8.52,8.55,8.59,8.62,8.66,8.69,8.73,8.76,8.80,246.07,0.00,0.00,1.00,0.00,0.00,0.00,-1.00,0,None,0,aggregation
160,283.54,remora9,remora4,30.00,30.00,30.00,30.00,30.00,30.00,-17.70,-17.58,-17.58,-17.58,30.00,30.00,30.00,30.00,30.00,30.00,-2.00,-1.89,-1.89,-1.89,8.61,8.64,8.67,8.70,8.73,8.76,8.77,8.77,8.76,8.75,8.84,8.87,8.91,8.94,8.98,9.01,9.03,9.03,9.03,9.03,257.42,0.00,0.00,1.00,1.00,0.00,1.00,-1.00,0,None,0,aggregation
160,284.54,remora9,remora4,-17.30,-17.30,30.00,30.00,-16.68,-16.68,-16.36,-16.36,-15.78,-15.78,-1.60,-1.60,30.00,30.00,-0.98,-0.98,-0.66,-0.66,-0.08,-0.08,8.74,8.73,8.73,8.75,8.76,8.76,8.75,8.74,8.73,8.73,9.03,9.02,9.03,9.06,9.08,9.08,9.08,9.08,9.08,9.08,253.15,0.00,0.00,1.00,1.00,0.00,1.00,-1.00,0,None,0,aggregation
160,285.54,remora9,remora4,30.00,30.00,-14.73,-14.73,-14.31,-14.31,-13.50,-13.50,30.00,30.00,30.00,30.00,0.97,0.97,1.39,1.39,2.20,2.20,30.00,30.00,8.73,8.75,8.76,8.75,8.75,8.74,8.74,8.73,8.74,8.75,9.09,9.11,9.13,9.13,9.13,9.14,9.14,9.15,9.16,9.18,246.40,0.00,0.00,1.00,1.00,0.00,1.00,-1.00,0,None,0,aggregation
160,286.54,remora9,remora4,-12.23,-12.23,-11.71,-10.75,-10.75,-10.75,-9.75,-9.75,-8.72,-8.72,3.47,3.47,3.98,4.95,4.95,4.95,5.95,5.95,6.98,6.98,8.76,8.76,8.75,8.75,8.75,8.75,8.75,8.75,8.75,8.75,9.19,9.19,9.20,9.20,9.21,9.21,9.22,9.23,9.24,9.24,223.19,0.00,0.00,1.00,1.00,0.00,1.00,-1.00,0,None,0,aggregation
160,287.54,remora9,remora4,-7.61,-7.61,-6.07,-6.07,-4.61,-4.61,-3.25,-3.25,-2.01,-2.01,7.93,7.93,8.44,8.44,8.92,8.92,9.35,9.35,9.73,9.73,8.74,8.74,8.74,8.74,8.74,8.74,8.74,8.74,8.74,8.74,9.25,9.25,9.26,9.26,9.27,9.28,9.29,9.29,8.94,8.93,197.42,0.00,0.00,1.00,0.00,0.00,0.00,-1.00,0,None,0,aggregation
160,288.54,remora9,remora4,0.00,0.00,3.29,3.29,4.42,4.42,6.19,6.19,7.72,7.72,0.00,0.00,12.04,12.04,12.93,12.93,14.33,14.33,15.53,15.53,8.74,8.74,8.74,8.73,8.73,8.73,8.72,8.72,8.71,8.70,8.93,8.93,8.92,8.92,8.91,8.91,8.91,8.90,8.90,8.89,176.20,0.00,0.00,1.00,0.00,0.00,0.00,-1.00,0,None,0,aggregation
160,289.54,remora9,remora4,9.43,9.43,10.69,10.69,11.92,11.92,13.12,13.12,14.30,14.30,16.87,16.87,17.85,17.85,18.80,18.80,19.73,19.73,20.63,20.63,8.70,8.69,8.68,8.67,8.67,8.66,8.65,8.64,8.62,8.61,8.88,8.87,8.86,8.86,8.85,8.84,8.83,8.82,8.81,8.79,162.12,0.00,0.00,1.00,0.00,0.00,0.00,-1.00,0,None,0,aggregation
160,290.54,remora9,remora4,15.26,15.26,16.19,16.19,16.92,16.92,17.64,17.64,18.34,18.34,21.35,21.35,22.05,22.05,22.60,22.60,23.13,23.13,23.64,23.64,8.60,8.59,8.57,8.56,8.54,8.53,8.51,8.50,8.48,8.46,8.78,8.77,8.76,8.74,8.73,8.71,8.70,8.68,8.66,8.64,158.11,0.00,0.00,1.00,0.00,0.00,0.00,-1.00,0,None,0,aggregation
160,291.54,remora9,remora4,19.02,19.02,19.52,19.52,20.18,20.18,20.81,20.81,21.28,21.28,24.14,24.14,24.50,24.50,24.97,24.97,25.42,25.42,25.74,25.74,8.45,8.43,8.41,8.39,8.37,8.35,8.33,8.31,8.29,8.27,8.62,8.61,8.59,8.57,8.56,8.53,8.51,8.49,8.47,8.45,150.66,0.00,0.00,1.00,0.00,0.00,0.00,-1.00,0,None,0,aggregation
160,292.54,remora9,remora4,21.73,21.73,22.32,22.32,22.61,22.61,23.03,23.03,23.31,23.31,26.06,26.06,26.46,26.46,26.66,26.66,26.94,26.94,27.12,27.12,8.25,8.23,8.21,8.19,8.16,8.14,8.12,8.09,8.07,8.05,8.43,8.40,8.38,8.36,8.34,8.31,8.29,8.26,8.24,8.81,145.29,0.00,0.00,1.00,0.00,0.00,0.00,-1.00,0,None,0,aggregation
160,293.54,remora9,remora4,23.58,23.58,23.85,23.85,24.11,24.11,24.36,24.36,24.61,24.61,27.30,27.30,27.47,27.47,27.64,27.64,27.81,27.81,27.96,27.96,8.02,8.00,7.97,7.95,7.92,7.90,7.87,7.85,7.82,7.80,8.79,8.77,8.74,8.72,8.70,8.67,8.65,8.62,8.59,8.57,149.26,0.00,0.00,1.00,0.00,0.00,0.00,-1.00,0,None,0,aggregation
160,294.54,remora9,remora4,24.86,24.86,24.98,24.98,25.10,25.22,25.22,25.22,25.22,25.22,28.12,28.12,28.19,28.19,28.26,28.34,28.34,28.34,28.34,28.34,7.77,7.74,7.72,7.69,7.66,7.64,7.61,7.59,7.55,7.51,8.54,8.52,8.50,8.47,8.45,8.42,8.39,8.37,8.34,8.30,162.98,0.00,0.00,1.00,0.00,0.00,0.00,-1.00,0,None,0,aggregation
160,295.54,remora9,remora4,25.45,25.45,25.45,25.45,25.45,25.45,25.45,25.45,25.45,25.45,28.48,28.48,28.48,28.48,28.48,28.48,28.48,28.48,28.48,28.48,7.47,7.43,7.39,7.35,7.32,7.28,7.24,7.20,7.17,7.13,8.27,8.24,8.21,8.18,8.15,8.12,8.09,8.06,8.03,7.99,174.15,0.00,0.00,1.00,0.00,0.00,0.00,-1.00,0,None,0,aggregation
160,296.54,remora9,remora4,25.45,25.45,25.45,25.45,25.34,25.34,25.34,25.34,25.34,25.34,28.48,28.48,28.48,28.48,28.41,28.41,28.41,28.41,28.41,28.41,7.10,7.07,7.03,7.00,6.97,6.94,6.91,6.88,6.86,6.83,7.96,7.93,7.90,7.87,7.84,7.82,7.79,7.76,7.73,7.70,198.37,0.00,0.00,1.00,0.00,0.00,0.00,-1.00,0,None,0,aggregation
160,297.54,remora9,remora4,25.34,25.34,25.34,25.34,25.68,25.68,25.90,25.90,26.12,26.12,28.41,28.41,28.41,28.41,28.61,28.61,28.74,28.74,28.86,28.86,6.80,6.77,6.75,6.72,6.70,6.67,6.64,6.62,6.59,6.56,7.67,7.63,7.61,7.58,7.55,7.52,7.49,7.46,7.43,7.40,223.43,0.00,0.00,1.00,0.00,0.00,0.00,-1.00,0,None,0,aggregation
160,298.54,remora9,remora4,26.23,26.23,26.33,26.33,26.33,26.33,26.54,26.54,26.64,26.64,28.92,28.92,28.98,28.98,28.98,28.98,29.09,29.09,29.15,29.15,6.54,6.51,6.48,6.45,6.43,6.40,6.37,6.34,6.30,6.27,7.37,7.33,7.30,7.27,7.24,7.21,7.18,7.15,7.12,7.08,243.50,0.00,0.00,1.00,0.00,0.00,0.00,-1.00,0,None,0,aggregation
160,299.54,remora9,remora4,26.84,26.84,26.84,26.84,27.03,27.03,27.12,27.12,27.31,27.31,29.25,29.25,29.25,29.25,29.35,29.35,29.40,29.40,29.49,29.49,6.24,6.21,6.17,6.14,6.10,6.07,6.03,6.00,5.96,5.92,7.05,7.01,6.98,6.94,6.91,6.87,6.84,6.81,6.78,6.74,256.36,0.00,0.00,1.00,0.00,0.00,0.00,-1.00,0,None,0,aggregation
160,300.54,remora9,remora4,27.31,27.31,27.40,27.40,27.40,27.40,27.66,27.66,27.83,27.83,29.49,29.49,29.54,29.54,29.54,29.54,29.66,29.66,29.73,29.73,5.88,5.84,5.80,5.76,5.72,5.68,5.64,5.60,5.56,5.51,6.71,6.67,6.63,6.60,6.56,6.52,6.48,6.44,6.41,6.37,265.20,0.00,0.00,1.00,0.00,0.00,0.00,-1.00,0,None,0,aggregation
160,301.54,remora9,remora4,27.99,27.99,27.99,27.99,27.99,27.99,28.07,28.07,28.24,28.24,29.80,29.80,29.80,29.80,29.80,29.80,29.83,29.83,29.90,29.90,5.47,5.43,5.39,5.34,5.30,5.25,5.21,5.17,5.12,5.08,6.33,6.29,6.25,6.21,6.18,6.14,6.10,6.06,6.02,5.98,271.58,0.00,0.00,1.00,0.00,0.00,0.00,-1.00,0,None,0,aggregation
160,302.54,remora9,remora4,28.55,28.55,28.82,28.82,29.03,29.03,0.00,0.00,0.00,0.00,30.01,30.01,30.09,30.09,30.14,30.14,0.00,0.00,0.00,0.00,5.03,4.99,4.94,4.90,4.85,4.81,4.77,4.75,4.72,4.70,5.95,5.91,5.87,5.83,5.79,5.75,5.72,5.71,5.69,5.68,264.62,0.00,0.00,1.00,0.00,0.00,0.00,-1.00,0,None,0,aggregation
160,303.54,remora9,remora4,0.00,0.00,0.00,0.00,0.00,0.00,0.00,0.00,0.00,0.00,0.00,0.00,0.00,0.00,0.00,0.00,0.00,0.00,0.00,0.00,4.68,4.65,4.63,4.60,4.58,4.56,4.53,4.51,4.48,4.46,5.66,5.64,5.63,5.61,5.59,5.58,5.56,5.54,5.53,5.51,238.75,0.00,0.00,1.00,0.00,0.00,0.00,-1.00,0,None,0,aggregation
160,304.54,remora9,remora4,0.00,0.00,0.00,0.00,0.00,0.00,0.00,0.00,0.00,0.00,0.00,0.00,0.00,0.00,0.00,0.00,0.00,0.00,0.00,0.00,4.44,4.41,4.39,4.37,4.35,4.32,4.30,4.28,4.26,4.23,5.49,5.48,5.46,5.45,5.43,5.42,5.40,5.38,5.37,5.35,212.08,0.00,0.00,1.00,0.00,0.00,0.00,-1.00,0,None,0,aggregation
160,305.54,remora9,remora4,0.00,0.00,0.00,0.00,0.00,0.00,0.00,0.00,0.00,0.00,0.00,0.00,0.00,0.00,0.00,0.00,0.00,0.00,0.00,0.00,4.21,4.19,4.17,4.15,4.13,4.11,4.08,4.06,4.04,4.02,5.33,5.32,5.30,5.29,5.27,5.26,5.24,5.23,5.21,5.19,185.11,0.00,0.00,1.00,0.00,0.00,0.00,-1.00,0,None,0,aggregation
160,306.54,remora9,remora4,0.00,0.00,0.00,0.00,0.00,0.00,0.00,0.00,0.00,0.00,0.00,0.00,0.00,0.00,0.00,0.00,0.00,0.00,0.00,0.00,4.00,3.99,3.97,3.95,3.93,3.91,3.89,3.88,3.86,3.84,5.18,5.17,5.16,5.15,5.15,5.14,5.14,5.13,5.13,5.12,158.21,0.00,0.00,1.00,0.00,0.00,0.00,-1.00,0,None,0,aggregation
160,307.54,remora9,remora4,0.00,0.00,0.00,0.00,0.00,0.00,0.00,0.00,0.00,0.00,0.00,0.00,0.00,0.00,0.00,0.00,0.00,0.00,0.00,0.00,3.82,3.81,3.79,3.78,3.76,3.75,3.73,3.72,3.70,3.69,5.11,5.10,5.10,5.09,5.08,5.08,5.07,5.07,5.06,5.05,131.07,0.00,0.00,1.00,0.00,0.00,0.00,-1.00,0,None,0,aggregation
160,308.54,remora9,remora4,0.00,0.00,0.00,0.00,0.00,0.00,0.00,0.00,0.00,0.00,0.00,0.00,0.00,0.00,0.00,0.00,0.00,0.00,0.00,0.00,3.68,3.67,3.65,3.64,3.63,3.62,3.61,3.60,3.59,3.58,5.05,5.04,5.04,5.04,5.03,5.03,5.02,5.02,5.01,5.01,103.35,0.00,0.00,1.00,0.00,0.00,0.00,-1.00,0,None,0,aggregation
160,309.54,remora9,remora4,0.00,0.00,0.00,0.00,0.00,0.00,0.00,0.00,0.00,0.00,0.00,0.00,0.00,0.00,0.00,0.00,0.00,0.00,0.00,0.00,3.57,3.56,3.56,3.55,3.54,3.53,3.53,3.52,3.52,3.51,5.00,5.00,4.99,4.99,4.98,4.98,4.98,4.98,4.98,4.98,75.16,0.00,0.00,1.00,0.00,0.00,0.00,-1.00,0,None,0,aggregation
160,310.54,remora9,remora4,0.00,0.00,0.00,0.00,0.00,0.00,0.00,0.00,0.00,0.00,0.00,0.00,0.00,0.00,0.00,0.00,0.00,0.00,0.00,0.00,3.51,3.51,3.50,3.50,3.50,3.50,3.50,3.50,3.50,3.50,4.98,4.97,4.97,4.97,4.97,4.96,4.96,4.96,4.96,4.95,46.61,0.00,0.00,1.00,0.00,0.00,0.00,-1.00,0,None,0,aggregation
160,311.54,remora9,remora4,0.00,0.00,0.00,0.00,0.00,0.00,0.00,0.00,0.00,0.00,0.00,0.00,0.00,0.00,0.00,0.00,0.00,0.00,0.00,0.00,3.50,3.50,3.50,3.50,3.50,3.51,3.51,3.52,3.52,3.53,4.95,4.95,4.95,4.96,4.96,4.95,4.95,4.95,4.95,4.95,17.66,0.00,0.00,0.00,0.00,0.00,0.00,-1.00,0,None,0,aggregation
160,312.54,remora9,remora4,0.00,0.00,0.00,0.00,0.00,0.00,0.00,0.00,0.00,0.00,0.00,0.00,0.00,0.00,0.00,0.00,0.00,0.00,0.00,0.00,3.53,3.54,3.54,3.55,3.56,3.57,3.57,3.58,3.59,3.60,4.95,4.95,4.96,4.96,4.96,4.96,4.96,4.96,4.96,4.96,0.00,0.00,0.00,0.00,0.00,0.00,0.00,-1.00,0,None,0,aggregation
160,313.54,remora9,remora4,0.00,0.00,0.00,0.00,0.00,0.00,0.00,0.00,0.00,0.00,0.00,0.00,0.00,0.00,0.00,0.00,0.00,0.00,0.00,0.00,3.61,3.62,3.63,3.64,3.66,3.67,3.68,3.69,3.71,3.72,4.97,4.97,4.97,4.97,4.98,4.98,4.98,4.98,4.99,4.99,0.00,0.00,0.00,0.00,0.00,0.00,0.00,-1.00,0,None,0,aggregation
160,314.54,remora9,remora4,0.00,0.00,0.00,0.00,0.00,0.00,0.00,0.00,0.00,0.00,0.00,0.00,0.00,0.00,0.00,0.00,0.00,0.00,0.00,0.00,3.73,3.75,3.76,3.78,3.79,3.81,3.82,3.84,3.85,3.87,5.00,5.00,5.00,5.01,5.01,5.01,5.01,5.02,5.02,5.03,0.00,0.00,0.00,0.00,0.00,0.00,0.00,-1.00,0,None,0,aggregation
160,315.54,remora9,remora4,0.00,0.00,0.00,0.00,0.00,0.00,0.00,0.00,0.00,0.00,0.00,0.00,0.00,0.00,0.00,0.00,0.00,0.00,0.00,0.00,3.89,3.90,3.92,3.94,3.96,3.98,3.99,4.01,4.03,4.05,5.03,5.04,5.04,5.05,5.05,5.06,5.06,5.06,5.07,5.07,0.00,0.00,0.00,0.00,0.00,0.00,0.00,-1.00,0,None,0,aggregation
160,316.54,remora9,remora4,0.00,0.00,0.00,0.00,0.00,0.00,0.00,0.00,0.00,0.00,0.00,0.00,0.00,0.00,0.00,0.00,0.00,0.00,0.00,0.00,4.07,4.09,4.11,4.13,4.15,4.17,4.19,4.21,4.23,4.26,5.07,5.08,5.09,5.10,5.10,5.11,5.11,5.12,5.12,5.12,0.00,0.00,0.00,0.00,0.00,0.00,0.00,-1.00,0,None,0,aggregation
160,317.54,remora9,remora4,0.00,0.00,0.00,0.00,0.00,0.00,0.00,0.00,0.00,0.00,0.00,0.00,0.00,0.00,0.00,0.00,0.00,0.00,0.00,0.00,4.28,4.30,4.32,4.34,4.36,4.39,4.41,4.43,4.45,4.47,5.13,5.13,5.14,5.15,5.15,5.16,5.17,5.17,5.18,5.18,0.00,0.00,0.00,0.00,0.00,0.00,0.00,-1.00,0,None,0,aggregation
160,318.54,remora9,remora4,0.00,0.00,0.00,0.00,0.00,0.00,0.00,0.00,0.00,0.00,0.00,0.00,0.00,0.00,0.00,0.00,0.00,0.00,0.00,0.00,4.50,4.52,4.54,4.57,4.59,4.61,4.63,4.66,4.68,4.70,5.19,5.19,5.20,5.20,5.21,5.22,5.23,5.23,5.24,5.25,0.00,0.00,0.00,0.00,0.00,0.00,0.00,-1.00,0,None,0,aggregation
160,319.54,remora9,remora4,0.00,0.00,0.00,0.00,0.00,0.00,0.00,0.00,0.00,0.00,0.00,0.00,0.00,0.00,0.00,0.00,0.00,0.00,0.00,0.00,4.73,4.75,4.77,4.80,4.82,4.82,4.82,4.82,4.82,4.82,5.25,5.26,5.27,5.27,5.28,5.28,5.29,5.30,5.31,5.32,0.00,0.00,0.00,0.00,0.00,0.00,0.00,-1.00,0,None,0,aggregation
160,320.54,remora9,remora4,0.00,0.00,0.00,0.00,0.00,0.00,0.00,0.00,0.00,0.00,0.00,0.00,0.00,0.00,0.00,0.00,0.00,0.00,0.00,0.00,4.82,4.81,4.81,4.80,4.80,4.79,4.79,4.78,4.78,4.78,5.32,5.33,5.34,5.35,5.35,5.36,5.37,5.37,5.38,5.39,0.00,0.00,0.00,0.00,0.00,0.00,0.00,-1.00,0,None,0,aggregation
160,321.54,remora9,remora4,0.00,0.00,0.00,0.00,0.00,0.00,0.00,0.00,0.00,0.00,0.00,0.00,0.00,0.00,0.00,0.00,0.00,0.00,0.00,0.00,4.78,4.78,4.78,4.78,4.77,4.77,4.76,4.76,4.75,4.75,5.40,5.40,5.40,5.41,5.42,5.43,5.44,5.44,5.45,5.46,0.00,0.00,0.00,0.00,0.00,0.00,0.00,-1.00,0,None,0,aggregation
160,322.54,remora9,remora4,0.00,0.00,0.00,0.00,0.00,0.00,0.00,0.00,0.00,0.00,0.00,0.00,0.00,0.00,0.00,0.00,0.00,0.00,0.00,0.00,4.74,4.75,4.75,4.75,4.75,4.75,4.74,4.74,4.73,4.73,5.47,5.48,5.49,5.50,5.51,5.52,5.52,5.53,5.54,5.55,0.00,0.00,0.00,0.00,0.00,0.00,0.00,-1.00,0,None,0,aggregation
160,323.54,remora9,remora4,-35.03,-35.03,-34.85,-34.85,-34.56,-34.56,-34.07,-34.07,-33.55,-33.55,-24.56,-24.56,-24.38,-24.38,-24.09,-24.09,-23.61,-23.61,-23.09,-23.09,4.73,4.75,4.78,4.81,4.83,4.85,4.87,4.89,4.91,4.93,5.56,5.58,5.61,5.63,5.65,5.68,5.70,5.72,5.74,5.76,29.18,0.00,0.00,0.00,0.00,0.00,0.00,-1.00,0,None,0,aggregation
160,324.54,remora9,remora4,-32.86,-32.86,-32.14,-32.14,-31.19,-30.37,-30.37,-30.37,-29.40,-29.40,-22.40,-22.40,-21.68,-21.68,-20.73,-19.90,-19.90,-19.90,-18.93,-18.93,4.96,4.99,5.01,5.03,5.04,5.06,5.07,5.08,5.10,5.12,5.78,5.79,5.80,5.82,5.84,5.85,5.87,5.88,5.90,5.91,55.06,0.00,0.00,1.00,0.00,0.00,0.00,-1.00,0,None,0,aggregation
160,325.54,remora9,remora4,-28.13,-28.13,-27.08,-27.08,-25.79,-25.79,-24.43,-24.43,-23.04,-23.04,-17.67,-17.67,-16.61,-16.61,-15.33,-15.33,-13.96,-13.96,-12.57,-12.57,5.14,5.15,5.17,5.18,5.18,5.19,5.20,5.20,5.21,5.22,5.93,5.94,5.95,5.97,5.98,5.98,5.99,6.00,6.01,6.02,75.52,0.00,0.00,1.00,0.00,0.00,0.00,-1.00,0,None,0,aggregation
160,326.54,remora9,remora4,-21.66,-21.66,-20.05,-20.05,-18.38,-18.38,-16.86,-16.86,-14.90,-14.90,-11.19,-11.19,-9.59,-9.59,-7.92,-7.92,-6.39,-6.39,-4.44,-4.44,5.22,5.22,5.22,5.22,5.23,5.23,5.24,5.24,5.25,5.25,6.03,6.04,6.04,6.05,6.06,6.07,6.09,6.10,6.12,6.13,88.66,0.00,0.00,1.00,0.00,0.00,0.00,-1.00,0,None,0,aggregation
160,327.54,remora9,remora4,-12.90,-12.90,-11.26,-11.26,-9.20,-9.20,-7.12,-7.12,-5.00,-5.00,-2.43,-2.43,-0.80,-0.80,1.26,1.26,3.35,3.35,5.42,5.42,5.25,5.25,5.24,5.24,5.24,5.24,5.24,5.24,5.24,5.24,6.14,6.16,6.17,6.18,6.20,6.21,6.22,6.24,6.25,6.27,92.61,0.00,0.00,1.00,0.00,0.00,0.00,-1.00,0,None,0,aggregation
160,328.54,remora9,remora4,-2.68,-2.68,-0.36,-0.36,1.70,1.70,3.74,3.74,5.97,5.97,7.28,7.28,9.13,9.13,10.77,10.77,12.39,12.39,14.16,14.16,5.24,5.24,5.24,5.24,5.24,5.25,5.25,5.25,5.26,5.27,6.28,6.30,6.32,6.33,6.35,6.36,6.38,6.40,6.42,6.44,98.82,0.00,0.00,1.00,0.00,0.00,0.00,-1.00,0,None,0,aggregation
160,329.54,remora9,remora4,7.72,9.85,9.85,9.85,11.51,11.51,13.12,13.12,14.69,14.69,15.53,17.20,17.20,17.20,18.49,18.49,19.73,19.73,20.92,20.92,5.27,5.28,5.29,5.29,5.30,5.31,5.32,5.33,5.34,5.36,6.46,6.48,6.50,6.52,6.54,6.57,6.59,6.61,6.63,6.66,113.89,0.00,0.00,1.00,0.00,0.00,0.00,-1.00,0,None,0,aggregation
160,330.54,remora9,remora4,16.01,16.01,17.46,17.46,18.68,18.68,19.85,19.85,20.81,20.81,21.91,21.91,23.00,23.00,23.89,23.89,24.74,24.74,25.42,25.42,5.37,5.39,5.40,5.42,5.43,5.45,5.47,5.49,5.51,5.53,6.68,6.71,6.73,6.76,6.78,6.81,6.84,6.86,6.89,6.92,135.06,0.00,0.00,1.00,0.00,0.00,0.00,-1.00,0,None,0,aggregation
160,331.54,remora9,remora4,21.73,21.73,22.61,22.61,23.45,23.45,23.45,24.11,24.74,24.74,26.06,26.06,26.66,26.66,27.21,27.21,27.21,27.64,28.04,28.04,5.54,5.56,5.58,5.60,5.63,5.65,5.68,5.70,5.72,5.74,6.95,6.97,7.00,7.03,7.06,7.09,7.13,7.15,7.18,7.21,160.23,0.00,0.00,1.00,0.00,0.00,0.00,-1.00,0,None,0,aggregation
160,332.54,remora9,remora4,25.34,25.34,25.79,25.79,26.23,26.23,26.64,26.64,26.84,26.84,28.41,28.41,28.68,28.68,28.92,28.92,29.15,29.15,29.25,29.25,5.77,5.79,5.82,5.84,5.87,5.89,5.92,5.94,5.97,5.99,7.24,7.28,7.31,7.34,7.37,7.41,7.44,7.47,7.51,7.54,187.76,0.00,0.00,1.00,0.00,0.00,0.00,-1.00,0,None,0,aggregation
160,333.54,remora9,remora4,27.22,27.22,27.57,27.57,27.83,27.83,28.07,28.07,28.22,28.22,29.45,29.45,29.62,29.62,29.73,29.73,29.83,29.83,29.89,29.89,6.02,6.05,6.08,6.11,6.13,6.16,6.18,6.21,6.24,6.26,7.57,7.61,7.65,7.68,7.72,7.75,7.79,7.83,7.86,7.90,187.32,0.00,0.00,1.00,0.00,0.00,0.00,-1.00,0,None,0,aggregation
160,334.54,remora9,remora4,28.44,28.44,28.58,28.58,28.71,28.71,28.84,28.84,28.90,28.90,29.97,29.97,30.02,30.02,30.06,30.06,30.10,30.10,30.11,30.11,6.29,6.32,6.35,6.38,6.41,6.44,6.46,6.49,6.52,6.55,7.93,7.97,8.01,8.05,8.08,8.12,8.16,8.20,8.24,8.27,190.82,0.00,0.00,1.00,0.00,0.00,0.00,-1.00,0,None,0,aggregation
160,335.54,remora9,remora4,28.96,28.96,29.14,29.14,29.19,29.19,29.24,29.24,29.29,29.29,30.13,30.13,30.16,30.16,30.17,30.17,30.17,30.17,30.18,30.18,6.58,6.60,6.63,6.66,6.69,6.72,6.75,6.78,6.81,6.83,8.31,8.35,8.39,8.43,8.47,8.50,8.54,8.09,8.62,8.66,200.02,0.00,0.00,1.00,0.00,0.00,0.00,-1.00,0,None,0,aggregation
160,232.54,remora9,remora8,30.00,30.00,30.00,30.00,30.00,30.00,30.00,30.00,30.00,30.00,30.00,30.00,30.00,30.00,30.00,30.00,30.00,30.00,30.00,30.00,5.94,5.90,5.86,5.82,5.79,5.75,5.71,5.66,5.62,5.58,6.50,6.46,6.42,6.38,6.35,6.31,6.27,6.23,6.19,6.15,300.00,0.00,0.00,1.00,0.00,0.00,0.00,-1.00,0,None,0,aggregation
160,233.54,remora9,remora8,30.00,30.00,30.00,30.00,30.00,30.00,30.00,30.00,30.00,30.00,30.00,30.00,30.00,30.00,30.00,30.00,30.00,30.00,30.00,30.00,5.54,5.49,5.45,5.41,5.36,5.32,5.27,5.23,5.18,5.13,6.11,6.07,6.03,5.99,5.95,5.91,5.87,5.84,5.80,5.76,300.00,0.00,0.00,1.00,0.00,0.00,0.00,-1.00,0,None,0,aggregation
160,234.54,remora9,remora8,0.00,0.00,29.80,29.80,29.80,29.80,29.80,29.80,29.86,29.86,0.00,0.00,30.13,30.13,30.13,30.13,30.13,30.13,30.10,30.10,5.10,5.08,5.05,5.01,4.97,4.92,4.87,4.83,4.78,4.73,5.73,5.71,5.69,5.65,5.61,5.57,5.53,5.49,5.45,5.42,293.97,0.00,0.00,1.00,0.00,0.00,0.00,-1.00,0,None,0,aggregation
160,235.54,remora9,remora8,29.86,29.86,29.98,29.98,30.06,30.06,30.13,30.13,30.16,30.16,30.10,30.10,30.02,30.02,29.93,29.93,29.80,29.80,29.71,29.71,4.69,4.64,4.59,4.55,4.50,4.46,4.42,4.37,4.33,4.28,5.38,5.34,5.30,5.27,5.23,5.19,5.16,5.12,5.08,5.05,293.95,0.00,0.00,1.00,0.00,0.00,0.00,-1.00,0,None,0,aggregation
160,236.54,remora9,remora8,30.15,30.15,30.16,30.16,30.17,30.17,30.17,30.17,30.18,30.18,29.74,29.74,29.68,29.68,29.62,29.62,29.64,29.64,29.58,29.58,4.24,4.20,4.15,4.11,4.07,4.03,3.99,3.95,3.90,3.86,5.01,4.98,4.94,4.91,4.88,4.84,4.81,4.78,4.74,4.71,293.86,0.00,0.00,1.00,0.00,0.00,0.00,-1.00,0,None,0,aggregation
160,237.54,remora9,remora8,30.18,30.18,30.18,30.18,30.18,30.18,30.18,30.18,30.17,30.17,29.60,29.60,29.60,29.60,29.60,29.60,29.59,29.59,29.65,29.65,3.82,3.78,3.74,3.70,3.66,3.62,3.58,3.54,3.50,3.46,4.68,4.65,4.62,4.58,4.55,4.52,4.49,4.46,4.43,5.80,293.75,0.00,0.00,1.00,0.00,0.00,0.00,-1.00,0,None,0,aggregation
160,238.54,remora9,remora8,30.17,30.17,30.17,30.17,30.15,30.15,30.18,30.18,30.18,30.18,29.66,29.66,29.66,29.66,29.72,29.72,29.60,29.60,29.58,29.58,3.42,3.38,3.35,3.31,3.27,3.23,3.20,3.16,3.12,3.09,5.77,5.74,5.71,5.68,5.65,5.62,5.59,5.56,5.53,5.50,293.65,0.00,0.00,1.00,0.00,0.00,0.00,-1.00,0,None,0,aggregation
160,239.54,remora9,remora8,30.18,30.18,30.18,30.18,30.19,30.19,30.18,30.18,30.18,30.18,29.54,29.54,29.49,29.49,29.43,29.43,29.38,29.38,29.41,29.41,3.05,3.01,2.98,2.94,2.91,2.88,2.84,2.81,2.78,2.75,5.47,5.44,5.41,5.38,5.35,5.32,5.30,5.27,5.24,5.21,293.47,0.00,1.00,1.00,0.00,0.00,0.00,-1.00,0,None,0,aggregation
160,240.54,remora9,remora8,30.18,30.18,30.19,30.19,30.18,30.18,30.18,30.18,30.18,30.18,29.41,29.41,29.43,29.43,29.49,29.49,29.55,29.55,29.54,29.54,2.72,2.69,2.66,2.63,2.60,2.57,2.55,2.52,2.50,2.47,5.19,5.16,5.13,5.11,5.08,5.05,5.03,5.00,4.98,4.95,293.31,0.00,1.00,1.00,0.00,0.00,0.00,-1.00,0,None,0,aggregation
160,241.54,remora9,remora8,30.18,30.18,30.16,30.16,30.15,30.15,30.14,30.14,30.13,30.13,29.60,29.60,29.67,29.67,29.73,29.73,29.75,29.75,29.80,29.80,2.45,2.43,2.41,2.39,2.37,2.35,2.33,2.32,2.30,2.29,4.93,4.90,4.88,4.86,4.83,4.81,4.79,4.77,4.75,4.73,293.24,0.00,1.00,1.00,0.00,0.00,0.00,-1.00,0,None,0,aggregation
160,242.54,remora9,remora8,30.11,30.11,30.08,30.08,30.06,30.06,30.05,30.05,30.01,30.01,29.85,29.85,29.89,29.89,29.93,29.93,29.95,29.95,29.99,29.99,2.28,2.27,2.26,2.25,2.24,2.23,2.23,2.22,2.22,2.22,4.70,4.68,4.66,4.65,4.63,4.61,4.59,4.57,4.55,4.54,293.23,0.00,1.00,1.00,0.00,0.00,0.00,-1.00,0,None,0,aggregation
160,243.54,remora9,remora8,29.95,29.95,29.90,29.90,29.83,29.83,29.86,29.86,29.87,29.87,30.04,30.04,30.08,30.08,30.12,30.12,30.10,30.10,30.10,30.10,2.22,2.22,2.22,2.23,2.23,2.23,2.24,2.25,2.26,2.26,4.53,4.52,4.51,4.49,4.48,4.46,4.44,4.43,4.41,4.39,293.21,0.00,1.00,1.00,0.00,0.00,0.00,-1.00,0,None,0,aggregation
160,244.54,remora9,remora8,29.93,29.93,29.99,29.99,29.98,29.98,30.03,30.03,30.10,30.10,30.06,30.06,30.01,30.01,30.02,30.02,29.97,29.97,29.87,29.87,2.27,2.28,2.30,2.31,2.32,2.33,2.35,2.36,2.38,2.40,4.37,4.36,4.34,4.33,4.32,4.31,4.29,4.28,4.26,4.25,299.23,0.00,1.00,1.00,0.00,0.00,0.00,-1.00,0,None,0,aggregation
160,245.54,remora9,remora8,30.15,30.15,30.18,30.18,30.19,30.19,30.18,30.18,30.12,30.12,29.73,29.73,29.60,29.60,29.45,29.45,29.31,29.31,28.94,28.94,2.41,2.43,2.45,2.47,2.48,2.50,2.52,2.54,2.56,2.58,4.23,4.22,4.21,4.20,4.19,4.17,4.16,4.15,4.14,4.13,299.04,0.00,1.00,1.00,0.00,0.00,0.00,-1.00,0,None,0,aggregation
160,246.54,remora9,remora8,30.05,30.05,29.92,29.92,29.66,29.66,29.48,29.48,29.12,29.12,28.67,28.67,28.29,28.29,27.67,27.67,27.27,27.27,26.59,26.59,2.61,2.63,2.65,2.67,2.69,2.72,2.74,2.76,2.78,2.81,4.12,4.11,4.10,4.09,4.08,4.07,4.06,4.05,4.04,4.03,297.81,0.00,1.00,1.00,0.00,0.00,0.00,-1.00,0,None,0,aggregation
160,247.54,remora9,remora8,28.64,28.64,28.24,28.24,27.63,27.63,27.14,27.14,26.59,26.59,25.74,25.74,25.06,25.06,24.09,24.09,23.33,23.33,22.51,22.51,2.83,2.85,2.88,2.90,2.93,2.95,2.98,3.00,3.03,3.05,4.02,4.01,4.00,3.99,3.98,3.97,3.96,3.96,3.96,3.95,293.81,0.00,1.00,1.00,0.00,0.00,0.00,-1.00,0,None,0,aggregation
160,248.54,remora9,remora8,26.34,26.34,25.87,25.87,25.32,25.32,24.91,24.91,24.47,24.47,22.14,22.14,21.46,21.46,20.68,20.68,20.10,20.10,19.48,19.48,3.08,3.11,3.13,3.12,3.11,3.09,3.06,3.04,3.02,3.00,3.95,3.95,3.94,3.94,3.94,3.94,3.94,3.93,3.93,3.93,286.98,0.00,0.00,1.00,0.00,0.00,0.00,-1.00,0,None,0,aggregation
160,249.54,remora9,remora8,24.64,24.64,24.96,24.96,25.35,25.35,25.86,25.86,26.00,26.00,19.72,19.72,20.16,20.16,20.72,20.72,21.44,21.44,21.65,21.65,2.98,2.96,2.93,2.91,2.89,2.86,2.84,2.83,2.80,2.78,3.93,3.93,3.92,3.92,3.92,3.92,3.92,3.92,3.92,3.92,280.22,0.00,1.00,1.00,0.00,0.00,0.00,-1.00,0,None,0,aggregation
160,250.54,remora9,remora8,26.27,26.27,26.63,26.63,26.69,26.69,26.80,26.80,27.00,27.00,22.04,22.04,22.57,22.57,22.67,22.67,22.82,22.82,23.12,23.12,2.75,2.73,2.71,2.69,2.67,2.64,2.62,2.60,2.58,2.55,3.92,3.92,3.91,3.92,3.92,3.92,3.92,3.92,3.92,3.92,275.04,0.00,1.00,1.00,0.00,0.00,0.00,-1.00,0,None,0,aggregation
160,251.54,remora9,remora8,27.24,27.24,27.46,27.46,27.63,27.63,27.86,27.86,28.02,28.02,23.49,23.49,23.83,23.83,24.09,24.09,24.45,24.45,24.71,24.71,2.53,2.50,2.48,2.45,2.42,2.39,2.36,2.34,2.31,2.28,3.92,3.92,3.92,3.92,3.92,3.92,3.92,3.93,3.93,3.93,270.99,0.00,1.00,1.00,0.00,0.00,0.00,-1.00,0,None,0,aggregation
160,252.54,remora9,remora8,28.22,28.22,28.24,28.24,28.53,28.53,28.69,28.69,28.80,28.80,25.04,25.04,25.06,25.06,25.55,25.55,25.82,25.82,26.01,26.01,2.25,2.22,2.19,2.16,2.13,2.10,2.07,2.04,2.02,1.99,3.93,3.93,3.93,3.93,3.94,3.94,3.94,3.94,3.95,3.95,268.00,0.00,1.00,1.00,0.00,0.00,0.00,-1.00,0,None,0,aggregation
160,253.54,remora9,remora8,28.91,28.91,28.93,28.93,28.99,28.99,28.99,28.99,29.14,29.14,26.19,26.19,26.23,26.23,26.35,26.35,26.34,26.34,26.63,26.63,1.97,1.94,1.91,1.88,1.85,1.83,1.80,1.77,1.74,1.71,3.95,3.96,3.96,3.96,3.96,3.97,3.97,3.97,3.97,3.98,265.68,0.00,1.00,1.00,0.00,0.00,0.00,-1.00,0,None,0,aggregation
160,254.54,remora9,remora8,29.22,29.22,0.00,0.00,0.00,0.00,0.00,0.00,0.00,0.00,26.78,26.78,0.00,0.00,0.00,0.00,0.00,0.00,0.00,0.00,1.68,1.65,1.62,1.61,1.61,1.61,1.61,1.61,1.60,1.60,3.98,3.98,3.99,3.99,4.00,4.00,4.01,4.01,4.02,4.02,241.29,0.00,1.00,1.00,0.00,0.00,0.00,-1.00,0,None,0,aggregation
160,255.54,remora9,remora8,0.00,0.00,0.00,0.00,0.00,0.00,0.00,0.00,0.00,0.00,0.00,0.00,0.00,0.00,0.00,0.00,0.00,0.00,0.00,0.00,1.60,1.59,1.59,1.59,1.59,1.59,1.59,1.59,1.58,1.58,4.03,4.03,4.04,4.04,4.05,4.05,4.05,4.06,4.06,4.06,211.50,0.00,1.00,1.00,0.00,0.00,0.00,-1.00,0,None,0,aggregation
160,256.54,remora9,remora8,0.00,0.00,0.00,0.00,0.00,0.00,0.00,0.00,0.00,0.00,0.00,0.00,0.00,0.00,0.00,0.00,0.00,0.00,0.00,0.00,1.58,1.58,1.57,1.57,1.57,1.57,1.56,1.56,1.56,1.56,4.06,4.06,4.06,4.06,4.06,4.06,4.06,4.06,4.06,4.06,182.83,0.00,1.00,1.00,0.00,0.00,0.00,-1.00,0,None,0,aggregation
160,257.54,remora9,remora8,0.00,0.00,0.00,0.00,0.00,0.00,0.00,0.00,0.00,0.00,0.00,0.00,0.00,0.00,0.00,0.00,0.00,0.00,0.00,0.00,1.56,1.55,1.55,1.55,1.55,1.55,1.55,1.55,1.55,1.54,4.06,4.06,4.06,4.06,4.06,4.06,4.06,4.06,4.06,4.06,156.93,0.00,1.00,1.00,0.00,0.00,0.00,-1.00,0,None,0,aggregation
160,258.54,remora9,remora8,0.00,0.00,0.00,0.00,0.00,0.00,0.00,0.00,0.00,0.00,0.00,0.00,0.00,0.00,0.00,0.00,0.00,0.00,0.00,0.00,1.54,1.54,1.54,1.54,1.54,1.54,1.54,1.53,1.53,1.53,4.06,4.06,4.06,4.06,4.06,4.06,4.06,5.24,5.23,5.23,133.86,0.00,1.00,1.00,0.00,0.00,0.00,-1.00,0,None,0,aggregation
160,259.54,remora9,remora8,0.00,0.00,0.00,0.00,0.00,0.00,0.00,0.00,0.00,0.00,0.00,0.00,0.00,0.00,0.00,0.00,0.00,0.00,0.00,0.00,1.53,1.53,1.52,1.52,1.52,1.52,1.52,1.52,1.52,1.52,5.22,5.22,5.21,5.20,5.20,5.19,5.18,5.18,5.17,5.16,110.80,0.00,1.00,1.00,0.00,0.00,0.00,-1.00,0,None,0,aggregation
160,260.54,remora9,remora8,0.00,0.00,0.00,0.00,0.00,0.00,0.00,0.00,0.00,0.00,0.00,0.00,0.00,0.00,0.00,0.00,0.00,0.00,0.00,0.00,1.52,1.51,1.51,1.51,1.51,1.50,1.50,1.50,1.50,1.50,5.16,5.15,5.14,5.14,5.13,5.12,5.11,5.11,5.10,5.09,86.14,0.00,1.00,1.00,0.00,0.00,0.00,-1.00,0,None,0,aggregation
160,261.54,remora9,remora8,0.00,0.00,0.00,0.00,0.00,0.00,0.00,0.00,0.00,0.00,0.00,0.00,0.00,0.00,0.00,0.00,0.00,0.00,0.00,0.00,1.50,1.50,1.50,1.50,1.49,1.49,1.49,1.49,1.49,1.49,5.08,5.08,5.07,5.06,5.05,5.04,5.03,5.03,5.02,5.01,60.27,1.00,0.00,1.00,0.00,0.00,0.00,-1.00,0,None,0,aggregation
160,262.54,remora9,remora8,0.00,0.00,0.00,0.00,0.00,0.00,0.00,0.00,0.00,0.00,0.00,0.00,0.00,0.00,0.00,0.00,0.00,0.00,0.00,0.00,1.49,1.49,1.48,1.48,1.48,1.48,1.48,1.48,1.47,1.47,5.00,4.99,4.98,4.97,4.96,4.96,4.95,4.94,4.93,4.92,33.27,1.00,0.00,0.00,0.00,0.00,0.00,-1.00,0,None,0,aggregation
160,263.54,remora9,remora8,0.00,0.00,0.00,0.00,0.00,0.00,0.00,0.00,0.00,0.00,0.00,0.00,0.00,0.00,0.00,0.00,0.00,0.00,0.00,0.00,1.47,1.47,1.47,1.47,1.47,1.47,1.46,1.46,1.46,1.46,4.91,4.90,4.89,4.89,4.88,4.88,4.87,4.87,4.87,4.86,5.60,1.00,0.00,0.00,0.00,0.00,0.00,-1.00,0,None,0,aggregation
160,264.54,remora9,remora8,0.00,0.00,0.00,0.00,0.00,0.00,0.00,0.00,0.00,0.00,0.00,0.00,0.00,0.00,0.00,0.00,0.00,0.00,0.00,0.00,1.46,1.46,1.46,1.46,1.45,1.45,1.45,1.45,1.45,1.45,4.86,4.85,4.85,4.84,4.84,4.83,4.83,4.82,4.82,4.81,0.00,1.00,0.00,0.00,0.00,0.00,0.00,-1.00,0,None,0,aggregation
160,265.54,remora9,remora8,0.00,0.00,0.00,0.00,0.00,0.00,0.00,0.00,0.00,0.00,0.00,0.00,0.00,0.00,0.00,0.00,0.00,0.00,0.00,0.00,1.45,1.45,1.45,1.44,1.44,1.44,1.44,1.44,1.44,1.44,4.80,4.80,4.79,4.79,4.78,4.77,4.76,4.76,4.75,4.74,0.00,1.00,0.00,0.00,0.00,0.00,0.00,-1.00,0,None,0,aggregation
160,266.54,remora9,remora8,0.00,0.00,0.00,0.00,0.00,0.00,0.00,0.00,0.00,0.00,0.00,0.00,0.00,0.00,0.00,0.00,0.00,0.00,0.00,0.00,1.44,1.44,1.44,1.44,1.43,1.43,1.43,1.43,1.43,1.43,4.74,4.73,4.72,4.71,4.70,4.69,4.69,4.68,4.67,4.66,0.00,1.00,0.00,0.00,0.00,0.00,0.00,-1.00,0,None,0,aggregation
160,267.54,remora9,remora8,0.00,0.00,0.00,0.00,0.00,0.00,0.00,0.00,0.00,0.00,0.00,0.00,0.00,0.00,0.00,0.00,0.00,0.00,0.00,0.00,1.43,1.43,1.43,1.43,1.42,1.42,1.42,1.42,1.42,1.42,4.65,4.64,4.63,4.62,4.61,4.60,4.59,4.58,4.58,4.57,0.00,1.00,0.00,0.00,0.00,0.00,0.00,-1.00,0,None,0,aggregation
160,268.54,remora9,remora8,0.00,0.00,0.00,0.00,0.00,0.00,0.00,0.00,0.00,0.00,0.00,0.00,0.00,0.00,0.00,0.00,0.00,0.00,0.00,0.00,1.42,1.42,1.42,1.42,1.42,1.42,1.42,1.42,1.41,1.41,4.56,4.55,4.55,4.54,4.54,4.54,4.53,4.53,4.52,4.52,0.00,1.00,0.00,0.00,0.00,0.00,0.00,-1.00,0,None,0,aggregation
160,269.54,remora9,remora8,0.00,0.00,0.00,0.00,0.00,0.00,0.00,0.00,0.00,0.00,0.00,0.00,0.00,0.00,0.00,0.00,0.00,0.00,0.00,0.00,1.41,1.41,1.41,1.41,1.41,1.41,1.40,1.40,1.40,1.40,4.51,4.51,4.50,4.50,4.49,4.49,4.49,4.48,4.48,4.47,0.00,1.00,0.00,0.00,0.00,0.00,0.00,-1.00,0,None,0,aggregation
160,270.54,remora9,remora8,0.00,0.00,0.00,0.00,0.00,0.00,0.00,0.00,0.00,0.00,0.00,0.00,0.00,0.00,0.00,0.00,0.00,0.00,0.00,0.00,1.40,1.40,1.40,1.40,1.40,1.40,1.40,1.40,1.40,1.40,4.47,4.46,4.46,4.46,4.45,4.45,4.45,4.44,4.44,4.44,0.00,1.00,0.00,0.00,0.00,0.00,0.00,-1.00,0,None,0,aggregation
160,271.54,remora9,remora8,0.00,0.00,0.00,0.00,0.00,0.00,0.00,0.00,0.00,0.00,0.00,0.00,0.00,0.00,0.00,0.00,0.00,0.00,0.00,0.00,1.40,1.39,1.39,1.39,1.39,1.39,1.39,1.39,1.39,1.39,4.43,4.43,4.42,4.42,4.42,4.41,4.41,4.41,4.41,4.40,0.00,1.00,0.00,0.00,0.00,0.00,0.00,-1.00,0,None,0,aggregation
160,272.54,remora9,remora8,0.00,0.00,0.00,0.00,0.00,0.00,0.00,0.00,0.00,0.00,0.00,0.00,0.00,0.00,0.00,0.00,0.00,0.00,0.00,0.00,1.39,1.38,1.38,1.38,1.38,1.38,1.38,1.38,1.38,1.38,4.40,4.40,4.40,4.40,4.39,4.39,4.39,4.39,4.39,4.39,0.00,1.00,0.00,0.00,0.00,0.00,0.00,-1.00,0,None,0,aggregation
160,273.54,remora9,remora8,0.00,0.00,0.00,0.00,0.00,0.00,0.00,0.00,0.00,0.00,0.00,0.00,0.00,0.00,0.00,0.00,0.00,0.00,0.00,0.00,1.38,1.38,1.38,1.38,1.38,1.37,1.37,1.37,1.37,1.37,4.39,4.39,4.39,4.39,4.40,4.40,4.40,4.40,4.40,4.40,0.00,1.00,0.00,0.00,0.00,0.00,0.00,-1.00,0,None,0,aggregation
160,274.54,remora9,remora8,0.00,0.00,0.00,0.00,0.00,0.00,0.00,0.00,0.00,0.00,0.00,0.00,0.00,0.00,0.00,0.00,0.00,0.00,0.00,0.00,1.37,1.37,1.37,1.37,1.38,1.38,1.38,1.38,1.37,1.37,4.41,4.41,4.41,4.42,4.42,4.43,4.43,4.44,4.44,4.44,0.00,1.00,0.00,0.00,0.00,0.00,0.00,-1.00,0,None,0,aggregation
160,275.54,remora9,remora8,0.00,0.00,0.00,0.00,0.00,0.00,0.00,0.00,0.00,0.00,0.00,0.00,0.00,0.00,0.00,0.00,0.00,0.00,0.00,0.00,1.36,1.36,1.36,1.36,1.37,1.37,1.37,1.37,1.37,1.37,4.45,4.46,4.46,4.47,4.48,4.48,4.49,4.50,4.51,4.51,0.00,1.00,0.00,0.00,0.00,0.00,0.00,-1.00,0,None,0,aggregation
160,276.54,remora9,remora8,0.00,0.00,0.00,0.00,0.00,0.00,0.00,0.00,0.00,0.00,0.00,0.00,0.00,0.00,0.00,0.00,0.00,0.00,0.00,0.00,1.36,1.36,1.36,1.36,1.36,1.36,1.36,1.36,1.36,1.37,4.52,4.53,4.53,4.54,4.55,4.56,4.57,4.57,4.58,4.59,0.00,1.00,0.00,0.00,0.00,0.00,0.00,-1.00,0,None,0,aggregation
160,277.54,remora9,remora8,0.00,0.00,0.00,0.00,0.00,0.00,0.00,0.00,0.00,0.00,0.00,0.00,0.00,0.00,0.00,0.00,0.00,0.00,0.00,0.00,1.36,1.36,1.36,1.36,1.36,1.37,1.37,1.36,1.36,1.35,4.60,4.61,4.62,4.63,4.64,4.65,4.66,4.67,4.68,4.69,0.00,1.00,0.00,0.00,0.00,0.00,0.00,-1.00,0,None,0,aggregation
160,278.54,remora9,remora8,0.00,0.00,0.00,0.00,0.00,0.00,0.00,0.00,0.00,0.00,0.00,0.00,0.00,0.00,0.00,0.00,0.00,0.00,0.00,0.00,1.35,1.35,1.35,1.35,1.36,1.36,1.36,1.35,1.35,1.34,4.70,4.71,4.72,4.73,4.74,4.75,4.77,4.78,4.79,4.80,0.00,1.00,0.00,0.00,0.00,0.00,0.00,-1.00,0,None,0,aggregation
160,279.54,remora9,remora8,0.00,0.00,0.00,0.00,0.00,0.00,0.00,0.00,0.00,0.00,0.00,0.00,0.00,0.00,0.00,0.00,0.00,0.00,0.00,0.00,1.34,1.34,1.34,1.34,1.34,1.34,1.35,1.35,1.35,1.35,4.81,4.82,4.83,4.84,4.86,4.87,4.88,4.89,4.91,4.92,0.00,1.00,0.00,0.00,0.00,0.00,0.00,-1.00,0,None,0,aggregation
160,280.54,remora9,remora8,0.00,0.00,0.00,0.00,0.00,0.00,0.00,0.00,0.00,0.00,0.00,0.00,0.00,0.00,0.00,0.00,0.00,0.00,0.00,0.00,1.34,1.33,1.33,1.33,1.33,1.33,1.34,1.34,1.34,1.35,4.93,4.94,4.95,4.96,4.98,4.99,5.00,5.02,5.03,5.03,0.00,1.00,0.00,0.00,0.00,0.00,0.00,-1.00,0,None,0,aggregation
160,281.54,remora9,remora8,0.00,0.00,0.00,0.00,0.00,0.00,0.00,0.00,0.00,0.00,0.00,0.00,0.00,0.00,0.00,0.00,0.00,0.00,0.00,0.00,1.35,1.34,1.34,1.33,1.33,1.33,1.33,1.33,1.34,1.34,5.04,5.06,5.07,5.08,5.09,5.11,5.12,5.13,5.15,5.16,0.00,1.00,0.00,0.00,0.00,0.00,0.00,-1.00,0,None,0,aggregation
160,282.54,remora9,remora8,0.00,0.00,0.00,0.00,0.00,0.00,0.00,0.00,0.00,0.00,0.00,0.00,0.00,0.00,0.00,0.00,0.00,0.00,0.00,0.00,1.34,1.33,1.33,1.33,1.34,1.34,1.34,1.34,1.33,1.32,5.17,5.19,5.20,5.21,4.79,4.80,4.81,4.81,4.82,4.83,0.00,1.00,0.00,0.00,0.00,0.00,0.00,-1.00,0,None,0,aggregation
160,283.54,remora9,remora8,0.00,0.00,0.00,0.00,0.00,0.00,0.00,0.00,0.00,0.00,0.00,0.00,0.00,0.00,0.00,0.00,0.00,0.00,0.00,0.00,1.32,1.32,1.32,1.33,1.33,1.33,1.33,1.33,1.32,1.33,4.84,4.85,4.86,4.87,4.88,4.89,4.90,4.90,4.90,4.90,0.00,1.00,0.00,0.00,0.00,0.00,0.00,-1.00,0,None,0,aggregation
160,284.54,remora9,remora8,0.00,0.00,0.00,0.00,0.00,0.00,0.00,0.00,0.00,0.00,0.00,0.00,0.00,0.00,0.00,0.00,0.00,0.00,0.00,0.00,1.33,1.34,1.34,1.33,1.32,1.32,1.31,1.32,1.32,1.32,4.90,4.90,4.91,4.92,4.92,4.92,4.92,4.92,4.92,4.93,0.00,1.00,0.00,0.00,0.00,0.00,0.00,-1.00,0,None,0,aggregation
160,285.54,remora9,remora8,0.00,0.00,0.00,0.00,0.00,0.00,0.00,0.00,0.00,0.00,0.00,0.00,0.00,0.00,0.00,0.00,0.00,0.00,0.00,0.00,1.32,1.32,1.33,1.33,1.33,1.33,1.32,1.32,1.31,1.31,4.93,4.94,4.95,4.95,4.95,4.95,4.96,4.96,4.96,4.97,0.00,1.00,0.00,0.00,0.00,0.00,0.00,-1.00,0,None,0,aggregation
160,286.54,remora9,remora8,0.00,0.00,0.00,0.00,0.00,0.00,0.00,0.00,0.00,0.00,0.00,0.00,0.00,0.00,0.00,0.00,0.00,0.00,0.00,0.00,1.32,1.32,1.32,1.33,1.33,1.32,1.32,1.31,1.31,1.31,4.98,4.98,4.98,4.99,4.99,5.00,5.00,5.00,5.01,5.01,0.00,1.00,0.00,0.00,0.00,0.00,0.00,-1.00,0,None,0,aggregation
160,287.54,remora9,remora8,0.00,0.00,0.00,0.00,0.00,0.00,0.00,0.00,0.00,0.00,0.00,0.00,0.00,0.00,0.00,0.00,0.00,0.00,0.00,0.00,1.31,1.32,1.32,1.31,1.31,1.30,1.30,1.30,1.30,1.30,5.02,5.02,5.03,5.03,5.03,5.04,5.04,5.05,5.05,5.06,0.00,1.00,0.00,0.00,0.00,0.00,0.00,-1.00,0,None,0,aggregation
160,288.54,remora9,remora8,0.00,0.00,0.00,0.00,0.00,0.00,0.00,0.00,0.00,0.00,0.00,0.00,0.00,0.00,0.00,0.00,0.00,0.00,0.00,0.00,1.31,1.31,1.31,1.32,1.32,1.32,1.31,1.31,1.30,1.31,5.06,5.07,5.07,5.08,5.08,5.09,4.56,4.55,4.55,4.54,0.00,1.00,0.00,0.00,0.00,0.00,0.00,-1.00,0,None,0,aggregation
160,289.54,remora9,remora8,0.00,0.00,0.00,0.00,0.00,0.00,0.00,0.00,0.00,0.00,0.00,0.00,0.00,0.00,0.00,0.00,0.00,0.00,0.00,0.00,1.31,1.31,1.31,1.31,1.31,1.30,1.30,1.30,1.30,1.31,4.54,4.54,4.54,4.53,4.52,4.52,4.51,4.51,4.50,4.50,0.00,1.00,0.00,0.00,0.00,0.00,0.00,-1.00,0,None,0,aggregation
160,290.54,remora9,remora8,0.00,0.00,0.00,0.00,0.00,0.00,0.00,0.00,0.00,0.00,0.00,0.00,0.00,0.00,0.00,0.00,0.00,0.00,0.00,0.00,1.31,1.30,1.30,1.30,1.29,1.30,1.30,1.30,1.30,1.30,4.49,4.49,4.48,4.47,4.47,4.46,4.45,4.45,4.44,4.43,0.00,1.00,0.00,0.00,0.00,0.00,0.00,-1.00,0,None,0,aggregation
160,291.54,remora9,remora8,0.00,0.00,0.00,0.00,0.00,0.00,0.00,0.00,0.00,0.00,0.00,0.00,0.00,0.00,0.00,0.00,0.00,0.00,0.00,0.00,1.30,1.30,1.30,1.29,1.29,1.29,1.30,1.30,1.30,1.29,4.43,4.42,4.41,4.40,4.39,4.38,4.37,4.37,4.36,4.35,0.00,1.00,0.00,0.00,0.00,0.00,0.00,-1.00,0,None,0,aggregation
160,292.54,remora9,remora8,0.00,0.00,0.00,0.00,0.00,0.00,0.00,0.00,0.00,0.00,0.00,0.00,0.00,0.00,0.00,0.00,0.00,0.00,0.00,0.00,1.29,1.30,1.30,1.29,1.29,1.29,1.29,1.30,1.30,1.29,4.34,4.33,4.32,4.31,4.30,4.29,4.28,4.27,4.26,4.25,0.00,1.00,0.00,0.00,0.00,0.00,0.00,-1.00,0,None,0,aggregation
160,293.54,remora9,remora8,0.00,0.00,0.00,0.00,0.00,0.00,0.00,0.00,0.00,0.00,0.00,0.00,0.00,0.00,0.00,0.00,0.00,0.00,0.00,0.00,1.29,1.29,1.29,1.29,1.29,1.29,1.29,1.29,1.29,1.29,4.24,4.22,4.21,4.20,4.19,4.18,4.17,4.16,4.14,4.13,0.00,1.00,0.00,0.00,0.00,0.00,0.00,-1.00,0,None,0,aggregation
160,294.54,remora9,remora8,0.00,0.00,0.00,0.00,0.00,0.00,0.00,0.00,-35.23,-35.23,0.00,0.00,0.00,0.00,0.00,0.00,0.00,0.00,-24.76,-24.76,1.29,1.29,1.29,1.29,1.29,1.29,1.29,1.29,1.30,1.33,4.12,4.11,4.09,4.08,4.07,4.05,4.04,4.03,4.01,4.00,6.00,1.00,0.00,0.00,0.00,0.00,0.00,-1.00,0,None,0,aggregation
160,295.54,remora9,remora8,-35.17,-35.17,-34.60,-34.60,-33.57,-33.57,-32.24,-32.24,-30.77,-30.77,-24.70,-24.70,-24.14,-24.14,-23.10,-23.10,-21.77,-21.77,-20.31,-20.31,1.35,1.38,1.41,1.43,1.46,1.49,1.51,1.54,1.57,1.59,3.99,3.97,3.96,3.94,3.93,3.92,3.91,3.89,3.88,3.87,34.04,1.00,0.00,0.00,0.00,0.00,0.00,-1.00,0,None,0,aggregation
160,296.54,remora9,remora8,-28.91,-28.91,-26.90,-26.90,-24.43,-24.43,-21.70,-21.70,-19.28,-19.28,-18.44,-18.44,-16.44,-16.44,-13.97,-13.97,-11.24,-11.24,-8.82,-8.82,1.62,1.65,1.67,1.69,1.71,1.73,1.75,1.76,1.78,1.80,3.86,3.85,3.83,3.82,3.81,3.80,3.78,3.77,3.76,3.75,53.05,0.00,1.00,1.00,0.00,0.00,0.00,-1.00,0,None,0,aggregation
160,297.54,remora9,remora8,-16.85,-16.85,-14.52,-14.52,-12.04,-12.04,-9.61,-9.61,-7.33,-7.33,-6.38,-6.38,-4.05,-4.05,-1.58,-1.58,0.85,0.85,3.13,3.13,1.81,1.83,1.84,1.85,1.86,1.86,1.87,1.87,1.88,1.88,3.73,3.72,3.71,3.70,3.68,3.67,3.66,3.64,3.63,3.62,59.89,0.00,1.00,1.00,0.00,0.00,0.00,-1.00,0,None,0,aggregation
160,298.54,remora9,remora8,-5.15,-5.15,-2.84,-2.84,-0.60,-0.60,1.74,1.74,3.80,3.80,5.29,5.29,7.15,7.15,8.93,8.93,10.80,10.80,12.44,12.44,1.89,1.89,1.89,1.89,1.89,1.89,1.88,1.88,1.88,1.87,3.60,3.59,3.58,3.56,3.55,3.53,3.51,3.50,3.48,3.47,64.04,0.00,1.00,1.00,0.00,0.00,0.00,-1.00,0,None,0,aggregation
160,299.54,remora9,remora8,5.48,5.48,7.25,7.25,8.49,8.49,9.72,9.72,11.15,11.15,13.77,13.77,15.16,15.16,16.14,16.14,17.10,17.10,18.21,18.21,1.87,1.87,1.86,1.86,1.85,1.85,1.84,1.83,1.83,1.82,3.45,3.44,3.42,3.41,3.39,3.37,3.36,3.34,3.32,3.31,76.29,0.00,1.00,1.00,0.00,0.00,0.00,-1.00,0,None,0,aggregation
160,300.54,remora9,remora8,12.54,12.54,13.82,13.82,14.83,14.83,15.58,15.58,16.24,16.24,19.28,19.28,20.26,20.26,21.02,21.02,21.60,21.60,22.09,22.09,1.81,1.81,1.80,1.80,1.79,1.79,1.79,1.78,1.78,1.78,3.29,3.27,3.26,3.24,3.23,3.21,3.19,3.18,3.16,3.15,94.02,0.00,1.00,1.00,0.00,0.00,0.00,-1.00,0,None,0,aggregation
160,301.54,remora9,remora8,16.95,16.95,17.70,17.70,18.63,18.63,19.53,19.53,19.93,19.93,22.62,22.62,23.17,23.17,23.85,23.85,24.50,24.50,24.79,24.79,1.78,1.78,1.78,1.78,1.78,1.78,1.78,1.78,1.78,1.79,3.13,3.12,3.10,3.09,3.07,3.06,3.05,3.03,3.02,3.01,115.18,0.00,1.00,1.00,0.00,0.00,0.00,-1.00,0,None,0,aggregation
160,302.54,remora9,remora8,20.21,20.21,20.57,20.57,20.66,20.66,20.89,20.89,21.30,21.30,24.99,24.99,25.25,25.25,25.31,25.31,25.47,25.47,25.76,25.76,1.79,1.79,1.80,1.80,1.81,1.82,1.82,1.83,1.84,1.85,2.99,2.98,2.97,2.95,2.94,2.93,2.92,2.92,2.91,2.91,138.22,0.00,1.00,1.00,0.00,0.00,0.00,-1.00,0,None,0,aggregation
160,303.54,remora9,remora8,21.68,21.68,22.01,22.01,22.16,22.16,22.48,22.48,22.77,22.77,26.02,26.02,26.25,26.25,26.35,26.35,26.57,26.57,26.76,26.76,1.86,1.87,1.88,1.89,1.90,1.92,1.93,1.94,1.96,1.97,2.90,2.90,2.90,2.89,2.89,2.89,2.89,2.88,2.88,2.88,162.53,0.00,1.00,1.00,0.00,0.00,0.00,-1.00,0,None,0,aggregation
160,304.54,remora9,remora8,22.74,22.74,22.87,22.87,23.23,23.23,23.41,23.41,23.46,23.46,26.74,26.74,26.83,26.83,27.07,27.07,27.19,27.19,27.22,27.22,1.99,2.00,2.02,2.04,2.05,2.07,2.09,2.10,2.12,2.14,2.88,2.88,2.88,2.88,2.88,2.88,2.88,2.88,2.88,2.88,181.61,0.00,1.00,1.00,0.00,0.00,0.00,-1.00,0,None,0,aggregation
160,305.54,remora9,remora8,23.45,23.45,23.61,23.61,23.59,23.59,23.72,23.72,23.80,23.80,27.22,27.22,27.32,27.32,27.31,27.31,27.40,27.40,27.44,27.44,2.16,2.18,2.20,2.22,2.24,2.26,2.28,2.30,2.32,2.33,2.88,2.88,2.88,2.88,2.89,2.89,2.89,2.89,2.90,2.90,179.05,0.00,1.00,1.00,0.00,0.00,0.00,-1.00,0,None,0,aggregation
160,306.54,remora9,remora8,23.90,23.90,23.98,23.98,23.90,23.90,23.90,23.90,24.14,24.14,27.51,27.51,27.56,27.56,27.51,27.51,27.51,27.51,27.66,27.66,2.35,2.37,2.40,2.42,2.45,2.47,2.49,2.52,2.54,2.56,2.90,2.91,2.92,2.93,2.94,2.95,2.96,2.97,2.98,2.99,185.80,0.00,1.00,1.00,0.00,0.00,0.00,-1.00,0,None,0,aggregation
160,307.54,remora9,remora8,24.22,24.22,24.26,24.26,24.31,24.31,24.32,24.32,24.46,24.46,27.72,27.72,27.74,27.74,27.77,27.77,27.78,27.78,27.87,27.87,2.59,2.61,2.63,2.65,2.68,2.70,2.73,2.75,2.77,2.79,3.00,3.01,3.02,3.03,3.04,3.06,3.07,3.08,3.09,3.10,205.01,0.00,1.00,1.00,0.00,0.00,0.00,-1.00,0,None,0,aggregation
160,308.54,remora9,remora8,24.50,24.50,24.61,24.61,24.83,24.83,24.86,24.86,25.03,25.03,27.89,27.89,27.96,27.96,28.10,28.10,28.12,28.12,28.22,28.22,2.82,2.84,2.87,2.90,2.92,2.95,2.97,2.99,3.02,3.04,3.11,3.13,3.14,3.15,3.16,3.18,3.19,3.20,3.21,3.23,227.26,0.00,1.00,1.00,0.00,0.00,0.00,-1.00,0,None,0,aggregation
160,309.54,remora9,remora8,25.09,25.09,25.22,25.22,25.32,25.32,25.49,25.49,25.63,25.63,28.26,28.26,28.34,28.34,28.39,28.39,28.50,28.50,28.58,28.58,3.07,3.09,3.11,3.14,3.16,3.19,3.22,3.24,3.27,3.29,3.24,3.25,3.27,3.28,3.29,3.31,3.32,3.34,3.35,3.37,241.90,0.00,0.00,1.00,0.00,0.00,0.00,-1.00,0,None,0,aggregation
160,310.54,remora9,remora8,25.85,25.85,26.11,26.11,26.13,26.13,26.25,26.25,26.45,26.45,28.71,28.71,28.86,28.86,28.87,28.87,28.93,28.93,29.05,29.05,3.31,3.34,3.36,3.38,3.41,3.43,3.45,3.48,3.50,3.50,3.38,3.40,3.41,3.43,3.44,3.46,3.47,3.49,3.51,3.52,251.69,0.00,0.00,1.00,0.00,0.00,0.00,-1.00,0,None,0,aggregation
160,311.54,remora9,remora8,26.59,26.59,26.73,26.73,26.90,26.90,26.98,26.98,27.18,27.18,29.12,29.12,29.20,29.20,29.29,29.29,29.33,29.33,29.43,29.43,3.50,3.50,3.50,3.50,3.50,3.51,3.51,3.52,3.52,3.53,3.54,3.56,3.57,3.59,3.61,3.62,3.64,3.66,3.68,3.69,258.60,0.00,0.00,1.00,0.00,0.00,0.00,-1.00,0,None,0,aggregation
160,312.54,remora9,remora8,27.24,27.24,27.35,27.35,27.45,27.45,27.59,27.59,27.67,27.67,29.46,29.46,29.51,29.51,29.56,29.56,29.63,29.63,29.66,29.66,3.53,3.54,3.54,3.55,3.56,3.57,3.57,3.58,3.59,3.60,3.71,3.73,3.75,3.77,3.79,3.81,3.82,3.84,3.86,3.88,264.07,0.00,0.00,1.00,0.00,0.00,0.00,-1.00,0,None,0,aggregation
160,313.54,remora9,remora8,27.80,27.80,27.92,27.92,28.02,28.02,28.08,28.08,28.18,28.18,29.72,29.72,29.77,29.77,29.82,29.82,29.84,29.84,29.88,29.88,3.61,3.62,3.63,3.64,3.66,3.67,3.68,3.69,3.71,3.72,3.90,3.92,3.94,3.96,3.98,4.00,4.02,4.04,4.06,4.08,268.67,0.00,0.00,1.00,0.00,0.00,0.00,-1.00,0,None,0,aggregation
160,314.54,remora9,remora8,28.20,28.20,28.32,28.32,28.26,28.26,28.29,28.29,28.48,28.48,29.89,29.89,29.93,29.93,29.91,29.91,29.92,29.92,29.99,29.99,3.73,3.75,3.76,3.78,3.79,3.81,3.82,3.84,3.85,3.87,4.10,4.12,4.14,4.16,4.19,4.21,4.23,4.25,4.27,4.29,272.71,0.00,0.00,1.00,0.00,0.00,0.00,-1.00,0,None,0,aggregation
160,315.54,remora9,remora8,28.44,28.44,28.51,28.51,28.53,28.53,28.38,28.38,28.42,28.42,29.97,29.97,30.00,30.00,30.01,30.01,29.95,29.95,29.97,29.97,3.89,3.90,3.92,3.94,3.96,3.98,3.99,4.01,4.03,4.05,4.31,4.34,4.36,4.38,4.40,4.42,4.44,4.47,4.49,4.51,276.44,0.00,0.00,1.00,0.00,0.00,0.00,-1.00,0,None,0,aggregation
160,316.54,remora9,remora8,28.45,28.45,28.36,28.36,28.30,28.30,28.14,28.14,28.07,28.07,29.98,29.98,29.95,29.95,29.92,29.92,29.86,29.86,29.84,29.84,4.07,4.09,4.11,4.13,4.15,4.17,4.19,4.21,4.23,4.26,4.53,4.56,4.58,4.60,4.62,4.65,4.67,4.69,4.71,4.74,279.77,0.00,0.00,1.00,0.00,0.00,0.00,-1.00,0,None,0,aggregation
160,317.54,remora9,remora8,27.96,27.96,27.70,27.70,27.28,27.28,27.24,27.24,26.72,26.72,29.79,29.79,29.68,29.68,29.48,29.48,29.46,29.46,29.19,29.19,4.28,4.30,4.32,4.34,4.36,4.39,4.41,4.43,4.45,4.47,4.76,4.78,4.80,4.83,4.85,4.87,4.89,4.92,4.94,4.96,282.18,0.00,0.00,1.00,0.00,0.00,0.00,-1.00,0,None,0,aggregation
160,318.54,remora9,remora8,26.74,26.74,26.31,26.31,25.80,25.80,25.58,25.58,25.10,25.10,29.21,29.21,28.97,28.97,28.68,28.68,28.55,28.55,28.26,28.26,4.50,4.52,4.54,4.57,4.59,4.61,4.63,4.66,4.68,4.70,4.98,5.01,5.03,5.05,5.07,5.09,5.12,5.14,5.16,5.18,283.09,0.00,0.00,1.00,0.00,0.00,0.00,-1.00,0,None,0,aggregation
160,319.54,remora9,remora8,25.57,25.57,26.01,26.01,26.23,26.23,26.64,26.64,26.93,26.93,28.54,28.54,28.80,28.80,28.92,28.92,29.15,29.15,29.30,29.30,4.73,4.75,4.77,4.80,4.82,4.85,4.87,4.90,4.92,4.95,5.20,5.23,5.25,5.27,5.29,5.31,5.34,5.36,5.38,5.40,283.81,0.00,0.00,1.00,0.00,0.00,0.00,-1.00,0,None,0,aggregation
160,320.54,remora9,remora8,27.22,27.22,27.49,27.49,27.74,27.74,27.99,27.99,28.07,28.07,29.45,29.45,29.58,29.58,29.70,29.70,29.80,29.80,29.83,29.83,4.97,5.00,5.03,5.05,5.08,5.11,5.13,5.16,5.19,5.21,5.43,5.45,5.47,5.49,5.52,5.54,5.56,5.59,5.61,5.63,284.98,0.00,0.00,1.00,0.00,0.00,0.00,-1.00,0,None,0,aggregation
160,321.54,remora9,remora8,0.00,0.00,30.00,30.00,30.00,30.00,30.00,30.00,30.00,30.00,0.00,0.00,30.00,30.00,30.00,30.00,30.00,30.00,30.00,30.00,5.24,5.24,5.25,5.28,5.31,5.33,5.36,5.39,5.42,5.45,5.65,5.65,5.66,5.69,5.71,5.73,5.76,5.78,5.80,5.83,280.90,0.00,0.00,1.00,0.00,0.00,0.00,-1.00,0,None,0,aggregation
160,322.54,remora9,remora8,30.00,30.00,30.00,30.00,30.00,30.00,30.00,30.00,30.00,30.00,30.00,30.00,30.00,30.00,30.00,30.00,30.00,30.00,30.00,30.00,5.48,5.51,5.54,5.57,5.59,5.62,5.65,5.68,5.71,5.74,5.85,5.88,5.90,5.92,5.95,5.97,6.00,6.02,6.05,6.07,282.39,0.00,0.00,1.00,0.00,0.00,0.00,-1.00,0,None,0,aggregation
160,323.54,remora9,remora8,30.00,30.00,30.00,30.00,30.00,30.00,30.00,30.00,30.00,30.00,30.00,30.00,30.00,30.00,30.00,30.00,30.00,30.00,30.00,30.00,5.77,5.79,5.81,5.83,5.86,5.88,5.90,5.92,5.94,5.96,6.09,6.12,6.14,6.16,6.18,6.21,6.23,6.25,6.27,6.29,283.49,0.00,0.00,1.00,0.00,0.00,0.00,-1.00,0,None,0,aggregation
160,324.54,remora9,remora8,0.00,0.00,29.66,29.66,29.69,29.69,29.77,29.77,29.86,29.86,0.00,0.00,30.17,30.17,30.16,30.16,30.14,30.14,30.10,30.10,5.98,5.97,5.97,5.99,6.00,6.02,6.04,6.05,6.07,6.09,6.31,6.31,6.31,6.33,6.35,6.38,6.40,6.42,6.44,6.46,278.33,0.00,0.00,1.00,0.00,0.00,0.00,-1.00,0,None,0,aggregation
160,325.54,remora9,remora8,29.91,29.91,29.96,29.96,30.00,30.00,30.04,30.04,30.07,30.07,30.07,30.07,30.04,30.04,30.00,30.00,29.96,29.96,29.91,29.91,6.10,6.12,6.13,6.15,6.16,6.18,6.19,6.21,6.22,6.24,6.48,6.50,6.52,6.54,6.56,6.58,6.60,6.62,6.64,6.66,279.10,0.00,0.00,1.00,0.00,0.00,0.00,-1.00,0,None,0,aggregation
160,326.54,remora9,remora8,30.09,30.09,30.10,30.10,30.14,30.14,30.15,30.15,30.16,30.16,29.88,29.88,29.86,29.86,29.77,29.77,29.73,29.73,29.69,29.69,6.25,6.27,6.28,6.30,6.31,6.33,6.35,6.36,6.38,6.40,6.68,6.70,6.73,6.75,6.77,6.79,6.81,6.83,6.85,6.87,279.97,0.00,0.00,1.00,0.00,0.00,0.00,-1.00,0,None,0,aggregation
160,327.54,remora9,remora8,30.17,30.17,30.17,30.17,30.18,30.18,30.18,30.18,30.18,30.18,29.66,29.66,29.62,29.62,29.57,29.57,29.53,29.53,29.49,29.49,6.42,6.44,6.46,6.48,6.51,6.53,6.56,6.58,6.61,6.64,6.89,6.91,6.93,6.95,6.97,6.99,7.01,7.04,7.06,7.08,281.40,0.00,0.00,1.00,0.00,0.00,0.00,-1.00,0,None,0,aggregation
160,328.54,remora9,remora8,30.19,30.19,30.18,30.18,30.18,30.18,30.18,30.18,30.18,30.18,29.44,29.44,29.39,29.39,29.39,29.39,29.34,29.34,29.29,29.29,6.67,6.70,6.73,6.76,6.79,6.82,6.86,6.89,6.93,6.94,7.10,7.12,7.14,7.17,7.19,7.21,7.24,7.26,7.28,7.30,283.86,0.00,0.00,1.00,0.00,0.00,0.00,-1.00,0,None,0,aggregation
160,329.54,remora9,remora8,30.17,30.17,30.17,30.17,30.16,30.16,30.16,30.16,30.16,30.16,29.24,29.24,29.24,29.24,29.14,29.14,29.14,29.14,29.14,29.14,6.95,6.95,6.96,6.97,6.97,6.98,6.99,6.99,7.00,7.01,7.33,7.35,7.38,7.40,7.42,7.45,7.47,7.50,7.53,7.55,285.92,0.00,0.00,1.00,0.00,0.00,0.00,-1.00,0,None,0,aggregation
160,330.54,remora9,remora8,30.14,30.14,30.14,30.14,30.14,30.14,30.13,30.13,30.11,30.11,29.02,29.02,29.02,29.02,29.02,29.02,28.96,28.96,28.90,28.90,7.02,7.03,7.04,7.05,7.06,7.07,7.08,7.10,7.11,7.13,7.58,7.60,7.63,7.66,7.68,7.71,7.74,7.77,7.79,7.82,286.79,0.00,0.00,1.00,0.00,0.00,0.00,-1.00,0,None,0,aggregation
160,331.54,remora9,remora8,30.11,30.11,30.11,30.11,30.10,30.10,30.10,30.10,30.10,30.10,28.90,28.90,28.90,28.90,28.84,28.84,28.84,28.84,28.84,28.84,7.14,7.16,7.18,7.20,7.22,7.24,7.27,7.29,7.31,7.34,7.85,7.88,7.91,7.94,7.97,8.00,8.03,8.06,8.09,8.13,292.27,0.00,0.00,1.00,0.00,0.00,0.00,-1.00,0,None,0,aggregation
160,332.54,remora9,remora8,30.10,30.10,30.08,30.08,30.08,30.08,30.08,30.08,30.10,30.10,28.84,28.84,28.78,28.78,28.78,28.78,28.78,28.78,28.84,28.84,7.37,7.40,7.42,7.45,7.49,7.52,7.55,7.58,7.62,7.65,8.16,8.19,8.22,8.25,8.29,8.32,8.35,8.39,8.42,8.46,291.72,0.00,0.00,1.00,0.00,0.00,0.00,-1.00,0,None,0,aggregation
160,333.54,remora9,remora8,30.10,30.10,30.10,30.10,30.10,30.10,30.10,30.10,30.11,30.11,28.84,28.84,28.84,28.84,28.84,28.84,28.84,28.84,28.90,28.90,7.68,7.72,7.76,7.79,7.83,7.87,7.90,7.94,7.98,8.01,8.49,8.52,8.56,8.59,8.62,8.66,8.69,8.73,8.76,8.80,291.19,0.00,0.00,1.00,0.00,0.00,0.00,-1.00,0,None,0,aggregation
160,334.54,remora9,remora8,30.11,30.11,30.11,30.11,30.11,30.11,30.13,30.13,30.13,30.13,28.90,28.90,28.90,28.90,28.90,28.90,28.96,28.96,28.96,28.96,8.05,8.09,8.13,8.17,8.20,8.24,8.28,8.32,8.35,8.39,8.83,8.87,8.90,8.93,8.96,9.00,9.03,9.06,9.09,9.13,296.76,0.00,0.00,1.00,0.00,0.00,0.00,-1.00,0,None,0,aggregation
160,131.54,remora8,remora1,28.12,28.12,28.23,28.23,28.36,28.36,28.15,28.15,28.01,27.78,24.87,24.87,25.05,25.05,25.25,25.25,24.91,24.91,24.69,24.32,2.68,2.70,2.73,2.76,2.78,2.81,2.84,2.86,2.89,2.92,4.70,4.71,4.72,4.73,4.74,4.75,4.76,4.77,4.77,4.78,148.59,0.00,1.00,1.00,0.00,0.00,0.00,-1.00,0,None,1,aggregation
160,132.54,remora8,remora1,27.78,27.78,27.74,27.74,27.28,27.28,27.27,27.27,27.12,27.12,24.32,24.32,24.27,24.27,23.55,23.55,23.53,23.53,23.31,23.31,2.94,2.97,2.99,3.02,3.05,3.07,3.10,3.12,3.15,3.17,4.79,4.80,4.81,4.82,4.83,4.84,4.85,4.86,4.87,4.88,174.20,0.00,0.00,1.00,0.00,0.00,0.00,-1.00,0,None,1,aggregation
160,133.54,remora8,remora1,26.78,26.78,26.63,26.63,26.61,26.61,26.34,26.34,26.14,26.14,22.79,22.79,22.57,22.57,22.55,22.55,22.14,22.14,21.85,21.85,3.20,3.22,3.25,3.27,3.30,3.32,3.34,3.37,3.39,3.42,4.89,4.90,4.91,4.93,4.94,4.95,4.96,4.97,4.98,5.00,198.64,0.00,0.00,1.00,0.00,0.00,0.00,-1.00,0,None,1,aggregation
160,134.54,remora8,remora1,26.24,26.24,26.20,26.20,26.27,26.27,26.42,26.42,26.47,26.47,21.99,21.99,21.94,21.94,22.04,22.04,22.26,22.26,22.33,22.33,3.44,3.46,3.49,3.51,3.53,3.56,3.58,3.60,3.63,3.65,5.01,5.02,5.03,5.04,5.06,5.07,5.08,5.10,5.11,5.13,222.86,0.00,0.00,1.00,0.00,0.00,0.00,-1.00,0,None,1,aggregation
160,135.54,remora8,remora1,26.48,26.48,26.57,26.57,26.46,26.46,26.52,26.52,26.39,26.39,22.35,22.35,22.48,22.48,22.32,22.32,22.41,22.41,22.21,22.21,3.65,3.65,3.65,3.66,3.66,3.66,3.67,3.68,3.69,3.69,5.14,5.16,5.17,5.18,5.20,5.22,5.23,5.25,5.27,5.28,247.28,0.00,0.00,1.00,0.00,0.00,0.00,-1.00,0,None,1,aggregation
160,136.54,remora8,remora1,26.36,26.36,26.45,26.45,26.22,26.22,26.32,26.00,26.00,26.00,22.17,22.17,22.30,22.30,21.97,21.97,22.11,21.64,21.64,21.64,3.70,3.71,3.72,3.74,3.75,3.76,3.77,3.79,3.80,3.81,5.30,5.32,5.25,5.26,5.27,5.28,5.28,5.29,5.30,5.31,255.69,0.00,0.00,1.00,0.00,0.00,0.00,-1.00,0,None,1,aggregation
160,137.54,remora8,remora1,25.96,25.96,25.77,25.77,26.04,26.04,25.29,25.29,25.36,25.36,21.59,21.59,21.32,21.32,21.71,21.71,20.63,20.63,20.74,20.74,3.82,3.84,3.85,3.87,3.88,3.90,3.91,3.93,3.94,3.95,5.32,5.33,5.34,5.35,5.36,5.37,5.38,5.39,5.40,5.41,254.98,0.00,0.00,1.00,0.00,0.00,0.00,-1.00,0,None,1,aggregation
160,138.54,remora8,remora1,24.97,24.97,24.68,24.68,24.33,23.71,23.71,23.71,23.36,23.36,20.18,20.18,19.77,19.77,19.29,18.43,18.43,18.43,17.96,17.96,3.97,3.98,3.99,4.00,4.01,4.02,4.03,4.04,4.05,4.07,5.42,5.43,5.44,5.45,5.45,5.46,5.47,5.48,5.49,5.50,249.64,0.00,0.00,1.00,0.00,0.00,0.00,-1.00,0,None,1,aggregation
160,139.54,remora8,remora1,23.37,23.37,23.11,23.26,23.26,23.26,22.96,22.96,22.71,22.71,17.96,17.96,17.62,17.82,17.82,17.82,17.41,17.41,17.07,17.07,4.08,4.09,4.10,4.11,4.12,4.14,4.15,4.16,4.17,4.19,5.51,5.52,5.53,5.54,5.54,5.55,5.56,5.57,5.58,4.94,242.04,0.00,0.00,1.00,0.00,0.00,0.00,-1.00,0,None,1,aggregation
160,140.54,remora8,remora1,22.74,22.74,22.36,22.36,22.67,22.67,22.56,22.56,22.86,22.86,17.11,17.11,16.60,16.60,17.02,17.02,16.87,16.87,17.27,17.27,4.20,4.21,4.20,4.19,4.18,4.17,4.16,4.15,4.14,4.13,4.95,4.96,4.97,4.97,4.98,4.99,5.00,5.00,5.01,5.01,234.53,0.00,0.00,1.00,0.00,0.00,0.00,-1.00,0,None,1,aggregation
160,141.54,remora8,remora1,23.66,23.66,24.21,24.21,24.94,24.94,25.42,25.42,26.17,26.67,18.37,18.37,19.11,19.11,20.14,20.14,20.82,20.82,21.90,22.64,4.13,4.12,4.11,4.11,4.10,4.09,4.09,4.08,4.08,4.08,5.02,5.03,5.03,5.04,5.04,5.05,5.05,5.06,5.07,5.08,230.53,0.00,0.00,1.00,0.00,0.00,0.00,-1.00,0,None,1,aggregation
160,142.54,remora8,remora1,26.67,26.67,27.19,27.19,27.70,27.70,27.81,27.81,28.24,28.24,22.64,22.64,23.40,23.40,24.19,24.19,24.37,24.37,25.06,25.06,4.07,4.07,4.07,4.07,4.06,4.06,4.06,4.06,4.06,4.07,5.09,5.10,5.10,5.11,5.12,5.13,5.14,5.15,5.16,5.17,230.64,0.00,0.00,1.00,0.00,0.00,0.00,-1.00,0,None,1,aggregation
160,143.54,remora8,remora1,29.08,29.08,29.22,29.22,29.34,29.34,29.74,29.74,30.03,30.03,26.50,26.50,26.77,26.77,26.99,26.99,27.84,27.84,28.60,28.60,4.07,4.07,4.07,4.08,4.08,4.09,4.10,4.11,4.12,4.13,5.18,5.19,5.20,5.21,5.22,5.24,5.25,5.27,5.28,5.29,234.61,0.00,0.00,1.00,0.00,0.00,0.00,-1.00,0,None,1,aggregation
160,144.54,remora8,remora1,30.17,30.17,30.17,30.17,30.11,30.11,29.93,29.93,29.66,29.66,29.20,29.20,29.65,29.65,29.85,29.85,30.06,30.06,30.17,30.17,4.14,4.15,4.16,4.18,4.19,4.21,4.20,4.20,4.20,4.19,5.30,5.32,5.34,5.35,5.37,5.38,5.40,5.41,5.43,5.44,240.29,0.00,0.00,1.00,0.00,0.00,0.00,-1.00,0,None,1,aggregation
160,145.54,remora8,remora1,29.53,29.53,29.12,29.12,28.98,28.98,28.50,28.50,28.41,28.41,30.18,30.18,30.16,30.16,30.13,30.13,29.99,29.99,29.96,29.96,4.19,4.19,4.19,4.19,4.19,4.19,4.20,4.20,4.20,4.21,5.46,5.48,5.49,5.51,5.53,5.55,5.57,5.58,5.60,5.62,245.37,0.00,0.00,1.00,0.00,0.00,0.00,-1.00,0,None,1,aggregation
160,146.54,remora8,remora1,28.11,28.11,28.07,28.07,28.06,28.06,28.01,28.01,27.75,27.75,29.85,29.85,29.83,29.83,29.83,29.83,29.81,29.81,29.70,29.70,4.22,4.22,4.23,4.24,4.25,4.26,4.27,4.29,4.30,4.31,5.63,5.65,5.67,5.69,5.72,5.74,5.76,5.78,5.80,5.82,250.15,0.00,0.00,1.00,0.00,0.00,0.00,-1.00,0,None,1,aggregation
160,147.54,remora8,remora1,27.71,27.71,27.48,27.48,27.68,27.68,27.16,27.16,26.90,26.90,29.68,29.68,29.58,29.58,29.67,29.67,29.42,29.42,29.29,29.29,4.33,4.35,4.36,4.38,4.40,4.42,4.44,4.46,4.48,4.51,5.84,5.86,5.88,5.91,5.93,5.95,5.97,5.99,6.02,6.04,255.17,0.00,0.00,1.00,0.00,0.00,0.00,-1.00,0,None,1,aggregation
160,148.54,remora8,remora1,27.02,27.02,26.30,26.30,26.30,26.30,25.88,25.88,26.01,26.01,29.35,29.35,28.97,28.97,28.96,28.96,28.72,28.72,28.80,28.80,4.53,4.56,4.58,4.61,4.63,4.66,4.69,4.72,4.75,4.78,6.07,6.09,6.12,6.14,6.17,6.19,6.22,6.24,6.27,6.30,261.21,0.00,0.00,1.00,0.00,0.00,0.00,-1.00,0,None,1,aggregation
160,149.54,remora8,remora1,25.10,25.10,25.79,25.79,26.23,26.23,26.43,26.43,26.84,26.84,28.26,28.26,28.68,28.68,28.92,28.92,29.04,29.04,29.25,29.25,4.81,4.84,4.86,4.89,4.90,4.92,4.94,4.98,5.01,5.04,6.32,6.35,6.38,6.40,6.43,6.45,6.48,6.51,6.53,6.56,268.31,0.00,0.00,1.00,0.00,0.00,0.00,-1.00,0,None,1,aggregation
160,150.54,remora8,remora1,27.12,27.12,27.31,27.31,27.49,27.49,27.74,27.74,0.00,0.00,29.40,29.40,29.49,29.49,29.58,29.58,29.70,29.70,0.00,0.00,5.06,5.08,5.10,5.12,5.14,5.17,5.19,5.22,5.24,5.24,6.58,6.60,6.62,6.65,6.67,6.70,6.72,6.75,6.76,6.77,271.29,0.00,0.00,1.00,0.00,0.00,0.00,-1.00,0,None,1,aggregation
160,151.54,remora8,remora1,30.00,30.00,30.00,30.00,30.00,30.00,30.00,30.00,30.00,30.00,30.00,30.00,30.00,30.00,30.00,30.00,30.00,30.00,30.00,30.00,5.25,5.28,5.31,5.34,5.37,5.40,5.43,5.46,5.49,5.51,6.78,6.80,6.82,6.85,6.87,6.90,6.92,5.92,5.95,5.97,278.75,0.00,0.00,1.00,0.00,0.00,0.00,-1.00,0,None,1,aggregation
160,152.54,remora8,remora1,30.00,30.00,30.00,30.00,30.00,30.00,30.00,30.00,30.00,30.00,30.00,30.00,30.00,30.00,30.00,30.00,30.00,30.00,30.00,30.00,5.54,5.57,5.60,5.63,5.65,5.68,5.71,5.74,5.78,5.81,5.99,6.01,6.03,6.05,6.08,6.10,6.12,6.14,6.17,6.19,283.03,0.00,0.00,1.00,0.00,0.00,0.00,-1.00,0,None,1,aggregation
160,153.54,remora8,remora1,30.00,30.00,30.00,30.00,30.00,30.00,30.00,30.00,30.00,30.00,30.00,30.00,30.00,30.00,30.00,30.00,30.00,30.00,30.00,30.00,5.85,5.89,5.92,5.94,5.96,5.97,5.99,6.01,6.02,6.04,6.22,6.24,6.27,6.29,6.31,6.33,6.35,6.38,6.40,6.43,284.62,0.00,0.00,1.00,0.00,0.00,0.00,-1.00,0,None,1,aggregation
160,154.54,remora8,remora1,30.00,30.00,30.00,30.00,30.00,30.00,30.00,30.00,30.00,30.00,30.00,30.00,30.00,30.00,30.00,30.00,30.00,30.00,30.00,30.00,6.06,6.07,6.09,6.10,6.12,6.14,6.15,6.17,6.19,6.20,6.45,6.48,6.50,6.52,6.55,6.57,6.60,6.62,6.64,6.67,284.72,0.00,0.00,1.00,0.00,0.00,0.00,-1.00,0,None,1,aggregation
160,155.54,remora8,remora1,30.00,30.00,30.00,30.00,30.00,30.00,30.00,30.00,30.00,30.00,30.00,30.00,30.00,30.00,30.00,30.00,30.00,30.00,30.00,30.00,6.21,6.23,6.24,6.25,6.26,6.27,6.28,6.29,6.30,6.31,6.69,6.72,6.74,6.76,6.79,6.81,6.83,6.85,6.88,6.90,285.22,0.00,0.00,1.00,0.00,0.00,0.00,-1.00,0,None,1,aggregation
160,156.54,remora8,remora1,30.00,30.00,30.00,30.00,30.00,30.00,30.00,30.00,30.00,30.00,30.00,30.00,30.00,30.00,30.00,30.00,30.00,30.00,30.00,30.00,6.32,6.33,6.34,6.35,6.36,6.37,6.37,6.38,6.38,6.39,6.92,6.95,6.97,7.00,7.02,7.04,7.06,7.09,7.11,7.13,286.32,0.00,0.00,1.00,0.00,0.00,0.00,-1.00,0,None,1,aggregation
160,157.54,remora8,remora1,30.00,30.00,30.00,30.00,30.00,30.00,30.00,30.00,30.00,30.00,30.00,30.00,30.00,30.00,30.00,30.00,30.00,30.00,30.00,30.00,6.40,6.40,6.40,6.41,6.41,6.42,6.42,6.43,6.43,6.43,7.15,7.18,7.20,7.22,7.24,7.27,7.29,7.31,7.33,7.35,287.87,0.00,0.00,1.00,0.00,0.00,0.00,-1.00,0,None,1,aggregation
160,158.54,remora8,remora1,30.00,30.00,30.00,30.00,30.00,30.00,30.00,30.00,30.00,30.00,30.00,30.00,30.00,30.00,30.00,30.00,30.00,30.00,30.00,30.00,6.44,6.44,6.44,6.44,6.45,6.45,6.45,6.46,6.46,6.46,7.37,7.39,7.41,7.43,7.45,7.47,7.49,7.51,7.53,7.55,290.24,0.00,0.00,1.00,0.00,0.00,0.00,-1.00,0,None,1,aggregation
160,159.54,remora8,remora1,30.00,30.00,30.00,30.00,30.00,30.00,30.00,30.00,30.00,30.00,30.00,30.00,30.00,30.00,30.00,30.00,30.00,30.00,30.00,30.00,6.46,6.47,6.47,6.47,6.47,6.48,6.48,6.48,6.48,6.49,7.57,7.59,7.61,7.63,7.66,7.68,7.70,7.72,7.74,7.76,292.78,0.00,0.00,1.00,0.00,0.00,0.00,-1.00,0,None,1,aggregation
160,160.54,remora8,remora1,30.00,30.00,30.00,30.00,30.00,30.00,30.00,30.00,30.00,30.00,30.00,30.00,30.00,30.00,30.00,30.00,30.00,30.00,30.00,30.00,6.49,6.49,6.49,6.49,6.50,6.50,6.50,6.50,6.51,6.51,7.79,7.81,7.83,7.86,7.88,7.90,7.93,7.95,7.98,8.00,300.00,0.00,0.00,1.00,0.00,0.00,0.00,-1.00,0,None,1,aggregation
160,161.54,remora8,remora1,30.00,30.00,30.00,30.00,30.00,30.00,30.00,30.00,30.00,30.00,30.00,30.00,30.00,30.00,30.00,30.00,30.00,30.00,30.00,30.00,6.51,6.52,6.52,6.52,6.53,6.53,6.53,6.54,6.54,6.55,8.03,8.06,8.08,8.11,8.14,8.16,8.19,8.22,8.25,8.27,300.00,0.00,0.00,1.00,0.00,0.00,0.00,-1.00,0,None,1,aggregation
160,162.54,remora8,remora1,30.00,30.00,30.00,30.00,30.00,30.00,30.00,30.00,30.00,30.00,30.00,30.00,30.00,30.00,30.00,30.00,30.00,30.00,30.00,30.00,6.55,6.56,6.56,6.56,6.57,6.57,6.58,6.58,6.59,6.60,8.30,8.33,8.36,8.39,8.42,8.45,8.48,8.51,8.54,7.84,300.00,0.00,0.00,1.00,0.00,0.00,0.00,-1.00,0,None,1,aggregation
160,163.54,remora8,remora1,30.00,30.00,30.00,30.00,30.00,30.00,30.00,30.00,30.00,30.00,30.00,30.00,30.00,30.00,30.00,30.00,30.00,30.00,30.00,30.00,6.62,6.65,6.67,6.69,6.70,6.72,6.74,9.49,9.54,9.59,7.88,7.92,7.95,7.99,8.02,8.05,8.09,9.49,9.54,9.59,300.00,0.00,0.00,1.00,0.00,0.00,0.00,-1.00,0,None,1,aggregation
160,164.54,remora8,remora1,30.00,30.00,30.00,30.00,30.00,30.00,30.00,30.00,30.00,30.00,30.00,30.00,30.00,30.00,30.00,30.00,30.00,30.00,30.00,30.00,9.63,9.68,9.72,9.77,9.81,9.85,9.89,9.93,9.97,10.00,9.63,9.68,9.72,9.77,9.81,9.85,9.89,9.93,9.97,10.00,300.00,0.00,0.00,1.00,0.00,0.00,0.00,-1.00,0,None,1,aggregation
160,165.54,remora8,remora1,30.00,30.00,30.00,30.00,30.00,30.00,30.00,30.00,30.00,30.00,30.00,30.00,30.00,30.00,30.00,30.00,30.00,30.00,30.00,30.00,10.00,10.00,10.00,10.00,10.00,10.00,10.00,10.00,10.00,10.00,10.00,10.00,10.00,10.00,10.00,10.00,10.00,10.00,10.00,10.00,300.00,0.00,0.00,1.00,0.00,0.00,0.00,-1.00,0,None,1,aggregation
160,213.54,remora8,remora1,27.58,27.58,28.01,28.01,28.16,28.16,28.29,28.29,28.49,28.49,29.62,29.62,29.81,29.81,29.87,29.87,29.92,29.92,29.99,29.99,2.67,2.67,2.66,2.66,2.66,2.66,2.66,2.66,2.66,2.66,2.67,2.67,2.66,2.66,2.66,2.66,2.66,2.66,2.66,2.66,225.74,0.00,0.00,1.00,0.00,0.00,0.00,-1.00,0,None,1,aggregation
160,214.54,remora8,remora1,28.66,28.66,28.75,28.75,28.91,28.91,28.98,28.98,29.09,29.09,30.05,30.05,30.07,30.07,30.11,30.11,30.13,30.13,30.15,30.15,2.66,2.66,2.66,2.66,2.66,2.66,2.66,2.67,2.67,2.67,2.66,2.66,2.66,2.66,2.66,2.66,2.66,2.67,2.67,2.67,237.06,0.00,1.00,1.00,0.00,0.00,0.00,-1.00,0,None,1,aggregation
160,215.54,remora8,remora1,29.22,29.22,29.22,29.31,29.31,29.31,29.42,29.42,29.44,29.44,30.17,30.17,30.17,30.18,30.18,30.18,30.18,30.18,30.19,30.19,2.67,2.67,2.68,2.68,2.68,2.68,2.68,2.69,2.69,2.69,2.67,2.67,2.68,2.68,2.68,2.68,2.68,2.69,2.69,2.69,259.58,0.00,1.00,1.00,0.00,0.00,0.00,-1.00,0,None,1,aggregation
160,216.54,remora8,remora1,29.45,29.45,29.55,29.55,29.54,29.54,29.58,29.58,29.58,29.58,30.19,30.19,30.18,30.18,30.18,30.18,30.18,30.18,30.18,30.18,2.69,2.70,2.70,2.70,2.71,2.71,2.71,2.71,2.72,2.72,2.69,2.70,2.70,2.70,2.71,2.71,2.71,2.71,2.72,2.72,282.32,0.00,1.00,1.00,0.00,0.00,0.00,-1.00,0,None,1,aggregation
160,217.54,remora8,remora1,29.65,29.65,29.73,29.73,29.73,29.80,29.80,29.80,29.87,29.87,30.17,30.17,30.15,30.15,30.15,30.13,30.13,30.13,30.10,30.10,2.72,2.73,2.73,2.73,2.73,2.74,2.74,2.74,2.75,2.75,2.72,2.73,3.96,3.97,3.98,3.99,4.01,4.02,4.03,4.05,290.56,0.00,1.00,1.00,0.00,0.00,0.00,-1.00,0,None,1,aggregation
160,218.54,remora8,remora1,29.92,29.92,29.92,29.92,29.98,29.98,30.02,30.02,30.06,30.06,30.06,30.06,30.06,30.06,30.02,30.02,29.98,29.98,29.92,29.92,2.75,2.76,2.76,2.76,2.77,2.77,2.77,2.78,2.78,2.78,4.06,4.07,4.07,4.08,4.09,4.11,4.12,5.96,5.98,6.00,291.43,0.00,1.00,1.00,0.00,0.00,0.00,-1.00,0,None,1,aggregation
160,219.54,remora8,remora1,30.08,30.08,30.10,30.10,30.11,30.11,30.13,30.13,30.15,30.15,29.90,29.90,29.87,29.87,29.83,29.83,29.80,29.80,29.73,29.73,2.79,2.79,2.79,2.80,2.80,2.80,2.81,2.81,2.81,2.82,6.01,6.03,6.05,6.07,6.09,6.11,6.12,6.14,6.16,6.17,291.86,0.00,1.00,1.00,0.00,0.00,0.00,-1.00,0,None,1,aggregation
160,220.54,remora8,remora1,30.15,30.15,30.16,-1.62,-1.62,-1.37,-1.37,-1.37,-0.93,-0.93,29.73,29.73,29.69,-17.31,-17.31,-17.07,-17.07,-17.07,-16.63,-16.63,2.82,2.83,2.83,2.83,2.81,2.78,2.74,2.71,2.67,2.64,4.29,4.30,4.32,4.33,4.32,4.30,4.28,4.26,4.24,4.22,278.96,0.00,1.00,1.00,0.00,0.00,0.00,-1.00,0,None,1,aggregation
160,221.54,remora8,remora1,-0.40,-0.40,0.22,0.22,27.03,27.03,1.18,1.18,1.64,2.47,-16.09,-16.09,-15.47,-15.47,29.35,29.35,-14.51,-14.51,-14.06,-13.22,2.60,2.57,2.54,2.50,2.49,2.48,2.47,2.44,2.41,2.37,4.20,4.18,4.16,4.14,4.14,4.15,4.14,4.13,4.11,4.09,262.66,0.00,1.00,1.00,1.00,1.00,0.00,-1.00,0,None,1,aggregation
160,222.54,remora8,remora1,2.47,3.36,3.36,3.36,21.12,21.12,20.66,20.66,4.44,4.95,-13.22,-12.33,-12.33,-12.33,25.64,25.64,25.31,25.31,-11.26,-10.75,2.34,2.31,2.28,2.26,2.23,2.22,2.22,2.21,2.19,2.17,4.08,4.06,4.05,4.04,4.03,4.03,4.04,4.04,4.04,4.03,246.48,0.00,1.00,1.00,1.00,1.00,0.00,-1.00,0,None,1,aggregation
160,223.54,remora8,remora1,4.95,4.95,5.94,6.96,6.96,7.92,7.92,12.12,12.12,12.12,-10.75,-10.75,-9.76,-8.74,-8.74,-7.64,-7.64,18.96,18.96,18.96,2.14,2.11,2.09,2.06,2.04,2.01,1.99,1.97,1.95,1.93,4.01,4.00,3.99,3.98,3.97,3.96,3.94,3.93,3.93,3.93,223.15,0.00,1.00,1.00,1.00,1.00,0.00,-1.00,0,None,1,aggregation
160,224.54,remora8,remora1,12.73,12.73,14.69,14.69,16.74,16.74,18.51,18.51,20.18,20.18,19.42,19.42,20.92,20.92,22.46,22.46,23.77,23.77,24.97,24.97,1.92,1.91,1.89,1.88,1.87,1.86,1.86,1.85,1.85,1.84,3.93,3.93,3.93,3.93,3.94,3.94,3.95,3.96,3.97,3.98,213.10,0.00,1.00,1.00,0.00,0.00,0.00,-1.00,0,None,1,aggregation
160,225.54,remora8,remora1,21.73,21.73,22.89,22.89,24.24,24.24,25.22,25.22,26.12,26.12,26.06,26.06,26.85,26.85,27.72,27.72,28.34,28.34,28.86,28.86,1.84,1.84,1.84,1.85,1.85,1.85,1.86,1.86,1.87,1.88,3.99,4.00,4.01,4.03,4.04,4.06,4.07,4.09,4.11,4.13,209.14,0.00,1.00,1.00,0.00,0.00,0.00,-1.00,0,None,1,aggregation
160,226.54,remora8,remora1,26.84,26.84,27.40,27.91,27.91,27.91,5.64,6.22,6.22,6.22,29.25,29.25,29.54,29.77,29.77,29.77,-10.06,-9.48,-9.48,-9.48,1.89,1.90,1.91,1.92,1.93,1.94,1.94,1.92,1.90,1.88,4.15,4.17,4.19,4.21,4.23,4.25,4.26,4.25,4.24,4.23,197.10,0.00,1.00,1.00,0.00,0.00,0.00,-1.00,0,None,1,aggregation
160,227.54,remora8,remora1,7.23,7.23,25.68,25.68,25.45,25.45,26.12,26.84,26.84,26.84,-8.47,-8.47,28.61,28.61,28.48,28.48,28.86,29.25,29.25,29.25,1.87,1.85,1.84,1.84,1.85,1.86,1.86,1.87,1.88,1.89,4.22,4.21,4.21,4.23,4.24,4.26,4.28,4.30,4.32,4.34,189.26,0.00,1.00,1.00,1.00,1.00,0.00,-1.00,0,None,1,aggregation
160,228.54,remora8,remora1,27.40,27.40,27.91,27.91,28.37,28.37,28.65,28.65,29.02,29.02,29.54,29.54,29.77,29.77,29.95,29.95,30.04,30.04,30.14,30.14,1.90,1.91,1.92,1.93,1.94,1.95,1.96,1.97,1.99,2.00,4.36,4.39,4.40,4.42,4.44,4.46,4.48,4.50,4.52,4.54,188.34,0.00,1.00,1.00,0.00,0.00,0.00,-1.00,0,None,1,aggregation
160,229.54,remora8,remora1,29.24,29.24,29.44,29.44,29.57,29.57,29.73,29.73,29.80,29.80,30.17,30.17,30.19,30.19,30.18,30.18,30.15,30.15,30.13,30.13,2.01,2.02,2.03,2.04,2.05,2.07,2.08,2.09,2.10,2.11,4.57,4.59,4.61,4.63,4.65,4.68,4.70,4.72,4.74,4.76,188.23,0.00,1.00,1.00,0.00,0.00,0.00,-1.00,0,None,1,aggregation
160,230.54,remora8,remora1,29.92,29.92,29.98,29.98,30.02,30.02,30.08,30.08,30.11,30.11,30.06,30.06,30.02,30.02,29.98,29.98,29.90,29.90,29.83,29.83,2.12,2.13,2.14,2.15,2.16,2.17,2.18,2.19,2.20,2.21,4.78,4.79,4.81,4.83,4.85,4.87,4.89,4.91,4.93,4.95,202.83,0.00,1.00,1.00,0.00,0.00,0.00,-1.00,0,None,1,aggregation
160,231.54,remora8,remora1,30.09,30.06,30.05,30.02,30.00,29.97,29.94,29.91,29.87,29.84,29.81,29.78,29.68,29.65,29.59,29.56,29.53,29.50,29.50,29.47,2.22,2.23,2.24,2.26,2.29,2.33,2.36,2.39,2.43,2.46,4.96,4.98,5.00,5.02,5.05,5.08,5.11,5.14,5.17,5.20,221.31,0.00,1.00,1.00,0.00,0.00,0.00,99.00,1,GradualMotor,1,aggregation
160,232.54,remora8,remora1,29.81,29.78,29.74,29.71,29.66,29.63,29.60,29.57,29.54,29.51,29.44,29.41,29.42,29.39,29.39,29.36,29.33,29.30,29.27,29.24,2.49,2.52,2.55,2.58,2.61,2.64,2.67,2.70,2.72,2.75,5.23,5.26,5.28,5.31,5.34,5.37,5.40,5.42,5.45,5.48,239.03,0.00,1.00,1.00,0.00,0.00,0.00,98.00,1,GradualMotor,1,aggregation
160,233.54,remora8,remora1,29.47,29.44,29.41,29.38,29.35,29.32,29.27,29.24,29.21,29.18,29.24,29.21,29.18,29.15,29.12,29.09,29.09,29.06,29.03,29.00,2.78,2.80,2.83,2.86,2.88,2.91,2.93,2.95,2.98,3.00,5.50,5.53,5.55,5.58,5.60,5.63,5.65,5.68,5.71,5.73,262.62,0.00,1.00,1.00,0.00,0.00,0.00,97.00,1,GradualMotor,1,aggregation
160,234.54,remora8,remora1,29.15,29.12,29.05,29.02,28.99,28.96,28.89,28.86,28.81,28.78,28.97,28.94,28.97,28.94,28.91,28.88,28.89,28.86,28.85,28.82,3.03,3.05,3.06,3.07,3.09,3.10,3.11,3.12,3.14,3.15,5.76,5.78,5.80,5.82,5.84,5.86,5.88,5.89,5.91,5.93,272.11,0.00,0.00,1.00,0.00,0.00,0.00,96.00,1,GradualMotor,1,aggregation
160,235.54,remora8,remora1,28.70,28.67,28.61,28.58,28.52,28.46,28.43,28.40,28.34,28.31,28.83,28.80,28.79,28.76,28.75,28.73,28.70,28.67,28.65,28.62,3.16,3.17,3.18,3.19,3.20,3.21,3.23,3.24,3.24,3.25,5.95,5.97,5.99,6.01,6.03,6.05,6.07,6.09,6.10,6.12,274.93,0.00,0.00,1.00,0.00,0.00,0.00,95.00,1,GradualMotor,1,aggregation
160,236.54,remora8,remora1,28.25,28.22,28.16,28.13,28.10,28.07,27.97,27.94,27.91,27.88,28.60,28.57,28.55,28.52,28.49,28.46,28.45,28.42,28.39,28.36,3.26,3.27,3.28,3.29,3.30,3.30,3.31,3.32,3.33,3.33,6.14,6.16,6.18,6.20,6.22,6.24,6.25,6.27,6.29,6.31,285.38,0.00,0.00,1.00,0.00,0.00,0.00,94.00,1,GradualMotor,1,aggregation
160,237.54,remora8,remora1,27.85,27.82,27.71,27.68,27.65,27.62,27.60,27.57,27.54,27.51,28.33,28.30,28.28,28.25,28.22,28.19,28.16,28.13,28.10,28.07,3.34,3.34,3.35,3.36,3.36,3.37,3.37,3.38,3.38,3.38,6.33,6.35,6.36,6.38,6.40,6.42,6.44,6.45,6.47,6.49,291.20,0.00,0.00,1.00,0.00,0.00,0.00,93.00,1,GradualMotor,1,aggregation
160,238.54,remora8,remora1,27.44,27.41,27.38,27.35,27.28,27.25,27.22,27.19,27.16,27.13,28.04,28.01,27.98,27.95,27.92,27.89,27.86,27.83,27.80,27.77,3.39,3.39,3.40,3.40,3.40,3.40,3.41,3.41,3.41,3.41,6.51,6.53,6.54,6.56,6.58,6.60,6.62,6.63,6.65,6.67,289.72,0.00,0.00,1.00,0.00,0.00,0.00,92.00,1,GradualMotor,1,aggregation
160,239.54,remora8,remora1,27.10,27.07,27.04,27.01,26.98,26.95,26.92,26.89,26.87,26.84,27.74,27.71,27.68,27.65,27.62,27.59,27.56,27.53,27.50,27.47,3.42,3.42,3.42,3.42,3.42,3.42,3.43,3.43,3.43,3.43,6.69,6.70,3.42,3.42,3.42,3.42,3.43,3.43,3.43,3.43,287.15,0.00,0.00,1.00,0.00,0.00,0.00,91.00,1,GradualMotor,1,aggregation
160,240.54,remora8,remora1,26.81,26.78,26.75,26.72,26.69,26.66,26.63,26.60,26.57,26.54,27.44,27.41,27.38,27.35,27.32,27.29,27.26,27.23,27.20,27.17,3.43,3.43,3.43,3.43,3.43,3.43,3.43,3.43,3.43,3.43,3.43,3.43,3.43,3.43,3.43,3.43,3.43,3.43,3.43,3.43,284.14,0.00,0.00,1.00,0.00,0.00,0.00,90.00,1,GradualMotor,1,aggregation
160,241.54,remora8,remora1,6.08,6.08,6.56,7.20,7.19,7.19,7.58,7.94,7.93,7.92,-8.03,-8.02,-7.52,-6.53,-6.52,-6.51,-5.30,-4.17,-4.16,-4.16,3.41,3.38,3.36,3.33,3.30,3.27,3.25,3.22,3.19,3.17,3.41,3.38,3.36,3.33,3.30,3.27,3.25,3.22,3.19,3.17,255.38,0.00,0.00,1.00,0.00,0.00,0.00,89.00,1,GradualMotor,1,aggregation
160,131.54,remora8,remora5,0.00,0.00,0.00,0.00,0.00,0.00,0.00,0.00,0.00,0.00,0.00,0.00,0.00,0.00,0.00,0.00,0.00,0.00,0.00,0.00,2.68,2.70,2.73,2.76,2.78,2.81,2.84,2.86,2.89,2.92,5.57,5.59,5.61,5.62,5.64,5.65,5.66,5.68,5.69,5.70,0.00,0.00,1.00,0.00,0.00,0.00,0.00,-1.00,0,None,0,aggregation
160,132.54,remora8,remora5,0.00,0.00,0.00,0.00,0.00,0.00,0.00,0.00,0.00,0.00,0.00,0.00,0.00,0.00,0.00,0.00,0.00,0.00,0.00,0.00,2.94,2.97,2.99,3.02,3.05,3.07,3.10,3.12,3.15,3.17,5.71,5.73,5.74,5.75,5.76,5.77,5.79,5.80,5.81,5.82,0.00,0.00,0.00,0.00,0.00,0.00,0.00,-1.00,0,None,0,aggregation
160,133.54,remora8,remora5,0.00,0.00,0.00,0.00,0.00,0.00,0.00,0.00,0.00,0.00,0.00,0.00,0.00,0.00,0.00,0.00,0.00,0.00,0.00,0.00,3.20,3.22,3.25,3.27,3.30,3.32,3.34,3.37,3.39,3.42,5.84,5.85,5.86,5.88,5.89,5.90,5.91,5.93,5.94,5.95,0.00,0.00,0.00,0.00,0.00,0.00,0.00,-1.00,0,None,0,aggregation
160,134.54,remora8,remora5,0.00,0.00,0.00,0.00,0.00,0.00,0.00,0.00,0.00,0.00,0.00,0.00,0.00,0.00,0.00,0.00,0.00,0.00,0.00,0.00,3.44,3.46,3.49,3.51,3.53,3.56,3.58,3.60,3.63,3.65,5.96,5.97,5.98,6.00,6.01,6.02,6.03,6.05,6.06,6.07,0.00,0.00,0.00,0.00,0.00,0.00,0.00,-1.00,0,None,0,aggregation
160,135.54,remora8,remora5,0.00,0.00,0.00,0.00,0.00,0.00,0.00,0.00,0.00,0.00,0.00,0.00,0.00,0.00,0.00,0.00,0.00,0.00,0.00,0.00,3.67,3.70,3.72,3.74,3.77,3.79,3.81,3.83,3.86,3.88,6.09,6.10,6.11,6.12,6.13,6.14,6.16,6.17,6.18,6.20,0.00,0.00,0.00,0.00,0.00,0.00,0.00,-1.00,0,None,0,aggregation
160,136.54,remora8,remora5,0.00,0.00,0.00,0.00,0.00,0.00,0.00,0.00,0.00,0.00,0.00,0.00,0.00,0.00,0.00,0.00,0.00,0.00,0.00,0.00,3.90,3.92,3.95,3.97,3.99,4.01,4.03,4.05,4.07,4.09,6.21,6.22,6.75,6.76,6.77,6.78,6.79,6.80,6.81,6.82,0.00,0.00,0.00,0.00,0.00,0.00,0.00,-1.00,0,None,0,aggregation
160,137.54,remora8,remora5,0.00,0.00,0.00,0.00,0.00,0.00,0.00,0.00,0.00,0.00,0.00,0.00,0.00,0.00,0.00,0.00,0.00,0.00,0.00,0.00,4.11,4.14,4.16,4.18,4.20,4.21,4.23,4.25,4.27,4.29,6.84,6.85,6.86,6.87,6.88,6.89,6.90,6.91,6.92,6.93,0.00,0.00,0.00,0.00,0.00,0.00,0.00,-1.00,0,None,0,aggregation
160,138.54,remora8,remora5,0.00,0.00,0.00,0.00,0.00,0.00,0.00,0.00,0.00,0.00,0.00,0.00,0.00,0.00,0.00,0.00,0.00,0.00,0.00,0.00,4.31,4.33,4.34,4.36,4.38,4.40,4.41,4.43,4.44,4.46,6.94,6.94,6.95,6.96,6.97,6.98,6.99,7.00,7.01,6.27,0.00,0.00,0.00,0.00,0.00,0.00,0.00,-1.00,0,None,0,aggregation
160,139.54,remora8,remora5,0.00,0.00,0.00,0.00,0.00,0.00,0.00,0.00,0.00,0.00,0.00,0.00,0.00,0.00,0.00,0.00,0.00,0.00,0.00,0.00,4.47,4.49,4.50,4.52,4.53,4.54,4.56,4.57,4.58,4.60,6.27,6.27,6.28,6.28,6.28,6.28,6.29,6.29,6.29,6.30,0.00,0.00,0.00,0.00,0.00,0.00,0.00,-1.00,0,None,0,aggregation
160,140.54,remora8,remora5,0.00,0.00,0.00,0.00,0.00,0.00,21.25,21.25,21.53,21.53,0.00,0.00,0.00,0.00,0.00,0.00,25.72,25.72,25.92,25.92,4.61,4.62,4.63,4.64,4.65,4.67,4.67,4.66,4.65,4.64,6.30,6.31,6.31,6.31,6.31,6.31,6.31,6.30,6.28,6.27,9.44,0.00,0.00,0.00,0.00,0.00,0.00,-1.00,0,None,0,aggregation
160,141.54,remora8,remora5,22.41,22.41,23.09,23.09,23.85,23.85,24.21,24.21,24.49,24.49,26.52,26.52,26.98,26.98,27.48,27.48,27.71,27.71,27.88,27.88,4.62,4.61,4.60,4.58,4.57,4.56,4.54,4.53,4.51,4.50,6.25,6.24,6.22,6.20,6.19,6.17,6.15,6.13,6.12,6.10,34.91,0.00,0.00,0.00,0.00,0.00,0.00,-1.00,0,None,0,aggregation
160,142.54,remora8,remora5,25.01,25.01,25.31,25.31,25.53,25.53,25.84,25.84,25.96,25.96,28.21,28.21,28.39,28.39,28.52,28.52,28.71,28.71,28.77,28.77,4.49,4.47,4.46,4.44,4.43,4.42,4.40,4.39,4.38,4.36,6.08,6.07,6.05,6.03,6.02,6.00,5.98,5.97,5.95,5.93,61.93,0.00,0.00,1.00,0.00,0.00,0.00,-1.00,0,None,0,aggregation
160,143.54,remora8,remora5,26.14,26.14,26.30,26.30,26.48,26.48,26.44,26.44,26.49,26.49,28.87,28.87,28.97,28.97,29.06,29.06,29.04,29.04,29.07,29.07,4.35,4.34,4.32,4.31,4.30,4.29,4.28,4.27,4.26,4.25,5.91,5.89,5.88,5.86,5.84,5.83,5.81,5.79,5.78,5.76,89.62,0.00,0.00,1.00,0.00,0.00,0.00,-1.00,0,None,0,aggregation
160,144.54,remora8,remora5,26.63,26.63,26.70,26.70,26.65,26.65,26.75,26.75,26.73,26.73,29.14,29.14,29.18,29.18,29.16,29.16,29.21,29.21,29.20,29.20,4.24,4.23,4.23,4.22,4.21,4.21,4.20,4.20,4.20,4.19,5.74,5.72,5.71,5.69,5.67,5.65,5.64,5.62,5.60,5.58,117.55,0.00,0.00,1.00,0.00,0.00,0.00,-1.00,0,None,0,aggregation
160,145.54,remora8,remora5,26.68,26.68,26.69,26.69,26.61,26.61,26.54,26.54,26.72,26.72,29.17,29.17,29.18,29.18,29.13,29.13,29.09,29.09,29.19,29.19,4.19,4.19,4.19,4.19,4.19,4.19,4.20,4.20,4.20,4.21,5.57,5.55,5.53,5.52,5.50,5.49,5.47,5.46,5.44,5.42,145.45,0.00,0.00,1.00,0.00,0.00,0.00,-1.00,0,None,0,aggregation
160,146.54,remora8,remora5,26.87,26.87,26.99,26.99,26.91,26.91,26.98,26.98,26.95,26.95,29.27,29.27,29.33,29.33,29.29,29.29,29.33,29.33,29.31,29.31,4.22,4.22,4.23,4.24,4.25,4.26,4.27,4.29,4.30,4.31,5.40,5.39,5.38,5.36,5.35,5.33,5.32,5.30,5.29,5.27,173.57,0.00,0.00,1.00,0.00,0.00,0.00,-1.00,0,None,0,aggregation
160,147.54,remora8,remora5,27.17,27.17,26.97,26.97,26.90,26.90,27.49,27.49,27.00,27.00,29.42,29.42,29.32,29.32,29.29,29.29,29.58,29.58,29.34,29.34,4.33,4.35,4.36,4.38,4.40,4.42,4.44,4.46,4.44,4.42,5.26,5.24,5.23,5.22,5.21,5.19,5.18,5.16,5.15,5.14,201.82,0.00,0.00,1.00,0.00,0.00,0.00,-1.00,0,None,0,aggregation
160,148.54,remora8,remora5,27.27,27.27,26.94,26.94,27.17,27.17,27.28,27.28,27.44,27.44,29.48,29.48,29.31,29.31,29.43,29.43,29.48,29.48,29.56,29.56,4.39,4.36,4.33,4.30,4.28,4.25,4.22,4.19,4.16,4.14,5.13,5.12,5.11,5.09,5.08,5.07,5.06,5.05,5.04,5.03,230.16,0.00,0.00,1.00,0.00,0.00,0.00,-1.00,0,None,0,aggregation
160,149.54,remora8,remora5,25.01,25.01,-4.90,-4.90,-35.18,-35.18,27.73,27.73,6.00,6.00,28.21,28.21,5.50,5.50,-24.72,-24.72,24.25,24.25,-4.27,-4.27,4.11,4.09,4.07,4.07,4.08,4.10,4.10,4.08,4.06,4.06,5.03,5.02,5.02,5.03,5.04,5.06,5.07,5.07,5.07,5.07,246.90,0.00,0.00,1.00,1.00,0.00,1.00,-1.00,0,None,0,aggregation
160,150.54,remora8,remora5,-18.39,-18.39,-3.85,-3.85,7.37,7.37,12.74,12.74,8.14,8.14,-28.85,-28.85,-14.32,-14.32,-2.56,-2.56,4.18,4.18,-1.60,-1.60,4.07,4.08,4.10,4.10,4.10,4.09,4.08,4.07,4.05,4.04,5.08,5.09,5.11,5.12,5.13,5.13,5.14,5.14,5.14,5.14,246.83,0.00,0.00,1.00,0.00,0.00,0.00,-1.00,0,None,0,aggregation
160,151.54,remora8,remora5,9.95,9.95,6.81,6.81,0.90,0.90,0.59,0.59,3.15,3.15,0.67,0.67,-3.25,-3.25,-9.57,-9.57,-9.88,-9.88,-7.31,-7.31,4.03,4.02,4.01,4.00,4.00,3.99,3.99,3.99,3.98,3.98,5.14,5.14,5.14,5.14,5.15,5.16,5.16,5.17,5.18,5.19,224.99,0.00,0.00,1.00,0.00,0.00,0.00,-1.00,0,None,0,aggregation
160,152.54,remora8,remora5,6.09,6.09,7.37,7.37,19.00,19.00,-8.29,-8.29,-12.77,-12.77,-4.16,-4.16,-2.56,-2.56,12.18,12.18,-18.76,-18.76,-23.23,-23.23,3.97,3.96,3.95,3.94,3.92,3.90,3.89,3.89,3.90,3.90,5.20,5.20,5.21,5.21,5.21,5.21,5.21,5.22,5.24,5.26,208.07,0.00,0.00,1.00,0.00,0.00,0.00,-1.00,0,None,0,aggregation
160,153.54,remora8,remora5,-18.94,-18.94,-2.56,-2.56,8.83,8.83,-23.00,-23.00,-18.77,-18.77,-29.41,-29.41,7.37,7.37,16.41,16.41,-12.53,-12.53,-8.30,-8.30,3.91,3.92,3.93,3.91,3.90,3.87,3.87,3.87,3.87,3.87,5.27,5.29,5.30,5.30,5.30,5.30,5.31,5.33,5.34,5.36,194.48,0.00,0.00,1.00,1.00,0.00,1.00,-1.00,0,None,0,aggregation
160,154.54,remora8,remora5,1.36,1.36,0.35,0.35,-9.24,-9.24,-19.10,-19.10,-3.14,-3.14,10.50,10.50,9.70,9.70,1.23,1.23,-8.64,-8.64,6.90,6.90,3.86,3.85,3.83,3.81,3.80,3.79,3.79,3.79,3.78,3.77,5.37,5.37,5.37,5.37,5.38,5.38,5.39,5.41,5.41,5.42,172.69,0.00,0.00,1.00,0.00,0.00,0.00,-1.00,0,None,0,aggregation
160,155.54,remora8,remora5,-4.11,-4.11,-2.16,-2.16,-7.39,-7.39,-13.14,-13.14,-4.13,-4.13,6.13,6.13,7.69,7.69,3.08,3.08,-2.68,-2.68,6.12,6.12,3.76,3.75,3.74,3.74,3.73,3.72,3.72,3.72,3.72,3.72,5.42,5.43,5.43,5.43,5.44,5.44,5.45,5.46,5.47,5.48,147.76,0.00,0.00,1.00,0.00,0.00,0.00,-1.00,0,None,0,aggregation
160,156.54,remora8,remora5,1.83,1.83,1.96,1.96,-8.27,-8.27,-6.52,-6.52,-3.49,-3.49,10.88,10.88,10.98,10.98,2.20,2.20,3.95,3.95,6.63,6.63,3.71,3.70,3.69,3.68,3.67,3.67,3.67,3.67,3.66,3.66,5.48,5.49,5.49,5.49,5.50,5.51,5.52,5.52,5.52,5.53,123.38,0.00,0.00,1.00,0.00,0.00,0.00,-1.00,0,None,0,aggregation
160,157.54,remora8,remora5,-4.84,-4.84,-3.88,-3.88,-2.10,-2.10,-5.63,-5.63,-5.63,-9.89,5.55,5.55,6.31,6.31,7.73,7.73,4.83,4.83,4.83,0.57,3.65,3.65,3.65,3.64,3.64,3.63,3.63,3.63,3.63,3.63,5.53,5.54,5.55,5.56,5.56,5.57,5.58,5.58,5.59,5.60,96.59,0.00,0.00,1.00,0.00,0.00,0.00,-1.00,0,None,0,aggregation
160,158.54,remora8,remora5,-12.87,-12.87,-12.76,-12.76,-12.04,-12.04,-12.60,-12.60,-11.01,-11.01,-2.41,-2.41,-2.30,-2.30,-1.57,-1.57,-2.13,-2.13,-0.55,-0.55,3.63,3.63,3.64,3.64,3.65,3.65,3.65,3.66,3.66,3.66,5.61,5.62,5.63,5.64,5.65,5.66,5.67,5.68,5.69,5.70,75.28,0.00,0.00,1.00,0.00,0.00,0.00,-1.00,0,None,0,aggregation
160,159.54,remora8,remora5,-10.11,-10.11,-8.44,-8.44,-7.86,-7.86,-6.07,-6.07,-3.41,-3.41,0.36,0.36,2.02,2.02,2.60,2.60,4.39,4.39,6.69,6.69,3.67,3.67,3.67,3.68,3.68,3.68,3.69,3.69,3.69,3.70,5.71,5.72,5.73,5.74,5.75,5.76,5.77,5.78,5.80,5.81,61.17,0.00,0.00,1.00,0.00,0.00,0.00,-1.00,0,None,0,aggregation
160,160.54,remora8,remora5,-1.91,-1.91,0.32,0.32,2.94,2.94,4.58,4.58,6.99,6.99,7.89,7.89,9.67,9.67,11.76,11.76,13.06,13.06,14.96,14.96,3.70,3.70,3.70,3.71,3.71,3.71,3.72,3.72,3.73,3.73,5.82,5.83,5.85,5.86,5.87,5.88,5.90,5.91,5.93,5.95,58.83,0.00,0.00,1.00,0.00,0.00,0.00,-1.00,0,None,0,aggregation
160,161.54,remora8,remora5,9.56,9.56,11.57,11.57,13.10,13.10,14.77,14.77,17.16,17.16,16.97,16.97,18.53,18.53,19.71,19.71,20.98,20.98,22.77,22.77,3.74,3.75,3.75,3.76,3.77,3.78,3.79,3.81,3.82,3.83,5.96,5.98,6.00,6.02,6.04,6.06,6.08,6.10,6.13,6.15,71.71,0.00,0.00,1.00,0.00,0.00,0.00,-1.00,0,None,0,aggregation
160,162.54,remora8,remora5,18.80,18.80,20.68,20.68,22.19,22.19,24.35,24.35,25.44,25.44,23.98,23.98,25.32,25.32,26.37,26.37,27.80,27.80,28.47,28.47,3.85,3.86,3.88,3.90,3.92,3.94,3.96,3.98,4.00,4.03,6.17,6.20,6.22,6.24,6.27,6.30,6.32,6.35,6.38,6.41,85.95,0.00,0.00,1.00,0.00,0.00,0.00,-1.00,0,None,0,aggregation
160,163.54,remora8,remora5,27.44,27.44,29.02,29.02,30.06,30.06,30.13,30.13,28.70,28.70,29.56,29.56,30.14,30.14,29.92,29.92,28.98,28.98,25.83,25.83,4.05,4.08,4.10,4.13,4.16,4.19,4.22,4.25,4.28,4.31,6.44,6.46,6.48,6.51,6.54,6.57,6.60,6.36,6.39,6.41,100.83,0.00,0.00,1.00,0.00,0.00,0.00,-1.00,0,None,0,aggregation
160,164.54,remora8,remora5,25.98,25.98,22.70,22.70,20.04,20.04,17.28,17.28,16.56,16.56,21.62,21.62,17.07,17.07,13.53,13.53,9.95,9.95,9.03,9.03,4.34,4.36,4.39,4.41,4.44,4.46,4.48,4.50,4.53,4.54,6.44,6.46,6.49,6.51,6.54,6.56,6.58,6.60,6.62,4.96,112.07,0.00,0.00,1.00,0.00,0.00,0.00,-1.00,0,None,0,aggregation
160,165.54,remora8,remora5,16.70,16.70,15.57,15.57,14.64,14.64,14.97,14.97,14.76,14.76,9.22,9.22,7.76,7.76,6.58,6.58,7.00,7.00,6.73,6.73,4.56,4.59,4.61,4.62,4.64,4.66,4.68,4.70,4.72,4.74,4.97,4.97,4.98,4.99,5.00,5.01,5.02,5.03,5.04,5.05,120.49,0.00,0.00,1.00,0.00,0.00,0.00,-1.00,0,None,0,aggregation
160,166.54,remora8,remora5,15.33,15.33,15.88,15.88,15.59,15.59,15.84,15.84,16.80,16.80,7.46,7.46,8.16,8.16,7.79,7.79,8.11,8.11,9.34,9.34,4.76,4.78,4.80,4.82,4.83,4.85,4.87,4.89,4.91,4.92,5.06,5.07,5.08,5.09,5.10,5.10,5.11,5.12,5.13,5.13,128.78,0.00,0.00,1.00,0.00,0.00,0.00,-1.00,0,None,0,aggregation
160,167.54,remora8,remora5,16.86,16.86,18.55,18.55,18.01,18.01,18.32,18.32,19.92,19.92,9.41,9.41,11.59,11.59,10.90,10.90,11.29,11.29,13.38,13.38,4.94,4.96,4.98,4.99,5.01,5.03,5.04,5.06,5.08,5.09,5.14,5.14,5.15,5.15,5.15,5.16,5.16,5.16,5.17,5.17,142.14,0.00,0.00,1.00,0.00,0.00,0.00,-1.00,0,None,0,aggregation
160,168.54,remora8,remora5,20.13,20.13,21.10,21.10,21.31,21.31,21.89,21.89,16.30,16.30,13.65,13.65,14.93,14.93,15.20,15.20,15.97,15.97,8.70,8.70,5.11,5.12,5.14,5.15,5.16,5.18,5.18,5.17,5.15,5.15,5.17,5.18,5.18,5.18,5.19,5.19,5.19,5.18,5.18,5.19,152.03,0.00,0.00,1.00,0.00,0.00,0.00,-1.00,0,None,0,aggregation
160,169.54,remora8,remora5,4.90,4.90,-23.91,-23.91,-33.20,-33.20,23.26,23.26,0.00,0.00,-5.56,-5.56,-34.37,-34.37,-22.74,-22.74,17.82,17.82,0.00,0.00,5.15,5.15,5.16,5.18,5.30,5.31,5.33,5.33,5.34,5.35,5.19,5.20,5.21,5.23,5.30,5.31,5.33,5.33,5.34,5.35,164.99,0.00,0.00,1.00,1.00,0.00,1.00,-1.00,0,None,0,aggregation
160,170.54,remora8,remora5,30.00,30.00,30.00,30.00,0.00,0.00,29.15,29.15,29.20,29.20,30.00,30.00,30.00,30.00,0.00,0.00,26.64,26.64,26.74,26.74,10.00,10.00,10.00,10.00,10.00,10.00,10.00,10.00,10.00,10.00,10.00,10.00,10.00,10.00,10.00,10.00,10.00,10.00,10.00,10.00,181.13,0.00,0.00,1.00,0.00,0.00,0.00,-1.00,0,None,0,aggregation
160,171.54,remora8,remora5,29.30,29.30,29.40,29.40,29.45,29.45,29.54,29.54,29.62,29.62,26.93,26.93,27.12,27.12,27.22,27.22,27.40,27.40,27.57,27.57,10.00,10.00,10.00,10.00,10.00,10.00,10.00,10.00,10.00,10.00,10.00,10.00,10.00,10.00,10.00,10.00,10.00,10.00,10.00,10.00,192.98,0.00,0.00,1.00,0.00,0.00,0.00,-1.00,0,None,0,aggregation
160,172.54,remora8,remora5,29.66,29.66,29.70,29.70,29.77,29.77,29.83,29.83,29.83,29.83,27.66,27.66,27.74,27.74,27.91,27.91,28.07,28.07,28.07,28.07,10.00,10.00,10.00,10.00,10.00,10.00,10.00,10.00,10.00,10.00,10.00,10.00,10.00,10.00,10.00,10.00,10.00,10.00,10.00,10.00,197.46,0.00,0.00,1.00,0.00,0.00,0.00,-1.00,0,None,0,aggregation
160,173.54,remora8,remora5,29.89,29.89,29.89,29.89,29.92,29.92,29.95,29.95,29.97,29.97,28.22,28.22,28.22,28.22,28.29,28.29,28.37,28.37,28.44,28.44,10.00,10.00,10.00,10.00,10.00,10.00,10.00,10.00,10.00,10.00,10.00,10.00,10.00,10.00,10.00,10.00,10.00,10.00,10.00,10.00,197.60,0.00,0.00,1.00,0.00,0.00,0.00,-1.00,0,None,0,aggregation
160,174.54,remora8,remora5,30.02,30.02,30.02,30.02,30.04,30.04,30.06,30.06,30.06,30.06,28.58,28.58,28.58,28.58,28.65,28.65,28.71,28.71,28.71,28.71,10.00,10.00,10.00,10.00,10.00,10.00,10.00,10.00,10.00,10.00,10.00,10.00,10.00,10.00,10.00,10.00,10.00,10.00,10.00,10.00,209.57,0.00,0.00,1.00,0.00,0.00,0.00,-1.00,0,None,0,aggregation
160,175.54,remora8,remora5,30.10,30.10,30.10,30.10,30.11,30.11,30.13,30.13,30.13,30.13,28.84,28.84,28.84,28.84,28.90,28.90,28.96,28.96,28.96,28.96,10.00,10.00,10.00,10.00,10.00,10.00,10.00,10.00,10.00,10.00,10.00,10.00,10.00,10.00,10.00,10.00,10.00,10.00,10.00,10.00,227.68,0.00,0.00,1.00,0.00,0.00,0.00,-1.00,0,None,0,aggregation
160,176.54,remora8,remora5,30.14,30.14,30.14,30.14,30.15,30.15,30.15,30.15,30.16,30.16,29.02,29.02,29.02,29.02,29.08,29.08,29.08,29.08,29.14,29.14,10.00,10.00,10.00,10.00,10.00,10.00,10.00,10.00,10.00,10.00,10.00,10.00,10.00,10.00,10.00,10.00,10.00,10.00,10.00,10.00,245.26,0.00,0.00,1.00,0.00,0.00,0.00,-1.00,0,None,0,aggregation
160,177.54,remora8,remora5,30.16,30.16,30.16,30.16,30.17,30.17,30.17,30.17,30.17,30.17,29.14,29.14,29.14,29.14,29.19,29.19,29.24,29.24,29.24,29.24,10.00,10.00,10.00,10.00,10.00,10.00,10.00,10.00,10.00,10.00,10.00,10.00,10.00,10.00,10.00,10.00,10.00,10.00,10.00,10.00,260.12,0.00,0.00,1.00,0.00,0.00,0.00,-1.00,0,None,0,aggregation
160,178.54,remora8,remora5,30.17,30.17,30.17,30.17,30.18,30.18,30.18,30.18,30.18,30.18,29.24,29.24,29.24,29.24,29.29,29.29,29.34,29.34,29.34,29.34,10.00,10.00,10.00,10.00,10.00,10.00,10.00,10.00,10.00,10.00,10.00,10.00,10.00,10.00,10.00,10.00,10.00,10.00,10.00,10.00,272.93,0.00,0.00,1.00,0.00,0.00,0.00,-1.00,0,None,0,aggregation
160,179.54,remora8,remora5,30.18,30.18,30.18,30.18,30.18,30.18,30.18,30.18,30.18,30.18,29.34,29.34,29.34,29.34,29.39,29.39,29.39,29.39,29.39,29.39,10.00,10.00,10.00,10.00,10.00,10.00,10.00,10.00,10.00,10.00,10.00,10.00,10.00,10.00,10.00,10.00,10.00,10.00,10.00,10.00,287.12,0.00,0.00,1.00,0.00,0.00,0.00,-1.00,0,None,0,aggregation
160,131.54,remora8,remora3,30.00,30.00,30.00,30.00,30.00,30.00,30.00,30.00,30.00,30.00,30.00,30.00,30.00,30.00,30.00,30.00,30.00,30.00,30.00,30.00,6.64,6.67,6.69,6.72,6.74,6.77,6.79,6.82,6.84,6.86,8.01,8.04,8.07,8.09,8.12,8.15,8.17,8.20,8.23,8.25,278.25,0.00,0.00,1.00,0.00,0.00,0.00,-1.00,0,None,0,aggregation
160,132.54,remora8,remora3,30.00,30.00,30.00,30.00,30.00,30.00,30.00,30.00,30.00,30.00,30.00,30.00,30.00,30.00,30.00,30.00,30.00,30.00,30.00,30.00,6.89,6.91,6.93,6.96,6.98,7.00,7.03,7.05,7.07,7.10,8.28,8.30,8.33,8.36,8.38,8.41,8.44,7.69,7.72,7.74,280.82,0.00,0.00,1.00,0.00,0.00,0.00,-1.00,0,None,0,aggregation
160,133.54,remora8,remora3,30.00,30.00,30.00,30.00,30.00,30.00,30.00,30.00,30.00,30.00,30.00,30.00,30.00,30.00,30.00,30.00,30.00,30.00,30.00,30.00,7.12,7.14,7.16,7.19,7.21,7.23,7.25,7.27,7.29,7.31,7.77,7.79,7.82,7.84,7.86,7.89,7.91,7.94,7.96,7.99,285.77,0.00,0.00,1.00,0.00,0.00,0.00,-1.00,0,None,0,aggregation
160,134.54,remora8,remora3,30.00,30.00,30.00,30.00,30.00,30.00,30.00,30.00,30.00,30.00,30.00,30.00,30.00,30.00,30.00,30.00,30.00,30.00,30.00,30.00,7.33,7.36,7.38,7.40,7.42,7.44,7.45,7.47,7.49,7.51,8.01,8.03,8.06,8.08,8.10,8.13,8.15,8.17,8.20,8.22,291.72,0.00,0.00,1.00,0.00,0.00,0.00,-1.00,0,None,0,aggregation
160,135.54,remora8,remora3,30.00,30.00,30.00,30.00,30.00,30.00,30.00,30.00,30.00,30.00,30.00,30.00,30.00,30.00,30.00,30.00,30.00,30.00,30.00,30.00,7.53,7.55,7.56,7.58,7.60,7.62,7.63,7.65,7.67,7.68,8.24,8.26,8.29,8.31,8.33,8.35,8.38,8.40,8.42,8.44,300.00,0.00,0.00,1.00,0.00,0.00,0.00,-1.00,0,None,0,aggregation
160,136.54,remora8,remora3,30.00,30.00,30.00,30.00,30.00,30.00,30.00,30.00,30.00,30.00,30.00,30.00,30.00,30.00,30.00,30.00,30.00,30.00,30.00,30.00,7.70,7.72,7.62,7.64,7.66,7.69,7.71,7.74,7.76,7.78,8.46,8.49,8.21,8.23,8.25,8.28,8.30,8.32,8.34,8.36,300.00,0.00,0.00,1.00,0.00,0.00,0.00,-1.00,0,None,0,aggregation
160,137.54,remora8,remora3,30.00,30.00,30.00,30.00,30.00,30.00,30.00,30.00,30.00,30.00,30.00,30.00,30.00,30.00,30.00,30.00,30.00,30.00,30.00,30.00,7.81,7.83,7.85,7.88,7.90,7.92,7.93,7.94,7.96,7.97,8.39,8.41,8.43,8.45,8.47,8.49,8.52,8.54,8.56,8.58,300.00,0.00,0.00,1.00,0.00,0.00,0.00,-1.00,0,None,0,aggregation
160,138.54,remora8,remora3,30.00,30.00,30.00,30.00,30.00,30.00,30.00,30.00,30.00,30.00,30.00,30.00,30.00,30.00,30.00,30.00,30.00,30.00,30.00,30.00,7.98,8.00,8.01,8.02,8.03,8.05,8.06,8.07,8.08,8.10,8.60,8.62,8.65,8.67,8.69,8.71,8.73,8.75,8.78,8.18,300.00,0.00,0.00,1.00,0.00,0.00,0.00,-1.00,0,None,0,aggregation
160,227.54,remora8,remora3,16.21,16.21,16.21,17.53,17.53,17.53,18.96,18.96,20.18,20.18,8.58,8.58,8.58,10.27,10.27,10.27,12.12,12.12,13.72,13.72,4.71,4.73,4.75,4.77,4.80,4.82,4.84,4.87,4.90,4.93,7.13,7.13,7.13,7.13,7.13,7.14,7.14,7.14,7.14,7.15,76.75,0.00,0.00,1.00,1.00,0.00,1.00,-1.00,0,None,0,aggregation
160,228.54,remora8,remora3,21.35,21.35,-10.11,-10.11,-9.64,-9.64,19.58,19.58,19.42,19.42,15.26,15.26,5.58,5.58,6.06,6.06,12.93,12.93,12.73,12.73,4.96,4.99,5.01,5.03,5.05,5.06,5.09,5.12,5.15,5.18,7.15,7.15,7.16,7.17,7.18,7.19,7.20,7.21,7.22,7.22,81.73,0.00,0.00,1.00,1.00,0.00,1.00,-1.00,0,None,0,aggregation
160,229.54,remora8,remora3,20.48,20.48,0.00,0.00,30.00,30.00,-9.56,-8.98,-8.98,-8.98,14.11,14.11,0.00,0.00,30.00,30.00,6.13,6.72,6.72,6.72,5.21,5.24,5.27,5.29,5.32,5.36,5.39,5.42,5.44,5.46,7.23,7.24,7.25,7.26,7.27,7.27,7.28,7.29,7.31,7.32,85.29,0.00,0.00,1.00,1.00,0.00,1.00,-1.00,0,None,0,aggregation
160,230.54,remora8,remora3,-7.97,-6.51,-6.51,-5.05,-5.05,-3.69,-3.69,-2.43,-2.43,-2.43,7.72,8.30,8.30,8.78,8.78,9.21,9.21,9.60,9.60,9.60,5.49,5.51,5.53,5.56,5.58,5.61,5.63,5.66,5.69,5.71,7.34,7.35,7.37,7.38,7.39,7.41,7.42,7.43,7.44,7.45,80.76,0.00,0.00,1.00,0.00,0.00,0.00,-1.00,0,None,0,aggregation
160,231.54,remora8,remora3,30.00,30.00,30.00,30.00,30.00,30.00,30.00,30.00,30.00,30.00,30.00,30.00,30.00,30.00,30.00,30.00,30.00,30.00,30.00,30.00,5.74,5.77,5.80,5.81,5.81,5.81,5.81,5.81,5.80,5.76,7.46,7.46,7.46,7.45,7.44,7.43,7.42,7.41,7.40,7.39,104.87,0.00,0.00,1.00,0.00,0.00,0.00,-1.00,0,None,0,aggregation
160,232.54,remora8,remora3,30.00,30.00,30.00,30.00,30.00,30.00,30.00,30.00,30.00,30.00,30.00,30.00,30.00,30.00,30.00,30.00,30.00,30.00,30.00,30.00,5.73,5.69,5.65,5.61,5.57,5.53,5.49,5.45,5.41,5.37,7.38,7.37,7.36,7.35,7.34,7.33,7.32,7.31,7.30,7.28,127.68,0.00,0.00,1.00,0.00,0.00,0.00,-1.00,0,None,0,aggregation
160,233.54,remora8,remora3,30.00,30.00,30.00,30.00,30.00,30.00,0.00,0.00,29.09,29.09,30.00,30.00,30.00,30.00,30.00,30.00,0.00,0.00,26.54,26.54,5.33,5.28,5.24,5.19,5.15,5.10,5.07,5.05,5.02,4.98,7.27,7.26,7.25,7.24,7.23,7.22,7.22,7.22,7.22,7.21,143.72,0.00,0.00,1.00,0.00,0.00,0.00,-1.00,0,None,0,aggregation
160,234.54,remora8,remora3,29.20,29.20,29.30,29.30,29.35,29.35,29.45,29.45,29.54,29.54,26.74,26.74,26.93,26.93,27.03,27.03,27.22,27.22,27.40,27.40,4.93,4.88,4.84,4.79,4.75,4.70,4.65,4.61,4.56,4.51,7.20,7.19,7.18,7.17,7.16,7.15,7.14,7.13,7.13,7.12,163.10,0.00,0.00,1.00,0.00,0.00,0.00,-1.00,0,None,0,aggregation
160,235.54,remora8,remora3,29.62,29.62,29.70,29.70,29.73,29.73,29.80,29.80,29.83,29.83,27.57,27.57,27.74,27.74,27.83,27.83,27.99,27.99,28.07,28.07,4.46,4.42,4.37,4.32,4.28,4.23,4.18,4.14,4.09,4.04,7.11,7.10,7.09,7.08,7.07,7.06,7.05,7.04,7.03,7.02,184.60,0.00,0.00,1.00,0.00,0.00,0.00,-1.00,0,None,0,aggregation
160,236.54,remora8,remora3,29.87,29.87,29.89,29.89,29.92,29.92,29.95,29.95,29.95,29.95,28.14,28.14,28.22,28.22,28.29,28.29,28.37,28.37,28.37,28.37,4.00,3.95,3.91,3.86,3.82,3.77,3.73,3.68,3.64,3.59,7.01,7.00,7.00,6.99,6.98,6.97,6.96,6.95,6.94,6.94,207.15,0.00,0.00,1.00,0.00,0.00,0.00,-1.00,0,None,0,aggregation
160,237.54,remora8,remora3,30.00,30.00,30.00,30.02,30.02,30.02,30.02,30.02,30.02,30.02,28.51,28.51,28.51,28.58,28.58,28.58,28.58,28.58,28.58,28.58,3.55,3.51,3.46,3.42,3.38,3.34,3.29,3.25,3.21,3.17,6.93,6.92,6.91,6.90,6.90,6.89,6.88,6.88,6.87,6.86,222.05,0.00,0.00,1.00,0.00,0.00,0.00,-1.00,0,None,0,aggregation
160,238.54,remora8,remora3,30.02,30.02,30.04,30.04,30.07,30.07,30.11,30.11,30.13,30.13,28.58,28.58,28.65,28.65,28.74,28.74,28.91,28.91,28.99,28.99,3.13,3.09,3.05,3.00,2.96,2.92,2.88,2.84,2.80,2.76,6.86,6.85,6.84,6.84,6.83,6.83,6.82,6.82,6.81,6.81,240.54,0.00,1.00,1.00,0.00,0.00,0.00,-1.00,0,None,0,aggregation
160,239.54,remora8,remora3,30.16,30.16,30.16,30.16,30.18,30.18,30.18,30.18,30.18,30.18,29.15,29.15,29.15,29.15,29.27,29.27,29.38,29.38,29.36,29.36,2.72,2.69,2.65,2.61,2.57,2.53,2.49,2.46,2.42,2.38,6.81,6.80,5.99,5.98,5.97,5.95,5.94,5.93,5.92,5.91,260.28,0.00,1.00,1.00,0.00,0.00,0.00,-1.00,0,None,0,aggregation
160,240.54,remora8,remora3,30.18,30.18,30.18,30.18,30.18,30.18,30.18,30.18,30.18,30.18,29.37,29.37,29.38,29.38,29.37,29.37,29.34,29.34,29.28,29.28,2.35,2.31,2.28,2.24,2.21,2.17,2.14,2.11,2.08,2.05,5.90,5.89,5.88,5.87,5.86,5.85,5.84,5.83,5.82,5.82,287.86,0.00,1.00,1.00,0.00,0.00,0.00,-1.00,0,None,0,aggregation
160,241.54,remora8,remora3,30.17,30.17,30.17,30.17,30.15,30.15,30.13,30.13,30.10,30.10,29.25,29.25,29.22,29.22,29.11,29.11,29.00,29.00,28.86,28.86,2.02,1.99,1.96,1.93,1.91,1.88,1.86,1.83,1.81,1.79,5.81,5.80,5.79,5.79,5.78,5.78,5.77,5.76,5.76,5.76,287.48,0.00,1.00,1.00,0.00,0.00,0.00,-1.00,0,None,0,aggregation
160,242.54,remora8,remora3,30.08,30.08,30.03,30.00,30.00,30.00,29.94,29.94,0.00,0.00,28.77,28.77,28.59,28.50,28.50,28.50,28.33,28.33,0.00,0.00,1.77,1.75,1.73,1.72,1.70,1.69,1.68,1.67,1.67,1.68,5.75,5.75,5.75,5.74,5.74,5.74,5.74,5.74,5.74,5.75,280.89,0.00,1.00,1.00,0.00,0.00,0.00,-1.00,0,None,0,aggregation
160,243.54,remora8,remora3,0.00,0.00,0.00,0.00,0.00,0.00,0.00,0.00,0.00,0.00,0.00,0.00,0.00,0.00,0.00,0.00,0.00,0.00,0.00,0.00,1.69,1.71,1.73,1.74,1.75,1.74,1.73,1.73,1.72,1.71,6.61,6.62,6.63,6.63,6.64,6.64,6.64,6.64,6.64,6.65,257.33,0.00,1.00,1.00,0.00,0.00,0.00,-1.00,0,None,0,aggregation
160,244.54,remora8,remora3,0.00,0.00,0.00,0.00,0.00,0.00,0.00,0.00,0.00,0.00,0.00,0.00,0.00,0.00,0.00,0.00,0.00,0.00,0.00,0.00,1.70,1.69,1.70,1.73,1.74,1.74,1.73,1.72,1.71,1.71,6.65,6.65,6.65,6.66,6.67,6.67,6.67,6.68,6.68,6.68,229.11,0.00,1.00,1.00,0.00,0.00,0.00,-1.00,0,None,0,aggregation
160,245.54,remora8,remora3,0.00,0.00,0.00,0.00,0.00,0.00,0.00,0.00,0.00,0.00,0.00,0.00,0.00,0.00,0.00,0.00,0.00,0.00,0.00,0.00,1.70,1.69,1.69,1.71,1.73,1.73,1.72,1.72,1.71,1.71,6.68,6.69,6.69,6.70,6.70,6.71,6.71,6.72,6.72,6.73,200.33,0.00,1.00,1.00,0.00,0.00,0.00,-1.00,0,None,0,aggregation
160,246.54,remora8,remora3,0.00,0.00,0.00,0.00,0.00,0.00,0.00,0.00,0.00,0.00,0.00,0.00,0.00,0.00,0.00,0.00,0.00,0.00,0.00,0.00,1.71,1.73,1.74,1.74,1.74,1.74,1.73,1.73,1.74,1.75,6.73,6.74,6.75,6.76,6.77,6.77,6.78,6.78,6.78,6.79,171.23,0.00,1.00,1.00,0.00,0.00,0.00,-1.00,0,None,0,aggregation
160,247.54,remora8,remora3,0.00,0.00,0.00,0.00,0.00,0.00,0.00,0.00,0.00,0.00,0.00,0.00,0.00,0.00,0.00,0.00,0.00,0.00,0.00,0.00,1.76,1.77,1.78,1.79,1.81,1.82,1.83,1.85,1.86,1.88,6.80,6.81,6.81,6.82,6.83,6.21,6.22,6.22,6.23,6.23,141.94,0.00,1.00,1.00,0.00,0.00,0.00,-1.00,0,None,0,aggregation
160,248.54,remora8,remora3,0.00,0.00,0.00,0.00,0.00,0.00,0.00,0.00,0.00,0.00,0.00,0.00,0.00,0.00,0.00,0.00,0.00,0.00,0.00,0.00,1.89,1.89,1.88,1.88,1.88,1.90,1.91,1.92,1.93,1.94,6.24,6.24,6.25,6.26,6.26,6.27,6.27,6.28,6.28,6.29,112.52,0.00,1.00,1.00,0.00,0.00,0.00,-1.00,0,None,0,aggregation
160,249.54,remora8,remora3,0.00,0.00,0.00,0.00,0.00,0.00,0.00,0.00,0.00,0.00,0.00,0.00,0.00,0.00,0.00,0.00,0.00,0.00,0.00,0.00,1.96,1.97,1.98,2.00,2.01,2.03,2.03,2.03,2.04,2.05,6.29,6.30,6.30,6.30,6.31,6.31,6.32,6.32,6.32,6.32,82.80,0.00,1.00,1.00,0.00,0.00,0.00,-1.00,0,None,0,aggregation
160,250.54,remora8,remora3,0.00,0.00,0.00,0.00,0.00,0.00,0.00,0.00,0.00,0.00,0.00,0.00,0.00,0.00,0.00,0.00,0.00,0.00,0.00,0.00,2.07,2.08,2.09,2.09,2.09,2.09,2.08,2.08,2.08,2.09,6.33,6.34,6.35,6.35,6.36,6.36,6.36,6.36,6.36,6.37,53.03,0.00,1.00,1.00,0.00,0.00,0.00,-1.00,0,None,0,aggregation
160,251.54,remora8,remora3,0.00,0.00,0.00,0.00,0.00,0.00,0.00,0.00,0.00,0.00,0.00,0.00,0.00,0.00,0.00,0.00,0.00,0.00,0.00,0.00,2.10,2.11,2.11,2.12,2.13,2.14,2.15,2.16,2.17,2.18,6.37,6.37,6.38,6.38,6.38,6.38,6.39,6.40,6.41,6.42,23.42,0.00,1.00,0.00,0.00,0.00,0.00,-1.00,0,None,0,aggregation
160,252.54,remora8,remora3,0.00,0.00,0.00,0.00,0.00,0.00,0.00,0.00,0.00,0.00,0.00,0.00,0.00,0.00,0.00,0.00,0.00,0.00,0.00,0.00,2.19,2.20,2.22,2.23,2.24,2.26,2.26,2.26,2.26,2.26,6.42,6.43,6.43,6.44,6.44,6.45,6.45,6.45,6.45,6.45,0.00,0.00,1.00,0.00,0.00,0.00,0.00,-1.00,0,None,0,aggregation
160,253.54,remora8,remora3,0.00,0.00,0.00,0.00,0.00,0.00,0.00,0.00,0.00,0.00,0.00,0.00,0.00,0.00,0.00,0.00,0.00,0.00,0.00,0.00,2.25,2.25,2.25,2.26,2.26,2.27,2.28,2.28,2.29,2.30,6.45,6.45,6.46,6.46,6.47,6.47,6.47,6.47,6.48,6.48,0.00,0.00,1.00,0.00,0.00,0.00,0.00,-1.00,0,None,0,aggregation
160,254.54,remora8,remora3,0.00,0.00,0.00,0.00,0.00,0.00,0.00,0.00,0.00,0.00,0.00,0.00,0.00,0.00,0.00,0.00,0.00,0.00,0.00,0.00,2.30,2.31,2.32,2.32,2.31,2.31,2.31,2.32,2.32,2.33,6.49,6.50,6.50,6.50,6.50,6.50,6.51,6.51,6.51,6.51,0.00,0.00,1.00,0.00,0.00,0.00,0.00,-1.00,0,None,0,aggregation
160,255.54,remora8,remora3,0.00,0.00,0.00,0.00,0.00,0.00,0.00,0.00,0.00,0.00,0.00,0.00,0.00,0.00,0.00,0.00,0.00,0.00,0.00,0.00,2.33,2.34,2.35,2.35,2.36,2.35,2.35,2.35,2.35,2.35,6.52,6.52,6.52,6.53,6.53,6.53,6.53,6.52,6.53,6.53,0.00,0.00,1.00,0.00,0.00,0.00,0.00,-1.00,0,None,0,aggregation
160,256.54,remora8,remora3,0.00,0.00,0.00,0.00,0.00,0.00,0.00,0.00,0.00,0.00,0.00,0.00,0.00,0.00,0.00,0.00,0.00,0.00,0.00,0.00,2.36,2.36,2.37,2.37,2.38,2.39,2.39,2.39,2.39,2.40,6.53,6.53,6.54,6.54,6.54,6.54,6.53,6.53,6.53,6.53,0.00,0.00,1.00,0.00,0.00,0.00,0.00,-1.00,0,None,0,aggregation
160,257.54,remora8,remora3,0.00,0.00,0.00,0.00,0.00,0.00,0.00,0.00,0.00,0.00,0.00,0.00,0.00,0.00,0.00,0.00,0.00,0.00,0.00,0.00,2.40,2.41,2.42,2.41,2.41,2.41,2.41,2.41,2.41,2.42,6.53,6.53,6.53,6.52,6.52,6.52,6.52,6.52,6.52,6.52,0.00,0.00,1.00,0.00,0.00,0.00,0.00,-1.00,0,None,0,aggregation
160,258.54,remora8,remora3,0.00,0.00,0.00,0.00,0.00,0.00,0.00,0.00,0.00,0.00,0.00,0.00,0.00,0.00,0.00,0.00,0.00,0.00,0.00,0.00,2.42,2.43,2.43,2.43,2.43,2.42,2.42,2.43,2.43,2.43,6.52,6.52,6.52,6.52,6.51,6.51,6.51,6.51,6.51,6.51,0.00,0.00,1.00,0.00,0.00,0.00,0.00,-1.00,0,None,0,aggregation
160,259.54,remora8,remora3,0.00,0.00,0.00,0.00,0.00,0.00,0.00,0.00,0.00,0.00,0.00,0.00,0.00,0.00,0.00,0.00,0.00,0.00,0.00,0.00,2.44,2.44,2.45,2.45,2.46,2.47,2.48,2.47,2.47,2.46,6.51,6.51,6.51,6.51,6.51,6.51,6.51,6.51,6.50,6.50,0.00,0.00,1.00,0.00,0.00,0.00,0.00,-1.00,0,None,0,aggregation
160,260.54,remora8,remora3,0.00,0.00,0.00,0.00,0.00,0.00,0.00,0.00,0.00,0.00,0.00,0.00,0.00,0.00,0.00,0.00,0.00,0.00,0.00,0.00,2.46,2.47,2.48,2.48,2.49,2.50,2.50,2.49,2.49,2.49,6.50,6.50,6.50,6.49,6.49,6.49,6.49,6.48,6.48,6.47,0.00,0.00,1.00,0.00,0.00,0.00,0.00,-1.00,0,None,0,aggregation
160,261.54,remora8,remora3,0.00,0.00,0.00,0.00,0.00,0.00,0.00,0.00,0.00,0.00,0.00,0.00,0.00,0.00,0.00,0.00,0.00,0.00,0.00,0.00,2.49,2.49,2.49,2.50,2.50,2.51,2.52,2.52,2.53,2.52,6.47,6.47,6.46,6.46,6.45,6.45,6.45,6.45,6.44,6.44,0.00,0.00,1.00,0.00,0.00,0.00,0.00,-1.00,0,None,0,aggregation
160,262.54,remora8,remora3,0.00,0.00,0.00,0.00,0.00,0.00,0.00,0.00,0.00,0.00,0.00,0.00,0.00,0.00,0.00,0.00,0.00,0.00,0.00,0.00,2.52,2.52,2.51,2.52,2.52,2.53,2.54,2.54,2.55,2.56,6.43,6.42,6.42,6.41,6.41,6.40,6.40,6.39,6.39,6.39,0.00,0.00,1.00,0.00,0.00,0.00,0.00,-1.00,0,None,0,aggregation
160,263.54,remora8,remora3,0.00,0.00,-34.29,-34.29,-33.96,-33.96,-33.39,-33.39,-32.68,-31.93,0.00,0.00,-23.83,-23.83,-23.50,-23.50,-22.92,-22.92,-22.22,-21.46,2.56,2.56,2.56,2.58,2.61,2.64,2.67,2.69,2.72,2.75,6.38,6.38,6.38,6.40,6.42,6.44,6.46,6.48,6.49,6.52,22.60,0.00,1.00,0.00,0.00,0.00,0.00,-1.00,0,None,0,aggregation
160,264.54,remora8,remora3,-31.93,-31.93,-30.95,-29.93,-29.93,-29.93,-28.88,-28.88,-27.66,-27.66,-21.46,-21.46,-20.49,-19.46,-19.46,-19.46,-18.42,-18.42,-17.20,-17.20,2.78,2.81,2.84,2.86,2.88,2.90,2.93,2.96,2.98,2.99,6.54,6.56,6.58,6.59,6.61,6.62,6.64,6.66,6.67,6.68,47.14,0.00,1.00,1.00,0.00,0.00,0.00,-1.00,0,None,0,aggregation
160,265.54,remora8,remora3,-26.27,-26.27,-24.96,-24.96,-23.50,-23.50,-22.12,-22.12,-20.42,-20.42,-15.80,-15.80,-14.49,-14.49,-13.03,-13.03,-11.66,-11.66,-9.96,-9.96,3.00,3.01,3.03,3.04,3.06,3.08,3.09,3.11,3.12,3.14,6.69,6.70,6.71,6.72,6.73,6.74,6.75,6.76,6.77,6.77,65.36,0.00,0.00,1.00,0.00,0.00,0.00,-1.00,0,None,0,aggregation
160,266.54,remora8,remora3,-18.69,-18.69,-17.04,-17.04,-15.30,-15.30,-13.52,-13.52,-11.63,-11.63,-8.22,-8.22,-6.58,-6.58,-4.84,-4.84,-3.06,-3.06,-1.16,-1.16,3.15,3.17,3.18,3.18,3.18,3.18,3.19,3.20,3.20,3.21,6.78,6.79,6.79,6.79,6.79,6.79,6.79,6.79,6.78,6.78,75.37,0.00,0.00,1.00,0.00,0.00,0.00,-1.00,0,None,0,aggregation
160,267.54,remora8,remora3,-9.58,-9.58,-7.64,-7.64,-5.64,-5.64,-3.34,-3.34,-1.15,-1.15,0.89,0.89,2.82,2.82,4.82,4.82,6.75,6.75,8.50,8.50,3.22,3.23,3.23,3.23,3.23,3.23,3.23,3.23,3.24,3.24,6.78,6.78,6.78,6.77,6.77,6.76,6.75,6.75,6.74,6.74,77.87,0.00,0.00,1.00,0.00,0.00,0.00,-1.00,0,None,0,aggregation
160,268.54,remora8,remora3,1.13,1.13,3.06,3.06,5.15,5.15,7.00,7.00,8.97,8.97,10.32,10.32,11.85,11.85,13.51,13.51,14.97,14.97,16.51,16.51,3.25,3.26,3.27,3.28,3.29,3.30,3.31,3.31,3.31,3.31,6.73,6.73,6.73,6.73,6.74,6.74,6.74,6.74,6.74,6.74,87.12,0.00,0.00,1.00,0.00,0.00,0.00,-1.00,0,None,0,aggregation
160,269.54,remora8,remora3,10.71,10.71,12.33,12.33,13.75,13.75,15.14,16.64,16.64,17.71,17.87,17.87,19.12,19.12,20.21,20.21,21.26,22.39,22.39,23.18,3.32,3.33,3.35,3.36,3.37,3.38,3.39,3.39,3.41,3.42,6.74,6.75,6.75,6.75,6.75,7.40,7.39,7.39,7.38,7.38,104.29,0.00,0.00,1.00,0.00,0.00,0.00,-1.00,0,None,0,aggregation
160,270.54,remora8,remora3,17.71,17.71,18.89,18.89,19.97,19.97,20.90,20.90,21.80,21.80,23.18,23.18,24.04,24.04,24.82,24.82,25.48,25.48,26.10,26.10,3.44,3.46,3.48,3.50,3.52,3.55,3.57,3.60,3.62,3.64,7.38,6.72,6.71,6.71,6.70,6.70,6.69,6.69,6.69,6.68,126.58,0.00,0.00,1.00,0.00,0.00,0.00,-1.00,0,None,0,aggregation
160,271.54,remora8,remora3,22.57,22.57,23.27,23.27,23.92,23.92,24.50,24.50,25.04,25.04,26.63,26.63,27.09,27.09,27.52,27.52,27.89,27.89,28.23,28.23,3.65,3.67,3.69,3.71,3.74,3.77,3.80,3.83,3.85,3.87,6.68,6.67,6.67,6.67,6.67,6.67,6.67,6.67,6.67,6.67,152.24,0.00,0.00,1.00,0.00,0.00,0.00,-1.00,0,None,0,aggregation
160,272.54,remora8,remora3,25.55,25.55,26.01,26.01,26.44,26.44,26.73,26.73,27.05,27.05,28.54,28.54,28.80,28.80,29.04,29.04,29.20,29.20,29.36,29.36,3.89,3.91,3.94,3.97,3.99,4.02,4.05,4.08,4.12,4.15,6.67,6.67,6.67,6.68,6.68,6.68,6.69,6.69,6.70,6.70,179.91,0.00,0.00,1.00,0.00,0.00,0.00,-1.00,0,None,0,aggregation
160,273.54,remora8,remora3,27.29,27.29,27.64,27.64,27.83,28.01,28.01,28.01,28.24,28.24,29.49,29.49,29.65,29.65,29.73,29.81,29.81,29.81,29.90,29.90,4.18,4.22,4.25,4.27,4.29,4.31,4.34,4.37,4.40,4.43,6.71,6.72,6.72,6.73,6.73,6.73,6.74,6.75,6.76,6.76,186.08,0.00,0.00,1.00,0.00,0.00,0.00,-1.00,0,None,0,aggregation
160,274.54,remora8,remora3,28.38,28.38,28.53,28.53,28.66,28.66,28.78,28.78,28.93,28.93,29.96,29.96,30.00,30.00,30.05,30.05,30.08,30.08,30.12,30.12,4.47,4.50,4.53,4.57,4.60,4.64,4.67,4.69,4.72,4.74,6.77,6.78,6.79,6.80,6.81,6.82,6.83,6.83,6.84,6.85,190.90,0.00,0.00,1.00,0.00,0.00,0.00,-1.00,0,None,0,aggregation
160,275.54,remora8,remora3,29.09,29.09,29.16,29.16,29.30,29.30,29.45,29.45,29.46,29.46,30.15,30.15,30.16,30.16,30.18,30.18,30.19,30.19,30.19,30.19,4.77,4.80,4.83,4.87,4.90,4.94,4.97,5.01,5.04,5.06,6.86,6.87,6.88,6.89,6.90,6.91,6.92,6.93,6.94,6.95,202.41,0.00,0.00,1.00,0.00,0.00,0.00,-1.00,0,None,0,aggregation
160,276.54,remora8,remora3,29.62,29.98,29.98,29.98,29.98,29.98,0.00,0.00,30.00,30.00,30.17,30.02,30.02,30.02,30.02,30.02,0.00,0.00,30.00,30.00,5.09,5.11,5.14,5.17,5.21,5.24,5.26,5.26,5.28,5.32,6.96,6.97,6.98,6.99,7.00,7.01,7.01,7.00,7.00,7.01,216.39,0.00,0.00,1.00,0.00,0.00,0.00,-1.00,0,None,0,aggregation
160,277.54,remora8,remora3,30.00,30.00,30.00,30.00,30.00,30.00,30.00,30.00,30.00,30.00,30.00,30.00,30.00,30.00,30.00,30.00,30.00,30.00,30.00,30.00,5.35,5.37,5.40,5.44,5.48,5.51,5.55,5.57,5.57,5.57,7.03,7.03,7.05,7.06,7.07,7.08,7.10,7.11,7.12,7.13,243.88,0.00,0.00,1.00,0.00,0.00,0.00,-1.00,0,None,0,aggregation
160,278.54,remora8,remora3,30.00,30.00,30.00,30.00,30.00,30.00,30.00,30.00,30.00,30.00,30.00,30.00,30.00,30.00,30.00,30.00,30.00,30.00,30.00,30.00,5.56,5.56,5.56,5.55,5.55,5.55,5.54,5.54,5.54,5.53,7.14,7.15,7.16,7.17,7.19,7.20,7.21,7.22,7.23,7.24,264.63,0.00,0.00,1.00,0.00,0.00,0.00,-1.00,0,None,0,aggregation
160,279.54,remora8,remora3,30.00,30.00,30.00,30.00,30.00,30.00,30.00,30.00,30.00,30.00,30.00,30.00,30.00,30.00,30.00,30.00,30.00,30.00,30.00,30.00,5.53,5.53,5.52,5.52,5.52,5.51,5.51,5.51,5.51,5.50,7.25,7.27,7.28,7.29,7.30,7.32,7.33,7.34,7.36,7.37,277.47,0.00,0.00,1.00,0.00,0.00,0.00,-1.00,0,None,0,aggregation
160,280.54,remora8,remora3,30.00,30.00,30.00,30.00,30.00,30.00,30.00,30.00,30.00,30.00,30.00,30.00,30.00,30.00,30.00,30.00,30.00,30.00,30.00,30.00,5.50,5.50,5.49,5.49,5.49,5.48,5.48,5.48,5.48,5.47,7.38,7.39,7.40,7.41,7.42,7.43,7.45,7.47,7.48,7.50,285.18,0.00,0.00,1.00,0.00,0.00,0.00,-1.00,0,None,0,aggregation
160,281.54,remora8,remora3,30.00,30.00,30.00,30.00,30.00,30.00,30.00,30.00,30.00,30.00,30.00,30.00,30.00,30.00,30.00,30.00,30.00,30.00,30.00,30.00,5.47,5.47,5.46,5.46,5.46,5.45,5.45,5.45,5.44,5.44,7.52,7.53,7.54,7.54,7.55,7.57,7.58,7.59,6.80,6.81,289.51,0.00,0.00,1.00,0.00,0.00,0.00,-1.00,0,None,0,aggregation
160,282.54,remora8,remora3,30.00,30.00,30.00,30.00,30.00,30.00,30.00,30.00,30.00,30.00,30.00,30.00,30.00,30.00,30.00,30.00,30.00,30.00,30.00,30.00,5.44,5.44,5.43,5.43,5.43,5.42,5.42,5.42,5.41,5.41,6.81,6.82,6.82,6.83,6.84,6.85,6.86,6.86,6.86,6.87,291.84,0.00,0.00,1.00,0.00,0.00,0.00,-1.00,0,None,0,aggregation
160,283.54,remora8,remora3,30.00,30.00,30.00,30.00,30.00,30.00,30.00,30.00,30.00,30.00,30.00,30.00,30.00,30.00,30.00,30.00,30.00,30.00,30.00,30.00,5.40,5.40,5.40,5.39,5.39,5.39,5.38,5.38,5.37,5.37,6.87,6.88,6.89,6.90,6.91,6.92,6.92,6.93,6.93,6.94,293.07,0.00,0.00,1.00,0.00,0.00,0.00,-1.00,0,None,0,aggregation
160,284.54,remora8,remora3,30.00,30.00,30.00,30.00,30.00,30.00,30.00,30.00,30.00,30.00,30.00,30.00,30.00,30.00,30.00,30.00,30.00,30.00,30.00,30.00,5.37,5.36,5.36,5.36,5.35,5.35,5.34,5.34,5.34,5.33,6.95,6.96,6.97,6.97,6.98,6.98,6.99,6.99,7.00,7.01,293.72,0.00,0.00,1.00,0.00,0.00,0.00,-1.00,0,None,0,aggregation
160,285.54,remora8,remora3,30.00,30.00,30.00,30.00,30.00,30.00,30.00,30.00,30.00,30.00,30.00,30.00,30.00,30.00,30.00,30.00,30.00,30.00,30.00,30.00,5.33,5.33,5.32,5.32,5.31,5.31,5.31,5.30,5.30,5.30,7.02,7.03,7.04,7.05,7.05,7.06,7.06,7.07,7.07,7.08,293.99,0.00,0.00,1.00,0.00,0.00,0.00,-1.00,0,None,0,aggregation
160,286.54,remora8,remora3,30.00,30.00,30.00,30.00,30.00,30.00,30.00,30.00,30.00,30.00,30.00,30.00,30.00,30.00,30.00,30.00,30.00,30.00,30.00,30.00,5.29,5.29,5.29,5.28,5.28,5.28,5.27,5.27,5.27,5.26,7.09,7.10,7.11,7.12,7.13,7.13,7.14,7.14,7.15,7.16,300.00,0.00,0.00,1.00,0.00,0.00,0.00,-1.00,0,None,0,aggregation
160,287.54,remora8,remora3,30.00,30.00,30.00,30.00,30.00,30.00,30.00,30.00,30.00,30.00,30.00,30.00,30.00,30.00,30.00,30.00,30.00,30.00,30.00,30.00,5.26,5.26,5.25,5.25,5.25,5.25,5.24,5.24,5.24,5.23,7.17,7.18,7.19,7.20,7.20,7.21,7.21,7.22,7.23,7.25,300.00,0.00,0.00,1.00,0.00,0.00,0.00,-1.00,0,None,0,aggregation
160,288.54,remora8,remora3,30.00,30.00,30.00,30.00,30.00,30.00,30.00,30.00,30.00,30.00,30.00,30.00,30.00,30.00,30.00,30.00,30.00,30.00,30.00,30.00,5.23,5.23,5.23,5.22,5.22,5.22,5.22,5.22,5.21,5.21,7.26,7.27,7.28,7.29,7.30,7.31,7.31,7.32,7.33,7.34,300.00,0.00,0.00,1.00,0.00,0.00,0.00,-1.00,0,None,0,aggregation
160,289.54,remora8,remora3,30.00,30.00,30.00,30.00,30.00,30.00,30.00,30.00,0.00,0.00,30.00,30.00,30.00,30.00,30.00,30.00,30.00,30.00,0.00,0.00,5.21,5.21,5.21,5.21,5.20,5.20,5.20,5.20,5.19,5.17,7.35,7.36,7.37,7.38,7.39,7.40,7.41,7.42,7.42,7.41,294.00,0.00,0.00,1.00,0.00,0.00,0.00,-1.00,0,None,0,aggregation
160,290.54,remora8,remora3,-11.02,-11.02,-9.40,-9.40,-7.35,-5.03,-5.03,-2.63,-2.63,-2.63,-21.48,-21.48,-19.87,-19.87,-17.82,-15.49,-15.49,-13.10,-13.10,-13.10,5.15,5.13,5.11,5.08,5.06,5.04,5.02,5.00,4.98,4.97,7.39,7.37,7.34,7.32,7.29,7.27,7.25,7.24,7.22,7.21,275.85,0.00,0.00,1.00,0.00,0.00,0.00,-1.00,0,None,0,aggregation
160,291.54,remora8,remora3,-0.39,-0.39,2.10,2.10,4.60,4.60,6.72,6.72,8.76,8.76,-10.85,-10.85,-8.37,-8.37,-5.86,-5.86,-3.37,-3.37,-0.82,-0.82,4.95,4.93,4.92,4.91,4.89,4.88,4.87,4.86,4.84,4.83,7.19,7.18,7.16,7.15,7.13,7.13,7.12,7.11,7.10,7.09,248.85,0.00,0.00,1.00,0.00,0.00,0.00,-1.00,0,None,0,aggregation
160,292.54,remora8,remora3,10.59,10.59,12.39,12.39,14.16,14.16,15.53,17.20,17.20,17.20,1.47,1.47,3.74,3.74,5.97,5.97,7.72,9.85,9.85,9.85,4.82,4.81,4.80,4.79,4.78,4.77,4.76,4.74,4.73,4.72,7.09,7.08,7.08,7.07,7.07,7.06,7.06,7.06,7.05,7.05,228.91,0.00,0.00,1.00,0.00,0.00,0.00,-1.00,0,None,0,aggregation
160,293.54,remora8,remora3,18.49,18.49,19.42,19.42,20.63,20.63,21.49,21.49,22.33,22.33,11.51,11.51,12.73,12.73,14.30,14.30,15.45,15.45,16.56,16.56,4.71,4.70,4.68,4.67,4.66,4.65,4.63,4.62,4.61,4.59,7.04,7.04,7.03,7.03,7.03,7.03,7.03,7.03,7.02,7.02,216.20,0.00,0.00,1.00,0.00,0.00,0.00,-1.00,0,None,0,aggregation
160,294.54,remora8,remora3,23.13,23.13,23.89,23.89,24.62,24.62,25.08,25.08,25.64,25.64,17.64,17.64,18.68,18.68,19.69,19.69,20.34,20.34,21.12,21.12,4.58,4.56,4.55,4.53,4.52,4.50,4.49,4.47,4.45,4.44,7.02,7.02,7.01,7.00,7.00,7.00,7.00,6.99,6.99,6.99,208.18,0.00,0.00,1.00,0.00,0.00,0.00,-1.00,0,None,0,aggregation
160,295.54,remora8,remora3,26.16,26.16,26.56,26.56,26.85,26.85,27.21,27.21,27.56,27.56,21.88,21.88,22.47,22.47,22.89,22.89,23.45,23.45,23.98,23.98,4.42,4.40,4.39,4.37,4.35,4.33,4.32,4.30,4.28,4.26,6.99,6.98,6.98,6.97,6.96,6.96,6.96,6.96,6.95,6.95,203.08,0.00,0.00,1.00,0.00,0.00,0.00,-1.00,0,None,0,aggregation
160,296.54,remora8,remora3,27.81,27.81,28.04,28.04,28.34,28.34,28.48,28.48,28.74,28.74,24.36,24.36,24.74,24.74,25.22,25.22,25.45,25.45,25.90,25.90,4.25,4.23,4.21,4.19,4.18,4.16,4.14,4.13,4.11,4.10,6.95,6.95,6.95,6.94,6.93,6.93,6.93,6.92,6.92,6.92,199.79,0.00,0.00,1.00,0.00,0.00,0.00,-1.00,0,None,0,aggregation
160,297.54,remora8,remora3,28.86,28.86,29.09,29.09,29.20,29.20,29.35,29.35,29.49,29.49,26.12,26.12,26.54,26.54,26.74,26.74,27.03,27.03,27.31,27.31,4.08,4.06,4.05,4.03,4.02,4.00,3.99,3.98,3.96,3.95,6.92,6.92,6.92,6.92,6.91,6.91,6.91,6.91,6.91,6.91,197.76,0.00,0.00,1.00,0.00,0.00,0.00,-1.00,0,None,0,aggregation
160,298.54,remora8,remora3,29.58,29.66,29.66,29.66,29.73,29.73,29.83,29.83,29.89,29.89,27.49,27.66,27.66,27.66,27.83,27.83,28.07,28.07,28.22,28.22,3.94,3.92,3.91,3.90,3.89,3.88,3.86,3.85,3.84,3.83,6.91,6.91,6.91,6.91,6.91,6.91,6.91,6.91,6.91,6.91,196.57,0.00,0.00,1.00,0.00,0.00,0.00,-1.00,0,None,0,aggregation
160,299.54,remora8,remora3,29.95,29.95,30.00,30.00,30.02,30.02,30.06,30.06,30.08,30.08,28.37,28.37,28.51,28.51,28.58,28.58,28.71,28.71,28.78,28.78,3.82,3.81,3.80,3.79,3.78,3.77,3.76,3.76,3.75,3.74,6.92,6.92,6.92,6.93,5.39,5.40,6.93,6.93,6.93,6.94,201.88,0.00,0.00,1.00,0.00,0.00,0.00,-1.00,0,None,0,aggregation
160,300.54,remora8,remora3,30.11,30.11,30.14,30.14,30.14,30.16,30.16,30.16,30.17,30.17,28.90,28.90,29.02,29.02,29.02,29.14,29.14,29.14,29.19,29.19,3.73,3.72,3.72,3.71,3.70,3.70,3.69,3.68,3.68,3.67,6.94,6.94,6.95,5.43,5.43,5.44,5.44,5.45,5.45,5.46,219.63,0.00,0.00,1.00,0.00,0.00,0.00,-1.00,0,None,0,aggregation
160,301.54,remora8,remora3,30.17,30.17,30.18,30.18,30.18,30.18,30.18,30.18,30.19,30.19,29.24,29.24,29.34,29.34,29.34,29.34,29.34,29.34,29.44,29.44,3.67,3.66,3.66,3.65,3.65,3.64,3.64,3.63,3.63,3.62,5.47,5.47,5.48,5.49,5.50,5.50,5.51,5.52,5.53,5.54,246.39,0.00,0.00,1.00,0.00,0.00,0.00,-1.00,0,None,0,aggregation
160,302.54,remora8,remora3,30.19,30.19,30.19,30.19,30.18,30.18,30.18,30.18,30.18,30.18,29.44,29.44,29.44,29.44,29.53,29.53,29.53,29.53,29.53,29.53,3.62,3.62,3.61,3.61,3.61,3.60,3.60,3.60,3.59,3.59,5.55,5.56,5.57,5.58,5.59,5.60,5.61,5.62,5.63,5.64,266.18,0.00,0.00,1.00,0.00,0.00,0.00,-1.00,0,None,0,aggregation
160,303.54,remora8,remora3,30.18,30.18,30.18,30.18,30.18,30.18,30.18,30.18,30.17,30.17,29.53,29.53,29.53,29.53,29.57,29.57,29.57,29.57,29.62,29.62,3.59,3.59,3.58,3.58,3.58,3.58,3.57,3.57,3.57,3.57,5.65,5.66,5.67,5.68,5.69,5.70,5.71,5.73,5.74,5.75,278.76,0.00,0.00,1.00,0.00,0.00,0.00,-1.00,0,None,0,aggregation
160,304.54,remora8,remora3,30.17,30.17,30.17,30.17,30.17,30.17,30.17,30.17,30.17,30.18,29.62,29.62,29.62,29.62,29.62,29.62,29.62,29.62,29.62,29.57,3.57,3.56,3.56,3.56,3.56,3.56,3.56,3.55,3.55,3.55,5.76,5.77,5.79,5.80,5.81,5.82,5.84,5.85,5.86,5.87,286.67,0.00,0.00,1.00,0.00,0.00,0.00,-1.00,0,None,0,aggregation
160,305.54,remora8,remora3,30.18,30.18,30.18,30.18,30.18,30.18,30.18,30.18,30.18,30.18,29.57,29.57,29.57,29.57,29.57,29.57,29.57,29.57,29.53,29.53,3.55,3.55,3.55,3.55,3.55,3.54,3.54,3.54,3.54,3.54,5.89,5.90,5.91,5.92,5.94,5.95,5.96,5.98,5.99,6.00,291.64,0.00,0.00,1.00,0.00,0.00,0.00,-1.00,0,None,0,aggregation
160,306.54,remora8,remora3,30.18,30.18,30.18,30.18,30.18,30.18,30.18,30.18,30.18,30.18,29.53,29.53,29.53,29.53,29.53,29.53,29.53,29.53,29.53,29.53,3.54,3.54,3.54,3.54,3.53,3.53,3.53,3.53,3.53,3.53,6.01,6.01,6.01,6.01,6.01,6.00,6.00,6.00,6.00,6.00,294.79,0.00,0.00,1.00,0.00,0.00,0.00,-1.00,0,None,0,aggregation
160,307.54,remora8,remora3,30.18,30.18,30.18,30.17,30.17,30.17,30.16,30.16,30.13,30.13,29.53,29.53,29.59,29.67,29.67,29.67,29.69,29.69,29.78,29.78,3.53,3.53,3.53,3.53,3.53,3.52,3.52,3.52,3.52,3.52,6.00,6.00,6.00,6.00,6.00,6.00,5.99,5.99,5.99,5.99,296.73,0.00,0.00,1.00,0.00,0.00,0.00,-1.00,0,None,0,aggregation
160,308.54,remora8,remora3,30.10,30.10,30.07,30.07,30.08,30.08,30.03,30.03,30.00,30.00,29.86,29.86,29.91,29.91,29.90,29.90,29.97,29.97,30.00,30.00,3.52,3.52,3.52,3.52,3.52,3.52,3.52,3.52,3.51,3.51,5.99,5.99,5.99,5.99,5.99,5.99,5.99,5.99,5.99,5.99,297.91,0.00,0.00,1.00,0.00,0.00,0.00,-1.00,0,None,0,aggregation
160,309.54,remora8,remora3,29.94,29.94,29.95,29.95,29.90,29.90,29.86,29.86,29.80,29.80,30.05,30.05,30.05,30.05,30.08,30.08,30.10,30.10,30.13,30.13,3.51,3.51,3.51,3.51,3.51,3.51,3.51,3.51,3.51,3.51,5.99,5.99,5.99,5.99,5.99,5.99,5.99,5.99,5.99,5.99,298.59,0.00,0.00,1.00,0.00,0.00,0.00,-1.00,0,None,0,aggregation
160,310.54,remora8,remora3,29.79,29.79,29.76,29.76,29.73,29.73,29.69,29.69,29.68,29.68,30.13,30.13,30.14,30.14,30.15,30.15,30.16,30.16,30.16,30.16,3.51,3.51,3.51,3.51,3.51,3.51,3.51,3.51,3.51,3.51,5.99,5.99,5.99,5.99,5.99,5.99,5.99,5.99,5.99,5.99,298.92,0.00,0.00,1.00,0.00,0.00,0.00,-1.00,0,None,0,aggregation
160,311.54,remora8,remora3,29.65,29.65,29.61,29.61,29.61,29.61,29.56,29.56,29.55,29.55,30.17,30.17,30.18,30.18,30.17,30.17,30.18,30.18,30.18,30.18,3.51,3.51,3.51,3.51,3.51,3.51,3.51,3.51,3.51,3.51,5.99,6.00,6.00,6.00,6.00,6.00,6.00,6.00,6.01,6.01,299.05,0.00,0.00,1.00,0.00,0.00,0.00,-1.00,0,None,0,aggregation
160,312.54,remora8,remora3,29.59,29.59,29.53,29.53,29.54,29.54,29.46,29.46,29.46,29.46,30.18,30.18,30.18,30.18,30.18,30.18,30.18,30.18,30.19,30.19,3.51,3.51,3.51,3.51,3.52,3.52,3.52,3.52,3.52,3.52,6.01,6.01,6.02,6.02,6.02,6.02,6.03,6.03,6.03,6.04,299.06,0.00,0.00,1.00,0.00,0.00,0.00,-1.00,0,None,0,aggregation
160,313.54,remora8,remora3,29.51,29.51,29.40,29.40,29.44,29.44,29.39,29.39,29.46,29.46,30.18,30.18,30.18,30.18,30.19,30.19,30.18,30.18,30.19,30.19,3.52,3.52,3.52,3.53,3.53,3.53,3.53,3.53,3.53,3.54,6.04,6.04,6.05,6.05,6.05,6.06,6.06,6.07,6.07,6.07,299.00,0.00,0.00,1.00,0.00,0.00,0.00,-1.00,0,None,0,aggregation
160,314.54,remora8,remora3,29.38,29.38,29.31,29.31,29.38,29.38,29.32,29.32,29.39,29.39,30.18,30.18,30.18,30.18,30.18,30.18,30.18,30.18,30.18,30.18,3.54,3.54,3.54,3.54,3.55,3.55,3.55,3.55,3.56,3.56,6.08,6.08,6.09,6.09,6.10,6.10,6.11,6.11,6.12,6.12,298.87,0.00,0.00,1.00,0.00,0.00,0.00,-1.00,0,None,0,aggregation
160,315.54,remora8,remora3,29.39,29.39,29.34,29.34,29.31,29.31,29.26,29.26,29.33,29.33,30.18,30.18,30.18,30.18,30.18,30.18,30.17,30.17,30.18,30.18,3.56,3.56,3.57,3.57,3.57,3.57,3.58,3.58,3.58,3.59,6.13,6.13,6.14,6.15,6.15,6.16,6.16,6.17,6.18,6.18,298.75,0.00,0.00,1.00,0.00,0.00,0.00,-1.00,0,None,0,aggregation
160,316.54,remora8,remora3,29.34,29.34,29.34,29.34,29.33,29.33,29.38,29.38,29.25,29.25,30.18,30.18,30.18,30.18,30.18,30.18,30.18,30.18,30.17,30.17,3.59,3.59,3.60,3.60,3.60,3.61,3.61,3.61,3.62,3.62,6.19,6.20,6.20,6.21,6.22,6.23,6.23,6.24,6.25,6.26,298.65,0.00,0.00,1.00,0.00,0.00,0.00,-1.00,0,None,0,aggregation
160,317.54,remora8,remora3,29.26,29.26,29.27,29.27,29.26,29.26,29.31,29.31,29.27,29.27,30.18,30.18,30.18,30.18,30.18,30.18,30.18,30.18,30.18,30.18,3.62,3.63,3.63,3.64,3.64,3.65,3.65,3.65,3.66,3.66,6.26,6.27,6.28,6.29,6.30,6.31,6.32,6.32,6.33,6.34,298.46,0.00,0.00,1.00,0.00,0.00,0.00,-1.00,0,None,0,aggregation
160,318.54,remora8,remora3,29.28,29.28,29.29,29.29,29.27,29.27,29.32,29.32,29.27,29.27,30.18,30.18,30.18,30.18,30.18,30.18,30.18,30.18,30.18,30.18,3.67,3.67,3.68,3.68,3.69,3.70,3.70,3.71,3.71,3.72,6.35,6.36,6.37,6.38,6.39,6.40,6.41,6.42,6.43,6.44,298.21,0.00,0.00,1.00,0.00,0.00,0.00,-1.00,0,None,0,aggregation
160,319.54,remora8,remora3,29.27,29.27,29.28,29.28,29.25,29.27,29.27,29.27,29.24,29.24,30.18,30.18,30.18,30.18,30.17,30.18,30.18,30.18,30.17,30.17,3.72,3.73,3.74,3.74,3.75,3.76,3.76,3.77,3.78,3.78,6.45,6.46,6.47,6.48,6.49,6.51,6.52,6.53,6.54,6.55,297.94,0.00,0.00,1.00,0.00,0.00,0.00,-1.00,0,None,0,aggregation
160,320.54,remora8,remora3,29.22,29.22,29.22,29.22,29.16,29.16,29.45,29.45,29.27,29.27,30.17,30.17,30.17,30.17,30.16,30.16,30.19,30.19,30.18,30.18,3.79,3.80,3.81,3.81,3.82,3.83,3.84,3.84,3.85,3.86,6.56,6.57,6.59,6.60,6.61,6.62,6.64,6.65,6.66,6.68,297.72,0.00,0.00,1.00,0.00,0.00,0.00,-1.00,0,None,0,aggregation
160,321.54,remora8,remora3,29.24,29.24,29.25,29.25,29.16,29.16,29.14,29.14,29.05,29.05,30.17,30.17,30.17,30.17,30.16,30.16,30.16,30.16,30.14,30.14,3.87,3.88,3.89,3.90,3.91,3.91,3.92,3.93,3.94,3.95,6.69,6.70,6.72,6.73,6.74,6.76,6.77,6.79,6.80,6.81,297.50,0.00,0.00,1.00,0.00,0.00,0.00,-1.00,0,None,0,aggregation
160,322.54,remora8,remora3,28.86,28.86,28.98,28.98,28.91,28.76,28.76,28.76,28.65,28.65,30.10,30.10,30.13,30.13,30.11,30.07,30.07,30.07,30.04,30.04,3.96,3.97,3.99,4.00,4.01,4.02,4.03,4.04,4.05,4.06,6.83,6.84,6.86,6.87,6.89,6.90,6.92,6.94,6.95,6.97,297.10,0.00,0.00,1.00,0.00,0.00,0.00,-1.00,0,None,0,aggregation
160,323.54,remora8,remora3,28.45,28.27,28.27,28.27,27.96,27.96,27.66,27.66,27.54,27.54,29.98,29.91,29.91,29.91,29.79,29.79,29.66,29.66,29.61,29.61,4.08,4.09,4.10,4.11,4.13,4.14,4.15,4.17,4.18,4.20,6.98,7.00,7.02,7.03,7.05,7.07,4.15,4.17,4.18,4.20,296.16,0.00,0.00,1.00,0.00,0.00,0.00,-1.00,0,None,0,aggregation
160,324.54,remora8,remora3,26.45,26.45,25.22,25.22,22.82,22.82,19.79,19.79,17.15,17.15,29.04,29.04,28.33,28.33,26.80,26.80,24.69,24.69,22.77,22.77,4.21,4.23,4.24,4.26,4.28,4.30,4.32,4.33,4.35,4.38,4.21,4.23,4.24,4.26,4.28,4.30,4.32,4.33,4.35,4.38,290.70,0.00,0.00,1.00,0.00,0.00,0.00,-1.00,0,None,0,aggregation
160,325.54,remora8,remora3,13.97,13.97,12.78,12.78,11.43,11.43,9.96,9.96,9.45,9.45,20.38,20.38,19.47,19.47,18.43,18.43,17.29,17.29,16.89,16.89,4.40,4.42,4.44,4.46,4.48,4.50,4.53,4.55,4.57,4.59,4.40,4.42,4.44,4.46,4.48,4.50,4.53,4.55,4.57,4.59,275.95,0.00,0.00,1.00,0.00,0.00,0.00,-1.00,0,None,0,aggregation
160,326.54,remora8,remora3,9.01,9.01,8.55,8.55,9.40,9.40,9.71,9.71,10.08,10.08,16.55,16.55,16.18,16.18,16.85,16.85,17.09,17.09,17.38,17.38,4.61,4.63,4.65,4.67,4.69,4.71,4.73,4.75,4.76,4.78,4.61,4.63,4.65,4.67,4.69,4.71,4.73,4.75,4.76,4.78,259.27,0.00,0.00,1.00,0.00,0.00,0.00,-1.00,0,None,0,aggregation
160,327.54,remora8,remora3,10.95,10.95,11.41,11.41,11.66,11.66,12.32,12.32,12.77,12.77,18.05,18.05,18.41,18.41,18.60,18.60,19.11,19.11,19.45,19.45,4.80,4.82,4.84,4.86,4.88,4.90,4.92,4.94,4.96,4.98,4.80,4.82,4.84,4.86,4.88,4.90,4.92,4.94,4.96,4.98,244.82,0.00,0.00,1.00,0.00,0.00,0.00,-1.00,0,None,0,aggregation
160,328.54,remora8,remora3,13.51,13.51,14.03,14.03,14.55,14.55,15.11,15.74,15.74,15.74,20.03,20.03,20.42,20.42,20.81,20.81,21.24,21.71,21.71,21.71,5.00,5.02,5.04,5.06,5.08,5.11,5.13,5.15,5.17,5.20,5.00,5.02,5.04,5.06,5.08,5.11,5.13,5.15,5.17,5.20,232.86,0.00,0.00,1.00,0.00,0.00,0.00,-1.00,0,None,0,aggregation
160,329.54,remora8,remora3,16.38,16.38,17.10,17.10,17.64,17.64,18.17,18.17,18.68,18.68,22.19,22.19,22.73,22.73,23.13,23.13,23.51,23.51,23.89,23.89,5.22,5.25,5.27,5.30,5.33,5.35,5.38,5.41,5.43,5.46,5.22,5.25,5.27,5.30,5.33,5.35,5.38,5.41,5.43,5.46,223.48,0.00,0.00,1.00,0.00,0.00,0.00,-1.00,0,None,0,aggregation
160,330.54,remora8,remora3,19.19,19.19,19.52,19.52,20.02,20.02,20.34,20.34,20.66,20.66,24.26,24.26,24.50,24.50,24.85,24.85,25.08,25.08,25.31,25.31,5.49,5.52,5.55,5.58,5.61,5.64,5.67,5.70,5.73,5.76,5.49,5.52,5.55,5.58,5.61,5.64,5.67,5.70,5.73,5.76,216.13,0.00,0.00,1.00,0.00,0.00,0.00,-1.00,0,None,0,aggregation
160,331.54,remora8,remora3,20.97,20.97,21.28,21.28,21.58,21.58,21.58,21.88,22.18,22.18,25.53,25.53,25.74,25.74,25.95,25.95,25.95,26.16,26.36,26.36,5.79,5.82,5.85,5.88,5.91,5.94,5.98,6.01,6.04,6.07,5.79,5.82,5.85,5.88,5.91,5.94,5.98,6.01,6.04,6.07,210.21,0.00,0.00,1.00,0.00,0.00,0.00,-1.00,0,None,0,aggregation
160,332.54,remora8,remora3,22.47,22.47,22.61,22.61,22.75,22.75,23.03,23.03,23.31,23.31,26.56,26.56,26.66,26.66,26.75,26.75,26.94,26.94,27.12,27.12,6.10,6.13,6.17,6.20,6.23,6.26,6.30,6.33,6.36,6.40,6.10,6.13,6.17,6.20,6.23,6.26,6.30,6.33,6.36,6.40,205.58,0.00,0.00,1.00,0.00,0.00,0.00,-1.00,0,None,0,aggregation
160,333.54,remora8,remora3,23.45,23.45,23.58,23.58,23.85,23.85,23.85,23.85,24.11,24.11,27.21,27.21,27.30,27.30,27.47,27.47,27.47,27.47,27.64,27.64,6.43,6.46,6.50,6.53,6.56,6.60,6.63,6.66,6.70,6.73,6.43,6.46,6.50,6.53,6.56,6.60,6.63,6.66,6.70,6.73,202.30,0.00,0.00,1.00,0.00,0.00,0.00,-1.00,0,None,0,aggregation
160,334.54,remora8,remora3,24.24,24.24,24.36,24.36,24.49,24.49,25.02,25.02,26.04,26.04,27.72,27.72,27.81,27.81,27.89,27.89,28.21,28.21,28.82,28.82,6.77,6.80,6.84,6.87,6.91,6.94,6.98,7.01,7.05,7.08,6.77,6.80,6.84,6.87,6.91,6.94,6.98,7.01,7.05,7.08,204.45,0.00,0.00,1.00,0.00,0.00,0.00,-1.00,0,None,0,aggregation
160,335.54,remora8,remora3,26.50,26.50,27.36,27.36,28.05,28.05,28.40,28.40,28.87,28.87,29.07,29.07,29.52,29.52,29.83,29.83,29.96,29.96,30.11,30.11,7.12,7.16,7.19,7.23,7.27,7.31,7.35,7.38,7.42,7.46,7.12,7.16,7.19,7.23,7.27,7.31,7.35,7.38,7.42,7.46,218.22,0.00,0.00,1.00,0.00,0.00,0.00,-1.00,0,None,0,aggregation
160,132.54,remora8,remora2,3.07,3.07,3.06,3.06,3.44,3.44,0.33,0.33,-0.13,-0.13,11.86,11.86,-12.64,-12.64,-12.25,-12.25,9.68,9.68,9.31,9.31,4.27,4.26,4.26,4.25,4.25,4.24,4.24,4.23,4.23,4.22,5.04,5.05,5.05,5.04,5.04,5.04,5.04,5.04,5.05,5.05,157.19,0.00,0.00,1.00,1.00,0.00,1.00,-1.00,0,None,0,aggregation
160,133.54,remora8,remora2,2.16,2.16,3.97,3.97,2.94,2.94,4.64,4.64,4.42,4.42,11.13,11.13,12.57,12.57,-12.76,-12.76,13.10,13.10,12.93,12.93,4.22,4.21,4.21,4.21,4.20,4.18,4.17,4.17,4.16,4.15,5.05,5.06,5.07,5.07,5.07,5.07,5.07,5.08,5.08,5.09,136.72,0.00,0.00,1.00,1.00,0.00,1.00,-1.00,0,None,0,aggregation
160,134.54,remora8,remora2,2.94,3.32,3.32,1.70,1.70,1.70,1.70,1.70,3.97,3.15,-12.75,-12.37,-12.37,10.77,10.77,10.77,10.77,10.77,12.57,-12.55,4.14,4.13,4.12,4.11,4.10,4.09,4.08,4.07,4.06,4.05,5.09,5.09,5.09,5.08,5.09,5.09,5.09,5.10,5.11,5.11,115.84,0.00,0.00,1.00,1.00,0.00,1.00,-1.00,0,None,0,aggregation
160,135.54,remora8,remora2,3.15,3.60,3.60,3.60,0.79,0.79,0.33,0.33,2.16,2.16,-12.55,-12.10,-12.10,-12.10,10.04,10.04,9.68,9.68,11.13,11.13,4.04,4.02,4.01,4.00,3.98,3.97,3.96,3.95,3.94,3.93,5.11,5.11,5.11,5.11,5.11,5.11,5.12,5.12,5.13,5.13,95.85,0.00,0.00,1.00,1.00,0.00,1.00,-1.00,0,None,0,aggregation
160,136.54,remora8,remora2,4.19,4.19,3.03,3.03,3.41,3.41,1.25,1.25,1.25,1.25,12.75,12.75,-12.67,-12.67,-12.29,-12.29,10.41,10.41,10.41,10.41,3.92,3.91,3.90,3.89,3.87,3.86,3.85,3.85,3.84,3.84,5.14,5.15,6.26,6.26,6.26,6.26,6.26,6.27,6.28,6.28,75.52,0.00,0.00,1.00,1.00,0.00,1.00,-1.00,0,None,0,aggregation
160,137.54,remora8,remora2,3.07,3.07,3.28,3.28,3.52,3.07,3.07,3.07,3.31,3.70,11.86,11.86,-12.42,-12.42,12.21,11.86,11.86,11.86,-12.38,-12.00,3.83,3.83,3.82,3.81,3.81,3.80,3.80,3.80,3.79,3.79,6.29,6.30,6.30,6.30,6.30,6.31,6.32,6.33,6.33,6.34,69.93,0.00,0.00,1.00,1.00,0.00,1.00,-1.00,0,None,0,aggregation
160,138.54,remora8,remora2,3.70,3.70,0.10,0.10,0.10,0.10,2.39,2.39,4.19,4.19,-12.00,-12.00,9.49,9.49,9.49,9.49,11.32,11.32,12.75,12.75,3.79,3.79,3.79,3.78,3.78,3.78,3.79,3.79,3.79,3.79,6.34,6.34,6.34,6.35,6.36,6.37,6.37,6.38,6.39,6.40,65.98,0.00,0.00,1.00,1.00,0.00,1.00,-1.00,0,None,0,aggregation
160,139.54,remora8,remora2,3.03,3.03,3.41,3.41,1.70,1.70,1.25,1.25,3.29,3.29,-12.66,-12.66,-12.28,-12.28,10.77,10.77,10.41,10.41,12.04,12.04,3.79,3.79,3.79,3.78,3.78,3.78,3.78,3.78,3.78,3.78,6.41,6.41,6.41,6.41,6.42,6.42,6.43,6.44,6.45,6.46,62.28,0.00,0.00,1.00,1.00,0.00,1.00,-1.00,0,None,0,aggregation
160,140.54,remora8,remora2,5.31,5.31,2.94,2.94,3.26,3.26,3.07,3.07,2.39,2.39,13.63,13.63,-12.76,-12.76,-12.44,-12.44,11.86,11.86,11.32,11.32,3.79,3.79,3.79,3.78,3.78,3.78,3.78,3.78,3.78,3.78,6.47,6.48,6.48,6.48,6.49,6.49,6.49,6.50,6.50,6.51,60.90,0.00,0.00,1.00,1.00,0.00,1.00,-1.00,0,None,0,aggregation
160,141.54,remora8,remora2,4.42,4.42,3.31,3.63,3.63,3.63,1.93,1.93,1.70,1.70,12.93,12.93,-12.39,-12.07,-12.07,-12.07,10.95,10.95,10.77,10.77,3.78,3.78,3.78,3.78,3.78,3.78,3.78,3.78,3.78,3.78,6.52,6.52,6.53,6.53,6.53,6.53,6.53,6.53,6.54,6.55,60.12,0.00,0.00,1.00,1.00,0.00,1.00,-1.00,0,None,0,aggregation
160,142.54,remora8,remora2,3.74,3.74,3.59,4.19,4.19,4.19,4.19,3.43,3.43,3.43,12.39,12.39,-12.11,12.75,12.75,12.75,12.75,-12.27,-12.27,-12.27,3.79,3.79,3.79,3.80,3.80,3.81,3.81,3.82,3.83,3.83,6.55,6.56,6.57,6.57,6.57,6.58,6.59,6.60,6.60,6.60,61.63,0.00,0.00,1.00,1.00,0.00,1.00,-1.00,0,None,0,aggregation
160,143.54,remora8,remora2,3.89,3.89,1.02,1.02,1.02,1.02,2.84,2.84,3.76,3.76,-11.81,-11.81,10.23,10.23,10.23,10.23,11.68,11.68,-11.94,-11.94,3.84,3.85,3.85,3.86,3.87,3.89,3.90,3.91,3.92,3.93,6.61,6.61,6.61,6.62,6.62,6.62,6.63,6.63,6.63,6.63,59.46,0.00,0.00,1.00,1.00,0.00,1.00,-1.00,0,None,0,aggregation
160,144.54,remora8,remora2,3.74,3.74,3.52,3.52,3.66,3.66,4.05,4.05,0.33,0.33,12.39,12.39,12.21,12.21,-12.04,-12.04,-11.65,-11.65,9.68,9.68,3.95,3.96,3.98,3.99,4.01,4.02,4.03,4.05,4.06,4.08,6.63,6.64,6.64,6.65,6.65,6.65,6.65,6.65,6.65,6.65,59.44,0.00,0.00,1.00,1.00,0.00,1.00,-1.00,0,None,0,aggregation
160,145.54,remora8,remora2,0.33,0.33,2.61,2.61,4.42,4.42,3.38,3.38,3.77,3.77,9.68,9.68,11.50,11.50,12.93,12.93,-12.32,-12.32,-11.92,-11.92,4.10,4.12,4.14,4.16,4.18,4.20,4.22,4.23,4.25,4.27,6.65,6.66,6.66,6.67,6.67,6.68,6.68,6.68,6.68,6.68,60.13,0.00,0.00,1.00,0.00,0.00,0.00,-1.00,0,None,0,aggregation
160,146.54,remora8,remora2,3.61,3.61,4.37,7.02,7.02,7.02,3.81,3.81,4.15,4.15,12.29,12.29,12.89,14.99,14.99,14.99,-11.89,-11.89,-11.55,-11.55,4.29,4.31,4.33,4.35,4.37,4.39,4.41,4.42,4.44,4.45,6.68,6.68,6.69,6.69,6.70,6.71,6.71,6.71,6.70,6.70,61.56,0.00,0.00,1.00,1.00,0.00,1.00,-1.00,0,None,0,aggregation
160,147.54,remora8,remora2,7.33,7.33,8.33,8.33,4.69,4.69,5.05,5.05,8.83,8.83,15.23,15.23,16.01,16.01,-11.01,-11.01,-10.65,-10.65,16.40,16.40,4.47,4.49,4.51,4.52,4.54,4.55,4.56,4.58,4.59,4.60,6.70,6.71,6.71,6.72,6.72,6.72,6.72,6.71,6.71,6.72,63.67,0.00,0.00,1.00,1.00,0.00,1.00,-1.00,0,None,0,aggregation
160,148.54,remora8,remora2,9.21,9.21,5.79,5.79,6.16,6.16,8.79,8.79,9.08,10.75,16.70,16.70,-9.91,-9.91,-9.53,-9.53,16.37,16.37,16.60,17.90,4.61,4.62,4.63,4.63,4.64,4.64,4.64,4.65,4.65,4.65,6.72,6.73,6.73,6.72,6.72,6.72,6.72,6.72,6.72,6.73,66.43,0.00,0.00,1.00,1.00,0.00,1.00,-1.00,0,None,0,aggregation
160,149.54,remora8,remora2,10.75,10.75,12.78,12.78,13.73,13.73,14.38,14.38,5.21,5.21,17.90,17.90,19.47,19.47,20.19,20.19,20.69,20.69,-10.49,-10.49,4.66,4.66,4.66,4.66,4.67,4.67,4.67,4.68,4.68,4.68,6.73,6.74,6.75,6.76,6.77,6.79,6.81,6.81,6.82,6.82,74.15,0.00,0.00,1.00,0.00,0.00,0.00,-1.00,0,None,0,aggregation
160,150.54,remora8,remora2,5.68,5.68,11.37,10.66,10.66,10.66,11.78,11.78,13.14,5.46,-10.01,-10.01,18.38,17.83,17.83,17.83,18.70,18.70,19.74,-10.24,4.68,4.68,4.68,4.68,4.69,4.69,4.69,4.69,4.70,4.70,6.83,6.83,6.85,6.86,6.87,6.88,6.89,6.90,6.91,6.92,78.62,0.00,0.00,1.00,1.00,0.00,1.00,-1.00,0,None,0,aggregation
160,151.54,remora8,remora2,5.46,5.46,5.99,5.99,10.20,10.20,9.62,9.62,10.76,10.76,-10.24,-10.24,-9.70,-9.70,17.47,17.47,17.02,17.02,17.91,17.91,4.70,4.70,4.70,4.70,4.70,4.70,4.70,4.71,4.71,4.71,6.92,6.92,6.93,6.93,6.94,6.95,6.96,5.96,5.96,5.96,81.77,0.00,0.00,1.00,1.00,0.00,1.00,-1.00,0,None,0,aggregation
160,152.54,remora8,remora2,12.19,12.19,12.34,5.28,5.28,5.28,11.65,11.65,11.36,11.36,19.01,19.01,19.13,-10.42,-10.42,-10.42,18.60,18.60,18.37,18.37,4.71,4.71,4.71,4.71,4.71,4.71,4.71,4.71,4.71,4.71,5.96,5.97,5.97,5.98,5.97,5.97,5.97,5.97,5.97,5.98,86.48,0.00,0.00,1.00,1.00,0.00,1.00,-1.00,0,None,0,aggregation
160,153.54,remora8,remora2,5.46,5.85,5.85,5.85,8.28,8.28,7.69,8.62,8.62,8.62,-10.24,-9.85,-9.85,-9.85,15.97,15.97,15.51,16.24,16.24,16.24,4.71,4.70,4.70,4.69,4.69,4.68,4.68,4.67,4.67,4.67,5.98,5.98,5.97,5.97,5.97,5.97,5.97,5.97,5.98,5.98,89.33,0.00,0.00,1.00,1.00,0.00,1.00,-1.00,0,None,0,aggregation
160,154.54,remora8,remora2,9.49,9.49,10.69,10.69,5.08,5.08,9.41,9.41,8.47,8.47,16.92,16.92,17.85,17.85,-10.62,-10.62,16.86,16.86,16.12,16.12,4.66,4.66,4.66,4.65,4.65,4.64,4.63,4.63,4.63,4.62,5.98,5.98,5.99,5.99,5.99,5.98,5.98,5.99,5.99,5.99,94.68,0.00,0.00,1.00,1.00,0.00,1.00,-1.00,0,None,0,aggregation
160,155.54,remora8,remora2,5.19,5.63,5.63,5.63,4.23,4.23,2.77,2.77,3.00,3.00,-10.50,-10.07,-10.07,-10.07,12.78,12.78,11.62,11.62,11.80,11.80,4.62,4.61,4.60,4.59,4.59,4.58,4.58,4.58,4.57,4.57,5.99,5.99,5.98,5.98,5.98,5.98,5.98,5.98,5.99,5.99,94.37,0.00,0.00,1.00,1.00,0.00,1.00,-1.00,0,None,0,aggregation
160,156.54,remora8,remora2,4.81,4.81,6.30,6.30,7.89,7.89,4.16,4.16,4.58,4.58,13.24,13.24,14.42,14.42,15.67,15.67,-11.53,-11.53,-11.12,-11.12,4.57,4.56,4.56,4.56,4.55,4.55,4.55,4.54,4.53,4.52,5.99,5.99,5.99,6.00,6.00,6.01,6.01,6.01,6.00,6.00,94.69,0.00,0.00,1.00,0.00,0.00,0.00,-1.00,0,None,0,aggregation
160,157.54,remora8,remora2,4.32,4.32,3.49,3.49,5.30,5.30,4.67,4.67,4.67,5.16,12.85,12.85,12.19,12.19,13.63,13.63,-11.02,-11.02,-11.02,13.52,4.51,4.51,4.51,4.50,4.50,4.50,4.49,4.48,4.48,4.48,6.00,6.00,6.01,6.01,6.02,6.02,6.03,6.03,6.03,6.04,93.35,0.00,0.00,1.00,1.00,0.00,1.00,-1.00,0,None,0,aggregation
160,158.54,remora8,remora2,4.45,4.45,4.90,4.90,4.49,4.49,3.92,4.88,4.88,4.88,12.95,12.95,-10.80,-10.80,12.99,12.99,12.53,-10.82,-10.82,-10.82,4.48,4.47,4.47,4.46,4.46,4.45,4.45,4.45,4.44,4.44,6.05,6.06,6.06,6.07,6.07,6.08,6.09,6.10,6.11,6.11,90.57,0.00,0.00,1.00,1.00,0.00,1.00,-1.00,0,None,0,aggregation
160,159.54,remora8,remora2,3.44,3.44,3.40,4.85,4.85,4.85,3.43,3.43,2.37,4.46,12.16,12.16,12.12,-10.85,-10.85,-10.85,12.14,12.14,11.30,12.96,4.43,4.43,4.43,4.42,4.42,4.41,4.41,4.40,4.40,4.40,6.12,6.13,6.14,6.15,6.16,6.16,6.17,6.18,6.19,6.20,83.40,0.00,0.00,1.00,1.00,0.00,1.00,-1.00,0,None,0,aggregation
160,160.54,remora8,remora2,4.46,4.46,4.44,4.84,4.84,4.84,1.71,1.71,0.91,0.91,12.96,12.96,-11.26,-10.86,-10.86,-10.86,10.78,10.78,10.14,10.14,4.40,4.40,4.39,4.39,4.38,4.38,4.37,4.37,4.37,4.37,6.21,6.22,6.22,6.23,6.23,6.23,6.24,6.25,6.26,6.26,77.62,0.00,0.00,1.00,1.00,0.00,1.00,-1.00,0,None,0,aggregation
160,161.54,remora8,remora2,2.48,2.48,4.03,4.03,4.24,4.24,4.06,4.06,4.16,4.16,11.39,11.39,12.62,12.62,-11.45,-11.45,12.65,12.65,12.73,12.73,4.37,4.37,4.37,4.37,4.37,4.36,4.36,4.36,4.36,4.36,6.27,6.28,6.29,6.30,6.31,6.31,6.32,6.33,6.34,6.35,75.60,0.00,0.00,1.00,1.00,0.00,1.00,-1.00,0,None,0,aggregation
160,162.54,remora8,remora2,4.22,4.22,4.62,4.62,0.65,0.65,0.36,0.36,2.32,2.32,-11.47,-11.47,-11.08,-11.08,9.93,9.93,9.70,9.70,11.26,11.26,4.36,4.36,4.35,4.35,4.35,4.35,4.35,4.35,4.35,4.35,6.35,6.36,6.36,6.36,6.37,6.38,6.39,6.40,6.41,6.42,68.93,0.00,0.00,1.00,1.00,0.00,1.00,-1.00,0,None,0,aggregation
160,163.54,remora8,remora2,3.92,3.92,3.93,3.93,4.25,4.25,0.76,0.76,0.36,0.36,12.53,12.53,-11.76,-11.76,-11.45,-11.45,10.02,10.02,9.71,9.71,4.35,4.36,4.36,4.36,4.35,4.35,4.35,4.36,4.36,4.36,6.42,6.42,6.42,6.42,6.42,6.42,6.42,4.85,4.85,4.85,66.01,0.00,0.00,1.00,1.00,0.00,1.00,-1.00,0,None,0,aggregation
160,164.54,remora8,remora2,1.98,1.98,3.58,3.58,3.64,3.64,3.67,3.67,2.98,2.98,10.99,10.99,12.26,12.26,-12.06,-12.06,12.34,12.34,11.79,11.79,4.37,4.37,4.38,4.39,4.39,4.39,4.40,4.40,4.41,4.42,4.86,4.86,4.87,4.87,4.87,4.87,4.87,4.88,4.89,4.90,61.68,0.00,0.00,1.00,1.00,0.00,1.00,-1.00,0,None,0,aggregation
160,165.54,remora8,remora2,3.68,3.68,4.06,4.06,-0.95,-0.95,-2.02,-2.02,-0.38,-0.38,-12.02,-12.02,-11.64,-11.64,8.66,8.66,7.80,7.80,9.11,9.11,4.43,4.43,4.43,4.44,4.44,4.45,4.46,4.47,4.48,4.50,4.90,4.90,4.90,4.90,4.90,4.90,4.91,4.91,4.92,4.92,59.94,0.00,0.00,1.00,0.00,0.00,0.00,-1.00,0,None,0,aggregation
160,166.54,remora8,remora2,0.88,0.88,2.58,2.58,2.99,2.99,2.82,2.82,1.40,1.40,10.12,10.12,11.47,11.47,-12.71,-12.71,11.66,11.66,10.53,10.53,4.51,4.52,4.54,4.55,4.56,4.57,4.59,4.60,4.62,4.64,4.93,4.94,4.95,4.96,4.96,4.96,4.96,4.97,4.98,4.99,58.44,0.00,0.00,1.00,0.00,0.00,0.00,-1.00,0,None,0,aggregation
160,167.54,remora8,remora2,2.99,2.99,3.36,3.36,-3.03,-3.03,-4.06,-4.06,-2.42,-0.78,-12.70,-12.70,-12.34,-12.34,6.99,6.99,6.17,6.17,7.48,8.79,4.65,4.66,4.67,4.69,4.70,4.72,4.73,4.75,4.77,4.79,4.99,4.99,4.99,4.99,5.00,5.00,5.00,5.01,5.01,5.02,54.50,0.00,0.00,1.00,0.00,0.00,0.00,-1.00,0,None,0,aggregation
160,168.54,remora8,remora2,-0.78,-0.78,0.05,1.41,1.41,1.41,1.61,1.61,1.57,1.57,8.79,8.79,9.46,10.54,10.54,10.54,-14.09,-14.09,10.67,10.67,4.81,4.83,4.85,4.87,4.89,4.92,4.93,4.95,4.97,4.99,5.02,5.03,5.04,5.04,5.05,5.06,5.06,5.06,5.06,5.07,54.25,0.00,0.00,1.00,0.00,0.00,0.00,-1.00,0,None,0,aggregation
160,267.54,remora8,remora2,30.02,30.02,30.02,30.02,30.04,30.04,30.06,30.06,30.06,30.06,28.58,28.58,28.58,28.58,28.65,28.65,28.71,28.71,28.71,28.71,3.38,3.38,3.38,3.38,3.39,3.39,3.39,3.39,3.39,3.39,6.35,6.34,6.32,6.30,6.28,6.27,6.25,6.24,6.22,6.21,291.19,0.00,0.00,1.00,0.00,0.00,0.00,-1.00,0,None,0,aggregation
160,268.54,remora8,remora2,30.08,30.08,30.10,30.10,30.10,30.10,30.10,30.10,30.11,30.13,28.78,28.78,28.84,28.84,28.84,28.84,28.84,28.84,28.90,28.96,3.39,3.39,3.39,3.39,3.39,3.39,3.39,3.39,3.39,3.39,6.19,6.17,6.15,6.13,6.11,6.09,6.07,6.06,6.04,6.02,291.57,0.00,0.00,1.00,0.00,0.00,0.00,-1.00,0,None,0,aggregation
160,269.54,remora8,remora2,30.13,30.13,30.13,30.13,30.13,30.13,30.14,30.14,30.14,30.14,28.96,28.96,28.96,28.96,28.96,28.96,29.02,29.02,29.02,29.02,3.39,3.39,3.38,3.38,3.38,3.38,3.38,3.38,3.38,3.37,6.00,5.99,5.97,5.95,5.93,6.73,6.71,6.69,6.67,6.65,291.92,0.00,0.00,1.00,0.00,0.00,0.00,-1.00,0,None,0,aggregation
160,270.54,remora8,remora2,30.15,30.15,30.15,30.15,30.15,30.15,30.15,30.15,30.18,30.18,29.08,29.08,29.08,29.08,29.08,29.08,29.08,29.08,29.31,29.31,3.37,3.37,3.37,3.37,3.37,3.36,3.36,3.36,3.36,3.36,6.63,6.61,6.59,6.57,6.55,6.53,6.51,6.49,6.48,6.46,292.38,0.00,0.00,1.00,0.00,0.00,0.00,-1.00,0,None,0,aggregation
160,271.54,remora8,remora2,30.18,30.18,30.18,30.18,30.18,30.18,30.18,30.18,30.18,30.18,29.38,29.38,29.42,29.42,29.42,29.42,29.55,29.55,29.58,29.58,3.35,3.35,3.35,3.35,3.34,3.34,3.34,3.34,3.34,3.33,6.44,6.43,6.41,6.39,6.38,6.37,6.35,6.33,6.32,6.30,293.11,0.00,0.00,1.00,0.00,0.00,0.00,-1.00,0,None,0,aggregation
160,272.54,remora8,remora2,30.18,30.18,30.18,30.18,30.18,30.18,30.18,30.18,30.19,30.19,29.54,29.54,29.61,29.61,29.51,29.51,29.48,29.48,29.42,29.42,3.33,3.33,3.33,3.32,3.32,3.32,3.32,3.31,3.31,3.31,6.29,6.27,6.26,6.25,6.24,6.23,6.22,6.21,6.20,6.18,293.95,0.00,0.00,1.00,0.00,0.00,0.00,-1.00,0,None,0,aggregation
160,273.54,remora8,remora2,30.18,30.18,30.17,30.17,30.15,30.15,30.13,30.10,30.10,30.10,29.41,29.41,29.22,29.22,29.06,29.06,28.98,28.84,28.84,28.84,3.31,3.31,3.30,3.30,3.30,3.30,3.30,3.30,3.29,3.29,6.17,6.16,6.15,6.14,6.14,6.13,6.12,6.11,6.11,6.10,294.61,0.00,0.00,1.00,0.00,0.00,0.00,-1.00,0,None,0,aggregation
160,274.54,remora8,remora2,30.10,30.10,30.10,30.10,30.10,30.10,30.10,30.10,30.10,30.10,28.84,28.84,28.84,28.84,28.84,28.84,28.84,28.84,28.84,28.84,3.29,3.29,3.29,3.29,3.29,3.28,3.28,3.28,3.28,3.28,6.09,6.08,6.08,6.08,6.07,6.06,6.06,6.05,6.05,6.05,295.08,0.00,0.00,1.00,0.00,0.00,0.00,-1.00,0,None,0,aggregation
160,275.54,remora8,remora2,30.10,30.10,30.10,30.10,30.10,30.10,30.10,30.10,30.06,30.06,28.84,28.84,28.84,28.84,28.84,28.84,28.84,28.84,28.71,28.71,3.28,3.28,3.28,3.28,3.27,3.27,3.27,3.27,3.27,3.27,6.04,6.04,6.04,6.03,6.03,6.02,6.02,6.02,6.02,6.02,295.45,0.00,0.00,1.00,0.00,0.00,0.00,-1.00,0,None,0,aggregation
160,276.54,remora8,remora2,30.06,30.06,30.09,30.09,30.12,30.12,30.15,30.15,30.16,30.16,28.71,28.71,28.81,28.81,28.94,28.94,29.09,29.09,29.12,29.12,3.27,3.27,3.27,3.27,3.27,3.27,3.26,3.26,3.26,3.26,6.01,6.01,6.01,6.01,6.01,6.01,6.01,6.01,6.00,6.00,295.75,0.00,0.00,1.00,0.00,0.00,0.00,-1.00,0,None,0,aggregation
160,277.54,remora8,remora2,30.17,30.17,30.18,30.18,30.18,30.18,30.18,30.18,30.17,30.17,29.26,29.26,29.38,29.38,29.41,29.41,29.52,29.52,29.62,29.65,3.26,3.26,3.26,3.26,3.26,3.26,3.26,3.26,3.26,3.26,6.00,6.00,6.00,6.00,6.01,6.01,6.01,6.01,6.01,6.02,296.22,0.00,0.00,1.00,0.00,0.00,0.00,-1.00,0,None,0,aggregation
160,278.54,remora8,remora2,30.17,30.17,30.15,30.15,30.14,30.14,30.11,30.11,30.10,30.10,29.65,29.65,29.74,29.74,29.76,29.76,29.84,29.84,29.86,29.86,3.26,3.25,3.25,3.25,3.25,3.25,3.25,3.25,3.25,3.25,6.02,6.02,6.02,6.02,6.02,6.02,6.03,6.03,6.03,6.03,296.69,0.00,0.00,1.00,0.00,0.00,0.00,-1.00,0,None,0,aggregation
160,279.54,remora8,remora2,30.07,30.07,30.06,30.06,30.04,30.04,30.03,30.03,30.00,30.00,29.92,29.92,29.93,29.93,29.96,29.96,29.97,29.97,30.00,30.00,3.25,3.25,3.25,3.25,3.25,3.25,3.25,3.25,3.25,3.25,6.04,6.04,6.05,6.05,6.06,6.06,6.06,6.07,6.07,6.08,297.13,0.00,0.00,1.00,0.00,0.00,0.00,-1.00,0,None,0,aggregation
160,280.54,remora8,remora2,29.94,29.94,29.93,29.93,29.95,29.95,29.90,29.90,29.88,29.88,30.05,30.05,30.06,30.06,30.05,30.05,30.08,30.08,30.09,30.09,3.25,3.26,3.26,3.26,3.26,3.26,3.26,3.26,3.26,3.26,6.08,6.09,6.09,6.09,6.09,6.10,6.10,6.11,6.12,6.13,297.48,0.00,0.00,1.00,0.00,0.00,0.00,-1.00,0,None,0,aggregation
160,281.54,remora8,remora2,29.83,29.83,29.86,29.86,29.79,29.79,29.77,29.77,29.76,29.76,30.11,30.11,30.10,30.10,30.13,30.13,30.14,30.14,30.14,30.14,3.26,3.27,3.27,3.27,3.27,3.27,3.27,3.27,3.28,3.28,6.13,6.14,6.14,6.14,6.15,6.15,6.16,6.16,6.17,6.17,297.62,0.00,0.00,1.00,0.00,0.00,0.00,-1.00,0,None,0,aggregation
160,282.54,remora8,remora2,29.75,29.75,29.73,29.73,29.70,29.70,29.63,29.63,29.63,29.63,30.14,30.14,30.15,30.15,30.16,30.16,30.17,30.17,30.17,30.17,3.28,3.28,3.28,3.29,3.29,3.29,3.29,3.30,3.30,3.30,6.18,6.18,6.19,6.20,6.21,6.22,6.23,6.24,6.25,6.25,297.70,0.00,0.00,1.00,0.00,0.00,0.00,-1.00,0,None,0,aggregation
160,283.54,remora8,remora2,29.60,29.60,29.58,29.58,29.61,29.61,29.55,29.55,29.51,29.51,30.18,30.18,30.18,30.18,30.17,30.17,30.18,30.18,30.18,30.18,3.31,3.31,3.31,3.31,3.32,3.32,3.32,3.33,3.33,3.34,6.26,6.27,6.27,6.28,6.29,6.30,6.31,6.31,6.31,6.31,297.96,0.00,0.00,1.00,0.00,0.00,0.00,-1.00,0,None,0,aggregation
160,284.54,remora8,remora2,29.49,29.49,29.51,29.51,29.44,29.44,29.40,29.40,29.43,29.43,30.18,30.18,30.18,30.18,30.19,30.19,30.18,30.18,30.19,30.19,3.34,3.34,3.35,3.35,3.36,3.36,3.37,3.37,3.37,3.38,6.31,6.32,6.32,6.33,6.33,6.33,6.33,6.34,6.34,6.34,298.31,0.00,0.00,1.00,0.00,0.00,0.00,-1.00,0,None,0,aggregation
160,285.54,remora8,remora2,29.35,29.35,29.31,29.31,29.33,29.33,29.29,28.70,28.70,28.70,30.18,30.18,30.18,30.18,30.18,30.18,30.18,30.06,30.06,30.06,3.38,3.39,3.39,3.40,3.40,3.41,3.42,3.42,3.43,3.43,6.35,6.35,6.36,6.36,6.37,6.37,6.37,6.38,6.38,6.39,298.50,0.00,0.00,1.00,0.00,0.00,0.00,-1.00,0,None,0,aggregation
160,286.54,remora8,remora2,28.64,28.64,28.60,28.60,28.48,28.48,28.33,28.33,28.11,28.11,30.04,30.04,30.03,30.03,29.99,29.99,29.94,29.94,29.85,29.85,3.44,3.45,3.45,3.46,3.47,3.47,3.48,3.49,3.50,3.50,6.39,6.40,6.40,6.41,6.42,6.42,6.43,6.43,6.44,6.45,298.17,0.00,0.00,1.00,0.00,0.00,0.00,-1.00,0,None,0,aggregation
160,287.54,remora8,remora2,27.93,27.93,27.96,27.96,27.70,27.70,27.52,27.52,27.13,27.13,29.78,29.78,29.79,29.79,29.68,29.68,29.60,29.60,29.41,29.41,3.51,3.52,3.53,3.54,3.55,3.55,3.56,3.57,3.58,3.59,6.45,6.46,6.47,6.48,6.48,6.49,6.50,6.51,5.64,5.65,297.01,0.00,0.00,1.00,0.00,0.00,0.00,-1.00,0,None,0,aggregation
160,288.54,remora8,remora2,27.22,27.22,27.05,27.05,26.87,26.87,26.53,26.53,26.08,26.08,29.45,29.45,29.37,29.37,29.27,29.27,29.09,29.09,28.84,28.84,3.60,3.61,3.62,3.64,3.65,3.66,3.67,3.68,3.70,3.71,5.65,5.66,5.67,5.68,5.68,5.69,5.70,5.70,5.71,5.72,295.04,0.00,0.00,1.00,0.00,0.00,0.00,-1.00,0,None,0,aggregation
160,289.54,remora8,remora2,25.85,25.85,25.66,25.66,25.13,25.13,24.54,24.54,23.80,23.80,28.71,28.71,28.60,28.60,28.28,28.28,27.92,27.92,27.44,27.44,3.72,3.73,3.75,3.76,3.78,3.79,3.81,3.82,3.84,3.86,5.73,5.74,5.75,5.75,5.76,5.77,5.78,5.79,5.80,5.80,291.63,0.00,0.00,1.00,0.00,0.00,0.00,-1.00,0,None,0,aggregation
160,290.54,remora8,remora2,23.43,23.43,22.84,22.84,21.91,21.91,21.55,21.55,21.00,21.00,27.20,27.20,26.81,26.81,26.18,26.18,25.93,25.93,25.55,25.55,3.87,3.89,3.91,3.93,3.95,3.96,3.98,4.00,4.02,4.04,5.80,5.80,5.80,5.80,5.80,5.81,5.81,5.81,5.81,5.82,285.88,0.00,0.00,1.00,0.00,0.00,0.00,-1.00,0,None,0,aggregation
160,291.54,remora8,remora2,20.34,20.34,19.98,19.98,19.31,19.31,19.03,19.03,18.45,18.45,25.08,25.08,24.83,24.83,24.35,24.35,24.15,24.15,23.72,23.72,4.06,4.08,4.11,4.13,4.15,4.17,4.19,4.22,4.24,4.26,5.82,5.82,5.82,5.82,5.82,5.82,5.82,5.82,5.82,5.82,277.84,0.00,0.00,1.00,0.00,0.00,0.00,-1.00,0,None,0,aggregation
160,292.54,remora8,remora2,18.19,18.19,18.06,18.06,17.91,17.91,17.93,17.93,17.82,17.82,23.53,23.53,23.44,23.44,23.32,23.32,23.34,23.34,23.26,23.26,4.28,4.31,4.33,4.36,4.38,4.40,4.43,4.45,4.48,4.51,5.82,5.83,5.83,5.83,5.83,5.83,5.84,5.84,5.84,6.68,268.60,0.00,0.00,1.00,0.00,0.00,0.00,-1.00,0,None,0,aggregation
160,293.54,remora8,remora2,17.91,17.71,17.71,17.71,18.04,18.04,18.21,18.21,18.55,18.55,23.33,23.18,23.18,23.18,23.42,23.42,23.55,23.55,23.80,23.80,4.50,4.48,4.47,4.46,4.45,4.44,4.43,4.42,4.41,4.40,6.67,6.67,6.67,6.67,6.67,6.67,6.67,6.66,6.66,6.66,259.48,0.00,0.00,1.00,0.00,0.00,0.00,-1.00,0,None,0,aggregation
160,294.54,remora8,remora2,18.88,18.88,19.02,19.02,19.47,19.47,19.94,19.94,20.12,20.12,24.03,24.03,24.13,24.13,24.46,24.46,24.80,24.80,24.93,24.93,4.39,4.37,4.35,4.33,4.32,4.30,4.29,4.28,4.27,4.26,6.66,6.66,6.65,6.65,6.65,6.65,6.65,6.64,6.64,6.64,251.64,0.00,0.00,1.00,0.00,0.00,0.00,-1.00,0,None,0,aggregation
160,295.54,remora8,remora2,20.36,20.36,20.48,20.48,20.65,20.65,20.79,20.79,20.95,20.95,25.09,25.09,25.19,25.19,25.30,25.30,25.40,25.40,25.52,25.52,4.24,4.22,4.20,4.18,4.16,4.14,4.13,4.11,4.09,4.08,6.64,6.63,6.63,6.62,6.62,6.62,6.62,6.61,6.61,6.61,244.97,0.00,0.00,1.00,0.00,0.00,0.00,-1.00,0,None,0,aggregation
160,296.54,remora8,remora2,21.16,21.16,21.26,21.26,21.57,21.57,21.90,21.90,22.04,22.04,25.66,25.66,25.73,25.73,25.94,25.94,26.17,26.17,26.27,26.27,4.07,4.05,4.04,4.01,3.99,3.97,3.94,3.93,3.91,3.89,6.61,6.60,6.60,6.60,6.59,6.59,6.59,6.58,6.58,6.58,239.54,0.00,0.00,1.00,0.00,0.00,0.00,-1.00,0,None,0,aggregation
160,297.54,remora8,remora2,22.33,22.33,22.44,22.44,22.77,22.77,22.99,23.23,23.23,23.23,26.47,26.47,26.54,26.54,26.77,26.77,26.91,27.07,27.07,27.07,3.88,3.86,3.84,3.82,3.79,3.77,3.74,3.73,3.71,3.69,6.58,6.57,6.57,6.56,6.55,6.55,6.54,6.53,6.53,6.52,235.66,0.00,0.00,1.00,0.00,0.00,0.00,-1.00,0,None,0,aggregation
160,298.54,remora8,remora2,23.42,23.42,23.62,23.62,24.03,24.03,24.17,24.17,24.42,24.42,27.20,27.20,27.33,27.33,27.59,27.59,27.68,27.68,27.84,27.84,3.67,3.66,3.63,3.61,3.58,3.55,3.53,3.51,3.49,3.47,6.52,6.52,6.51,6.50,6.50,6.49,6.49,6.48,6.48,6.47,233.41,0.00,0.00,1.00,0.00,0.00,0.00,-1.00,0,None,0,aggregation
160,299.54,remora8,remora2,24.61,24.89,24.89,24.89,25.10,25.10,25.30,25.30,25.47,25.47,27.96,28.13,28.13,28.13,28.26,28.26,28.38,28.38,28.49,28.49,3.45,3.43,3.41,3.39,3.37,3.34,3.31,3.28,3.25,3.22,6.47,6.46,6.46,6.45,6.44,6.44,6.43,6.42,6.42,6.41,233.50,0.00,0.00,1.00,0.00,0.00,0.00,-1.00,0,None,0,aggregation
160,300.54,remora8,remora2,25.76,25.76,25.90,25.90,26.07,26.07,26.20,26.20,26.39,26.39,28.66,28.66,28.74,28.74,28.83,28.83,28.91,28.91,29.02,29.02,3.20,3.17,3.15,3.12,3.10,3.08,3.05,3.03,3.01,2.99,6.41,6.40,6.39,6.39,6.38,6.37,6.36,6.35,6.35,6.34,236.71,0.00,0.00,1.00,0.00,0.00,0.00,-1.00,0,None,0,aggregation
160,301.54,remora8,remora2,26.46,26.46,26.52,26.65,26.65,26.65,26.82,26.82,26.95,26.95,29.06,29.06,29.08,29.16,29.16,29.16,29.25,29.25,29.32,29.32,2.97,2.95,2.93,2.89,2.86,2.83,2.81,2.78,2.76,2.74,6.34,6.33,6.33,6.32,6.31,6.30,6.29,6.29,6.28,6.27,242.72,0.00,1.00,1.00,0.00,0.00,0.00,-1.00,0,None,0,aggregation
160,302.54,remora8,remora2,27.03,27.03,27.06,27.06,27.20,27.20,27.22,27.41,27.41,27.41,29.36,29.36,29.37,29.37,29.44,29.44,29.45,29.54,29.54,29.54,2.71,2.68,2.65,2.63,2.61,2.58,2.56,2.53,2.49,2.46,6.26,6.25,6.25,6.24,6.23,6.22,6.22,6.21,6.21,6.20,250.36,0.00,1.00,1.00,0.00,0.00,0.00,-1.00,0,None,0,aggregation
160,303.54,remora8,remora2,27.47,27.47,27.58,27.58,27.61,27.61,27.67,27.76,27.76,27.76,29.57,29.57,29.62,29.62,29.64,29.64,29.66,29.70,29.70,29.70,2.43,2.41,2.38,2.36,2.33,2.30,2.28,2.26,2.23,2.21,6.20,6.20,6.19,6.19,6.18,6.18,6.17,6.17,6.17,6.16,258.24,0.00,1.00,1.00,0.00,0.00,0.00,-1.00,0,None,0,aggregation
160,304.54,remora8,remora2,27.90,27.90,27.91,27.91,27.99,27.99,28.07,28.07,28.18,28.18,29.76,29.76,29.77,29.77,29.80,29.80,29.84,29.84,29.88,29.88,2.18,2.15,2.12,2.09,2.06,2.03,2.01,1.98,1.96,1.94,6.16,6.15,6.15,6.14,6.14,6.13,6.13,6.12,6.12,6.11,265.18,0.00,1.00,1.00,0.00,0.00,0.00,-1.00,0,None,0,aggregation
160,305.54,remora8,remora2,28.25,28.25,28.27,28.27,28.36,28.36,28.49,28.49,28.58,28.58,29.91,29.91,29.91,29.91,29.95,29.95,29.99,29.99,30.02,30.02,1.91,1.89,1.86,1.83,1.80,1.77,1.74,1.71,1.69,1.66,6.11,6.11,6.10,6.10,6.09,6.09,6.08,6.08,6.07,6.07,271.38,0.00,1.00,1.00,0.00,0.00,0.00,-1.00,0,None,0,aggregation
160,306.54,remora8,remora2,0.00,0.00,0.00,0.00,0.00,0.00,0.00,0.00,0.00,0.00,0.00,0.00,0.00,0.00,0.00,0.00,0.00,0.00,0.00,0.00,1.65,1.66,1.66,1.67,1.67,1.67,1.66,1.66,1.66,1.66,6.06,6.06,6.06,6.06,6.06,6.06,6.06,6.06,6.06,6.06,247.61,0.00,1.00,1.00,0.00,0.00,0.00,-1.00,0,None,0,aggregation
160,307.54,remora8,remora2,0.00,0.00,0.00,0.00,0.00,0.00,0.00,0.00,0.00,0.00,0.00,0.00,0.00,0.00,0.00,0.00,0.00,0.00,0.00,0.00,1.66,1.67,1.67,1.68,1.68,1.68,1.68,1.68,1.69,1.69,6.06,6.06,6.06,6.06,6.06,6.06,6.05,6.06,6.06,6.06,222.84,0.00,1.00,1.00,0.00,0.00,0.00,-1.00,0,None,0,aggregation
160,308.54,remora8,remora2,0.00,0.00,0.00,0.00,0.00,0.00,0.00,0.00,0.00,0.00,0.00,0.00,0.00,0.00,0.00,0.00,0.00,0.00,0.00,0.00,1.69,1.69,1.69,1.68,1.68,1.68,1.69,1.69,1.69,1.70,6.06,6.06,6.05,6.05,6.05,6.05,6.05,6.05,6.05,6.05,197.11,0.00,1.00,1.00,0.00,0.00,0.00,-1.00,0,None,0,aggregation
160,309.54,remora8,remora2,0.00,0.00,0.00,0.00,0.00,0.00,0.00,0.00,0.00,0.00,0.00,0.00,0.00,0.00,0.00,0.00,0.00,0.00,0.00,0.00,1.70,1.71,1.72,1.72,1.73,1.73,1.72,1.72,1.71,1.71,6.05,6.05,6.05,6.06,6.06,6.06,6.06,6.06,6.05,6.05,170.43,0.00,1.00,1.00,0.00,0.00,0.00,-1.00,0,None,0,aggregation
160,310.54,remora8,remora2,0.00,0.00,0.00,0.00,0.00,0.00,0.00,0.00,0.00,0.00,0.00,0.00,0.00,0.00,0.00,0.00,0.00,0.00,0.00,0.00,1.71,1.71,1.71,1.72,1.72,1.73,1.73,1.74,1.75,1.75,6.05,6.05,6.05,6.05,6.06,6.06,6.06,6.06,6.06,6.06,142.98,0.00,1.00,1.00,0.00,0.00,0.00,-1.00,0,None,0,aggregation
160,311.54,remora8,remora2,0.00,0.00,0.00,0.00,0.00,0.00,0.00,0.00,0.00,0.00,0.00,0.00,0.00,0.00,0.00,0.00,0.00,0.00,0.00,0.00,1.76,1.76,1.75,1.75,1.75,1.75,1.76,1.76,1.77,1.78,6.07,6.06,6.06,6.06,6.06,6.07,6.07,6.07,6.07,6.08,115.04,0.00,1.00,1.00,0.00,0.00,0.00,-1.00,0,None,0,aggregation
160,312.54,remora8,remora2,0.00,0.00,0.00,0.00,0.00,0.00,0.00,0.00,0.00,0.00,0.00,0.00,0.00,0.00,0.00,0.00,0.00,0.00,0.00,0.00,1.78,1.78,1.78,1.77,1.77,1.78,1.78,1.79,1.80,1.80,6.08,6.08,6.08,6.08,6.08,6.09,6.09,6.09,6.09,6.10,86.72,0.00,1.00,1.00,0.00,0.00,0.00,-1.00,0,None,0,aggregation
160,313.54,remora8,remora2,0.00,0.00,0.00,0.00,0.00,0.00,0.00,0.00,0.00,0.00,0.00,0.00,0.00,0.00,0.00,0.00,0.00,0.00,0.00,0.00,1.80,1.80,1.80,1.81,1.82,1.82,1.83,1.82,1.82,1.82,6.10,6.10,6.10,6.10,6.10,6.11,6.11,6.11,6.11,6.12,58.08,0.00,1.00,1.00,0.00,0.00,0.00,-1.00,0,None,0,aggregation
160,314.54,remora8,remora2,0.00,0.00,0.00,0.00,0.00,0.00,0.00,0.00,0.00,0.00,0.00,0.00,0.00,0.00,0.00,0.00,0.00,0.00,0.00,0.00,1.82,1.82,1.83,1.83,1.84,1.85,1.85,1.86,1.87,1.86,6.12,6.13,6.13,6.13,6.14,6.14,6.14,6.15,6.15,6.15,29.17,0.00,1.00,0.00,0.00,0.00,0.00,-1.00,0,None,0,aggregation
160,315.54,remora8,remora2,0.00,0.00,0.00,0.00,0.00,0.00,0.00,0.00,0.00,0.00,0.00,0.00,0.00,0.00,0.00,0.00,0.00,0.00,0.00,0.00,1.86,1.86,1.86,1.86,1.87,1.87,1.88,1.89,1.89,1.90,6.15,6.15,6.16,6.16,6.17,6.17,6.18,6.18,6.18,6.19,0.00,0.00,1.00,0.00,0.00,0.00,0.00,-1.00,0,None,0,aggregation
160,316.54,remora8,remora2,0.00,0.00,0.00,0.00,0.00,0.00,0.00,0.00,0.00,0.00,0.00,0.00,0.00,0.00,0.00,0.00,0.00,0.00,0.00,0.00,1.90,1.90,1.90,1.90,1.90,1.90,1.91,1.91,1.92,1.93,6.19,6.19,6.20,6.20,6.20,6.21,6.21,6.22,6.22,6.23,0.00,0.00,1.00,0.00,0.00,0.00,0.00,-1.00,0,None,0,aggregation
160,317.54,remora8,remora2,0.00,0.00,0.00,0.00,0.00,0.00,0.00,0.00,0.00,0.00,0.00,0.00,0.00,0.00,0.00,0.00,0.00,0.00,0.00,0.00,1.93,1.94,1.95,1.94,1.94,1.94,1.94,1.95,1.95,1.96,6.23,6.24,6.24,6.24,6.25,6.25,6.26,6.26,6.27,6.27,0.00,0.00,1.00,0.00,0.00,0.00,0.00,-1.00,0,None,0,aggregation
160,318.54,remora8,remora2,0.00,0.00,0.00,0.00,0.00,0.00,0.00,0.00,0.00,0.00,0.00,0.00,0.00,0.00,0.00,0.00,0.00,0.00,0.00,0.00,1.96,1.97,1.98,1.99,1.99,1.99,1.99,1.98,1.98,1.99,6.28,6.28,6.29,6.30,6.30,6.30,6.31,6.31,6.32,6.32,0.00,0.00,1.00,0.00,0.00,0.00,0.00,-1.00,0,None,0,aggregation
160,319.54,remora8,remora2,0.00,0.00,0.00,0.00,0.00,0.00,0.00,0.00,0.00,0.00,0.00,0.00,0.00,0.00,0.00,0.00,0.00,0.00,0.00,0.00,1.99,2.00,2.00,2.01,2.01,2.02,2.02,2.02,2.02,2.02,6.33,6.33,6.34,6.34,6.35,6.36,6.36,6.36,6.37,6.37,0.00,0.00,1.00,0.00,0.00,0.00,0.00,-1.00,0,None,0,aggregation
160,320.54,remora8,remora2,0.00,0.00,0.00,0.00,0.00,0.00,0.00,0.00,0.00,0.00,0.00,0.00,0.00,0.00,0.00,0.00,0.00,0.00,0.00,0.00,2.02,2.02,2.02,2.03,2.03,2.04,2.05,2.05,2.06,2.05,6.38,6.38,6.39,6.40,6.40,6.41,6.42,6.42,6.43,6.43,0.00,0.00,1.00,0.00,0.00,0.00,0.00,-1.00,0,None,0,aggregation
160,321.54,remora8,remora2,0.00,0.00,0.00,0.00,0.00,0.00,0.00,0.00,0.00,0.00,0.00,0.00,0.00,0.00,0.00,0.00,0.00,0.00,0.00,0.00,2.05,2.05,2.05,2.05,2.05,2.06,2.06,2.07,2.07,2.08,6.44,6.44,6.45,6.45,6.46,6.47,6.47,6.48,6.49,6.49,0.00,0.00,1.00,0.00,0.00,0.00,0.00,-1.00,0,None,0,aggregation
160,322.54,remora8,remora2,0.00,0.00,0.00,0.00,0.00,0.00,0.00,0.00,0.00,0.00,0.00,0.00,0.00,0.00,0.00,0.00,0.00,0.00,0.00,0.00,2.08,2.08,2.08,2.07,2.07,2.08,2.08,2.08,2.09,2.09,6.50,6.51,6.51,6.52,6.52,6.53,6.53,6.54,6.54,6.55,0.00,0.00,1.00,0.00,0.00,0.00,0.00,-1.00,0,None,0,aggregation
160,323.54,remora8,remora2,0.00,0.00,0.00,0.00,0.00,0.00,0.00,0.00,0.00,0.00,0.00,0.00,0.00,0.00,0.00,0.00,0.00,0.00,0.00,0.00,2.10,2.10,2.11,2.10,2.10,2.11,2.12,2.12,2.13,2.12,6.56,6.57,6.58,6.59,6.60,6.62,4.37,4.38,4.39,4.39,0.00,0.00,1.00,0.00,0.00,0.00,0.00,-1.00,0,None,0,aggregation
160,324.54,remora8,remora2,0.00,0.00,0.00,0.00,0.00,0.00,0.00,0.00,0.00,0.00,0.00,0.00,0.00,0.00,0.00,0.00,0.00,0.00,0.00,0.00,2.12,2.12,2.11,2.12,2.12,2.13,2.14,2.15,2.15,2.14,4.40,4.40,4.40,4.41,4.42,4.42,4.43,4.44,4.45,4.45,0.00,0.00,1.00,0.00,0.00,0.00,0.00,-1.00,0,None,0,aggregation
160,325.54,remora8,remora2,0.00,0.00,0.00,0.00,0.00,0.00,0.00,0.00,0.00,0.00,0.00,0.00,0.00,0.00,0.00,0.00,0.00,0.00,0.00,0.00,2.14,2.14,2.14,2.14,2.15,2.16,2.16,2.17,2.17,2.17,4.45,4.45,4.46,4.46,4.47,4.47,4.47,4.48,4.48,4.48,0.00,0.00,1.00,0.00,0.00,0.00,0.00,-1.00,0,None,0,aggregation
160,326.54,remora8,remora2,0.00,0.00,0.00,0.00,-24.77,-24.77,-24.75,-24.75,-24.63,-24.63,0.00,0.00,0.00,0.00,-35.23,-35.23,-35.21,-35.21,-35.09,-35.09,2.17,2.18,2.19,2.19,2.21,2.23,2.26,2.29,2.31,2.35,4.48,4.48,4.49,4.49,4.50,4.52,4.55,4.58,4.60,4.63,17.97,0.00,1.00,0.00,0.00,0.00,0.00,-1.00,0,None,0,aggregation
160,327.54,remora8,remora2,-24.33,-24.33,-23.96,-23.96,-23.46,-23.46,-22.84,-22.84,-22.17,-22.17,-34.79,-34.79,-34.43,-34.43,-33.93,-33.93,-33.31,-33.31,-32.63,-32.63,2.38,2.41,2.44,2.48,2.51,2.54,2.57,2.60,2.63,2.66,4.66,4.68,4.71,4.73,4.76,4.78,4.80,4.83,4.85,4.87,46.55,0.00,1.00,1.00,0.00,0.00,0.00,-1.00,0,None,0,aggregation
160,328.54,remora8,remora2,-21.38,-21.38,-20.57,-19.47,-19.47,-19.47,-18.52,-17.37,-17.37,-17.37,-31.85,-31.85,-31.03,-29.93,-29.93,-29.93,-28.98,-27.84,-27.84,-27.84,2.68,2.71,2.74,2.76,2.79,2.81,2.84,2.86,2.88,2.89,4.89,4.92,4.94,4.96,4.97,4.99,5.01,5.03,5.05,5.06,71.02,0.00,1.00,1.00,0.00,0.00,0.00,-1.00,0,None,0,aggregation
160,329.54,remora8,remora2,-16.20,-16.20,-14.84,-14.84,-13.57,-13.57,-11.89,-11.89,-10.49,-10.49,-26.67,-26.67,-25.31,-25.31,-24.03,-24.03,-22.35,-22.35,-20.95,-20.95,2.91,2.93,2.95,2.97,2.98,3.00,3.02,3.03,3.05,3.06,5.08,5.09,5.11,5.12,5.14,5.15,5.16,5.18,5.19,5.20,89.65,0.00,0.00,1.00,0.00,0.00,0.00,-1.00,0,None,0,aggregation
160,330.54,remora8,remora2,-8.85,-8.85,-7.16,-7.16,-5.42,-5.42,-3.64,-3.64,-1.82,-1.82,-19.32,-19.32,-17.63,-17.63,-15.89,-15.89,-14.10,-14.10,-12.29,-12.29,3.07,3.08,3.09,3.10,3.11,3.12,3.13,3.12,3.13,3.13,5.22,5.23,5.23,5.25,5.26,5.27,5.28,5.28,5.29,5.30,100.26,0.00,0.00,1.00,0.00,0.00,0.00,-1.00,0,None,0,aggregation
160,331.54,remora8,remora2,0.02,0.02,2.10,4.19,4.19,4.19,4.19,5.98,7.83,7.83,-10.44,-10.44,-8.37,-6.28,-6.28,-6.28,-6.28,-4.30,-1.98,-1.98,3.14,3.15,3.15,3.16,3.16,3.15,3.15,3.16,3.16,3.17,5.31,5.32,5.33,5.34,5.35,5.35,5.36,5.37,5.38,5.40,102.70,0.00,0.00,1.00,0.00,0.00,0.00,-1.00,0,None,0,aggregation
160,332.54,remora8,remora2,9.68,9.68,11.50,11.50,13.10,13.10,14.68,14.68,16.21,16.21,0.33,0.33,2.61,2.61,4.64,4.64,6.63,6.63,8.58,8.58,3.17,3.18,3.18,3.18,3.17,3.18,3.19,3.20,3.21,3.22,5.41,5.42,5.43,5.44,5.46,5.47,5.49,5.50,5.52,5.54,111.50,0.00,0.00,1.00,0.00,0.00,0.00,-1.00,0,None,0,aggregation
160,333.54,remora8,remora2,17.69,17.69,18.96,20.18,20.18,20.18,21.35,21.35,22.19,22.19,10.48,10.48,12.12,13.72,13.72,13.72,15.26,15.26,16.38,16.38,3.23,3.23,3.23,3.23,3.23,3.25,3.26,3.27,3.29,3.31,5.56,5.57,5.59,5.61,5.63,5.65,5.67,5.70,5.72,5.75,128.47,0.00,0.00,1.00,0.00,0.00,0.00,-1.00,0,None,0,aggregation
160,334.54,remora8,remora2,23.26,23.26,24.02,24.02,24.85,24.85,25.64,25.64,26.26,26.26,17.82,17.82,18.85,18.85,20.02,20.02,21.12,21.12,22.03,22.03,3.32,3.34,3.36,3.37,3.37,3.38,3.39,3.41,3.43,3.45,5.78,5.81,5.83,5.86,5.88,5.91,5.94,5.97,6.00,6.03,150.86,0.00,0.00,1.00,0.00,0.00,0.00,-1.00,0,None,0,aggregation
160,335.54,remora8,remora2,26.85,26.85,27.30,27.30,27.64,27.64,28.12,28.12,28.41,28.41,22.89,22.89,23.58,23.58,24.11,24.11,24.86,24.86,25.34,25.34,3.47,3.49,3.51,3.54,3.56,3.59,3.61,3.64,3.67,3.69,6.06,6.09,6.12,6.16,6.19,6.23,6.27,6.52,6.56,6.60,176.77,0.00,0.00,1.00,0.00,0.00,0.00,-1.00,0,None,0,aggregation
160,140.54,remora8,remora0,0.50,2.05,2.05,3.12,4.62,4.62,4.62,5.13,5.13,4.00,-9.96,-8.41,-8.41,-7.35,-5.84,-5.84,-5.84,-5.34,-5.34,-6.46,3.79,3.79,3.79,3.78,3.78,3.78,3.78,3.78,3.78,3.78,5.00,5.00,5.00,5.01,5.01,5.01,5.01,5.01,5.01,5.01,66.30,0.00,0.00,1.00,0.00,0.00,0.00,-1.00,0,None,0,aggregation
160,141.54,remora8,remora0,4.00,5.81,5.81,5.86,5.86,6.50,6.50,7.51,7.51,8.52,-6.46,-4.51,-4.51,-4.45,-4.45,-3.65,-3.65,-2.38,-2.38,-1.13,3.78,3.78,3.78,3.78,3.78,3.78,3.78,3.78,3.78,3.78,5.01,5.01,5.01,5.01,5.01,5.01,5.01,5.01,5.01,5.01,57.13,0.00,0.00,1.00,0.00,0.00,0.00,-1.00,0,None,0,aggregation
160,142.54,remora8,remora0,8.52,9.47,10.57,10.57,10.57,11.89,11.89,12.46,12.46,13.05,-1.13,0.06,1.45,1.45,1.45,3.11,3.11,3.82,3.82,4.56,3.79,3.79,3.79,3.80,3.80,3.81,3.81,3.82,3.83,3.83,5.01,5.01,5.01,5.02,5.02,5.02,5.02,5.02,5.03,5.03,59.06,0.00,0.00,1.00,0.00,0.00,0.00,-1.00,0,None,0,aggregation
160,143.54,remora8,remora0,14.50,14.50,15.01,15.01,15.01,16.08,16.08,16.41,16.41,17.43,6.41,6.41,7.06,7.06,7.06,8.42,8.42,8.84,8.84,10.15,3.84,3.85,3.85,3.86,3.87,3.89,3.90,3.91,3.92,3.93,5.03,5.03,5.03,5.03,5.03,5.03,5.02,5.02,5.02,5.01,63.00,0.00,0.00,1.00,0.00,0.00,0.00,-1.00,0,None,0,aggregation
160,144.54,remora8,remora0,17.43,18.14,18.14,18.74,18.74,19.05,19.05,20.05,20.05,20.72,10.15,11.06,11.06,11.83,11.83,12.24,12.24,13.55,13.55,14.43,3.95,3.96,3.98,3.99,4.01,4.02,4.03,4.05,4.06,4.08,5.01,5.01,5.00,5.00,5.00,4.99,4.99,4.98,4.98,4.97,68.71,0.00,0.00,1.00,0.00,0.00,0.00,-1.00,0,None,0,aggregation
160,145.54,remora8,remora0,20.72,21.76,21.76,22.38,22.38,22.48,22.48,22.47,22.47,23.10,14.43,15.80,15.80,16.63,16.63,16.76,16.76,16.75,16.75,17.60,4.10,4.12,4.14,4.16,4.18,4.20,4.22,4.23,4.25,4.27,4.96,4.96,4.95,4.95,4.94,4.93,4.93,4.92,4.91,4.90,76.41,0.00,0.00,1.00,0.00,0.00,0.00,-1.00,0,None,0,aggregation
160,146.54,remora8,remora0,23.10,23.01,23.01,22.65,22.65,22.09,22.09,21.41,21.41,21.27,17.60,17.48,17.48,17.00,17.00,16.24,16.24,15.33,15.33,15.14,4.29,4.31,4.33,4.35,4.37,4.39,4.41,4.42,4.44,4.43,4.89,4.89,4.88,4.87,4.86,4.85,4.84,4.84,4.83,4.82,86.66,0.00,0.00,1.00,0.00,0.00,0.00,-1.00,0,None,0,aggregation
160,147.54,remora8,remora0,21.27,20.72,20.72,19.57,19.57,18.90,18.90,17.32,17.32,15.19,15.14,14.42,14.42,12.91,12.91,12.04,12.04,10.01,10.01,7.29,4.38,4.34,4.30,4.26,4.22,4.18,4.14,4.10,4.07,4.03,4.81,4.80,4.79,4.78,4.77,4.76,4.75,4.74,4.73,4.72,97.49,0.00,0.00,1.00,0.00,0.00,0.00,-1.00,0,None,0,aggregation
160,148.54,remora8,remora0,13.08,13.08,13.08,11.43,11.43,9.45,9.45,9.41,7.58,7.58,4.61,4.61,4.61,2.53,2.53,0.04,0.04,-0.01,-2.30,-2.30,4.00,3.97,3.94,3.91,3.89,3.87,3.85,3.83,3.81,3.80,4.72,4.71,4.70,4.70,4.69,4.68,4.68,4.67,4.67,4.66,101.38,0.00,0.00,1.00,0.00,0.00,0.00,-1.00,0,None,0,aggregation
160,149.54,remora8,remora0,7.58,7.02,7.02,5.76,5.76,8.77,9.65,9.65,9.65,8.42,-2.30,-2.99,-2.99,-4.57,-4.57,-0.81,0.29,0.29,0.29,-1.24,3.79,3.78,3.77,3.76,3.75,3.74,3.73,3.72,3.71,3.70,4.66,4.66,4.66,4.66,4.67,4.68,4.69,4.69,4.69,4.69,100.46,0.00,0.00,1.00,0.00,0.00,0.00,-1.00,0,None,0,aggregation
160,150.54,remora8,remora0,8.42,8.54,8.54,11.32,12.39,12.39,12.39,13.22,11.64,11.64,-1.24,-1.10,-1.10,2.39,3.74,3.74,3.74,4.78,2.80,2.80,3.70,3.69,3.68,3.67,3.66,3.65,3.64,3.63,3.62,3.61,4.69,4.70,4.71,4.71,4.72,4.72,4.72,4.72,4.71,4.71,105.36,0.00,0.00,1.00,0.00,0.00,0.00,-1.00,0,None,0,aggregation
160,151.54,remora8,remora0,11.64,12.53,12.53,11.44,11.44,11.90,11.90,12.12,12.12,13.62,2.80,3.91,3.91,2.54,2.54,3.12,3.12,3.39,3.39,5.29,3.61,3.60,3.59,3.58,3.58,3.57,3.56,3.56,3.55,3.54,4.71,4.71,4.71,4.71,4.71,4.71,4.72,4.72,4.72,4.73,111.56,0.00,0.00,1.00,0.00,0.00,0.00,-1.00,0,None,0,aggregation
160,152.54,remora8,remora0,13.91,13.91,13.91,13.56,12.93,12.93,12.93,11.16,13.28,13.28,5.66,5.66,5.66,5.21,4.42,4.42,4.42,2.19,4.86,4.86,3.54,3.53,3.53,3.52,3.52,3.51,3.51,3.51,3.51,3.50,4.73,4.73,4.73,4.73,4.73,4.73,4.73,4.74,4.74,4.75,113.86,0.00,0.00,1.00,0.00,0.00,0.00,-1.00,0,None,0,aggregation
160,153.54,remora8,remora0,15.90,15.90,15.90,16.71,16.71,16.17,16.17,15.98,15.98,16.73,8.19,8.19,8.19,9.22,9.22,8.53,8.53,8.29,8.29,9.25,3.50,3.50,3.51,3.51,3.51,3.52,3.52,3.53,3.53,3.54,4.76,4.77,4.77,4.77,4.77,4.77,4.78,4.78,4.79,4.80,114.51,0.00,0.00,1.00,0.00,0.00,0.00,-1.00,0,None,0,aggregation
160,154.54,remora8,remora0,16.73,16.80,16.80,16.94,16.94,14.56,14.56,14.47,14.47,12.63,9.25,9.33,9.33,9.52,9.52,6.48,6.48,6.37,6.37,4.04,3.54,3.55,3.55,3.56,3.57,3.57,3.58,3.59,3.59,3.60,4.80,4.81,4.81,4.81,4.81,4.82,4.82,4.83,4.84,4.84,110.49,0.00,0.00,1.00,0.00,0.00,0.00,-1.00,0,None,0,aggregation
160,155.54,remora8,remora0,12.63,13.30,12.03,12.03,12.03,10.90,10.90,10.32,10.32,11.87,4.04,4.89,3.29,3.29,3.29,1.86,1.86,1.13,1.13,3.09,3.60,3.61,3.62,3.62,3.63,3.63,3.64,3.64,3.65,3.65,4.85,4.85,4.86,4.86,4.87,4.87,4.88,4.89,4.90,4.90,98.40,0.00,0.00,1.00,0.00,0.00,0.00,-1.00,0,None,0,aggregation
160,156.54,remora8,remora0,11.57,11.57,11.57,12.93,10.95,10.95,10.95,11.91,11.91,10.08,2.70,2.70,2.70,4.42,1.93,1.93,1.93,3.13,3.13,0.83,3.66,3.67,3.68,3.68,3.67,3.67,3.67,3.67,3.66,3.66,4.91,4.92,4.92,4.93,4.94,4.95,4.96,4.96,4.97,4.98,86.02,0.00,0.00,1.00,0.00,0.00,0.00,-1.00,0,None,0,aggregation
160,157.54,remora8,remora0,10.08,11.06,11.06,10.85,10.85,9.90,9.09,9.09,9.09,8.53,0.83,2.07,2.07,1.80,1.80,0.61,-0.41,-0.41,-0.41,-1.11,3.65,3.65,3.65,3.64,3.64,3.63,3.63,3.63,3.63,3.63,4.99,5.00,5.01,5.02,5.03,5.04,5.05,5.06,5.07,5.08,75.80,0.00,0.00,1.00,0.00,0.00,0.00,-1.00,0,None,0,aggregation
160,158.54,remora8,remora0,10.23,10.23,10.47,10.47,10.47,9.22,9.22,10.46,10.46,9.36,1.03,1.03,1.32,1.32,1.32,-0.24,-0.24,1.32,1.32,-0.07,3.63,3.63,3.64,3.64,3.65,3.65,3.65,3.66,3.66,3.66,5.09,5.10,5.12,5.13,5.14,5.16,5.17,5.18,5.20,5.21,75.25,0.00,0.00,1.00,0.00,0.00,0.00,-1.00,0,None,0,aggregation
160,159.54,remora8,remora0,9.36,9.86,10.97,10.97,10.97,10.05,10.05,9.36,9.36,9.61,-0.07,0.56,1.95,1.95,1.95,0.80,0.80,-0.07,-0.07,0.24,3.67,3.67,3.67,3.68,3.68,3.68,3.69,3.69,3.69,3.70,5.22,5.24,5.25,5.27,5.28,5.30,5.31,5.33,5.34,5.36,77.64,0.00,0.00,1.00,0.00,0.00,0.00,-1.00,0,None,0,aggregation
160,160.54,remora8,remora0,9.61,9.12,9.12,9.12,9.12,8.80,8.80,9.52,9.10,9.10,0.24,-0.38,-0.38,-0.37,-0.37,-0.77,-0.77,0.13,-0.39,-0.39,3.70,3.70,3.70,3.71,3.71,3.71,3.72,3.72,3.73,3.73,5.37,5.39,5.40,5.42,5.43,5.45,5.46,5.48,5.50,5.51,75.49,0.00,0.00,1.00,0.00,0.00,0.00,-1.00,0,None,0,aggregation
160,161.54,remora8,remora0,9.10,9.58,9.58,10.07,10.07,9.99,9.99,10.11,10.11,10.25,-0.39,0.21,0.21,0.83,0.83,0.72,0.72,0.88,0.88,1.05,3.74,3.75,3.75,3.76,3.77,3.78,3.79,3.81,3.82,3.83,5.53,5.55,5.56,5.58,5.60,5.62,5.64,5.65,5.67,5.69,72.97,0.00,0.00,1.00,0.00,0.00,0.00,-1.00,0,None,0,aggregation
160,162.54,remora8,remora0,10.25,11.03,11.03,10.90,11.13,11.13,11.13,11.51,11.51,11.74,1.05,2.03,2.03,1.87,2.16,2.16,2.16,2.62,2.62,2.91,3.85,3.86,3.88,3.90,3.92,3.94,3.96,3.98,4.00,4.03,5.71,5.73,5.75,5.77,5.79,5.81,5.83,5.85,5.87,4.52,70.66,0.00,0.00,1.00,0.00,0.00,0.00,-1.00,0,None,0,aggregation
160,163.54,remora8,remora0,11.74,12.16,12.16,12.51,12.51,13.00,13.00,13.15,13.15,13.19,2.91,3.45,3.45,3.88,3.88,4.51,4.51,4.69,4.69,4.75,4.05,4.08,4.10,4.13,4.16,4.19,4.22,4.25,4.28,4.31,4.53,4.54,4.54,4.56,4.58,4.59,4.60,4.30,4.32,4.34,66.62,0.00,0.00,1.00,0.00,0.00,0.00,-1.00,0,None,0,aggregation
160,164.54,remora8,remora0,13.19,13.79,13.79,13.78,13.78,14.87,14.87,14.59,14.59,15.22,4.75,5.51,5.51,5.50,5.50,6.87,6.87,6.52,6.52,7.32,4.34,4.36,4.38,4.39,4.39,4.39,4.40,4.40,4.41,4.42,4.35,4.37,4.38,4.40,4.41,4.43,4.44,4.45,4.47,4.48,65.20,0.00,0.00,1.00,0.00,0.00,0.00,-1.00,0,None,0,aggregation
160,165.54,remora8,remora0,15.60,15.60,15.60,16.13,16.13,17.23,17.23,17.42,17.42,17.80,7.81,7.81,7.81,8.48,8.48,9.89,9.89,10.13,10.13,10.62,4.43,4.43,4.43,4.44,4.44,4.45,4.46,4.47,4.48,4.50,4.50,4.51,4.52,4.53,4.54,4.56,4.57,4.59,4.60,4.62,70.85,0.00,0.00,1.00,0.00,0.00,0.00,-1.00,0,None,0,aggregation
160,166.54,remora8,remora0,17.80,18.36,18.36,18.54,18.54,19.05,19.05,19.50,20.14,20.14,10.62,11.35,11.35,11.58,11.58,12.24,12.24,12.82,13.66,13.66,4.51,4.52,4.54,4.55,4.56,4.57,4.59,4.60,4.62,4.64,4.63,4.65,4.67,4.68,4.70,4.71,4.73,4.75,4.76,4.78,79.39,0.00,0.00,1.00,0.00,0.00,0.00,-1.00,0,None,0,aggregation
160,167.54,remora8,remora0,20.14,20.19,20.31,20.31,20.31,21.11,21.11,21.19,21.44,21.44,13.66,13.72,13.88,13.88,13.88,14.94,14.94,15.05,15.38,15.38,4.65,4.66,4.67,4.69,4.70,4.72,4.73,4.75,4.77,4.79,4.80,4.81,4.83,4.84,4.86,4.87,4.89,4.91,4.92,4.94,91.68,0.00,0.00,1.00,0.00,0.00,0.00,-1.00,0,None,0,aggregation
160,168.54,remora8,remora0,21.44,21.75,21.75,22.28,22.28,22.32,22.32,22.22,22.22,22.90,15.38,15.79,15.79,16.50,16.50,16.55,16.55,16.42,16.42,17.34,4.81,4.83,4.85,4.87,4.89,4.92,4.93,4.95,4.97,4.99,4.96,4.98,4.99,5.01,5.03,5.05,5.06,5.08,5.09,5.11,105.48,0.00,0.00,1.00,0.00,0.00,0.00,-1.00,0,None,0,aggregation
160,169.54,remora8,remora0,22.90,23.42,23.42,23.39,23.39,24.02,24.59,24.59,24.59,24.83,17.34,18.04,18.04,18.00,18.00,18.86,19.64,19.64,19.64,19.98,5.02,5.04,5.06,5.07,5.30,5.31,5.33,5.33,5.34,5.35,5.13,5.15,5.16,5.18,5.30,5.31,5.33,5.33,5.34,5.35,121.37,0.00,0.00,1.00,0.00,0.00,0.00,-1.00,0,None,0,aggregation
160,209.54,remora8,remora0,30.17,30.17,30.17,30.14,30.14,30.11,30.11,30.08,30.08,30.04,29.19,29.19,29.19,29.02,29.02,28.90,28.90,28.78,28.78,28.65,3.16,3.14,3.12,3.10,3.08,3.07,3.05,3.03,3.01,2.99,3.16,3.14,3.12,3.10,3.08,3.07,3.05,3.03,3.01,2.99,293.34,0.00,0.00,1.00,0.00,0.00,0.00,-1.00,0,None,0,aggregation
160,210.54,remora8,remora0,30.04,30.00,30.00,29.95,29.95,29.92,29.87,29.87,29.80,29.80,28.65,28.51,28.51,28.37,28.37,28.29,28.14,28.14,27.99,27.99,2.98,2.96,2.94,2.93,2.91,2.90,2.88,2.87,2.85,2.84,2.98,2.96,2.94,2.93,2.91,2.90,2.88,2.87,2.85,2.84,292.45,0.00,1.00,1.00,0.00,0.00,0.00,-1.00,0,None,0,aggregation
160,211.54,remora8,remora0,29.77,29.77,29.77,29.73,29.73,29.66,29.66,29.58,29.58,29.58,27.91,27.91,27.91,27.83,27.83,27.66,27.66,27.49,27.49,27.49,2.83,2.81,2.80,2.79,2.78,2.77,2.76,2.75,2.74,2.73,2.83,2.81,2.80,2.79,2.78,2.77,2.76,2.75,2.74,2.73,291.15,0.00,1.00,1.00,0.00,0.00,0.00,-1.00,0,None,0,aggregation
160,212.54,remora8,remora0,29.58,29.49,29.49,29.45,29.45,29.40,29.35,29.35,29.35,29.30,27.49,27.31,27.31,27.22,27.22,27.12,27.03,27.03,27.03,26.93,2.72,2.71,2.71,2.70,2.69,2.69,2.68,2.68,2.67,2.67,2.72,2.71,2.71,2.70,2.69,2.69,2.68,2.68,2.67,2.67,289.45,0.00,1.00,1.00,0.00,0.00,0.00,-1.00,0,None,0,aggregation
160,213.54,remora8,remora0,29.30,29.25,29.20,29.20,29.20,29.20,29.20,29.26,29.26,29.32,26.93,26.84,26.74,26.74,26.74,26.74,26.74,26.85,26.85,26.96,2.67,2.67,2.66,2.66,2.66,2.66,2.66,2.66,2.66,2.66,2.67,2.67,2.66,2.66,2.66,2.66,2.66,2.66,2.66,2.66,293.48,0.00,1.00,1.00,0.00,0.00,0.00,-1.00,0,None,0,aggregation
160,214.54,remora8,remora0,29.32,29.37,29.44,29.44,29.44,29.50,29.50,29.59,29.65,29.65,26.96,27.06,27.21,27.21,27.21,27.32,27.32,27.52,27.64,27.64,2.66,2.66,2.66,2.66,2.66,2.66,2.66,2.67,2.67,2.67,2.66,2.66,2.66,2.66,2.66,2.66,2.66,2.67,2.67,2.67,291.88,0.00,1.00,1.00,0.00,0.00,0.00,-1.00,0,None,0,aggregation
160,215.54,remora8,remora0,29.65,29.74,29.74,29.79,29.86,29.86,29.86,29.92,29.92,29.96,27.64,27.84,27.84,27.95,28.13,28.13,28.13,28.28,28.28,28.39,2.67,2.67,2.68,2.68,2.68,2.68,2.68,2.69,2.69,2.69,2.67,2.67,2.68,2.68,2.68,2.68,2.68,2.69,2.69,2.69,290.83,0.00,1.00,1.00,0.00,0.00,0.00,-1.00,0,None,0,aggregation
160,216.54,remora8,remora0,29.96,29.98,30.03,30.03,30.03,30.07,30.07,30.09,30.09,30.09,28.39,28.46,28.62,28.62,28.62,28.74,28.74,28.82,28.82,28.81,2.69,2.70,2.70,2.70,2.71,2.71,2.71,2.71,2.72,2.72,2.69,2.70,2.70,2.70,2.71,2.71,2.71,2.71,2.72,2.72,290.19,0.00,1.00,1.00,0.00,0.00,0.00,-1.00,0,None,0,aggregation
160,217.54,remora8,remora0,30.09,30.13,30.15,30.15,30.15,30.16,30.16,30.16,30.18,30.18,28.81,29.00,29.10,29.10,29.10,29.12,29.12,29.15,29.29,29.29,2.72,2.73,2.73,2.73,2.73,2.74,2.74,2.74,2.75,2.75,2.72,2.73,3.61,3.61,3.60,3.60,3.59,3.59,3.59,3.58,289.84,0.00,1.00,1.00,0.00,0.00,0.00,-1.00,0,None,0,aggregation
160,218.54,remora8,remora0,30.18,30.18,30.18,30.18,30.18,30.19,30.19,30.18,30.18,30.18,29.29,29.32,29.32,29.31,29.31,29.45,29.45,29.48,29.50,29.50,2.75,2.76,2.76,2.76,2.77,2.77,2.77,2.78,2.78,2.78,4.88,4.88,4.89,4.90,4.90,4.91,4.92,5.41,5.42,5.43,289.78,0.00,1.00,1.00,0.00,0.00,0.00,-1.00,0,None,0,aggregation
160,219.54,remora8,remora0,30.18,30.18,30.18,30.18,30.18,30.18,30.18,30.18,30.17,30.17,29.50,29.56,29.56,29.52,29.52,29.52,29.52,29.60,29.61,29.61,2.79,2.79,2.79,2.80,2.80,2.80,2.81,2.81,2.81,2.82,5.44,5.46,5.47,5.48,5.49,5.50,5.52,5.53,5.54,5.55,290.11,0.00,1.00,1.00,0.00,0.00,0.00,-1.00,0,None,0,aggregation
160,220.54,remora8,remora0,30.17,30.17,30.17,30.17,30.17,30.17,30.17,30.18,30.18,30.18,29.66,29.66,29.66,29.66,29.66,29.66,29.66,29.55,29.55,29.41,2.82,2.83,2.83,2.83,2.81,2.78,2.74,2.71,2.67,2.64,5.57,5.58,5.59,5.61,5.61,5.62,5.62,5.62,5.63,5.63,290.89,0.00,1.00,1.00,0.00,0.00,0.00,-1.00,0,None,0,aggregation
160,221.54,remora8,remora0,30.18,30.18,30.18,30.17,30.17,30.16,30.16,30.13,30.13,30.08,29.41,29.38,29.38,29.21,29.21,29.16,29.16,28.98,28.98,28.79,2.60,2.57,2.54,2.50,2.49,2.48,2.47,2.44,2.41,2.37,5.64,5.64,5.64,5.65,5.66,5.67,5.68,5.68,5.69,5.70,291.86,0.00,1.00,1.00,0.00,0.00,0.00,-1.00,0,None,0,aggregation
160,222.54,remora8,remora0,30.08,30.05,30.05,29.99,29.99,29.94,29.94,29.82,29.82,29.70,28.79,28.68,28.68,28.47,28.47,28.33,28.33,28.03,28.03,27.74,2.34,2.31,2.28,2.26,2.23,2.22,2.22,2.21,2.19,2.17,5.70,5.71,5.72,5.72,5.73,5.74,5.76,5.77,5.78,5.79,292.71,0.00,1.00,1.00,0.00,0.00,0.00,-1.00,0,None,0,aggregation
160,223.54,remora8,remora0,29.70,29.61,29.61,29.46,29.46,29.38,29.28,29.28,29.28,29.12,27.74,27.56,27.56,27.25,27.25,27.08,26.89,26.89,26.89,26.58,2.14,2.11,2.09,2.06,2.04,2.01,1.99,1.97,1.95,1.93,5.79,5.80,5.81,5.82,5.83,5.84,5.85,5.86,5.87,5.88,292.98,0.00,1.00,1.00,0.00,0.00,0.00,-1.00,0,None,0,aggregation
160,224.54,remora8,remora0,29.12,28.80,28.80,28.49,28.22,28.22,28.22,27.81,27.81,27.50,26.58,26.00,26.00,25.48,25.03,25.03,25.03,24.37,24.37,23.88,1.92,1.91,1.89,1.88,1.87,1.86,1.86,1.85,1.85,1.84,5.89,5.90,5.92,5.93,5.94,5.96,5.97,5.99,6.00,6.02,291.31,0.00,1.00,1.00,0.00,0.00,0.00,-1.00,0,None,0,aggregation
160,225.54,remora8,remora0,27.50,27.12,26.68,26.68,26.29,26.29,26.29,26.07,26.07,25.72,23.88,23.31,22.64,22.64,22.07,22.07,22.07,21.75,21.75,21.25,1.84,1.84,1.84,1.85,1.85,1.85,1.86,1.86,1.87,1.88,6.03,6.05,6.06,6.08,6.09,6.11,6.13,6.15,6.16,6.18,286.78,0.00,1.00,1.00,0.00,0.00,0.00,-1.00,0,None,0,aggregation
160,226.54,remora8,remora0,25.72,25.52,25.33,25.33,25.33,25.15,25.15,24.99,25.26,25.26,21.25,20.95,20.70,20.70,20.70,20.44,20.44,20.21,20.59,20.59,1.89,1.90,1.91,1.92,1.93,1.94,1.94,1.92,1.90,1.88,6.20,6.22,6.23,6.25,6.27,6.29,6.31,6.32,6.33,6.34,280.40,0.00,1.00,1.00,0.00,0.00,0.00,-1.00,0,None,0,aggregation
160,227.54,remora8,remora0,25.26,25.40,25.40,25.55,25.48,25.48,25.42,25.42,25.40,25.40,20.59,20.79,20.79,21.01,20.90,20.90,20.82,20.82,20.78,20.78,1.87,1.85,1.84,1.84,1.85,1.86,1.86,1.87,1.88,1.89,6.35,6.36,6.38,6.40,6.42,6.43,5.27,5.29,5.31,5.33,273.89,0.00,1.00,1.00,0.00,0.00,0.00,-1.00,0,None,0,aggregation
160,228.54,remora8,remora0,25.40,25.40,25.40,25.52,25.52,25.57,25.57,25.80,25.80,25.87,20.78,20.79,20.79,20.96,20.96,21.03,21.03,21.36,21.36,21.46,1.90,1.91,1.92,1.93,1.94,1.95,1.96,1.97,1.99,2.00,5.35,5.37,5.39,5.40,5.42,5.44,5.46,5.48,5.51,5.53,267.42,0.00,1.00,1.00,0.00,0.00,0.00,-1.00,0,None,0,aggregation
160,229.54,remora8,remora0,25.87,26.06,26.06,26.26,26.26,26.26,26.26,26.46,26.46,26.66,21.46,21.73,21.73,22.03,22.03,22.03,22.03,22.32,22.32,22.61,2.01,2.02,2.03,2.04,2.05,2.07,2.08,2.09,2.10,2.11,5.55,5.58,5.60,5.62,5.64,5.67,5.69,5.71,5.73,5.75,261.70,0.00,1.00,1.00,0.00,0.00,0.00,-1.00,0,None,0,aggregation
160,230.54,remora8,remora0,26.66,26.75,26.75,26.94,26.94,27.12,27.12,27.30,27.30,27.30,22.61,22.75,22.75,23.03,23.03,23.31,23.31,23.58,23.58,23.58,2.12,2.13,2.14,2.15,2.16,2.17,2.18,2.19,2.20,2.21,5.77,5.79,5.81,5.83,5.85,5.87,5.89,5.91,5.92,5.94,256.90,0.00,1.00,1.00,0.00,0.00,0.00,-1.00,0,None,0,aggregation
160,231.54,remora8,remora0,27.30,27.47,27.47,3.00,3.00,3.62,3.62,4.57,5.55,5.55,23.58,23.85,23.85,-12.69,-12.69,-12.08,-12.08,-11.13,-10.15,-10.15,2.22,2.23,2.24,2.26,2.29,2.33,2.36,2.39,2.43,2.46,5.96,5.98,6.00,6.01,6.02,6.02,6.03,6.04,6.05,6.05,237.51,0.00,1.00,1.00,0.00,0.00,0.00,-1.00,0,None,0,aggregation
160,232.54,remora8,remora0,5.55,6.56,6.56,7.59,7.59,8.23,8.23,8.73,8.73,9.18,-10.15,-9.14,-9.14,-8.11,-8.11,-6.69,-6.69,-5.19,-5.19,-3.79,2.49,2.52,2.55,2.58,2.61,2.64,2.67,2.70,2.72,2.75,6.06,6.07,6.07,6.08,6.09,6.09,6.10,6.11,6.11,6.12,209.68,0.00,1.00,1.00,0.00,0.00,0.00,-1.00,0,None,0,aggregation
160,233.54,remora8,remora0,9.18,9.58,9.58,9.93,9.93,10.23,10.23,10.48,10.48,10.69,-3.79,-2.50,-2.50,-1.32,-1.32,-0.24,-0.24,0.74,0.74,1.62,2.78,2.80,2.83,2.86,2.88,2.91,2.93,2.95,2.98,3.00,6.12,6.13,6.13,6.14,6.14,6.15,6.15,6.15,6.16,6.16,185.96,0.00,1.00,1.00,0.00,0.00,0.00,-1.00,0,None,0,aggregation
160,234.54,remora8,remora0,10.69,20.34,20.34,19.52,19.52,20.02,20.02,20.34,20.81,20.81,1.62,25.08,25.08,24.50,24.50,24.85,24.85,25.08,25.42,25.42,3.03,3.05,3.06,3.07,3.09,3.10,3.11,3.12,3.14,3.15,6.16,6.16,6.16,6.16,6.16,6.16,6.16,6.16,6.16,6.16,180.17,0.00,0.00,1.00,1.00,0.00,1.00,-1.00,0,None,0,aggregation
160,235.54,remora8,remora0,21.28,21.28,21.28,21.73,21.73,22.03,22.47,22.47,22.89,22.89,25.74,25.74,25.74,26.06,26.06,26.26,26.56,26.56,26.85,26.85,3.16,3.17,3.18,3.19,3.20,3.21,3.23,3.24,3.24,3.25,6.16,6.16,6.16,6.16,6.16,6.16,6.16,6.16,6.16,6.16,179.88,0.00,0.00,1.00,0.00,0.00,0.00,-1.00,0,None,0,aggregation
160,236.54,remora8,remora0,23.17,23.17,23.17,23.45,23.71,23.71,23.71,24.24,24.49,24.49,27.03,27.03,27.03,27.21,27.39,27.39,27.39,27.72,27.89,27.89,3.26,3.27,3.28,3.29,3.30,3.30,3.31,3.32,3.33,3.33,6.17,6.17,6.17,6.18,6.18,6.18,6.19,6.19,6.20,6.20,182.47,0.00,0.00,1.00,0.00,0.00,0.00,-1.00,0,None,0,aggregation
160,237.54,remora8,remora0,24.49,24.74,24.74,24.98,24.98,25.22,25.45,25.45,25.45,25.68,27.89,28.04,28.04,28.19,28.19,28.34,28.48,28.48,28.48,28.61,3.34,3.34,3.35,3.36,3.36,3.37,3.37,3.38,3.38,3.38,6.21,6.22,6.22,6.23,6.24,6.25,7.19,7.19,7.20,7.20,186.05,0.00,0.00,1.00,0.00,0.00,0.00,-1.00,0,None,0,aggregation
160,238.54,remora8,remora0,25.68,25.90,25.90,26.12,26.12,26.33,26.33,26.54,26.54,26.64,28.61,28.74,28.74,28.86,28.86,28.98,28.98,29.09,29.09,29.15,3.39,3.39,3.40,3.40,3.40,3.40,3.41,3.41,3.41,3.41,7.21,7.22,7.22,7.23,7.24,7.24,7.25,7.26,7.27,7.28,190.29,0.00,0.00,1.00,0.00,0.00,0.00,-1.00,0,None,0,aggregation
160,239.54,remora8,remora0,26.64,26.84,26.93,26.93,26.93,27.12,27.12,27.31,27.31,27.40,29.15,29.25,29.30,29.30,29.30,29.40,29.40,29.49,29.49,29.54,3.42,3.42,3.42,3.42,3.42,3.42,3.43,3.43,3.43,3.43,7.29,7.30,7.31,7.32,7.33,7.34,7.35,7.37,7.38,7.39,194.35,0.00,0.00,1.00,0.00,0.00,0.00,-1.00,0,None,0,aggregation
160,240.54,remora8,remora0,27.40,27.57,27.57,27.66,27.83,27.83,27.83,27.91,27.91,27.99,29.54,29.62,29.62,29.66,29.73,29.73,29.73,29.77,29.77,29.80,3.43,3.43,3.43,3.43,3.43,3.43,3.43,3.43,3.43,3.43,7.41,7.42,7.44,7.45,6.62,6.64,6.66,6.67,6.69,6.71,197.99,0.00,0.00,1.00,0.00,0.00,0.00,-1.00,0,None,0,aggregation
160,241.54,remora8,remora0,28.14,28.14,28.14,28.14,28.14,28.29,28.29,28.29,28.37,28.37,29.87,29.87,29.87,29.87,29.87,29.92,29.92,29.92,29.95,29.95,3.41,3.38,3.36,3.33,3.30,3.27,3.25,3.22,3.19,3.17,6.73,6.74,6.75,6.76,6.77,6.79,6.80,6.81,6.83,6.84,216.78,0.00,0.00,1.00,0.00,0.00,0.00,-1.00,0,None,0,aggregation
160,242.54,remora8,remora0,28.37,28.44,28.44,28.58,28.58,28.71,28.71,28.78,28.78,28.90,29.95,29.97,29.97,30.02,30.02,30.06,30.06,30.08,30.08,30.11,3.15,3.14,3.13,3.12,3.12,3.11,8.13,8.17,8.20,8.22,6.86,6.88,6.90,6.92,6.94,6.97,8.94,8.97,9.01,9.04,244.79,0.00,0.00,1.00,0.00,0.00,0.00,-1.00,0,None,0,aggregation
160,243.54,remora8,remora0,28.90,29.02,29.14,29.14,29.14,29.19,29.24,29.24,29.24,29.34,30.11,30.14,30.16,30.16,30.16,30.17,30.17,30.17,30.17,30.18,8.25,8.27,8.29,8.31,8.34,8.36,8.38,8.41,8.43,8.45,9.07,9.11,9.14,8.31,8.34,8.36,8.38,8.41,8.43,8.45,269.87,0.00,0.00,1.00,0.00,0.00,0.00,-1.00,0,None,0,aggregation
160,244.54,remora8,remora0,29.34,29.44,29.44,29.44,29.44,29.53,29.53,29.53,29.53,29.62,30.18,30.19,30.19,30.19,30.19,30.18,30.18,30.18,30.18,30.17,8.48,8.50,8.52,8.55,8.57,8.60,8.62,8.65,8.67,8.69,8.48,8.50,8.52,8.55,8.57,8.60,8.62,8.65,8.67,8.69,278.77,0.00,0.00,1.00,0.00,0.00,0.00,-1.00,0,None,0,aggregation
160,245.54,remora8,remora0,29.62,29.69,29.73,29.73,29.73,29.76,29.76,29.79,29.79,29.79,30.17,30.16,30.15,30.15,30.15,30.14,30.14,30.13,30.13,30.13,8.72,8.74,8.77,8.79,8.82,8.84,8.87,8.89,8.92,8.94,8.72,8.74,8.77,8.79,8.82,8.84,8.87,8.89,8.92,8.94,284.58,0.00,0.00,1.00,0.00,0.00,0.00,-1.00,0,None,0,aggregation
160,246.54,remora8,remora0,29.79,29.82,29.85,29.85,29.88,29.88,29.88,29.88,29.88,29.90,30.13,30.12,30.11,30.11,30.09,30.09,30.09,30.09,30.09,30.08,8.97,8.99,9.02,9.04,9.07,9.10,9.12,9.15,9.17,9.20,8.97,8.99,9.02,9.04,9.07,9.10,9.12,9.15,9.17,9.20,289.00,0.00,0.00,1.00,0.00,0.00,0.00,-1.00,0,None,0,aggregation
160,146.54,remora8,remora7,27.87,27.87,27.94,27.94,27.87,27.87,27.67,27.67,27.44,27.44,29.75,29.75,29.78,29.78,29.75,29.75,29.66,29.66,29.56,29.56,4.51,4.53,4.55,4.58,4.60,4.60,4.56,4.51,4.47,4.43,6.43,6.41,6.40,6.38,6.36,6.34,6.32,6.30,6.29,6.27,106.41,0.00,0.00,1.00,0.00,0.00,0.00,-1.00,0,None,0,aggregation
160,147.54,remora8,remora7,27.04,27.04,26.33,26.33,25.64,25.64,24.66,24.66,22.66,22.66,29.36,29.36,28.98,28.98,28.58,28.58,27.99,27.99,26.69,26.69,4.38,4.34,4.30,4.26,4.22,4.18,4.14,4.10,4.07,4.03,6.25,6.23,6.22,6.20,6.18,6.17,6.15,6.13,6.12,6.10,133.20,0.00,0.00,1.00,0.00,0.00,0.00,-1.00,0,None,0,aggregation
160,148.54,remora8,remora7,20.99,20.99,17.68,17.68,15.24,15.24,10.20,10.20,7.52,7.52,25.54,25.54,23.16,23.16,21.34,21.34,17.47,17.47,15.37,15.37,4.00,3.97,3.94,3.91,3.89,3.87,3.85,3.83,3.81,3.80,6.09,6.08,6.06,6.05,6.04,6.03,6.02,6.01,6.00,6.00,150.65,0.00,0.00,1.00,0.00,0.00,0.00,-1.00,0,None,0,aggregation
160,149.54,remora8,remora7,3.20,3.20,2.38,2.38,1.35,1.35,2.42,2.42,2.14,2.14,11.96,11.96,11.31,11.31,10.49,10.49,11.34,11.34,11.12,11.12,3.79,3.78,3.77,3.76,3.75,3.74,3.73,3.72,3.71,3.70,5.99,5.99,5.98,5.98,5.99,5.99,5.99,5.99,5.99,5.99,157.43,0.00,0.00,1.00,0.00,0.00,0.00,-1.00,0,None,0,aggregation
160,150.54,remora8,remora7,1.28,1.28,2.36,2.36,2.80,2.80,2.15,2.15,2.33,2.33,10.44,10.44,11.30,11.30,11.64,11.64,11.12,11.12,11.27,11.27,3.70,3.69,3.68,3.67,3.66,3.65,3.64,3.63,3.62,3.61,5.99,5.99,5.99,5.99,5.99,5.99,5.99,5.98,5.98,5.97,164.10,0.00,0.00,1.00,0.00,0.00,0.00,-1.00,0,None,0,aggregation
160,151.54,remora8,remora7,1.94,1.94,0.90,0.90,1.80,1.80,3.44,3.44,2.89,2.89,10.96,10.96,10.13,10.13,10.85,10.85,12.15,12.15,11.72,11.72,3.61,3.60,3.59,3.58,3.58,3.57,3.56,3.56,3.55,3.54,5.97,5.97,5.96,5.96,5.96,5.96,5.96,5.96,5.96,5.96,170.77,0.00,0.00,1.00,0.00,0.00,0.00,-1.00,0,None,0,aggregation
160,152.54,remora8,remora7,2.70,1.74,1.74,1.74,2.13,2.13,1.54,1.54,-0.29,-0.29,11.57,10.80,10.80,10.80,11.11,11.11,10.64,10.64,9.18,9.18,3.54,3.53,3.53,3.52,3.52,3.51,3.51,3.51,3.51,3.50,5.96,5.96,5.96,5.96,5.96,5.95,5.95,5.95,5.96,5.97,176.80,0.00,0.00,1.00,0.00,0.00,0.00,-1.00,0,None,0,aggregation
160,153.54,remora8,remora7,0.22,0.22,-1.11,-1.11,-1.43,-1.43,-0.54,-0.54,0.46,0.46,9.59,9.59,8.53,8.53,8.27,8.27,8.98,8.98,9.78,9.78,3.50,3.50,3.51,3.51,3.51,3.52,3.52,3.53,3.53,3.54,5.97,5.98,5.99,5.99,5.99,5.99,6.00,6.00,6.01,6.02,160.24,0.00,0.00,1.00,0.00,0.00,0.00,-1.00,0,None,0,aggregation
160,154.54,remora8,remora7,0.61,0.61,-0.90,-0.90,-0.36,-0.36,0.30,0.30,2.75,2.75,9.90,9.90,8.70,8.70,9.13,9.13,9.65,9.65,11.60,11.60,3.54,3.55,3.55,3.56,3.57,3.57,3.58,3.59,3.59,3.60,6.02,6.03,6.03,6.03,6.04,6.04,6.05,6.06,6.06,6.07,137.27,0.00,0.00,1.00,0.00,0.00,0.00,-1.00,0,None,0,aggregation
160,155.54,remora8,remora7,4.97,4.97,4.98,4.98,6.45,6.45,7.20,7.20,7.83,7.83,13.36,13.36,13.38,13.38,14.54,14.54,15.13,15.13,15.62,15.62,3.60,3.61,3.62,3.62,3.63,3.63,3.64,3.64,3.65,3.65,6.07,6.07,6.07,6.08,6.08,6.08,6.09,6.09,6.09,6.10,118.88,0.00,0.00,1.00,0.00,0.00,0.00,-1.00,0,None,0,aggregation
160,156.54,remora8,remora7,8.74,8.74,9.89,9.89,11.18,11.18,12.66,12.66,13.45,13.45,16.33,16.33,17.23,17.23,18.23,18.23,19.37,19.37,19.98,19.98,3.66,3.67,3.68,3.69,3.70,3.71,3.72,3.73,3.74,3.76,6.10,6.10,6.11,6.11,6.12,6.12,6.13,6.13,6.14,6.14,104.85,0.00,0.00,1.00,0.00,0.00,0.00,-1.00,0,None,0,aggregation
160,157.54,remora8,remora7,14.89,14.89,15.40,15.40,15.89,15.89,16.67,16.67,16.67,17.96,21.07,21.07,21.46,21.46,21.83,21.83,22.41,22.41,22.41,23.36,3.77,3.78,3.79,3.81,3.82,3.84,3.85,3.87,3.88,3.90,6.15,6.15,6.16,6.16,6.17,6.18,6.19,6.19,6.20,6.21,97.04,0.00,0.00,1.00,0.00,0.00,0.00,-1.00,0,None,0,aggregation
160,158.54,remora8,remora7,18.36,18.36,19.24,19.24,19.79,19.79,20.40,20.40,20.72,20.72,23.66,23.66,24.30,24.30,24.69,24.69,25.13,25.13,25.35,25.35,3.91,3.93,3.95,3.97,3.99,4.01,4.03,4.05,4.07,4.09,6.22,6.23,6.24,6.24,6.25,6.27,6.28,6.29,6.30,6.31,101.75,0.00,0.00,1.00,0.00,0.00,0.00,-1.00,0,None,0,aggregation
160,159.54,remora8,remora7,21.09,21.09,22.10,22.10,23.05,23.05,23.80,23.80,24.50,24.50,25.61,25.61,26.31,26.31,26.95,26.95,27.44,27.44,27.89,27.89,4.11,4.14,4.16,4.18,4.21,4.23,4.26,4.28,4.31,4.34,6.32,6.33,6.35,6.36,6.37,6.39,6.40,6.42,6.43,6.45,119.86,0.00,0.00,1.00,0.00,0.00,0.00,-1.00,0,None,0,aggregation
160,160.54,remora8,remora7,25.01,25.01,25.64,25.64,26.10,26.10,26.46,26.46,26.76,26.76,28.21,28.21,28.59,28.59,28.85,28.85,29.06,29.06,29.22,29.22,4.36,4.39,4.42,4.44,4.47,4.50,4.53,4.55,4.58,4.61,6.47,6.48,6.50,6.52,6.53,6.55,6.57,6.59,6.61,6.63,140.58,0.00,0.00,1.00,0.00,0.00,0.00,-1.00,0,None,0,aggregation
160,161.54,remora8,remora7,27.11,27.11,27.49,27.49,27.55,27.55,27.88,27.88,27.99,27.99,29.40,29.40,29.58,29.58,29.61,29.61,29.76,29.76,29.80,29.80,4.64,4.67,4.70,4.73,4.76,4.79,4.81,4.84,4.87,4.90,6.65,6.67,6.70,6.72,6.74,6.77,6.79,6.81,6.84,6.86,162.52,0.00,0.00,1.00,0.00,0.00,0.00,-1.00,0,None,0,aggregation
160,162.54,remora8,remora7,28.29,28.29,28.31,28.31,28.16,28.16,27.89,27.89,17.45,17.45,29.92,29.92,29.93,29.93,29.87,29.87,29.76,29.76,22.99,22.99,4.93,4.96,4.99,5.02,5.05,5.08,5.11,5.14,5.17,5.19,6.89,6.91,6.94,6.96,6.99,7.02,7.05,7.07,7.10,7.12,183.75,0.00,0.00,1.00,0.00,0.00,0.00,-1.00,0,None,0,aggregation
160,227.54,remora8,remora7,0.00,0.00,0.00,0.00,0.00,0.00,0.00,0.00,0.00,0.00,0.00,0.00,0.00,0.00,0.00,0.00,0.00,0.00,0.00,0.00,1.64,1.64,1.64,1.64,1.64,1.64,1.64,1.64,1.64,1.64,5.46,5.47,5.47,5.48,5.48,5.49,3.98,3.98,3.98,3.97,0.00,0.00,1.00,0.00,0.00,0.00,0.00,-1.00,0,None,0,aggregation
160,228.54,remora8,remora7,0.00,0.00,-21.55,-21.55,-20.99,-20.99,-19.54,-19.54,-17.97,-17.97,0.00,0.00,-32.02,-32.02,-31.45,-31.45,-30.00,-30.00,-28.44,-28.44,1.64,1.64,1.65,1.68,1.72,1.76,1.80,1.83,1.87,1.90,3.97,3.96,3.97,3.98,4.00,4.02,4.04,4.05,4.06,4.08,20.20,0.00,1.00,0.00,0.00,0.00,0.00,-1.00,0,None,0,aggregation
160,229.54,remora8,remora7,-16.19,-16.19,-14.29,-14.29,-12.32,-12.32,-10.18,-10.18,-8.02,-8.02,-26.65,-26.65,-24.75,-24.75,-22.78,-22.78,-20.65,-20.65,-18.48,-18.48,1.94,1.97,2.00,2.03,2.06,2.08,2.11,2.13,2.15,2.17,4.09,4.10,4.11,4.12,4.13,4.14,4.14,4.15,4.17,4.17,37.63,0.00,1.00,0.00,0.00,0.00,0.00,-1.00,0,None,0,aggregation
160,230.54,remora8,remora7,-5.77,-5.77,-3.56,-3.56,-1.34,-1.34,0.88,0.88,3.03,3.03,-16.23,-16.23,-14.02,-14.02,-11.81,-11.81,-9.59,-9.59,-7.44,-7.44,2.18,2.20,2.21,2.23,2.24,2.25,2.25,2.26,2.27,2.27,4.18,4.19,4.20,4.21,4.21,4.22,4.22,4.23,4.23,4.23,44.21,0.00,1.00,0.00,0.00,0.00,0.00,-1.00,0,None,0,aggregation
160,231.54,remora8,remora7,5.15,5.15,7.09,7.09,8.97,8.97,10.57,10.57,11.96,11.96,-5.31,-5.31,-2.92,-2.92,-0.56,-0.56,1.45,1.45,3.20,3.20,2.27,2.27,2.28,2.28,2.27,2.27,2.27,2.27,2.27,2.27,4.23,4.23,4.22,4.21,4.21,4.20,4.19,4.19,4.18,4.18,48.20,0.00,1.00,1.00,0.00,0.00,0.00,-1.00,0,None,0,aggregation
160,232.54,remora8,remora7,13.35,13.35,14.54,14.54,15.48,15.48,16.48,16.48,17.30,17.30,4.96,4.96,6.45,6.45,7.65,7.65,8.93,8.93,9.98,9.98,2.26,2.26,2.26,2.26,2.25,2.25,2.25,2.25,2.25,2.25,4.17,4.16,4.16,4.15,4.15,4.15,4.14,4.14,4.14,4.14,59.72,0.00,1.00,1.00,0.00,0.00,0.00,-1.00,0,None,0,aggregation
160,233.54,remora8,remora7,18.18,18.18,18.71,18.71,19.20,19.20,19.72,19.72,20.14,20.14,11.11,11.11,11.80,11.80,12.44,12.44,13.11,13.11,13.66,13.66,2.25,2.25,2.26,2.26,2.26,2.27,2.27,2.28,2.29,2.29,4.13,4.13,4.13,4.13,4.13,4.13,4.14,4.15,4.16,4.16,75.52,0.00,1.00,1.00,0.00,0.00,0.00,-1.00,0,None,0,aggregation
160,234.54,remora8,remora7,20.27,20.27,20.11,20.11,20.11,20.11,19.88,19.88,19.52,19.52,13.83,13.83,13.63,13.63,13.63,13.63,13.32,13.32,12.86,12.86,2.30,2.31,2.32,2.33,2.34,2.35,2.36,2.38,2.39,2.40,4.16,4.17,4.17,4.17,4.18,4.18,4.19,4.19,4.20,4.20,92.24,0.00,1.00,1.00,0.00,0.00,0.00,-1.00,0,None,0,aggregation
160,235.54,remora8,remora7,19.30,19.30,18.71,18.71,18.26,18.26,17.65,17.65,17.79,17.79,12.57,12.57,11.79,11.79,11.22,11.22,10.43,10.43,10.61,10.61,2.42,2.43,2.44,2.46,2.48,2.49,2.51,2.52,2.54,2.56,4.21,4.21,4.22,4.22,4.23,4.23,4.24,4.24,4.24,4.25,107.08,0.00,1.00,1.00,0.00,0.00,0.00,-1.00,0,None,0,aggregation
160,236.54,remora8,remora7,17.18,17.18,16.62,16.62,16.63,16.63,16.57,16.57,16.52,16.52,9.82,9.82,9.11,9.11,9.12,9.12,9.04,9.04,8.98,8.98,2.58,2.59,2.61,2.63,2.65,2.67,2.69,2.71,2.73,2.75,4.25,4.26,4.26,4.26,4.27,4.27,4.27,4.28,4.28,4.28,120.03,0.00,1.00,1.00,0.00,0.00,0.00,-1.00,0,None,0,aggregation
160,237.54,remora8,remora7,16.49,16.49,16.37,16.37,16.45,16.45,16.69,16.69,16.89,16.89,8.94,8.94,8.78,8.78,8.89,8.89,9.20,9.20,9.45,9.45,2.77,2.79,2.81,2.83,2.85,2.87,2.89,2.91,2.93,2.96,4.28,4.29,5.03,5.03,5.03,5.03,6.02,6.02,6.02,6.02,132.85,0.00,1.00,1.00,0.00,0.00,0.00,-1.00,0,None,0,aggregation
160,238.54,remora8,remora7,16.97,16.97,17.21,17.21,17.47,17.47,17.95,17.95,18.15,18.15,9.55,9.55,9.86,9.86,10.20,10.20,10.82,10.82,11.07,11.07,2.98,3.00,3.03,3.05,3.08,3.10,3.13,3.15,3.18,3.21,6.01,6.01,6.01,6.01,6.01,6.00,6.00,6.00,6.00,6.00,126.58,0.00,0.00,1.00,0.00,0.00,0.00,-1.00,0,None,0,aggregation
160,239.54,remora8,remora7,18.44,18.44,19.13,19.13,19.24,19.24,19.93,19.93,20.29,20.29,11.45,11.45,12.34,12.34,12.49,12.49,13.39,13.39,13.86,13.86,3.24,3.26,3.29,3.32,3.35,3.38,3.41,3.45,3.48,3.51,6.00,6.00,6.00,6.00,6.00,6.00,6.00,6.00,6.01,6.01,125.21,0.00,0.00,1.00,0.00,0.00,0.00,-1.00,0,None,0,aggregation
160,240.54,remora8,remora7,20.87,20.87,21.36,21.36,21.91,21.91,22.53,22.53,22.92,22.92,14.63,14.63,15.26,15.26,16.00,16.00,16.83,16.83,17.36,17.36,3.54,3.58,3.61,3.65,3.68,3.72,3.75,3.79,3.83,3.87,6.01,6.01,6.01,6.02,5.02,5.02,5.03,5.03,5.03,5.03,137.58,0.00,0.00,1.00,0.00,0.00,0.00,-1.00,0,None,0,aggregation
160,241.54,remora8,remora7,23.68,23.68,24.39,24.39,24.81,24.81,25.46,25.46,26.06,26.06,18.39,18.39,19.37,19.37,19.95,19.95,20.87,20.87,21.74,21.74,3.91,3.95,3.98,4.03,4.07,4.11,4.15,4.19,4.23,4.28,5.03,5.03,5.04,5.04,5.04,5.04,5.05,5.05,5.05,5.05,156.06,0.00,0.00,1.00,0.00,0.00,0.00,-1.00,0,None,0,aggregation
160,242.54,remora8,remora7,26.53,26.53,27.06,27.06,27.51,27.51,27.94,27.94,28.36,28.36,22.42,22.42,23.22,23.22,23.90,23.90,24.57,24.57,25.26,25.26,4.32,4.36,4.41,4.45,4.49,4.54,4.58,4.63,4.67,4.67,5.06,5.06,5.06,5.07,5.07,5.07,5.08,5.08,5.09,5.09,170.23,0.00,0.00,1.00,0.00,0.00,0.00,-1.00,0,None,0,aggregation
160,243.54,remora8,remora7,28.65,28.65,28.87,28.87,29.18,29.18,29.42,29.42,29.71,29.71,25.75,25.75,26.14,26.14,26.70,26.70,27.16,27.16,27.77,27.77,4.68,4.68,4.69,4.69,4.69,4.70,4.70,4.70,4.71,4.71,5.10,5.11,5.12,5.13,5.14,5.15,5.15,5.15,5.16,5.16,182.35,0.00,0.00,1.00,0.00,0.00,0.00,-1.00,0,None,0,aggregation
160,244.54,remora8,remora7,29.87,29.87,30.04,30.04,30.12,30.12,30.17,30.17,30.19,30.19,28.15,28.15,28.64,28.64,28.95,28.95,29.23,29.23,29.46,29.46,4.72,4.72,4.72,4.73,4.73,4.74,4.74,4.75,4.75,4.76,5.17,5.17,5.18,5.19,5.19,5.20,5.20,5.21,5.22,5.22,195.12,0.00,0.00,1.00,0.00,0.00,0.00,-1.00,0,None,0,aggregation
160,245.54,remora8,remora7,30.14,30.14,29.99,29.99,29.82,29.82,29.53,29.53,29.21,29.21,29.78,29.78,30.01,30.01,30.12,30.12,30.18,30.18,30.17,30.17,4.76,4.77,4.78,4.78,4.79,4.80,4.80,4.79,4.78,4.77,5.23,5.24,5.24,5.25,5.25,5.26,5.27,5.27,5.28,5.28,210.18,0.00,0.00,1.00,0.00,0.00,0.00,-1.00,0,None,0,aggregation
160,246.54,remora8,remora7,28.71,28.71,28.05,28.05,27.42,27.42,26.96,26.96,26.28,26.28,30.06,30.06,29.83,29.83,29.55,29.55,29.32,29.32,28.95,28.95,4.75,4.73,4.70,4.67,4.64,4.62,4.59,4.57,4.54,4.52,5.28,5.29,5.29,5.29,5.30,5.30,5.31,5.32,5.32,5.33,225.73,0.00,0.00,1.00,0.00,0.00,0.00,-1.00,0,None,0,aggregation
160,247.54,remora8,remora7,25.73,25.73,25.22,25.22,24.78,24.78,24.31,24.31,24.10,24.10,28.64,28.64,28.34,28.34,28.06,28.06,27.77,27.77,27.64,27.64,4.50,4.48,4.46,4.44,4.42,4.40,4.39,4.38,4.37,4.36,5.33,5.33,5.34,5.34,5.35,5.35,5.36,5.36,5.37,5.37,239.38,0.00,0.00,1.00,0.00,0.00,0.00,-1.00,0,None,0,aggregation
160,248.54,remora8,remora7,23.91,23.91,23.65,23.65,23.93,23.93,23.43,23.43,23.50,23.50,27.51,27.51,27.34,27.34,27.53,27.53,27.20,27.20,27.25,27.25,4.35,4.34,4.33,4.33,4.32,4.31,4.31,4.30,4.29,4.29,5.38,5.39,5.40,5.41,5.42,5.43,5.44,5.45,5.45,5.46,250.98,0.00,0.00,1.00,0.00,0.00,0.00,-1.00,0,None,0,aggregation
160,249.54,remora8,remora7,23.38,23.38,23.55,23.55,23.73,23.73,23.60,23.60,23.79,23.79,27.17,27.17,27.28,27.28,27.40,27.40,27.32,27.32,27.44,27.44,4.28,4.28,4.28,4.27,4.27,4.27,4.27,4.26,4.26,4.26,5.47,5.48,5.49,5.50,5.51,5.52,5.53,5.54,5.55,5.57,260.38,0.00,0.00,1.00,0.00,0.00,0.00,-1.00,0,None,0,aggregation
160,250.54,remora8,remora7,23.93,23.93,24.05,24.05,23.97,23.97,23.99,23.99,24.17,24.17,27.53,27.53,27.61,27.61,27.56,27.56,27.57,27.57,27.68,27.68,4.26,4.26,4.26,4.27,4.27,4.27,4.27,4.28,4.28,4.28,5.58,5.59,5.60,5.62,5.64,5.65,5.67,5.68,5.70,5.71,267.22,0.00,0.00,1.00,0.00,0.00,0.00,-1.00,0,None,0,aggregation
160,251.54,remora8,remora7,24.22,24.22,24.43,24.43,24.29,24.29,24.45,24.45,24.41,24.41,27.72,27.72,27.85,27.85,27.76,27.76,27.86,27.86,27.84,27.84,4.29,4.29,4.30,4.31,4.31,4.32,4.33,4.33,4.34,4.35,5.73,5.74,5.76,5.78,5.79,5.81,5.83,5.84,5.86,5.88,270.84,0.00,0.00,1.00,0.00,0.00,0.00,-1.00,0,None,0,aggregation
160,252.54,remora8,remora7,24.43,24.43,24.13,24.13,24.04,24.04,23.54,23.54,23.12,23.12,27.85,27.85,27.66,27.66,27.60,27.60,27.28,27.28,27.00,27.00,4.36,4.37,4.38,4.39,4.40,4.41,4.42,4.43,4.45,4.46,5.90,5.91,5.93,5.95,5.96,5.98,6.00,6.02,6.04,6.06,270.82,0.00,0.00,1.00,0.00,0.00,0.00,-1.00,0,None,0,aggregation
160,253.54,remora8,remora7,22.11,22.11,21.43,21.43,19.99,19.99,17.90,17.90,18.34,18.34,26.32,26.32,25.85,25.85,24.84,24.84,23.32,23.32,23.64,23.64,4.47,4.48,4.50,4.51,4.52,4.53,4.55,4.56,4.57,4.59,6.08,6.10,6.12,6.14,6.16,6.17,6.19,6.21,6.22,6.24,265.26,0.00,0.00,1.00,0.00,0.00,0.00,-1.00,0,None,0,aggregation
160,254.54,remora8,remora7,19.36,19.36,20.34,20.34,21.28,21.28,22.18,22.18,22.75,22.75,24.38,24.38,25.08,25.08,25.74,25.74,26.36,26.36,26.75,26.75,4.60,4.61,4.63,4.64,4.66,4.68,4.70,4.71,4.73,4.75,6.26,6.27,6.29,6.31,6.33,6.35,6.37,6.39,6.41,6.43,259.20,0.00,0.00,1.00,0.00,0.00,0.00,-1.00,0,None,0,aggregation
160,255.54,remora8,remora7,23.58,23.58,24.11,24.11,19.38,19.38,12.92,12.92,7.28,7.28,27.30,27.30,27.64,27.64,24.40,24.40,19.57,19.57,15.19,15.19,4.77,4.79,4.81,4.83,4.85,4.87,4.89,4.90,4.91,4.92,6.45,6.47,6.49,6.51,6.53,6.55,6.57,6.59,6.60,6.61,249.45,0.00,0.00,1.00,0.00,0.00,0.00,-1.00,0,None,0,aggregation
160,256.54,remora8,remora7,-3.90,-3.90,-6.87,-6.87,-7.90,-7.90,-7.76,-7.76,-7.08,-7.08,6.30,6.30,3.60,3.60,2.56,2.56,2.70,2.70,3.39,3.39,4.93,4.93,4.93,4.93,4.93,4.93,4.92,4.92,4.92,4.92,6.62,6.62,6.62,6.62,6.62,6.61,6.61,6.61,6.61,6.61,222.91,0.00,0.00,1.00,0.00,0.00,0.00,-1.00,0,None,0,aggregation
160,257.54,remora8,remora7,-6.51,-6.51,-7.01,-7.01,-5.69,-5.69,-3.66,-3.66,-2.31,-2.31,3.95,3.95,3.46,3.46,4.77,4.77,6.49,6.49,7.57,7.57,4.92,4.92,4.91,4.91,4.91,4.91,4.91,4.91,4.91,4.32,6.61,6.61,6.61,6.61,6.60,6.60,6.60,6.60,6.60,6.15,197.96,0.00,0.00,1.00,0.00,0.00,0.00,-1.00,0,None,0,aggregation
160,258.54,remora8,remora7,-1.03,-1.03,1.04,1.04,1.71,1.71,3.03,3.03,5.15,5.15,8.60,8.60,10.24,10.24,10.78,10.78,11.83,11.83,13.51,13.51,4.29,4.26,4.23,4.20,4.17,4.15,4.12,4.09,4.06,4.03,6.14,6.14,6.13,6.13,6.13,6.12,6.12,6.11,6.11,6.11,178.93,0.00,0.00,1.00,0.00,0.00,0.00,-1.00,0,None,0,aggregation
160,259.54,remora8,remora7,6.08,6.08,6.94,6.94,8.10,8.10,9.90,9.90,10.70,10.70,14.24,14.24,14.92,14.92,15.83,15.83,17.24,17.24,17.86,17.86,4.00,3.98,3.95,3.92,3.90,3.87,3.85,3.82,3.80,3.77,6.10,6.10,6.10,6.09,6.09,6.09,6.08,6.08,6.07,6.07,165.64,0.00,0.00,1.00,0.00,0.00,0.00,-1.00,0,None,0,aggregation
160,260.54,remora8,remora7,12.38,12.38,13.48,13.48,14.83,14.83,15.87,15.87,16.92,16.92,19.16,19.16,20.00,20.00,21.03,21.03,21.81,21.81,22.59,22.59,3.75,3.73,3.70,3.68,3.66,3.64,3.62,3.60,3.59,3.57,6.07,6.06,6.06,6.05,6.05,6.05,6.04,6.04,6.03,6.03,157.64,0.00,0.00,1.00,0.00,0.00,0.00,-1.00,0,None,0,aggregation
160,261.54,remora8,remora7,17.94,17.94,18.68,18.68,20.02,20.02,20.97,20.97,22.03,22.03,23.35,23.35,23.89,23.89,24.85,24.85,25.53,25.53,26.26,26.26,3.55,3.54,3.52,3.51,3.49,3.48,3.47,3.46,3.45,3.44,6.02,6.02,6.02,6.01,6.01,6.00,5.99,5.99,5.98,5.97,153.91,0.00,0.00,1.00,0.00,0.00,0.00,-1.00,0,None,0,aggregation
160,262.54,remora8,remora7,22.89,22.89,23.71,23.71,24.49,24.49,25.10,25.10,25.68,25.68,26.85,26.85,27.39,27.39,27.89,27.89,28.26,28.26,28.61,28.61,3.43,3.42,3.41,3.40,3.40,3.39,3.39,3.38,3.38,3.37,5.97,5.96,5.96,5.95,5.94,5.94,5.93,5.92,5.92,5.91,154.34,0.00,0.00,1.00,0.00,0.00,0.00,-1.00,0,None,0,aggregation
160,263.54,remora8,remora7,26.23,26.23,26.74,26.74,27.12,27.12,27.49,27.49,27.83,27.83,28.92,28.92,29.20,29.20,29.40,29.40,29.58,29.58,29.73,29.73,3.37,3.36,3.36,3.36,3.36,3.36,3.35,3.35,3.35,3.35,5.90,5.89,5.89,5.89,5.88,5.88,5.88,5.87,5.87,5.87,160.19,0.00,0.00,1.00,0.00,0.00,0.00,-1.00,0,None,0,aggregation
160,264.54,remora8,remora7,28.07,28.07,28.29,28.29,28.58,28.58,28.71,28.71,28.96,28.96,29.83,29.83,29.92,29.92,30.02,30.02,30.06,30.06,30.13,30.13,3.35,3.35,3.35,3.35,3.35,3.35,3.35,3.35,3.35,3.35,5.86,5.86,5.85,5.85,5.85,5.84,5.84,5.84,5.83,5.83,166.02,0.00,0.00,1.00,0.00,0.00,0.00,-1.00,0,None,0,aggregation
160,265.54,remora8,remora7,29.17,29.17,29.37,29.37,29.53,29.53,29.71,29.71,29.83,29.83,30.16,30.16,30.18,30.18,30.18,30.18,30.16,30.16,30.12,30.12,3.35,3.36,3.36,3.36,3.36,3.36,3.36,3.36,3.36,3.37,5.82,5.82,5.81,5.81,5.81,5.80,5.80,5.79,5.78,5.78,175.73,0.00,0.00,1.00,0.00,0.00,0.00,-1.00,0,None,0,aggregation
160,266.54,remora8,remora7,29.93,29.93,30.05,30.05,30.12,30.12,30.16,30.16,30.18,30.18,30.06,30.06,29.94,29.94,29.82,29.82,29.71,29.71,29.58,29.58,3.37,3.37,3.37,3.37,3.37,3.37,3.38,3.38,3.38,3.38,5.77,5.77,5.76,5.76,5.75,5.74,5.74,5.73,5.72,5.72,203.70,0.00,0.00,1.00,0.00,0.00,0.00,-1.00,0,None,0,aggregation
160,267.54,remora8,remora7,30.18,30.18,30.17,30.17,30.13,30.13,30.07,30.07,30.00,30.00,29.40,29.40,29.22,29.22,28.99,28.99,28.74,28.74,28.52,28.52,3.38,3.38,3.38,3.38,3.39,3.39,3.39,3.39,3.39,3.39,5.71,5.70,5.70,5.69,5.68,5.67,5.67,5.66,5.65,5.64,231.73,0.00,0.00,1.00,0.00,0.00,0.00,-1.00,0,None,0,aggregation
160,268.54,remora8,remora7,29.91,29.91,29.77,29.77,29.72,29.72,29.55,29.55,29.56,29.56,28.27,28.27,27.91,27.91,27.80,27.80,27.42,27.42,27.46,27.46,3.39,3.39,3.39,3.39,3.39,3.39,3.39,3.39,3.39,3.39,5.64,5.63,5.62,5.62,5.61,5.60,5.60,5.59,5.58,5.58,253.98,0.00,0.00,1.00,0.00,0.00,0.00,-1.00,0,None,0,aggregation
160,269.54,remora8,remora7,29.47,29.47,29.24,29.24,29.18,29.18,29.12,29.12,29.05,29.05,27.27,27.27,26.81,26.81,26.69,26.69,26.58,26.58,26.46,26.46,3.39,3.39,3.38,3.38,3.38,3.38,3.38,3.38,3.38,3.37,5.57,5.57,5.56,5.55,5.55,5.54,5.54,5.53,5.53,5.52,269.79,0.00,0.00,1.00,0.00,0.00,0.00,-1.00,0,None,0,aggregation
160,270.54,remora8,remora7,29.02,29.02,28.90,28.90,29.00,29.00,28.99,28.99,28.99,28.99,26.40,26.40,26.18,26.18,26.36,26.36,26.34,26.34,26.35,26.35,3.37,3.37,3.37,3.37,3.37,3.36,3.36,3.36,3.36,3.36,5.52,5.51,5.51,5.50,5.50,5.49,5.49,5.49,5.48,5.48,279.64,0.00,0.00,1.00,0.00,0.00,0.00,-1.00,0,None,0,aggregation
160,271.54,remora8,remora7,29.01,29.01,29.05,29.05,29.02,29.02,29.11,29.11,29.16,29.16,26.38,26.38,26.45,26.45,26.40,26.40,26.56,26.56,26.66,26.66,3.35,3.35,3.35,3.35,3.34,3.34,3.34,3.34,3.34,3.33,5.48,5.48,5.47,5.47,5.47,5.47,5.47,5.47,5.47,5.47,285.07,0.00,0.00,1.00,0.00,0.00,0.00,-1.00,0,None,0,aggregation
160,272.54,remora8,remora7,29.23,29.23,29.24,29.24,29.34,29.34,29.35,29.35,29.53,29.53,26.78,26.78,26.81,26.81,27.00,27.00,27.02,27.02,27.39,27.39,3.33,3.33,3.33,3.32,3.32,3.32,3.32,3.31,3.31,3.31,5.47,5.47,5.47,5.47,5.48,5.48,5.48,5.49,5.49,5.50,287.15,0.00,0.00,1.00,0.00,0.00,0.00,-1.00,0,None,0,aggregation
160,273.54,remora8,remora7,29.62,29.62,29.66,29.66,29.70,29.70,29.79,29.79,29.83,29.83,27.57,27.57,27.67,27.67,27.74,27.74,27.96,27.96,28.06,28.06,3.31,3.31,3.30,3.30,3.30,3.30,3.30,3.30,3.29,3.29,5.50,5.51,5.51,5.52,5.52,5.53,5.54,5.55,5.56,5.56,287.68,0.00,0.00,1.00,0.00,0.00,0.00,-1.00,0,None,0,aggregation
160,274.54,remora8,remora7,29.83,29.83,29.87,29.87,29.96,29.96,30.00,30.00,30.04,30.04,28.06,28.06,28.16,28.16,28.39,28.39,28.51,28.51,28.64,28.64,3.29,3.29,3.29,3.29,3.29,3.28,3.28,3.28,3.28,3.28,5.57,5.58,5.59,5.60,5.62,5.63,5.64,5.65,5.66,5.67,287.57,0.00,0.00,1.00,0.00,0.00,0.00,-1.00,0,None,0,aggregation
160,275.54,remora8,remora7,30.07,30.07,30.10,30.10,30.13,30.13,30.15,30.15,30.15,30.15,28.74,28.74,28.85,28.85,28.98,28.98,29.06,29.06,29.11,29.11,3.28,3.28,3.28,3.28,3.27,3.27,3.27,3.27,3.27,3.27,5.68,5.70,5.71,5.72,5.73,5.75,5.76,5.78,5.79,5.81,287.26,0.00,0.00,1.00,0.00,0.00,0.00,-1.00,0,None,0,aggregation
160,276.54,remora8,remora7,30.17,30.17,30.18,30.18,30.18,30.18,30.19,30.19,30.18,30.18,29.19,29.19,29.31,29.31,29.39,29.39,29.45,29.45,29.52,29.52,3.27,3.27,3.27,3.27,3.27,3.27,3.26,3.26,3.26,3.26,5.82,5.83,5.85,5.87,5.88,5.90,5.91,5.93,5.94,5.96,287.09,0.00,0.00,1.00,0.00,0.00,0.00,-1.00,0,None,0,aggregation
160,277.54,remora8,remora7,30.18,30.18,30.17,30.17,30.17,30.17,30.15,30.15,30.14,30.14,29.60,29.60,29.63,29.63,29.67,29.67,29.74,29.74,29.76,29.76,3.26,3.26,3.26,3.26,3.26,3.26,3.26,3.26,3.26,3.26,5.97,5.99,6.00,6.02,6.04,6.06,6.08,6.09,6.11,6.13,287.46,0.00,0.00,1.00,0.00,0.00,0.00,-1.00,0,None,0,aggregation
160,278.54,remora8,remora7,30.12,30.12,30.11,30.11,30.07,30.07,30.06,30.06,30.04,30.04,29.83,29.83,29.84,29.84,29.91,29.91,29.92,29.92,29.95,29.95,3.26,3.25,3.25,3.25,3.25,3.25,3.25,3.25,3.25,3.25,6.14,6.16,6.18,6.19,6.21,6.23,6.25,6.27,6.28,6.30,288.71,0.00,0.00,1.00,0.00,0.00,0.00,-1.00,0,None,0,aggregation
160,279.54,remora8,remora7,30.00,30.00,29.97,29.97,29.95,29.95,29.93,29.93,29.91,29.91,30.00,30.00,30.03,30.03,30.05,30.05,30.06,30.06,30.07,30.07,3.25,3.25,3.25,3.25,3.25,3.25,3.25,3.25,3.25,3.25,6.32,6.34,6.36,5.46,5.47,5.48,5.49,5.50,5.51,5.52,290.72,0.00,0.00,1.00,0.00,0.00,0.00,-1.00,0,None,0,aggregation
160,280.54,remora8,remora7,29.91,29.91,29.84,29.84,29.86,29.86,29.81,29.81,29.83,29.83,30.07,30.07,30.11,30.11,30.10,30.10,30.12,30.12,30.12,30.12,3.25,3.26,3.26,3.26,3.26,3.26,3.26,3.26,3.26,3.26,5.53,5.53,5.54,5.55,5.56,5.56,5.58,5.59,5.61,5.63,293.04,0.00,0.00,1.00,0.00,0.00,0.00,-1.00,0,None,0,aggregation
160,281.54,remora8,remora7,29.75,29.75,29.74,29.74,29.68,29.68,29.70,29.70,29.71,29.71,30.14,30.14,30.15,30.15,30.16,30.16,30.16,30.16,30.16,30.16,3.26,3.27,3.27,3.27,3.27,3.27,3.27,3.27,3.28,3.28,5.64,5.65,5.65,5.66,5.67,5.68,5.69,5.69,5.71,5.72,295.20,0.00,0.00,1.00,0.00,0.00,0.00,-1.00,0,None,0,aggregation
160,282.54,remora8,remora7,29.69,29.69,29.66,29.66,29.66,29.66,29.73,29.73,29.80,29.80,30.16,30.16,30.17,30.17,30.17,30.17,30.15,30.15,30.13,30.13,3.28,3.28,3.28,3.29,3.29,3.29,3.29,3.30,3.30,3.30,5.72,5.73,5.74,5.76,5.78,5.80,5.81,5.82,5.83,5.84,296.96,0.00,0.00,1.00,0.00,0.00,0.00,-1.00,0,None,0,aggregation
160,283.54,remora8,remora7,29.87,29.87,29.92,29.92,29.98,29.98,29.98,29.98,30.02,30.02,30.10,30.10,30.06,30.06,30.02,30.02,30.02,30.02,29.98,29.98,3.31,3.31,3.31,3.31,3.32,3.32,3.32,3.33,3.33,3.34,5.85,5.86,5.87,5.88,5.89,5.91,5.92,5.93,5.94,5.95,298.20,0.00,0.00,1.00,0.00,0.00,0.00,-1.00,0,None,0,aggregation
160,284.54,remora8,remora7,30.04,30.04,30.06,30.06,30.10,30.10,30.10,30.10,30.13,30.13,29.95,29.95,29.92,29.92,29.87,29.87,29.87,29.87,29.80,29.80,3.34,3.34,3.35,3.35,3.36,3.36,3.37,3.37,3.37,3.38,5.96,5.98,5.99,6.00,6.01,6.02,6.03,6.04,6.05,6.07,299.03,0.00,0.00,1.00,0.00,0.00,0.00,-1.00,0,None,0,aggregation
160,285.54,remora8,remora7,30.13,30.13,30.15,30.15,30.15,30.15,30.16,30.16,30.17,30.17,29.80,29.80,29.73,29.73,29.73,29.73,29.69,29.69,29.66,29.66,3.38,3.39,3.39,3.40,3.40,3.41,3.42,3.42,3.43,3.43,6.08,6.10,6.11,6.13,6.14,6.15,6.16,6.17,6.19,6.20,299.44,0.00,0.00,1.00,0.00,0.00,0.00,-1.00,0,None,0,aggregation
160,286.54,remora8,remora7,30.17,30.17,30.18,30.18,30.18,30.18,30.18,30.18,30.18,30.18,29.62,29.62,29.57,29.57,29.53,29.53,29.53,29.53,29.49,29.49,3.44,3.45,3.45,3.46,3.47,3.47,3.48,3.49,3.50,3.50,6.22,6.23,6.25,6.27,6.28,6.29,6.31,6.32,6.34,6.35,299.52,0.00,0.00,1.00,0.00,0.00,0.00,-1.00,0,None,0,aggregation
160,287.54,remora8,remora7,30.19,30.19,30.19,30.19,30.18,30.18,30.18,30.18,30.18,30.18,29.44,29.44,29.44,29.44,29.39,29.39,29.34,29.34,29.34,29.34,3.51,3.52,3.53,3.54,3.55,3.55,3.56,3.57,3.58,3.59,6.37,6.39,6.41,6.42,6.44,6.45,6.47,6.49,6.51,6.53,299.39,0.00,0.00,1.00,0.00,0.00,0.00,-1.00,0,None,0,aggregation
160,288.54,remora8,remora7,30.18,30.18,30.17,30.17,30.17,30.17,30.17,30.17,30.17,30.17,29.34,29.34,29.24,29.24,29.24,29.24,29.24,29.24,29.24,29.24,3.60,3.61,3.62,3.64,3.65,3.66,3.67,3.68,3.70,3.71,6.55,6.57,6.59,5.47,5.48,5.49,5.50,5.51,5.52,5.53,299.13,0.00,0.00,1.00,0.00,0.00,0.00,-1.00,0,None,0,aggregation
160,289.54,remora8,remora7,30.16,30.16,30.16,30.16,30.16,30.16,30.16,30.16,30.15,30.15,29.14,29.14,29.14,29.14,29.14,29.14,29.14,29.14,29.08,29.08,3.72,3.73,3.75,3.76,3.78,3.79,3.81,3.82,3.84,3.86,5.55,5.56,5.58,5.59,5.60,5.61,5.62,5.63,5.65,5.66,298.77,0.00,0.00,1.00,0.00,0.00,0.00,-1.00,0,None,0,aggregation
160,290.54,remora8,remora7,30.11,30.11,30.02,30.02,29.95,29.95,29.78,29.78,29.67,29.67,28.88,28.88,28.56,28.56,28.36,28.36,27.93,27.93,27.69,27.69,3.87,3.89,3.91,3.93,3.95,3.96,3.98,4.00,4.02,4.04,5.67,5.67,5.67,5.68,5.68,5.69,5.70,5.71,5.73,5.74,297.89,0.00,0.00,1.00,0.00,0.00,0.00,-1.00,0,None,0,aggregation
160,291.54,remora8,remora7,29.42,29.42,29.25,29.25,28.95,28.95,28.73,28.73,28.46,28.46,27.17,27.17,26.83,26.83,26.28,26.28,25.89,25.89,25.43,25.43,4.06,4.08,4.11,4.13,4.15,4.17,4.19,4.22,4.24,4.26,5.75,5.76,5.76,5.77,5.78,5.80,5.81,5.82,5.84,5.85,295.59,0.00,0.00,1.00,0.00,0.00,0.00,-1.00,0,None,0,aggregation
160,292.54,remora8,remora7,28.03,28.03,27.68,27.68,27.25,27.25,27.03,27.03,26.60,26.60,24.72,24.72,24.16,24.16,23.50,23.50,23.17,23.17,22.52,22.52,4.28,4.31,4.33,4.36,4.38,4.40,4.43,4.45,4.48,4.51,5.86,5.87,5.89,5.90,5.91,5.92,5.94,5.95,5.97,5.98,291.13,0.00,0.00,1.00,0.00,0.00,0.00,-1.00,0,None,0,aggregation
160,293.54,remora8,remora7,25.57,25.57,25.06,25.06,24.23,24.23,23.26,23.26,22.34,22.34,21.03,21.03,20.31,20.31,19.15,19.15,17.81,17.81,16.57,16.57,4.53,4.56,4.58,4.61,4.63,4.65,4.63,4.62,4.61,4.59,5.99,6.00,6.01,6.02,6.03,6.05,6.06,6.07,6.08,6.10,282.67,0.00,0.00,1.00,0.00,0.00,0.00,-1.00,0,None,0,aggregation
160,294.54,remora8,remora7,21.39,21.39,20.48,20.48,19.89,19.89,18.30,18.30,17.75,17.75,15.31,15.31,14.11,14.11,13.33,13.33,11.27,11.27,10.56,10.56,4.58,4.56,4.55,4.53,4.52,4.50,4.49,4.47,4.45,4.44,6.11,6.12,6.12,6.13,6.14,6.15,6.16,6.17,6.18,6.19,268.92,0.00,0.00,1.00,0.00,0.00,0.00,-1.00,0,None,0,aggregation
160,295.54,remora8,remora7,16.15,16.15,15.74,15.74,15.74,15.74,15.85,15.85,15.70,15.70,8.50,8.50,7.98,7.98,7.98,7.98,8.13,8.13,7.93,7.93,4.42,4.40,4.39,4.37,4.35,4.33,4.32,4.30,4.28,4.26,6.20,6.20,6.21,6.21,6.22,6.23,6.24,6.24,6.25,6.26,250.95,0.00,0.00,1.00,0.00,0.00,0.00,-1.00,0,None,0,aggregation
160,296.54,remora8,remora7,16.71,16.71,17.68,17.68,18.25,18.25,19.19,19.19,19.57,19.57,9.22,9.22,10.46,10.46,11.21,11.21,12.43,12.43,12.92,12.92,4.25,4.23,4.21,4.19,4.18,4.16,4.14,4.13,4.11,4.10,6.27,6.28,6.29,6.30,6.31,6.31,6.32,6.33,6.35,6.36,235.85,0.00,0.00,1.00,0.00,0.00,0.00,-1.00,0,None,0,aggregation
160,297.54,remora8,remora7,19.91,19.91,20.16,20.16,20.80,20.80,21.52,21.52,21.80,21.80,13.35,13.35,13.68,13.68,14.53,14.53,15.48,15.48,15.85,15.85,4.08,4.06,4.05,4.03,4.02,4.00,3.99,3.98,3.96,3.95,6.37,6.39,6.40,6.41,6.42,6.43,6.44,6.46,6.47,6.49,223.77,0.00,0.00,1.00,0.00,0.00,0.00,-1.00,0,None,0,aggregation
160,298.54,remora8,remora7,22.12,22.12,22.45,22.45,22.59,22.59,22.96,22.96,23.32,23.32,16.28,16.28,16.73,16.73,16.92,16.92,17.41,17.41,17.91,17.91,3.94,3.92,3.91,3.90,3.89,3.88,3.86,3.85,3.84,3.83,6.50,6.52,6.53,6.54,6.56,6.57,6.58,6.60,6.61,6.63,213.92,0.00,0.00,1.00,0.00,0.00,0.00,-1.00,0,None,0,aggregation
160,299.54,remora8,remora7,23.64,23.64,23.80,23.80,24.21,24.21,24.55,24.55,24.78,24.78,18.34,18.34,18.56,18.56,19.12,19.12,19.60,19.60,19.91,19.91,3.82,3.81,3.80,3.79,3.78,3.77,3.76,3.76,3.75,3.74,6.64,6.66,6.67,6.69,6.71,6.72,6.73,6.75,6.76,6.77,205.93,0.00,0.00,1.00,0.00,0.00,0.00,-1.00,0,None,0,aggregation
160,300.54,remora8,remora7,25.15,25.15,25.42,25.42,25.81,25.81,25.97,25.97,26.21,26.21,20.44,20.44,20.82,20.82,21.37,21.37,21.61,21.61,21.96,21.96,3.73,3.72,3.72,3.71,3.70,3.70,3.69,3.68,3.68,3.67,6.79,6.80,6.82,6.83,6.85,6.86,6.88,5.33,5.35,5.37,200.32,0.00,0.00,1.00,0.00,0.00,0.00,-1.00,0,None,0,aggregation
160,301.54,remora8,remora7,26.48,26.48,26.87,26.87,26.95,26.95,27.39,27.39,27.45,27.45,22.35,22.35,22.93,22.93,23.05,23.05,23.71,23.71,23.81,23.81,3.67,3.66,3.66,3.65,3.65,3.64,3.64,3.63,3.63,3.62,5.38,5.40,5.41,5.43,5.45,5.46,5.48,5.49,5.51,5.53,197.78,0.00,0.00,1.00,0.00,0.00,0.00,-1.00,0,None,0,aggregation
160,302.54,remora8,remora7,27.59,27.59,27.97,27.97,27.99,27.99,28.36,28.36,28.41,28.41,24.03,24.03,24.62,24.62,24.65,24.65,25.26,25.26,25.34,25.34,3.62,3.62,3.61,3.61,3.61,3.60,3.60,3.60,3.59,3.59,5.54,5.56,5.57,5.59,5.60,5.62,5.64,5.65,5.67,5.68,198.73,0.00,0.00,1.00,0.00,0.00,0.00,-1.00,0,None,0,aggregation
160,303.54,remora8,remora7,28.77,28.77,28.89,28.89,29.04,29.04,29.10,29.10,29.33,29.33,25.95,25.95,26.16,26.16,26.44,26.44,26.55,26.55,26.98,26.98,3.59,3.59,3.58,3.58,3.58,3.58,3.57,3.57,3.57,3.57,5.70,5.71,5.73,5.74,5.76,5.77,5.79,5.80,5.82,5.83,204.92,0.00,0.00,1.00,0.00,0.00,0.00,-1.00,0,None,0,aggregation
160,304.54,remora8,remora7,29.45,29.45,29.57,29.57,29.69,29.69,29.75,29.75,29.80,29.80,27.21,27.21,27.46,27.46,27.72,27.72,27.86,27.86,27.99,27.99,3.57,3.56,3.56,3.56,3.56,3.56,3.56,3.55,3.55,3.55,5.85,5.86,5.88,5.89,5.90,5.92,5.93,5.95,5.96,5.97,217.33,0.00,0.00,1.00,0.00,0.00,0.00,-1.00,0,None,0,aggregation
160,305.54,remora8,remora7,29.90,29.90,29.95,29.95,30.03,30.03,30.07,30.07,30.10,30.10,28.24,28.24,28.38,28.38,28.59,28.59,28.73,28.73,28.86,28.86,3.55,3.55,3.55,3.55,3.55,3.54,3.54,3.54,3.54,3.54,5.99,6.00,6.02,6.03,6.04,6.06,6.07,6.08,6.09,6.11,234.65,0.00,0.00,1.00,0.00,0.00,0.00,-1.00,0,None,0,aggregation
160,306.54,remora8,remora7,30.15,30.15,30.17,30.17,30.18,30.18,30.19,30.19,30.18,30.18,29.07,29.07,29.18,29.18,29.28,29.28,29.45,29.45,29.49,29.49,3.54,3.54,3.54,3.54,3.53,3.53,3.53,3.53,3.53,3.53,6.11,6.12,6.12,6.12,6.12,6.12,6.12,6.12,6.12,6.12,249.62,0.00,0.00,1.00,0.00,0.00,0.00,-1.00,0,None,0,aggregation
160,307.54,remora8,remora7,30.18,30.18,30.17,30.17,30.16,30.16,30.11,30.11,30.08,30.08,29.58,29.58,29.67,29.67,29.71,29.71,29.84,29.84,29.89,29.89,3.53,3.53,3.53,3.53,3.53,3.52,3.52,3.52,3.52,3.52,6.12,6.12,6.12,6.12,6.12,6.12,6.12,6.12,6.12,6.12,261.85,0.00,0.00,1.00,0.00,0.00,0.00,-1.00,0,None,0,aggregation
160,308.54,remora8,remora7,30.07,30.07,30.05,30.05,30.01,30.01,29.95,29.95,29.93,29.93,29.92,29.92,29.95,29.95,29.99,29.99,30.04,30.04,30.06,30.06,3.52,3.52,3.52,3.52,3.52,3.52,3.52,3.52,3.51,3.51,6.12,6.12,6.12,6.12,6.12,6.12,6.12,6.12,6.12,6.12,271.97,0.00,0.00,1.00,0.00,0.00,0.00,-1.00,0,None,0,aggregation
160,309.54,remora8,remora7,29.90,29.90,29.82,29.82,29.75,29.75,29.72,29.72,29.68,29.68,30.08,30.08,30.12,30.12,30.14,30.14,30.15,30.15,30.16,30.16,3.51,3.51,3.51,3.51,3.51,3.51,3.51,3.51,3.51,3.51,6.12,6.12,6.12,6.12,6.12,6.12,6.12,6.12,6.13,6.13,280.27,0.00,0.00,1.00,0.00,0.00,0.00,-1.00,0,None,0,aggregation
160,310.54,remora8,remora7,29.66,29.66,29.57,29.57,29.56,29.56,29.49,29.49,29.50,29.50,30.17,30.17,30.18,30.18,30.18,30.18,30.18,30.18,30.18,30.18,3.51,3.51,3.51,3.51,3.51,3.51,3.51,3.51,3.51,3.51,6.13,6.13,6.13,6.13,6.13,6.13,6.14,6.14,6.14,6.14,286.67,0.00,0.00,1.00,0.00,0.00,0.00,-1.00,0,None,0,aggregation
160,311.54,remora8,remora7,29.45,29.45,29.39,29.39,29.44,29.44,29.53,29.53,29.57,29.57,30.19,30.19,30.18,30.18,30.19,30.19,30.18,30.18,30.18,30.18,3.51,3.51,3.51,3.51,3.51,3.51,3.51,3.51,3.51,3.51,6.14,6.15,6.15,6.15,6.15,6.15,6.16,6.16,6.16,6.17,291.40,0.00,0.00,1.00,0.00,0.00,0.00,-1.00,0,None,0,aggregation
160,312.54,remora8,remora7,29.66,29.66,29.69,29.69,29.77,29.77,29.77,29.77,29.83,29.83,30.17,30.17,30.16,30.16,30.14,30.14,30.14,30.14,30.11,30.11,3.51,3.51,3.51,3.51,3.52,3.52,3.52,3.52,3.52,3.52,6.17,6.17,6.18,6.18,6.18,6.19,6.19,6.19,6.20,6.20,294.92,0.00,0.00,1.00,0.00,0.00,0.00,-1.00,0,None,0,aggregation
160,313.54,remora8,remora7,29.87,29.87,29.90,29.90,29.92,29.92,29.95,29.95,29.98,29.98,30.10,30.10,30.08,30.08,30.06,30.06,30.04,30.04,30.02,30.02,3.52,3.52,3.52,3.53,3.53,3.53,3.53,3.53,3.53,3.54,6.21,6.21,6.21,6.22,6.22,6.23,6.23,6.24,6.24,6.25,297.19,0.00,0.00,1.00,0.00,0.00,0.00,-1.00,0,None,0,aggregation
160,314.54,remora8,remora7,30.00,30.00,30.02,30.02,30.04,30.04,30.04,30.04,30.08,30.08,30.00,30.00,29.98,29.98,29.95,29.95,29.95,29.95,29.90,29.90,3.54,3.54,3.54,3.54,3.55,3.55,3.55,3.55,3.56,3.56,6.25,6.26,6.26,6.27,6.27,6.28,6.29,6.29,6.30,6.30,298.53,0.00,0.00,1.00,0.00,0.00,0.00,-1.00,0,None,0,aggregation
160,315.54,remora8,remora7,30.08,30.08,30.10,30.10,30.11,30.11,30.11,30.11,30.13,30.13,29.90,29.90,29.87,29.87,29.83,29.83,29.83,29.83,29.80,29.80,3.56,3.56,3.57,3.57,3.57,3.57,3.58,3.58,3.58,3.59,6.31,6.31,6.32,6.33,6.33,6.34,6.35,6.35,6.36,6.36,299.22,0.00,0.00,1.00,0.00,0.00,0.00,-1.00,0,None,0,aggregation
160,316.54,remora8,remora7,30.14,30.14,30.14,30.14,30.14,30.14,30.16,30.16,30.16,30.16,29.77,29.77,29.77,29.77,29.77,29.77,29.69,29.69,29.69,29.69,3.59,3.59,3.60,3.60,3.60,3.61,3.61,3.61,3.62,3.62,6.37,6.38,6.38,6.39,6.40,6.41,6.41,6.42,6.43,6.43,299.44,0.00,0.00,1.00,0.00,0.00,0.00,-1.00,0,None,0,aggregation
160,317.54,remora8,remora7,30.16,30.16,30.17,30.17,30.17,30.17,30.17,30.17,30.17,30.17,29.69,29.69,29.62,29.62,29.62,29.62,29.62,29.62,29.62,29.62,3.62,3.63,3.63,3.64,3.64,3.65,3.65,3.65,3.66,3.66,6.44,6.45,6.46,6.46,6.47,6.48,6.49,6.49,6.50,6.51,299.40,0.00,0.00,1.00,0.00,0.00,0.00,-1.00,0,None,0,aggregation
160,318.54,remora8,remora7,30.18,30.18,30.18,30.18,30.18,30.18,30.18,30.18,30.19,30.19,29.53,29.53,29.53,29.53,29.53,29.53,29.53,29.53,29.44,29.44,3.67,3.67,3.68,3.68,3.69,3.70,3.70,3.71,3.71,3.72,6.52,6.53,6.53,6.54,6.55,6.56,6.57,6.58,6.58,6.59,299.25,0.00,0.00,1.00,0.00,0.00,0.00,-1.00,0,None,0,aggregation
160,319.54,remora8,remora7,30.19,30.19,30.19,30.19,30.19,30.19,30.18,30.18,30.18,30.18,29.44,29.44,29.44,29.44,29.44,29.44,29.39,29.39,29.34,29.34,3.72,3.73,3.74,3.74,3.75,3.76,3.76,3.77,3.78,3.78,6.60,6.61,6.62,6.63,6.64,6.65,6.65,6.66,6.67,6.68,299.10,0.00,0.00,1.00,0.00,0.00,0.00,-1.00,0,None,0,aggregation
160,320.54,remora8,remora7,30.18,30.18,30.18,30.18,30.18,30.18,30.18,30.18,30.17,30.17,29.34,29.34,29.34,29.34,29.29,29.29,29.29,29.29,29.24,29.24,3.79,3.80,3.81,3.81,3.82,3.83,3.84,3.84,3.85,3.86,6.69,6.70,6.71,6.72,6.73,6.74,6.75,6.76,6.77,6.78,298.97,0.00,0.00,1.00,0.00,0.00,0.00,-1.00,0,None,0,aggregation
160,321.54,remora8,remora7,30.17,30.17,30.17,30.17,30.17,30.17,30.17,30.17,30.17,30.17,29.24,29.24,29.24,29.24,29.19,29.19,29.19,29.19,29.19,29.19,3.87,3.88,3.89,3.90,3.91,3.91,3.92,3.93,3.94,3.95,6.79,6.80,6.81,6.82,6.83,6.84,6.85,6.86,6.87,6.88,298.83,0.00,0.00,1.00,0.00,0.00,0.00,-1.00,0,None,0,aggregation
160,322.54,remora8,remora7,30.16,30.16,30.16,30.16,30.15,30.15,30.15,30.15,30.15,30.15,29.14,29.14,29.14,29.14,29.08,29.08,29.08,29.08,29.08,29.08,3.96,3.97,3.99,4.00,4.01,4.02,4.03,4.04,4.05,4.06,6.89,6.90,6.91,6.93,6.94,6.95,6.96,6.97,6.98,6.99,298.51,0.00,0.00,1.00,0.00,0.00,0.00,-1.00,0,None,0,aggregation
160,323.54,remora8,remora7,30.15,30.15,30.15,30.15,30.13,30.13,30.13,30.13,30.16,30.16,29.08,29.08,29.08,29.08,28.96,28.96,28.96,28.96,29.14,29.14,4.08,4.09,4.10,4.11,4.13,4.14,4.15,4.17,4.18,4.20,7.01,7.02,7.03,7.04,7.05,7.07,4.15,4.17,4.18,4.20,298.12,0.00,0.00,1.00,0.00,0.00,0.00,-1.00,0,None,0,aggregation
160,324.54,remora8,remora7,30.18,30.18,30.17,30.17,30.07,30.07,29.85,29.85,29.37,29.37,29.47,29.47,29.64,29.64,29.92,29.92,30.11,30.11,30.18,30.18,4.21,4.23,4.24,4.26,4.28,4.30,4.32,4.33,4.35,4.38,4.21,4.23,4.24,4.26,4.28,4.30,4.32,4.33,4.35,4.38,298.01,0.00,0.00,1.00,0.00,0.00,0.00,-1.00,0,None,0,aggregation
160,325.54,remora8,remora7,28.45,28.45,27.33,27.33,25.72,25.72,24.36,24.36,22.65,22.65,29.98,29.98,29.51,29.51,28.63,28.63,27.80,27.80,26.69,26.69,4.40,4.42,4.44,4.46,4.48,4.50,4.53,4.55,4.57,4.59,4.40,4.42,4.44,4.46,4.48,4.50,4.53,4.55,4.57,4.59,295.15,0.00,0.00,1.00,0.00,0.00,0.00,-1.00,0,None,0,aggregation
160,326.54,remora8,remora7,20.98,20.98,19.76,19.76,18.19,18.19,17.24,17.24,16.19,16.19,25.53,25.53,24.67,24.67,23.53,23.53,22.83,22.83,22.05,22.05,4.61,4.63,4.65,4.67,4.69,4.71,4.73,4.75,4.76,4.78,4.61,4.63,4.65,4.67,4.69,4.71,4.73,4.75,4.76,4.78,286.30,0.00,0.00,1.00,0.00,0.00,0.00,-1.00,0,None,0,aggregation
160,327.54,remora8,remora7,15.79,15.79,15.28,15.28,15.28,15.28,15.42,15.42,15.36,15.36,21.76,21.76,21.37,21.37,21.37,21.37,21.47,21.47,21.42,21.42,4.80,4.82,4.84,4.86,4.88,4.90,4.92,4.94,4.96,4.98,4.80,4.82,4.84,4.86,4.88,4.90,4.92,4.94,4.96,4.98,274.86,0.00,0.00,1.00,0.00,0.00,0.00,-1.00,0,None,0,aggregation
160,328.54,remora8,remora7,15.71,15.71,15.73,15.73,16.18,16.18,16.89,16.89,17.48,17.48,21.69,21.69,21.71,21.71,22.05,22.05,22.57,22.57,23.01,23.01,5.00,5.02,5.04,5.06,5.08,5.11,5.13,5.15,5.17,5.20,5.00,5.02,5.04,5.06,5.08,5.11,5.13,5.15,5.17,5.20,264.31,0.00,0.00,1.00,0.00,0.00,0.00,-1.00,0,None,0,aggregation
160,329.54,remora8,remora7,18.05,18.05,18.68,18.68,20.02,20.02,20.97,20.97,21.88,21.88,23.43,23.43,23.89,23.89,24.85,24.85,25.53,25.53,26.16,26.16,5.22,5.25,5.27,5.30,5.33,5.35,5.38,5.41,5.43,5.46,5.22,5.25,5.27,5.30,5.33,5.35,5.38,5.41,5.43,5.46,256.86,0.00,0.00,1.00,0.00,0.00,0.00,-1.00,0,None,0,aggregation
160,330.54,remora8,remora7,22.75,22.75,23.58,23.58,24.11,24.11,24.86,24.86,25.45,25.45,26.75,26.75,27.30,27.30,27.64,27.64,28.12,28.12,28.48,28.48,5.49,5.52,5.55,5.58,5.61,5.64,5.67,5.70,5.73,5.76,5.49,5.52,5.55,5.58,5.61,5.64,5.67,5.70,5.73,5.76,253.02,0.00,0.00,1.00,0.00,0.00,0.00,-1.00,0,None,0,aggregation
160,331.54,remora8,remora7,26.01,26.01,26.43,26.43,26.84,26.84,26.84,27.22,27.49,27.49,28.80,28.80,29.04,29.04,29.25,29.25,29.25,29.45,29.58,29.58,5.79,5.82,5.85,5.88,5.91,5.94,5.98,6.01,6.04,6.07,5.79,5.82,5.85,5.88,5.91,5.94,5.98,6.01,6.04,6.07,251.31,0.00,0.00,1.00,0.00,0.00,0.00,-1.00,0,None,0,aggregation
160,332.54,remora8,remora7,27.83,27.83,28.07,28.07,28.29,28.29,28.51,28.51,28.71,28.71,29.73,29.73,29.83,29.83,29.92,29.92,30.00,30.00,30.06,30.06,6.10,6.13,6.17,6.20,6.23,6.26,6.30,6.33,6.36,6.40,6.10,6.13,6.17,6.20,6.23,6.26,6.30,6.33,6.36,6.40,250.78,0.00,0.00,1.00,0.00,0.00,0.00,-1.00,0,None,0,aggregation
160,333.54,remora8,remora7,28.84,28.84,29.02,29.02,29.14,29.14,29.24,29.24,29.34,29.34,30.10,30.10,30.14,30.14,30.16,30.16,30.17,30.17,30.18,30.18,6.43,6.46,6.50,6.53,6.56,6.60,6.63,6.66,6.70,6.73,6.43,6.46,6.50,6.53,6.56,6.60,6.63,6.66,6.70,6.73,250.82,0.00,0.00,1.00,0.00,0.00,0.00,-1.00,0,None,0,aggregation
160,334.54,remora8,remora7,29.44,29.44,29.49,29.49,29.57,29.57,29.62,29.62,29.69,29.69,30.19,30.19,30.18,30.18,30.18,30.18,30.17,30.17,30.16,30.16,6.77,6.80,6.84,6.87,6.91,6.94,6.98,7.01,7.05,7.08,6.77,6.80,6.84,6.87,6.91,6.94,6.98,7.01,7.05,7.08,250.79,0.00,0.00,1.00,0.00,0.00,0.00,-1.00,0,None,0,aggregation
160,335.54,remora8,remora7,29.73,29.73,29.77,29.77,29.80,29.80,29.83,29.83,29.87,29.87,30.15,30.15,30.14,30.14,30.13,30.13,30.11,30.11,30.10,30.10,7.12,7.16,7.19,7.23,7.27,7.31,7.35,7.38,7.42,7.46,7.12,7.16,7.19,7.23,7.27,7.31,7.35,7.38,7.42,7.46,253.64,0.00,0.00,1.00,0.00,0.00,0.00,-1.00,0,None,0,aggregation
160,228.54,remora8,remora6,0.00,0.00,-23.45,-23.45,-22.74,-22.74,-21.53,-21.53,-20.28,-20.28,0.00,0.00,-12.98,-12.98,-12.28,-12.28,-11.06,-11.06,-9.82,-9.82,1.64,1.64,1.65,1.68,1.72,1.76,1.80,1.83,1.87,1.90,5.17,5.17,5.18,5.19,5.21,5.22,5.24,5.25,5.26,5.27,13.41,0.00,1.00,0.00,0.00,0.00,0.00,-1.00,0,None,0,aggregation
160,229.54,remora8,remora6,-18.63,-18.63,-17.06,-17.06,-15.43,-15.43,-13.65,-13.65,-11.72,-11.72,-8.16,-8.16,-6.59,-6.59,-4.97,-4.97,-3.19,-3.19,-1.26,-1.26,1.94,1.97,2.00,2.03,2.06,2.08,2.11,2.13,2.15,2.17,5.28,5.29,5.31,5.32,5.33,5.34,5.35,5.36,5.38,5.39,23.48,0.00,1.00,0.00,0.00,0.00,0.00,-1.00,0,None,0,aggregation
160,230.54,remora8,remora6,-9.93,-9.93,-7.99,-7.99,-6.07,-6.07,-4.04,-4.04,-1.79,-1.79,0.54,0.54,2.47,2.47,4.40,4.40,6.19,6.19,7.99,7.99,2.18,2.20,2.21,2.23,2.24,2.25,2.25,2.26,2.27,2.27,5.40,5.41,5.42,5.44,5.45,5.46,5.47,5.48,5.49,5.49,25.97,0.00,1.00,0.00,0.00,0.00,0.00,-1.00,0,None,0,aggregation
160,231.54,remora8,remora6,0.28,0.28,2.28,2.28,4.08,4.08,5.86,5.86,7.56,7.56,9.64,9.64,11.23,11.23,12.66,12.66,14.07,14.07,15.41,15.41,2.27,2.27,2.28,2.28,2.27,2.27,2.27,2.27,2.27,2.27,5.50,5.50,5.50,5.50,5.50,5.49,5.49,5.48,5.48,5.47,34.28,0.00,1.00,0.00,0.00,0.00,0.00,-1.00,0,None,0,aggregation
160,232.54,remora8,remora6,9.08,9.08,10.41,10.41,11.83,11.83,13.03,13.03,14.26,14.26,16.60,16.60,17.63,17.63,18.74,18.74,19.66,19.66,20.60,20.60,2.26,2.26,2.26,2.26,2.25,2.25,2.25,2.25,2.25,2.25,5.47,5.46,5.46,5.45,5.45,5.44,5.44,5.43,5.43,5.42,49.46,0.00,1.00,1.00,0.00,0.00,0.00,-1.00,0,None,0,aggregation
160,233.54,remora8,remora6,15.13,15.13,16.20,16.20,16.99,16.99,17.46,17.46,17.84,17.84,21.25,21.25,22.06,22.06,22.65,22.65,23.00,23.00,23.28,23.28,2.25,2.25,2.26,2.26,2.26,2.27,2.27,2.28,2.29,2.29,5.42,5.41,5.41,5.40,5.40,5.39,5.39,5.40,5.40,5.39,69.05,0.00,1.00,1.00,0.00,0.00,0.00,-1.00,0,None,0,aggregation
160,234.54,remora8,remora6,18.10,18.10,18.26,18.26,18.31,18.31,18.01,18.01,17.84,17.84,23.47,23.47,23.58,23.58,23.62,23.62,23.40,23.40,23.27,23.27,2.30,2.31,2.32,2.33,2.34,2.35,2.36,2.38,2.39,2.40,5.39,5.39,5.38,5.38,5.37,5.37,5.37,5.36,5.36,5.36,89.83,0.00,1.00,1.00,0.00,0.00,0.00,-1.00,0,None,0,aggregation
160,235.54,remora8,remora6,17.03,17.03,16.84,16.84,16.31,16.31,15.83,15.83,15.10,15.10,22.68,22.68,22.54,22.54,22.14,22.14,21.79,21.79,21.23,21.23,2.42,2.43,2.44,2.46,2.48,2.49,2.51,2.52,2.54,2.56,5.35,5.35,5.34,5.34,5.34,5.33,5.33,5.33,5.33,5.32,108.98,0.00,1.00,1.00,0.00,0.00,0.00,-1.00,0,None,0,aggregation
160,236.54,remora8,remora6,14.80,14.80,13.88,13.88,13.12,13.12,12.70,12.70,12.19,12.19,21.01,21.01,20.31,20.31,19.73,19.73,19.41,19.41,19.01,19.01,2.58,2.59,2.61,2.63,2.65,2.67,2.69,2.71,2.73,2.75,5.32,5.32,5.31,5.31,5.31,5.30,5.30,5.30,5.30,5.29,125.60,0.00,1.00,1.00,0.00,0.00,0.00,-1.00,0,None,0,aggregation
160,237.54,remora8,remora6,11.59,11.59,11.18,11.18,10.98,10.98,10.89,10.89,10.68,10.68,18.55,18.55,18.23,18.23,18.08,18.08,18.00,18.00,17.84,17.84,2.77,2.79,2.81,2.83,2.85,2.87,2.89,2.91,2.93,2.96,5.29,5.29,6.14,6.14,6.14,6.13,6.13,6.13,6.13,6.13,140.20,0.00,1.00,1.00,0.00,0.00,0.00,-1.00,0,None,0,aggregation
160,238.54,remora8,remora6,10.58,10.58,10.49,10.49,10.72,10.72,11.07,11.07,11.18,11.18,17.77,17.77,17.69,17.69,17.87,17.87,18.15,18.15,18.23,18.23,2.98,3.00,3.03,3.00,2.96,2.92,2.88,2.84,2.80,2.76,6.13,6.12,6.12,6.12,6.12,6.12,6.12,6.12,6.12,6.12,141.16,0.00,1.00,1.00,0.00,0.00,0.00,-1.00,0,None,0,aggregation
160,239.54,remora8,remora6,11.56,11.56,11.89,11.89,12.14,12.14,12.63,12.63,13.16,13.16,18.52,18.52,18.78,18.78,18.97,18.97,19.35,19.35,19.76,19.76,2.72,2.69,2.65,2.61,2.57,2.53,2.49,2.46,2.42,2.38,6.12,6.12,6.12,6.12,6.13,6.13,6.13,6.13,6.13,6.14,146.77,0.00,1.00,1.00,0.00,0.00,0.00,-1.00,0,None,0,aggregation
160,240.54,remora8,remora6,13.67,13.67,14.28,14.28,14.91,14.91,15.59,15.59,16.32,16.32,20.15,20.15,20.61,20.61,21.09,21.09,21.60,21.60,22.15,22.15,2.35,2.31,2.28,2.24,2.21,2.17,2.14,2.11,2.08,2.05,6.14,6.14,6.14,6.15,6.15,6.15,6.16,6.16,6.17,6.17,162.32,0.00,1.00,1.00,0.00,0.00,0.00,-1.00,0,None,0,aggregation
160,241.54,remora8,remora6,17.19,17.19,17.77,17.77,18.62,18.62,19.51,19.51,20.23,20.23,22.80,22.80,23.22,23.22,23.84,23.84,24.49,24.49,25.00,25.00,2.02,1.99,1.96,1.93,1.91,1.88,1.86,1.83,1.81,1.79,6.18,6.18,6.19,6.19,6.20,6.21,6.21,6.22,6.23,6.24,175.28,0.00,1.00,1.00,0.00,0.00,0.00,-1.00,0,None,0,aggregation
160,242.54,remora8,remora6,20.92,20.92,21.86,21.86,22.63,22.63,23.44,23.44,24.22,24.22,25.49,25.49,26.15,26.15,26.67,26.67,27.21,27.21,27.72,27.72,1.77,1.75,1.73,1.72,1.70,1.69,1.68,1.67,1.67,1.68,6.24,6.25,6.26,6.27,6.28,6.28,6.29,6.30,6.31,6.33,184.72,0.00,1.00,1.00,0.00,0.00,0.00,-1.00,0,None,0,aggregation
160,243.54,remora8,remora6,24.82,24.82,25.26,25.26,-17.72,-17.72,-17.60,-17.60,-17.31,-17.31,28.09,28.09,28.36,28.36,-2.02,-2.02,-1.90,-1.90,-1.61,-1.61,1.69,1.71,1.73,1.74,1.75,1.74,1.73,1.73,1.72,1.71,6.34,6.36,6.37,5.48,5.48,5.47,5.47,5.46,5.46,5.45,181.61,0.00,1.00,1.00,1.00,1.00,0.00,-1.00,0,None,0,aggregation
160,244.54,remora8,remora6,-16.93,-16.93,29.64,29.64,-16.17,-16.17,-15.84,-15.84,-15.19,-15.19,-1.23,-1.23,30.17,30.17,-0.48,-0.48,-0.15,-0.15,0.51,0.51,1.70,1.69,1.70,1.73,1.74,1.74,1.73,1.72,1.71,1.71,5.45,5.44,5.44,5.44,5.44,5.43,5.43,5.43,5.42,5.42,173.35,0.00,1.00,1.00,1.00,1.00,0.00,-1.00,0,None,0,aggregation
160,245.54,remora8,remora6,-14.45,-14.45,29.26,29.26,-13.15,-13.15,-12.72,-12.72,-11.80,-11.80,1.25,1.25,26.85,26.85,2.55,2.55,2.98,2.98,3.90,3.90,1.70,1.69,1.69,1.71,1.73,1.73,1.72,1.72,1.71,1.71,5.41,5.41,5.41,5.40,5.39,5.39,5.38,5.39,5.39,5.39,163.96,0.00,1.00,1.00,1.00,1.00,0.00,-1.00,0,None,0,aggregation
160,246.54,remora8,remora6,25.09,25.09,-10.50,-10.50,-10.03,-10.03,-9.02,-9.02,18.77,18.77,20.35,20.35,5.19,5.19,5.67,5.67,6.68,6.68,11.87,11.87,1.71,1.73,1.74,1.74,1.74,1.74,1.73,1.73,1.74,1.75,5.39,5.38,5.38,5.38,5.38,5.38,5.38,5.37,5.37,5.36,156.15,0.00,1.00,1.00,1.00,1.00,0.00,-1.00,0,None,0,aggregation
160,247.54,remora8,remora6,17.94,17.94,18.77,18.77,19.69,19.69,20.45,20.45,21.28,21.28,10.81,10.81,11.88,11.88,13.07,13.07,14.07,14.07,15.16,15.16,1.76,1.77,1.78,1.79,1.81,1.82,1.83,1.85,1.86,1.88,5.35,5.35,5.34,5.33,5.33,5.32,5.31,5.31,5.30,5.29,157.86,0.00,1.00,1.00,0.00,0.00,0.00,-1.00,0,None,0,aggregation
160,248.54,remora8,remora6,-9.79,-9.79,-9.37,-9.37,18.39,18.39,17.26,17.26,18.17,18.17,5.91,5.91,6.33,6.33,11.39,11.39,9.92,9.92,11.10,11.10,1.89,1.89,1.88,1.88,1.88,1.90,1.91,1.92,1.93,1.94,5.29,5.30,5.30,5.31,5.31,5.31,5.30,5.30,5.29,5.29,152.80,0.00,1.00,1.00,1.00,1.00,0.00,-1.00,0,None,0,aggregation
160,249.54,remora8,remora6,19.05,19.05,19.93,19.93,20.59,20.59,-10.13,-10.13,20.08,20.08,12.24,12.24,13.38,13.38,14.26,14.26,5.57,5.57,13.59,13.59,1.96,1.97,1.98,2.00,2.01,2.03,2.03,2.03,2.04,2.05,5.28,5.28,5.27,5.27,5.26,5.25,5.25,5.25,5.25,5.24,150.89,0.00,1.00,1.00,1.00,1.00,0.00,-1.00,0,None,0,aggregation
160,250.54,remora8,remora6,19.24,19.24,-9.82,-9.82,-9.48,-9.48,-8.48,-8.48,13.50,13.50,12.48,12.48,5.88,5.88,6.21,6.21,7.21,7.21,5.14,5.14,2.07,2.08,2.09,2.09,2.09,2.09,2.08,2.08,2.08,2.09,5.24,5.24,5.24,5.25,5.25,5.26,5.26,5.26,5.26,5.26,138.74,0.00,1.00,1.00,1.00,1.00,0.00,-1.00,0,None,0,aggregation
160,251.54,remora8,remora6,12.39,12.39,13.58,13.58,14.62,14.62,15.38,15.38,16.16,16.16,3.74,3.74,5.25,5.25,6.56,6.56,7.52,7.52,8.52,8.52,2.10,2.11,2.11,2.12,2.13,2.14,2.15,2.16,2.17,2.18,5.25,5.25,5.25,5.24,5.24,5.24,5.23,5.24,5.24,5.24,127.84,0.00,1.00,1.00,0.00,0.00,0.00,-1.00,0,None,0,aggregation
160,252.54,remora8,remora6,16.83,16.83,17.58,17.58,18.22,18.22,-11.17,-11.17,-10.87,-10.87,9.38,9.38,10.33,10.33,11.16,11.16,4.53,4.53,4.83,4.83,2.19,2.20,2.22,2.23,2.24,2.26,2.26,2.26,2.26,2.26,5.24,5.24,5.23,5.23,5.23,5.22,5.22,5.22,5.22,5.23,112.83,0.00,1.00,1.00,1.00,1.00,0.00,-1.00,0,None,0,aggregation
160,253.54,remora8,remora6,-9.91,-9.91,10.86,10.86,10.53,10.53,11.31,11.31,12.26,12.26,5.79,5.79,1.81,1.81,1.40,1.40,2.38,2.38,3.57,3.57,2.25,2.25,2.25,2.26,2.26,2.27,2.28,2.28,2.29,2.30,5.23,5.23,5.23,5.23,5.24,5.23,5.23,5.23,5.23,5.23,102.19,0.00,1.00,1.00,0.00,0.00,0.00,-1.00,0,None,0,aggregation
160,254.54,remora8,remora6,13.12,13.12,-11.11,-11.11,-11.00,-11.00,10.65,10.65,10.08,10.08,4.66,4.66,4.59,4.59,4.70,4.70,1.54,1.54,0.83,0.83,2.30,2.31,2.32,2.32,2.31,2.31,2.31,2.32,2.32,2.33,5.23,5.24,5.24,5.24,5.24,5.25,5.25,5.25,5.25,5.25,95.03,0.00,1.00,1.00,1.00,1.00,0.00,-1.00,0,None,0,aggregation
160,255.54,remora8,remora6,11.40,11.40,12.64,12.64,-11.55,-11.55,-11.22,-11.22,10.24,10.24,2.49,2.49,4.06,4.06,4.15,4.15,4.48,4.48,1.03,1.03,2.33,2.34,2.35,2.35,2.36,2.35,2.35,2.35,2.35,2.35,5.25,5.25,5.25,5.25,5.25,5.25,5.25,5.25,5.25,5.25,90.87,0.00,1.00,1.00,1.00,1.00,0.00,-1.00,0,None,0,aggregation
160,256.54,remora8,remora6,9.61,9.61,11.19,11.19,12.48,12.48,-11.77,-11.77,12.96,12.96,0.25,0.25,2.23,2.23,3.85,3.85,3.93,3.93,4.46,4.46,2.36,2.36,2.37,2.37,2.38,2.39,2.39,2.39,2.39,2.40,5.25,5.25,5.25,5.25,5.24,5.24,5.23,5.23,5.23,5.22,88.55,0.00,1.00,1.00,1.00,1.00,0.00,-1.00,0,None,0,aggregation
160,257.54,remora8,remora6,12.29,12.29,-11.79,-11.79,-11.54,-11.54,10.24,10.24,9.59,9.59,3.62,3.62,3.91,3.91,4.16,4.16,1.03,1.03,0.22,0.22,2.40,2.41,2.42,2.41,2.41,2.41,2.41,2.41,2.41,2.42,5.22,5.21,5.21,5.21,5.21,5.21,5.21,5.21,5.20,5.20,77.46,0.00,1.00,1.00,0.00,0.00,0.00,-1.00,0,None,0,aggregation
160,258.54,remora8,remora6,11.04,11.04,-11.48,-11.48,-11.31,-11.31,9.10,9.10,8.41,8.41,2.04,2.04,4.21,4.21,4.39,4.39,-0.40,-0.40,-1.26,-1.26,2.42,2.43,2.43,2.43,2.43,2.42,2.42,2.43,2.43,2.43,5.19,5.19,5.19,5.19,5.18,5.19,5.19,5.19,5.18,5.18,72.46,0.00,1.00,1.00,0.00,0.00,0.00,-1.00,0,None,0,aggregation
160,259.54,remora8,remora6,9.97,9.97,11.35,11.35,12.94,12.94,-12.28,-12.28,-12.10,-12.10,0.70,0.70,2.43,2.43,4.44,4.44,3.42,3.42,3.60,3.60,2.44,2.44,2.45,2.45,2.46,2.47,2.48,2.47,2.47,2.46,5.18,5.18,5.17,5.17,5.16,5.16,5.16,5.16,5.16,5.16,64.61,0.00,1.00,1.00,0.00,0.00,0.00,-1.00,0,None,0,aggregation
160,260.54,remora8,remora6,11.15,11.15,10.78,10.78,12.08,12.08,-12.08,-12.08,-11.69,-11.69,2.18,2.18,1.71,1.71,3.34,3.34,3.62,3.62,4.01,4.01,2.46,2.47,2.48,2.48,2.49,2.50,2.50,2.49,2.49,2.49,5.16,5.15,5.15,5.14,5.14,5.13,5.13,5.13,5.12,5.12,64.47,0.00,1.00,1.00,0.00,0.00,0.00,-1.00,0,None,0,aggregation
160,261.54,remora8,remora6,9.92,9.92,9.07,9.07,10.84,10.84,12.28,12.28,-12.24,-12.24,0.63,0.63,-0.43,-0.43,1.78,1.78,3.59,3.59,3.46,3.46,2.49,2.49,2.49,2.50,2.50,2.51,2.52,2.52,2.53,2.52,5.12,5.12,5.11,5.10,5.10,5.09,5.09,5.09,5.08,5.08,59.74,0.00,1.00,1.00,0.00,0.00,0.00,-1.00,0,None,0,aggregation
160,262.54,remora8,remora6,-11.93,-11.93,10.34,10.34,9.73,9.73,11.12,11.12,12.78,12.78,3.77,3.77,1.16,1.16,0.40,0.40,2.14,2.14,4.24,4.24,2.52,2.52,2.51,2.52,2.52,2.53,2.54,2.54,2.55,2.56,5.07,5.07,5.07,5.06,5.05,5.04,5.04,5.03,5.03,5.02,56.13,0.00,1.00,1.00,0.00,0.00,0.00,-1.00,0,None,0,aggregation
160,263.54,remora8,remora6,-12.45,-12.45,-12.14,-12.14,10.45,10.45,9.05,9.05,10.35,10.35,3.25,3.25,3.56,3.56,1.29,1.29,-0.46,-0.46,1.17,1.17,2.56,2.56,2.56,2.58,2.61,2.64,2.67,2.69,2.72,2.75,5.02,5.01,5.01,5.01,5.01,5.01,6.01,6.00,5.99,5.99,55.27,0.00,1.00,1.00,0.00,0.00,0.00,-1.00,0,None,0,aggregation
160,264.54,remora8,remora6,11.73,11.73,-12.46,-12.46,11.93,11.93,11.30,11.30,-12.51,-12.51,2.91,2.91,3.24,3.24,3.16,3.16,2.36,2.36,3.19,3.19,2.78,2.81,2.84,2.86,2.88,2.90,2.93,2.96,2.98,2.99,5.98,5.97,5.97,5.96,5.95,5.95,5.94,5.93,5.92,5.91,56.09,0.00,1.00,1.00,0.00,0.00,0.00,-1.00,0,None,0,aggregation
160,265.54,remora8,remora6,-12.14,-12.14,8.07,8.07,7.51,7.51,9.12,9.12,10.23,10.23,3.56,3.56,-1.68,-1.68,-2.39,-2.39,-0.37,-0.37,1.02,1.02,3.00,3.01,3.03,3.04,3.06,3.08,3.09,3.11,3.12,3.14,5.91,5.90,5.89,5.88,5.88,5.87,5.86,5.85,5.84,5.83,54.50,0.00,0.00,1.00,0.00,0.00,0.00,-1.00,0,None,0,aggregation
160,266.54,remora8,remora6,11.90,11.90,-13.26,-13.26,-13.10,-13.10,9.97,9.97,9.90,9.90,3.12,3.12,2.44,2.44,2.60,2.60,0.70,0.70,0.60,0.60,3.15,3.17,3.18,3.18,3.18,3.18,3.19,3.20,3.20,3.21,5.82,5.81,5.80,5.79,5.78,5.77,5.76,5.75,5.74,5.73,53.76,0.00,0.00,1.00,0.00,0.00,0.00,-1.00,0,None,0,aggregation
160,267.54,remora8,remora6,11.09,11.09,-13.19,-13.19,-12.90,-12.90,9.05,9.05,8.51,8.51,2.10,2.10,2.51,2.51,2.80,2.80,-0.46,-0.46,-1.14,-1.14,3.22,3.23,3.23,3.23,3.23,3.23,3.23,3.23,3.24,3.24,5.72,5.71,5.70,5.69,5.68,5.67,5.66,5.65,5.64,5.63,53.53,0.00,0.00,1.00,0.00,0.00,0.00,-1.00,0,None,0,aggregation
160,268.54,remora8,remora6,9.96,9.96,11.43,11.43,13.09,13.09,-13.84,-13.84,-13.62,-13.62,0.68,0.68,2.53,2.53,4.63,4.63,1.86,1.86,2.08,2.08,3.25,3.26,3.27,3.28,3.29,3.30,3.31,3.31,3.31,3.31,5.62,5.61,5.60,5.60,5.60,5.59,5.59,5.59,5.58,5.58,55.80,0.00,0.00,1.00,0.00,0.00,0.00,-1.00,0,None,0,aggregation
160,269.54,remora8,remora6,11.06,11.06,10.64,10.64,-13.19,-13.19,-12.97,-12.97,8.38,8.38,2.06,2.06,1.54,1.54,2.51,2.51,2.73,2.73,-1.29,-1.29,3.32,3.33,3.35,3.36,3.37,3.38,3.39,3.39,3.41,3.42,5.58,5.57,5.57,5.56,5.56,5.55,5.55,5.55,5.54,5.54,55.22,0.00,0.00,1.00,0.00,0.00,0.00,-1.00,0,None,0,aggregation
160,270.54,remora8,remora6,8.06,8.06,9.52,9.52,11.10,11.10,12.27,12.27,-14.07,-14.07,-1.69,-1.69,0.14,0.14,2.11,2.11,3.59,3.59,1.63,1.63,3.44,3.46,3.48,3.50,3.52,3.55,3.57,3.60,3.62,3.64,5.54,5.53,5.53,5.53,5.53,5.52,5.52,5.52,5.52,5.51,55.23,0.00,0.00,1.00,0.00,0.00,0.00,-1.00,0,None,0,aggregation
160,271.54,remora8,remora6,-13.91,-13.91,10.00,10.00,8.95,8.95,10.32,10.32,-13.88,-13.88,1.78,1.78,0.73,0.73,-0.58,-0.58,1.13,1.13,1.81,1.81,3.65,3.66,3.66,3.65,3.64,3.63,3.63,3.62,3.62,3.63,5.51,5.51,5.50,5.50,5.50,5.49,5.49,5.49,5.49,5.49,55.06,0.00,0.00,1.00,0.00,0.00,0.00,-1.00,0,None,0,aggregation
160,272.54,remora8,remora6,-13.93,-13.93,8.75,8.75,7.55,7.55,8.93,8.93,10.42,10.42,1.77,1.77,-0.84,-0.84,-2.33,-2.33,-0.61,-0.61,1.26,1.26,3.63,3.63,3.63,3.62,3.62,3.61,3.60,3.60,3.59,3.59,5.48,5.48,5.48,5.48,5.48,5.47,5.47,5.47,5.47,5.47,53.58,0.00,0.00,1.00,0.00,0.00,0.00,-1.00,0,None,0,aggregation
160,273.54,remora8,remora6,11.58,11.58,-14.85,-14.85,-14.61,-14.61,8.55,8.55,7.95,7.95,2.71,2.71,0.85,0.85,1.09,1.09,-1.08,-1.08,-1.83,-1.83,3.58,3.58,3.58,3.58,3.58,3.58,3.58,3.57,3.57,3.57,5.47,5.47,5.47,5.47,5.47,5.47,5.47,5.47,5.47,5.48,54.16,0.00,0.00,1.00,0.00,0.00,0.00,-1.00,0,None,0,aggregation
160,274.54,remora8,remora6,9.18,9.18,10.58,10.58,11.66,11.66,-15.49,-15.49,-15.32,-15.32,-0.30,-0.30,1.46,1.46,2.82,2.82,0.21,0.21,0.38,0.38,3.56,3.56,3.55,3.54,3.53,3.53,3.53,3.53,3.53,3.53,5.48,5.48,5.48,5.48,5.49,5.49,5.50,5.50,5.50,5.50,54.53,0.00,0.00,1.00,0.00,0.00,0.00,-1.00,0,None,0,aggregation
160,275.54,remora8,remora6,9.06,9.06,8.14,8.14,9.40,9.40,10.80,10.80,-15.76,-15.76,-0.45,-0.45,-1.59,-1.59,-0.02,-0.02,1.74,1.74,-0.06,-0.06,3.53,3.52,3.52,3.52,3.51,3.51,3.51,3.50,3.50,3.50,5.51,5.51,5.52,5.52,5.53,5.54,5.54,5.55,5.56,5.56,55.81,0.00,0.00,1.00,0.00,0.00,0.00,-1.00,0,None,0,aggregation
160,276.54,remora8,remora6,-15.74,-15.74,8.76,8.76,8.37,8.37,9.85,9.85,11.38,11.38,-0.04,-0.04,-0.82,-0.82,-1.30,-1.30,0.54,0.54,2.47,2.47,3.50,3.50,3.50,3.49,3.49,3.48,3.48,3.47,3.47,3.47,5.57,5.57,5.58,5.59,5.59,5.60,5.61,5.61,5.62,5.63,55.56,0.00,0.00,1.00,0.00,0.00,0.00,-1.00,0,None,0,aggregation
160,277.54,remora8,remora6,-16.19,-16.19,12.44,12.44,12.03,12.03,-16.26,-16.26,-16.15,-16.15,-0.49,-0.49,3.81,3.81,3.29,3.29,-0.56,-0.56,-0.45,-0.45,3.47,3.47,3.46,3.46,3.45,3.44,3.44,3.44,3.44,3.44,5.63,5.64,5.65,5.66,5.67,5.68,5.69,5.70,5.70,5.71,58.74,0.00,0.00,1.00,1.00,0.00,1.00,-1.00,0,None,0,aggregation
160,278.54,remora8,remora6,10.44,10.44,9.93,9.93,11.70,11.70,-16.16,-16.16,-15.97,-15.97,1.29,1.29,0.65,0.65,2.87,2.87,-0.46,-0.46,-0.27,-0.27,3.44,3.44,3.43,3.43,3.42,3.42,3.41,3.41,3.42,3.42,5.72,5.73,5.74,5.75,5.76,5.77,5.78,5.79,5.80,5.81,59.13,0.00,0.00,1.00,1.00,0.00,1.00,-1.00,0,None,0,aggregation
160,279.54,remora8,remora6,9.65,9.65,8.91,8.91,10.58,10.58,12.19,12.19,-16.26,-16.26,0.29,0.29,-0.63,-0.63,1.46,1.46,3.49,3.49,-0.57,-0.57,3.42,3.41,3.41,3.40,3.40,3.39,3.38,3.38,3.38,3.39,5.82,5.83,5.84,5.85,5.86,5.87,5.89,5.90,5.91,5.92,60.07,0.00,0.00,1.00,1.00,0.00,1.00,-1.00,0,None,0,aggregation
160,280.54,remora8,remora6,-16.07,-16.07,10.31,10.31,9.56,9.56,11.17,11.17,12.87,12.87,-0.37,-0.37,1.12,1.12,0.19,0.19,2.20,2.20,4.34,4.34,3.39,3.39,3.39,3.38,3.37,3.37,3.36,3.37,3.37,3.38,5.93,5.94,5.95,5.96,5.97,5.98,6.00,6.01,6.02,6.04,61.13,0.00,0.00,1.00,0.00,0.00,0.00,-1.00,0,None,0,aggregation
160,281.54,remora8,remora6,-16.35,-16.35,-16.28,-16.28,11.54,11.54,10.54,10.54,12.02,12.02,-0.65,-0.65,-0.58,-0.58,2.67,2.67,1.41,1.41,3.27,3.27,3.39,3.38,3.38,3.38,3.38,3.37,3.36,3.35,3.34,3.33,6.05,6.06,6.07,6.07,6.08,6.10,6.11,6.12,6.13,6.15,63.19,0.00,0.00,1.00,1.00,0.00,1.00,-1.00,0,None,0,aggregation
160,282.54,remora8,remora6,-16.14,-16.14,12.73,12.73,12.11,12.11,-16.11,-16.11,-16.00,-16.00,-0.44,-0.44,4.16,4.16,3.38,3.38,-0.41,-0.41,-0.30,-0.30,3.33,3.32,3.33,3.35,3.37,3.39,3.41,3.41,3.41,3.41,6.16,6.17,6.18,6.20,6.22,6.24,6.26,6.27,6.28,6.29,66.84,0.00,0.00,1.00,1.00,0.00,1.00,-1.00,0,None,0,aggregation
160,283.54,remora8,remora6,10.89,10.89,10.24,10.24,11.90,11.90,-15.99,-15.99,12.82,12.82,1.85,1.85,1.03,1.03,3.12,3.12,-0.29,-0.29,4.28,4.28,3.41,3.40,3.40,3.39,3.39,3.38,3.38,3.38,3.39,3.38,6.30,6.31,6.32,6.34,6.35,6.37,6.38,6.38,6.39,6.39,68.54,0.00,0.00,1.00,1.00,0.00,1.00,-1.00,0,None,0,aggregation
160,284.54,remora8,remora6,12.49,12.49,-16.05,-16.05,-15.84,-15.84,10.39,10.39,9.74,9.74,3.86,3.86,-0.35,-0.35,-0.15,-0.15,1.23,1.23,0.41,0.41,3.38,3.38,3.38,3.39,3.39,3.40,3.41,3.41,3.41,3.42,6.40,6.41,6.42,6.43,6.44,6.44,6.45,6.45,6.46,6.47,69.03,0.00,0.00,1.00,1.00,0.00,1.00,-1.00,0,None,0,aggregation
160,285.54,remora8,remora6,11.50,11.50,13.10,13.10,-16.08,-16.08,-15.92,-15.92,12.37,12.37,2.62,2.62,4.63,4.63,-0.38,-0.38,-0.22,-0.22,3.71,3.71,3.43,3.44,3.46,3.47,3.48,3.50,3.52,3.54,3.57,3.58,6.48,6.50,6.52,6.53,6.54,6.55,6.56,6.56,6.57,6.59,71.79,0.00,0.00,1.00,1.00,0.00,1.00,-1.00,0,None,0,aggregation
160,286.54,remora8,remora6,11.67,11.67,13.31,13.31,-15.73,-15.55,-15.55,-15.55,12.31,12.31,2.83,2.83,4.90,4.90,-0.03,0.15,0.15,0.15,3.64,3.64,3.59,3.61,3.62,3.64,3.66,3.68,3.71,3.74,3.76,3.78,6.61,6.62,6.63,6.65,6.66,6.67,6.68,6.69,6.70,6.72,74.26,0.00,0.00,1.00,1.00,0.00,1.00,-1.00,0,None,0,aggregation
160,287.54,remora8,remora6,12.61,12.61,-15.18,-15.18,-14.99,-14.99,11.64,11.64,11.24,11.24,4.01,4.01,0.52,0.52,0.71,0.71,2.79,2.79,2.29,2.29,3.79,3.81,3.83,3.86,3.89,3.92,3.95,3.97,3.99,4.01,6.73,6.75,6.76,6.77,6.78,6.80,6.81,6.82,6.84,6.85,73.44,0.00,0.00,1.00,1.00,0.00,1.00,-1.00,0,None,0,aggregation
160,288.54,remora8,remora6,13.32,13.32,15.01,15.01,-15.25,-15.25,-15.00,-15.00,14.12,14.12,4.91,4.91,7.05,7.05,0.45,0.45,0.70,0.70,5.92,5.92,4.03,4.05,4.07,4.09,4.12,4.15,4.18,4.21,4.24,4.26,6.87,6.88,6.90,6.92,6.93,6.94,6.96,6.97,6.98,6.99,75.41,0.00,0.00,1.00,1.00,0.00,1.00,-1.00,0,None,0,aggregation
160,289.54,remora8,remora6,14.01,14.01,-14.50,-14.50,-14.28,-14.28,13.25,13.25,13.10,13.10,5.78,5.78,1.20,1.20,1.42,1.42,4.83,4.83,4.63,4.63,4.28,4.30,4.32,4.35,4.38,4.42,4.44,4.46,4.48,4.50,7.01,7.03,7.04,7.05,7.06,7.07,7.09,7.10,7.11,7.12,77.31,0.00,0.00,1.00,1.00,0.00,1.00,-1.00,0,None,0,aggregation
160,290.54,remora8,remora6,-13.75,-13.75,-13.58,-13.58,12.53,12.53,12.13,12.13,13.92,13.92,1.95,1.95,2.11,2.11,3.91,3.91,3.41,3.41,5.67,5.67,4.53,4.56,4.59,4.62,4.64,4.66,4.68,4.69,4.70,4.69,7.13,7.13,7.13,7.13,7.13,7.14,7.14,7.14,7.15,7.15,77.98,0.00,0.00,1.00,1.00,0.00,1.00,-1.00,0,None,0,aggregation
160,291.54,remora8,remora6,-13.36,-13.36,-12.99,-12.99,12.34,12.34,12.38,12.38,-12.56,-12.56,2.33,2.33,2.70,2.70,3.67,3.67,3.73,3.73,3.14,3.14,4.69,4.67,4.66,4.65,4.64,4.63,4.63,4.62,4.62,4.60,7.15,7.15,7.15,7.15,7.15,7.15,7.15,7.15,7.15,7.15,76.73,0.00,0.00,1.00,1.00,0.00,1.00,-1.00,0,None,0,aggregation
160,292.54,remora8,remora6,13.39,13.39,-12.22,-12.22,12.35,12.35,12.05,12.05,-12.14,-12.14,5.01,5.01,3.48,3.48,3.69,3.69,3.31,3.31,3.55,3.55,4.59,4.59,4.58,4.57,4.56,4.55,4.54,4.54,4.53,4.51,7.15,7.15,7.15,7.15,7.15,7.15,7.15,7.15,7.15,7.15,75.27,0.00,0.00,1.00,1.00,0.00,1.00,-1.00,0,None,0,aggregation
160,293.54,remora8,remora6,-11.82,-11.82,10.53,10.53,9.72,9.72,11.61,11.61,13.29,13.29,3.87,3.87,1.39,1.39,0.39,0.39,2.76,2.76,4.88,4.88,4.50,4.48,4.47,4.46,4.45,4.44,4.43,4.42,4.41,4.40,7.15,7.15,7.15,7.15,7.15,7.15,7.15,7.15,7.15,7.15,74.28,0.00,0.00,1.00,0.00,0.00,0.00,-1.00,0,None,0,aggregation
160,294.54,remora8,remora6,-12.17,-12.17,-11.77,-11.77,11.67,11.67,11.29,11.29,12.99,12.99,3.53,3.53,3.92,3.92,2.83,2.83,2.35,2.35,4.49,4.49,4.39,4.37,4.35,4.33,4.32,4.30,4.29,4.28,4.27,4.26,7.15,7.15,7.15,7.14,7.14,7.14,7.14,7.14,7.13,7.13,73.43,0.00,0.00,1.00,1.00,0.00,1.00,-1.00,0,None,0,aggregation
160,295.54,remora8,remora6,-11.64,-11.64,-11.24,-11.24,10.71,10.71,10.26,10.26,11.96,11.96,4.06,4.06,4.46,4.46,1.63,1.63,1.06,1.06,3.20,3.20,4.24,4.22,4.20,4.18,4.16,4.14,4.13,4.11,4.09,4.08,7.13,7.12,7.12,7.11,7.11,7.11,7.10,7.10,7.09,7.09,70.70,0.00,0.00,1.00,1.00,0.00,1.00,-1.00,0,None,0,aggregation
160,296.54,remora8,remora6,13.68,13.68,-11.72,-11.72,-11.46,-11.46,12.29,12.29,11.71,11.71,5.37,5.37,3.98,3.98,4.24,4.24,3.61,3.61,2.89,2.89,4.07,4.05,4.04,4.01,3.99,3.97,3.94,3.93,3.91,3.89,7.09,7.08,7.08,7.07,7.07,7.06,7.06,7.05,7.05,7.04,69.18,0.00,0.00,1.00,1.00,0.00,1.00,-1.00,0,None,0,aggregation
160,297.54,remora8,remora6,13.34,13.34,-11.24,-11.24,-11.11,-11.11,12.67,12.67,12.79,12.79,4.93,4.93,4.46,4.46,4.59,4.59,4.10,4.10,4.24,4.24,3.88,3.86,3.84,3.82,3.79,3.77,3.74,3.73,3.71,3.69,7.04,7.03,7.03,7.02,7.01,7.00,7.00,6.99,6.99,6.98,68.37,0.00,0.00,1.00,1.00,0.00,1.00,-1.00,0,None,0,aggregation
160,298.54,remora8,remora6,14.32,14.32,-11.16,-11.16,-10.82,-10.82,12.62,12.62,11.88,11.88,6.18,6.18,4.54,4.54,4.88,4.88,4.03,4.03,3.10,3.10,3.67,3.66,3.63,3.61,3.58,3.55,3.53,3.51,3.49,3.47,6.97,6.96,6.95,6.95,6.94,6.93,6.92,6.92,6.91,6.90,65.89,0.00,0.00,1.00,1.00,0.00,1.00,-1.00,0,None,0,aggregation
160,299.54,remora8,remora6,13.45,13.45,14.90,14.90,-11.08,-11.08,-10.80,-10.80,-9.83,-9.83,5.07,5.07,6.91,6.91,4.62,4.62,4.90,4.90,5.87,5.87,3.45,3.43,3.41,3.39,3.37,3.34,3.31,3.28,3.25,3.22,6.90,6.89,6.88,6.87,6.07,6.06,6.84,6.83,6.83,6.82,63.38,0.00,0.00,1.00,1.00,0.00,1.00,-1.00,0,None,0,aggregation
160,300.54,remora8,remora6,10.07,10.07,9.62,9.62,11.00,11.00,12.32,12.32,13.42,13.42,0.82,0.82,0.26,0.26,1.99,1.99,3.64,3.64,5.04,5.04,3.20,3.17,3.15,3.12,3.10,3.08,3.05,3.03,3.01,2.99,6.81,6.80,6.79,5.97,5.96,5.94,5.93,4.54,4.52,4.49,62.71,0.00,0.00,1.00,0.00,0.00,0.00,-1.00,0,None,0,aggregation
160,301.54,remora8,remora6,14.65,14.65,-11.41,-11.41,-11.14,-11.14,12.23,12.23,11.83,11.83,6.59,6.59,4.29,4.29,4.56,4.56,3.54,3.54,3.03,3.03,2.97,2.95,2.93,2.89,2.86,2.83,2.81,2.78,2.76,2.74,4.47,4.45,4.43,4.41,4.40,4.38,4.35,4.33,4.30,4.28,62.99,0.00,1.00,1.00,1.00,1.00,0.00,-1.00,0,None,0,aggregation
160,302.54,remora8,remora6,-10.69,-10.69,11.92,11.92,11.16,11.16,-10.74,-10.74,-10.48,-10.48,5.00,5.00,3.15,3.15,2.19,2.19,4.96,4.96,5.21,5.21,2.71,2.68,2.65,2.63,2.61,2.58,2.56,2.53,2.49,2.46,4.26,4.24,4.21,4.19,4.16,4.14,4.12,4.11,4.10,4.09,60.79,0.00,1.00,1.00,1.00,1.00,0.00,-1.00,0,None,0,aggregation
160,303.54,remora8,remora6,8.77,8.77,8.18,8.18,9.69,9.69,11.12,11.12,12.57,12.57,-0.80,-0.80,-1.55,-1.55,0.34,0.34,2.14,2.14,3.97,3.97,2.43,2.41,2.38,2.36,2.33,2.30,2.28,2.26,2.23,2.21,4.08,4.07,4.06,4.04,4.03,4.01,4.00,3.98,3.97,3.95,59.98,0.00,1.00,1.00,0.00,0.00,0.00,-1.00,0,None,0,aggregation
160,304.54,remora8,remora6,-11.65,-11.65,-11.33,-11.33,10.26,10.26,9.61,9.61,11.08,11.08,4.05,4.05,4.37,4.37,1.06,1.06,0.24,0.24,2.09,2.09,2.18,2.15,2.12,2.09,2.06,2.03,2.01,1.98,1.96,1.94,3.94,3.93,3.92,3.92,3.91,3.89,3.88,3.86,3.85,3.84,58.66,0.00,1.00,1.00,0.00,0.00,0.00,-1.00,0,None,0,aggregation
160,305.54,remora8,remora6,12.47,12.47,-11.79,-11.79,-11.40,-11.40,10.39,10.39,9.95,9.95,3.84,3.84,3.90,3.90,4.30,4.30,1.22,1.22,0.67,0.67,1.91,1.89,1.86,1.83,1.80,1.77,1.74,1.71,1.69,1.66,3.82,3.81,3.80,3.79,3.78,3.77,3.76,3.75,3.73,3.72,58.70,0.00,1.00,1.00,0.00,0.00,0.00,-1.00,0,None,0,aggregation
160,306.54,remora8,remora6,11.47,11.47,12.85,12.85,-11.92,-11.92,-11.60,-11.60,10.86,10.86,2.57,2.57,4.31,4.31,3.78,3.78,4.10,4.10,1.82,1.82,1.65,1.66,1.66,1.67,1.67,1.67,1.66,1.66,1.66,1.66,3.71,3.71,3.70,3.69,3.69,3.69,3.69,3.70,3.69,3.69,58.20,0.00,1.00,1.00,0.00,0.00,0.00,-1.00,0,None,0,aggregation
160,307.54,remora8,remora6,10.78,10.78,12.30,12.30,-11.65,-11.65,12.85,12.85,11.93,11.93,1.71,1.71,3.63,3.63,4.05,4.05,4.31,4.31,3.16,3.16,1.66,1.67,1.67,1.68,1.68,1.68,1.68,1.68,1.69,1.69,3.69,3.68,3.68,3.67,3.67,3.66,3.66,3.66,3.66,3.66,58.49,0.00,1.00,1.00,0.00,0.00,0.00,-1.00,0,None,0,aggregation
160,308.54,remora8,remora6,-11.45,-11.45,-11.13,-11.13,10.05,10.05,9.10,9.10,10.70,10.70,4.24,4.24,4.57,4.57,0.80,0.80,-0.39,-0.39,1.62,1.62,1.69,1.69,1.69,1.68,1.68,1.68,1.69,1.69,1.69,1.70,3.66,3.65,3.65,3.65,3.65,3.64,3.64,3.64,3.64,3.63,56.59,0.00,1.00,1.00,0.00,0.00,0.00,-1.00,0,None,0,aggregation
160,309.54,remora8,remora6,12.33,12.33,13.90,13.90,-11.97,-11.97,-11.78,-11.78,-10.84,-10.84,3.66,3.66,5.65,5.65,3.73,3.73,3.92,3.92,4.86,4.86,1.70,1.71,1.72,1.72,1.73,1.73,1.72,1.72,1.71,1.71,3.63,3.62,3.62,3.61,3.61,3.61,3.61,3.61,3.61,3.61,56.68,0.00,1.00,1.00,0.00,0.00,0.00,-1.00,0,None,0,aggregation
160,310.54,remora8,remora6,9.99,9.99,9.42,9.42,11.30,11.30,12.73,12.73,14.38,14.38,0.71,0.71,0.01,0.01,2.37,2.37,4.16,4.16,6.25,6.25,1.71,1.71,1.71,1.72,1.72,1.73,1.73,1.74,1.75,1.75,3.61,3.60,3.60,3.60,3.59,3.59,3.59,3.59,3.58,3.57,57.00,0.00,1.00,1.00,0.00,0.00,0.00,-1.00,0,None,0,aggregation
160,311.54,remora8,remora6,-11.72,-11.72,-11.46,-11.46,12.62,12.62,12.09,12.09,13.63,13.63,3.97,3.97,4.24,4.24,4.03,4.03,3.36,3.36,5.31,5.31,1.76,1.76,1.75,1.75,1.75,1.75,1.76,1.76,1.77,1.78,3.57,3.57,3.57,3.56,3.56,3.56,3.56,3.55,3.55,3.54,57.04,0.00,1.00,1.00,1.00,1.00,0.00,-1.00,0,None,0,aggregation
160,312.54,remora8,remora6,-11.30,-11.30,-11.03,-11.03,12.12,12.12,11.77,11.77,13.27,13.27,4.40,4.40,4.66,4.66,3.40,3.40,2.96,2.96,4.85,4.85,1.78,1.78,1.78,1.77,1.77,1.78,1.78,1.79,1.80,1.80,3.54,3.54,3.54,3.54,3.54,3.54,3.53,3.53,3.52,3.52,58.69,0.00,1.00,1.00,1.00,1.00,0.00,-1.00,0,None,0,aggregation
160,313.54,remora8,remora6,-10.89,-10.89,13.67,13.67,13.30,13.30,-10.80,-10.80,-10.53,-10.53,4.81,4.81,5.36,5.36,4.89,4.89,4.90,4.90,5.16,5.16,1.80,1.80,1.80,1.81,1.82,1.82,1.83,1.82,1.82,1.82,3.51,3.51,3.51,3.50,3.50,3.49,3.48,3.48,3.49,3.49,58.70,0.00,1.00,1.00,1.00,1.00,0.00,-1.00,0,None,0,aggregation
160,314.54,remora8,remora6,11.80,11.80,11.68,11.68,12.98,12.98,14.60,14.60,-10.90,-10.90,3.00,3.00,2.85,2.85,4.48,4.48,6.53,6.53,4.79,4.79,1.82,1.82,1.83,1.83,1.84,1.85,1.85,1.86,1.87,1.86,3.49,3.49,3.48,3.48,3.47,3.47,3.46,3.46,3.45,3.45,61.21,0.00,1.00,1.00,1.00,1.00,0.00,-1.00,0,None,0,aggregation
160,315.54,remora8,remora6,-10.55,-10.55,12.49,12.49,11.43,11.43,13.16,13.16,14.23,14.23,5.15,5.15,3.86,3.86,2.53,2.53,4.71,4.71,6.06,6.06,1.86,1.86,1.86,1.86,1.87,1.87,1.88,1.89,1.89,1.90,3.45,3.44,3.44,3.44,3.44,3.44,3.43,3.43,3.42,3.41,63.25,0.00,1.00,1.00,0.00,0.00,0.00,-1.00,0,None,0,aggregation
160,316.54,remora8,remora6,-10.77,-10.77,-10.34,-10.34,12.27,12.27,11.49,11.49,13.22,13.22,4.93,4.93,5.35,5.35,3.59,3.59,2.61,2.61,4.78,4.78,1.90,1.90,1.90,1.90,1.90,1.90,1.91,1.91,1.92,1.93,3.41,3.41,3.41,3.40,3.40,3.40,3.39,3.39,3.39,3.38,63.18,0.00,1.00,1.00,1.00,1.00,0.00,-1.00,0,None,0,aggregation
160,317.54,remora8,remora6,14.53,14.53,-10.79,-10.79,-10.51,-10.51,12.20,12.20,11.91,11.91,6.45,6.45,4.91,4.91,5.19,5.19,3.50,3.50,3.13,3.13,1.93,1.94,1.95,1.94,1.94,1.94,1.94,1.95,1.95,1.96,3.38,3.37,3.37,3.36,3.36,3.36,3.36,3.36,3.36,3.35,62.64,0.00,1.00,1.00,1.00,1.00,0.00,-1.00,0,None,0,aggregation
160,318.54,remora8,remora6,13.09,13.09,14.08,14.08,-11.03,-11.03,-10.69,-10.69,11.00,11.00,4.62,4.62,5.87,5.87,4.67,4.67,5.01,5.01,1.98,1.98,1.96,1.97,1.98,1.99,1.99,1.99,1.99,1.98,1.98,1.99,3.35,3.34,3.34,3.33,3.33,3.32,3.32,3.32,3.32,3.32,64.34,0.00,1.00,1.00,1.00,1.00,0.00,-1.00,0,None,0,aggregation
160,319.54,remora8,remora6,10.51,10.51,11.75,11.75,12.41,12.41,-11.05,-11.05,-10.87,-10.87,1.37,1.37,2.93,2.93,3.77,3.77,4.65,4.65,4.83,4.83,1.99,2.00,2.00,2.01,2.01,2.02,2.02,2.02,2.02,2.02,3.32,3.32,3.31,3.31,3.30,3.30,3.29,3.29,3.29,3.29,64.10,0.00,1.00,1.00,1.00,1.00,0.00,-1.00,0,None,0,aggregation
160,320.54,remora8,remora6,10.02,10.02,9.97,9.97,10.92,10.92,12.06,12.06,-11.51,-11.51,0.75,0.75,0.70,0.70,1.88,1.88,3.33,3.33,4.19,4.19,2.02,2.02,2.02,2.03,2.03,2.04,2.05,2.05,2.06,2.05,3.29,3.29,3.28,3.28,3.27,3.27,3.27,3.27,3.27,3.27,62.66,0.00,1.00,1.00,1.00,1.00,0.00,-1.00,0,None,0,aggregation
160,321.54,remora8,remora6,-11.26,-11.26,10.05,10.05,9.40,9.40,10.70,10.70,12.16,12.16,4.44,4.44,0.80,0.80,-0.02,-0.02,1.62,1.62,3.45,3.45,2.05,2.05,2.05,2.05,2.05,2.06,2.06,2.07,2.07,2.08,3.27,3.27,3.26,3.26,3.26,3.25,3.25,3.25,3.25,3.25,61.56,0.00,1.00,1.00,0.00,0.00,0.00,-1.00,0,None,0,aggregation
160,322.54,remora8,remora6,-11.89,-11.89,-11.50,-11.50,9.71,9.71,8.92,8.92,10.31,10.31,3.80,3.80,4.20,4.20,0.37,0.37,-0.63,-0.63,1.12,1.12,2.08,2.08,2.08,2.07,2.07,2.08,2.08,2.08,2.09,2.09,3.25,3.25,3.24,3.24,3.24,3.24,3.23,3.23,3.23,3.22,59.92,0.00,1.00,1.00,0.00,0.00,0.00,-1.00,0,None,0,aggregation
160,323.54,remora8,remora6,11.32,11.32,-12.16,-12.16,12.72,12.72,12.50,12.50,-12.19,-12.19,2.40,2.40,3.54,3.54,4.15,4.15,3.87,3.87,3.51,3.51,2.10,2.10,2.11,2.10,2.10,2.11,2.12,2.12,2.13,2.12,3.22,3.23,3.24,3.25,3.26,3.26,3.27,3.27,3.28,3.29,60.88,0.00,1.00,1.00,0.00,0.00,0.00,-1.00,0,None,0,aggregation
160,324.54,remora8,remora6,-11.95,-11.95,11.62,11.62,11.52,11.52,12.70,12.70,-11.68,-11.68,3.75,3.75,2.77,2.77,2.65,2.65,4.12,4.12,4.02,4.02,2.12,2.12,2.11,2.12,2.12,2.13,2.14,2.15,2.15,2.14,3.30,3.30,3.31,3.31,3.32,3.32,3.33,3.33,3.34,3.35,59.61,0.00,1.00,1.00,0.00,0.00,0.00,-1.00,0,None,0,aggregation
160,325.54,remora8,remora6,-11.35,-11.35,12.04,12.04,11.44,11.44,12.65,12.65,-11.21,-11.21,4.35,4.35,3.29,3.29,2.55,2.55,4.07,4.07,4.49,4.49,2.14,2.14,2.14,2.14,2.15,2.16,2.16,2.17,2.17,2.17,3.35,3.36,3.36,3.36,3.37,3.37,3.37,3.37,3.37,3.37,58.19,0.00,1.00,1.00,0.00,0.00,0.00,-1.00,0,None,0,aggregation
160,326.54,remora8,remora6,13.35,13.35,12.40,12.40,-11.22,-11.22,-11.03,-11.03,9.21,9.21,4.95,4.95,3.76,3.76,4.48,4.48,4.66,4.66,-0.25,-0.25,2.17,2.18,2.19,2.19,2.21,2.23,2.26,2.29,2.31,2.35,3.37,3.37,3.37,3.37,3.37,3.38,3.40,3.41,3.42,3.43,57.97,0.00,1.00,1.00,0.00,0.00,0.00,-1.00,0,None,0,aggregation
160,327.54,remora8,remora6,7.60,7.60,8.46,8.46,8.81,8.81,8.95,8.95,-12.18,-12.18,-2.28,-2.28,-1.20,-1.20,-0.75,-0.75,-0.58,-0.58,3.52,3.52,2.38,2.41,2.44,2.48,2.51,2.54,2.57,2.60,2.63,2.64,3.44,3.44,3.45,3.46,3.47,3.47,3.48,3.49,3.50,3.51,55.44,0.00,1.00,1.00,0.00,0.00,0.00,-1.00,0,None,0,aggregation
160,328.54,remora8,remora6,8.08,8.08,6.52,6.52,7.40,7.40,7.74,7.74,-13.53,-13.53,-1.67,-1.67,-3.63,-3.63,-2.53,-2.53,-2.10,-2.10,2.17,2.17,2.65,2.64,2.63,2.62,2.62,2.61,2.60,2.60,2.61,2.62,3.52,3.53,3.54,3.54,3.55,3.56,3.56,3.57,3.58,3.59,52.29,0.00,1.00,1.00,0.00,0.00,0.00,-1.00,0,None,0,aggregation
160,329.54,remora8,remora6,7.09,7.09,6.12,6.12,6.75,6.75,7.74,7.74,9.07,9.07,-2.91,-2.91,-4.13,-4.13,-3.34,-3.34,-2.10,-2.10,-0.43,-0.43,2.62,2.61,2.61,2.60,2.60,2.59,2.58,2.57,2.57,2.57,3.60,3.61,3.61,3.62,3.63,3.63,3.64,3.65,3.65,3.66,49.16,0.00,1.00,1.00,0.00,0.00,0.00,-1.00,0,None,0,aggregation
160,330.54,remora8,remora6,-15.05,-15.05,9.15,9.15,9.04,9.04,-15.27,-15.27,8.96,8.96,0.65,0.65,-0.33,-0.33,-0.48,-0.48,0.43,0.43,-0.57,-0.57,2.57,2.58,2.58,2.57,2.56,2.56,2.55,2.55,2.55,2.55,3.67,3.68,3.69,3.70,3.70,3.71,3.72,3.72,3.73,3.73,48.97,0.00,1.00,1.00,0.00,0.00,0.00,-1.00,0,None,0,aggregation
160,331.54,remora8,remora6,7.90,7.90,9.03,9.03,-15.72,-15.72,-15.72,9.89,9.11,9.11,-1.90,-1.90,-0.49,-0.49,-0.02,-0.02,-0.02,0.60,-0.38,-0.38,2.54,2.54,2.54,2.54,2.54,2.55,2.55,2.54,2.54,2.53,3.74,3.75,3.76,3.77,3.78,3.78,3.79,3.80,3.81,3.81,48.68,0.00,1.00,1.00,0.00,0.00,0.00,-1.00,0,None,0,aggregation
160,332.54,remora8,remora6,10.42,10.42,-16.02,-16.02,10.64,10.64,9.83,9.83,10.63,10.63,1.26,1.26,-0.33,-0.33,1.54,1.54,0.52,0.52,1.52,1.52,2.52,2.52,2.52,2.52,2.52,2.51,2.50,2.50,2.49,2.49,3.82,3.83,3.84,3.85,3.85,3.86,3.87,3.88,3.89,3.90,50.43,0.00,1.00,1.00,0.00,0.00,0.00,-1.00,0,None,0,aggregation
160,333.54,remora8,remora6,-16.33,-16.33,-16.27,-16.27,9.26,9.26,8.94,8.94,9.87,9.87,-0.63,-0.63,-0.58,-0.58,-0.19,-0.19,-0.60,-0.60,0.57,0.57,2.49,2.49,2.50,2.50,2.50,2.49,2.49,2.49,2.48,2.48,3.91,3.92,3.93,3.94,3.95,3.97,3.98,3.99,4.00,4.02,50.17,0.00,1.00,1.00,0.00,0.00,0.00,-1.00,0,None,0,aggregation
160,334.54,remora8,remora6,11.01,11.01,-16.65,-16.65,-16.49,-16.49,6.87,6.87,5.72,5.72,2.00,2.00,-0.95,-0.95,-0.79,-0.79,-3.19,-3.19,-4.63,-4.63,2.47,2.47,2.46,2.46,2.47,2.47,2.47,2.47,2.47,2.46,4.03,4.04,4.06,4.07,4.08,4.10,4.11,4.12,4.14,4.15,49.32,0.00,1.00,1.00,0.00,0.00,0.00,-1.00,0,None,0,aggregation
160,335.54,remora8,remora6,6.24,6.24,7.89,7.89,8.66,8.66,9.26,9.26,10.12,10.12,-3.97,-3.97,-1.91,-1.91,-0.94,-0.94,-0.20,-0.20,0.88,0.88,2.46,2.46,2.46,2.46,2.46,2.46,2.46,3.64,3.67,3.69,4.17,4.18,4.20,4.22,4.24,4.26,4.27,5.21,5.24,5.26,46.95,0.00,1.00,1.00,0.00,0.00,0.00,-1.00,0,None,0,aggregation
160,232.54,remora8,remora9,25.91,25.91,26.39,26.39,26.91,26.91,27.34,27.34,27.74,27.74,21.51,21.51,22.22,22.22,22.99,22.99,23.64,23.64,24.25,24.25,2.58,2.61,2.63,2.66,2.68,2.71,2.74,2.77,2.81,2.84,5.43,5.45,5.47,5.48,5.50,5.52,5.54,5.57,5.59,5.61,163.64,0.00,1.00,1.00,0.00,0.00,0.00,-1.00,0,None,0,aggregation
160,233.54,remora8,remora9,27.96,27.96,28.07,28.07,28.15,28.15,28.20,28.20,28.05,28.05,24.61,24.61,24.78,24.78,24.91,24.91,25.00,25.00,24.75,24.75,2.87,2.91,2.94,2.98,3.02,3.05,3.09,3.13,3.17,3.21,5.64,5.66,5.69,5.71,5.74,5.76,5.80,5.83,5.87,5.89,178.17,0.00,0.00,1.00,0.00,0.00,0.00,-1.00,0,None,0,aggregation
160,234.54,remora8,remora9,27.94,27.94,27.80,27.80,27.36,27.36,26.69,26.69,25.79,25.79,24.58,24.58,24.36,24.36,23.68,23.68,22.66,22.66,21.34,21.34,3.25,3.29,3.32,3.36,3.40,3.44,3.48,3.52,3.55,3.59,5.92,5.95,5.98,6.01,6.04,6.06,6.09,6.12,6.14,6.17,175.05,0.00,0.00,1.00,0.00,0.00,0.00,-1.00,0,None,0,aggregation
160,235.54,remora8,remora9,24.58,24.58,23.35,23.35,22.40,22.40,21.16,21.16,19.44,19.44,19.63,19.63,17.94,17.94,16.66,16.66,15.01,15.01,12.74,12.74,3.63,3.66,3.69,3.73,3.76,3.79,3.82,3.85,3.88,3.90,6.20,6.22,6.24,6.27,6.29,6.31,6.33,6.35,6.37,6.38,170.24,0.00,0.00,1.00,0.00,0.00,0.00,-1.00,0,None,0,aggregation
160,236.54,remora8,remora9,18.20,18.20,16.47,16.47,15.85,15.85,13.87,13.87,13.08,13.08,11.15,11.15,8.91,8.91,8.12,8.12,5.61,5.61,4.61,4.61,3.93,3.95,3.98,4.00,4.02,4.04,4.06,4.08,4.10,4.12,6.40,6.41,6.43,6.44,6.45,6.46,6.47,6.48,6.49,6.50,164.09,0.00,0.00,1.00,0.00,0.00,0.00,-1.00,0,None,0,aggregation
160,237.54,remora8,remora9,11.70,11.70,11.42,11.42,10.97,10.97,10.75,10.75,10.67,10.67,2.87,2.87,2.51,2.51,1.95,1.95,1.67,1.67,1.57,1.57,4.13,4.15,3.77,3.74,3.71,3.68,3.66,3.63,3.60,3.57,6.50,6.51,5.83,5.82,5.82,5.82,5.81,5.81,5.80,5.80,161.04,0.00,0.00,1.00,0.00,0.00,0.00,-1.00,0,None,0,aggregation
160,238.54,remora8,remora9,11.23,11.23,11.47,11.47,11.52,11.52,11.98,11.98,12.86,12.86,2.28,2.28,2.59,2.59,2.64,2.64,3.23,3.23,4.34,4.34,3.55,3.52,3.49,3.46,3.43,3.41,3.38,3.35,3.32,3.29,5.79,5.79,5.78,5.78,5.77,5.76,5.76,5.75,5.75,5.74,166.22,0.00,0.00,1.00,0.00,0.00,0.00,-1.00,0,None,0,aggregation
160,239.54,remora8,remora9,13.54,13.54,14.37,14.37,14.74,14.74,15.61,15.61,16.19,16.19,5.19,5.19,6.24,6.24,6.71,6.71,7.81,7.81,8.56,8.56,3.26,3.24,3.21,3.18,3.15,3.12,3.10,3.07,3.04,3.01,5.73,5.73,5.72,5.71,5.71,5.70,5.70,5.69,5.68,5.67,168.98,0.00,0.00,1.00,0.00,0.00,0.00,-1.00,0,None,0,aggregation
160,240.54,remora8,remora9,17.05,17.05,18.07,18.07,18.95,18.95,19.78,19.78,20.48,20.48,9.66,9.66,10.97,10.97,12.11,12.11,13.19,13.19,14.11,14.11,2.99,2.96,2.93,2.91,2.88,2.86,2.83,2.81,2.78,2.76,5.67,5.66,5.65,5.65,5.64,5.63,5.62,5.62,5.61,5.60,168.93,0.00,1.00,1.00,0.00,0.00,0.00,-1.00,0,None,0,aggregation
160,241.54,remora8,remora9,21.24,21.24,22.04,22.04,23.01,23.01,23.73,23.73,24.48,24.48,15.12,15.12,16.17,16.17,17.48,17.48,18.46,18.46,19.50,19.50,2.74,2.71,2.69,2.67,2.65,2.63,2.61,2.59,2.57,2.55,5.59,5.58,5.57,5.56,5.56,5.55,5.54,5.53,5.52,5.51,167.92,0.00,1.00,1.00,0.00,0.00,0.00,-1.00,0,None,0,aggregation
160,242.54,remora8,remora9,25.04,25.04,25.61,25.61,26.38,26.38,26.91,26.91,27.29,27.29,20.28,20.28,21.09,21.09,22.19,22.19,22.98,22.98,23.56,23.56,2.53,2.52,2.50,2.49,2.47,2.46,2.44,2.43,2.42,2.40,5.50,5.49,5.48,5.47,5.46,5.44,5.43,5.42,5.41,5.41,167.16,0.00,1.00,1.00,0.00,0.00,0.00,-1.00,0,None,0,aggregation
160,243.54,remora8,remora9,27.76,27.76,28.17,28.17,28.53,28.53,28.76,28.76,29.10,29.10,24.29,24.29,24.95,24.95,25.55,25.55,25.94,25.94,26.54,26.54,2.39,2.38,2.37,2.36,2.35,2.34,2.34,2.33,2.32,2.31,5.40,5.40,5.39,5.39,5.38,5.38,5.37,5.37,5.36,5.36,167.67,0.00,1.00,1.00,0.00,0.00,0.00,-1.00,0,None,0,aggregation
160,244.54,remora8,remora9,29.29,29.29,29.45,29.45,29.64,29.64,29.76,29.76,29.87,29.87,26.90,26.90,27.22,27.22,27.62,27.62,27.90,27.90,28.17,28.17,2.31,2.30,2.30,2.29,2.29,2.28,2.28,2.27,2.27,2.27,5.36,5.35,5.34,5.34,5.33,5.32,5.32,5.32,5.31,5.31,171.03,0.00,1.00,1.00,0.00,0.00,0.00,-1.00,0,None,0,aggregation
160,245.54,remora8,remora9,29.96,29.96,30.05,30.05,30.09,30.09,-0.89,-0.89,-0.59,-0.59,28.40,28.40,28.68,28.68,28.82,28.82,-16.59,-16.59,-16.29,-16.29,2.26,2.26,2.26,2.26,2.25,2.25,2.24,2.20,2.17,2.13,5.30,5.30,5.29,5.28,5.28,5.27,5.27,5.26,5.25,5.24,172.78,0.00,1.00,1.00,0.00,0.00,0.00,-1.00,0,None,0,aggregation
160,246.54,remora8,remora9,0.00,0.00,0.67,0.67,1.42,1.42,27.53,27.53,2.79,2.79,-15.70,-15.70,-15.03,-15.03,-14.27,-14.27,29.60,29.60,-12.91,-12.91,2.09,2.05,2.02,1.98,1.94,1.91,1.88,1.87,1.86,1.82,5.23,5.22,5.20,5.20,5.19,5.18,5.17,5.16,5.14,5.13,172.21,0.00,1.00,1.00,1.00,1.00,0.00,-1.00,0,None,0,aggregation
160,247.54,remora8,remora9,3.18,3.18,4.11,4.11,5.08,5.08,19.21,19.21,18.17,18.17,-12.52,-12.52,-11.59,-11.59,-10.61,-10.61,24.27,24.27,23.51,23.51,1.79,1.76,1.72,1.69,1.66,1.62,1.61,1.62,1.64,1.65,5.12,5.11,5.10,5.09,5.08,5.06,5.05,5.04,5.03,5.02,176.35,0.00,1.00,1.00,1.00,1.00,0.00,-1.00,0,None,0,aggregation
160,248.54,remora8,remora9,6.24,6.24,6.62,6.62,15.87,15.87,14.73,14.73,16.16,16.16,-9.46,-9.46,-9.08,-9.08,21.81,21.81,20.95,20.95,22.03,22.03,1.66,1.66,1.66,1.66,1.66,1.67,1.68,1.69,1.71,1.72,5.01,5.01,5.01,5.01,5.01,5.00,4.99,4.98,4.97,4.96,180.66,0.00,1.00,1.00,1.00,1.00,0.00,-1.00,0,None,0,aggregation
160,249.54,remora8,remora9,17.38,17.38,18.25,18.25,19.01,19.01,19.76,19.76,20.45,20.45,22.94,22.94,23.58,23.58,24.13,24.13,24.67,24.67,25.16,25.16,1.73,1.75,1.76,1.78,1.79,1.81,1.83,1.85,1.86,1.88,4.95,4.94,4.93,4.91,4.90,4.89,4.89,4.88,4.88,4.87,191.29,0.00,1.00,1.00,0.00,0.00,0.00,-1.00,0,None,0,aggregation
160,250.54,remora8,remora9,5.70,5.70,5.96,5.96,17.79,17.79,16.89,16.89,17.51,17.51,-10.00,-10.00,-9.74,-9.74,23.24,23.24,22.57,22.57,23.03,23.03,1.90,1.90,1.89,1.89,1.90,1.91,1.93,1.94,1.96,1.97,4.86,4.86,4.86,4.86,4.86,4.86,4.85,4.85,4.85,4.84,188.77,0.00,1.00,1.00,1.00,1.00,0.00,-1.00,0,None,0,aggregation
160,251.54,remora8,remora9,18.36,18.36,19.31,19.31,19.83,19.83,5.64,5.64,5.96,5.96,23.66,23.66,24.35,24.35,24.72,24.72,-10.06,-10.06,-9.74,-9.74,1.99,2.01,2.03,2.04,2.06,2.08,2.10,2.09,2.09,2.09,4.84,4.83,4.83,4.82,4.82,4.81,4.81,4.81,4.81,4.81,182.49,0.00,1.00,1.00,0.00,0.00,0.00,-1.00,0,None,0,aggregation
160,252.54,remora8,remora9,17.00,17.00,15.30,15.30,15.67,15.67,16.21,16.21,16.73,16.73,22.65,22.65,21.39,21.39,21.66,21.66,22.06,22.06,22.45,22.45,2.09,2.10,2.12,2.14,2.15,2.17,2.18,2.20,2.22,2.23,4.81,4.81,4.80,4.80,4.80,4.79,4.79,4.79,4.79,4.79,177.47,0.00,1.00,1.00,1.00,1.00,0.00,-1.00,0,None,0,aggregation
160,253.54,remora8,remora9,17.16,17.16,5.59,5.59,16.17,16.17,14.87,14.87,6.04,6.04,22.78,22.78,-10.11,-10.11,22.04,22.04,21.06,21.06,-9.66,-9.66,2.25,2.27,2.28,2.27,2.28,2.29,2.31,2.33,2.34,2.34,4.79,4.79,4.79,4.80,4.80,4.80,4.79,4.79,4.79,4.79,162.73,0.00,1.00,1.00,1.00,1.00,0.00,-1.00,0,None,0,aggregation
160,254.54,remora8,remora9,6.25,6.25,10.52,10.52,8.62,8.62,9.16,9.16,9.58,9.58,-9.45,-9.45,17.72,17.72,16.24,16.24,16.66,16.66,16.99,16.99,2.34,2.33,2.33,2.34,2.35,2.36,2.37,2.39,2.40,2.41,4.80,4.80,4.80,4.80,4.81,4.81,4.81,4.81,4.81,4.81,145.01,0.00,1.00,1.00,1.00,1.00,0.00,-1.00,0,None,0,aggregation
160,255.54,remora8,remora9,10.30,10.30,10.37,10.37,11.13,11.13,11.09,11.09,4.54,4.54,17.55,17.55,17.60,17.60,18.19,18.19,18.16,18.16,-11.16,-11.16,2.42,2.43,2.45,2.46,2.47,2.49,2.50,2.51,2.52,2.52,4.81,4.82,4.82,4.82,4.82,4.82,4.83,4.83,4.83,4.83,136.08,0.00,1.00,1.00,0.00,0.00,0.00,-1.00,0,None,0,aggregation
160,256.54,remora8,remora9,4.91,4.91,6.41,6.41,5.29,5.29,5.88,5.88,6.23,6.23,-10.79,-10.79,14.50,14.50,13.62,13.62,14.09,14.09,14.36,14.36,2.51,2.51,2.51,2.52,2.53,2.54,2.55,2.55,2.56,2.57,4.83,4.83,4.83,4.82,4.82,4.82,4.81,4.81,4.81,4.80,133.69,0.00,1.00,1.00,1.00,1.00,0.00,-1.00,0,None,0,aggregation
160,257.54,remora8,remora9,6.85,6.85,4.20,4.20,4.33,4.33,3.59,3.59,2.59,2.59,14.85,14.85,-11.50,-11.50,-11.37,-11.37,12.28,12.28,11.48,11.48,2.58,2.59,2.60,2.60,2.60,2.59,2.59,2.60,2.61,2.61,4.80,4.79,4.79,4.79,4.79,4.79,4.79,4.79,4.79,5.75,129.54,0.00,1.00,1.00,1.00,1.00,0.00,-1.00,0,None,0,aggregation
160,258.54,remora8,remora9,3.71,3.71,4.46,4.46,3.93,3.93,4.04,4.04,1.64,1.64,12.37,12.37,12.96,12.96,-11.76,-11.76,-11.65,-11.65,10.72,10.72,2.62,2.63,2.64,2.64,2.65,2.65,2.64,2.64,2.64,2.64,5.74,5.73,5.73,5.72,5.72,5.71,5.71,5.70,5.69,5.69,123.94,0.00,1.00,1.00,1.00,1.00,0.00,-1.00,0,None,0,aggregation
160,259.54,remora8,remora9,0.74,0.74,1.80,1.80,2.82,2.82,3.50,3.50,3.67,3.67,10.00,10.00,10.85,10.85,11.66,11.66,-12.19,-12.19,-12.03,-12.03,2.65,2.66,2.66,2.67,2.67,2.68,2.68,2.68,2.68,2.67,5.68,5.67,5.67,5.66,5.66,5.65,5.64,5.64,5.63,5.63,107.91,0.00,1.00,1.00,0.00,0.00,0.00,-1.00,0,None,0,aggregation
160,260.54,remora8,remora9,0.33,0.33,0.19,0.19,0.82,0.82,2.21,2.21,3.03,3.03,9.68,9.68,9.57,9.57,10.07,10.07,11.18,11.18,-12.67,-12.67,2.67,2.68,2.68,2.69,2.69,2.70,2.70,2.71,2.71,2.71,5.62,5.62,5.61,5.60,5.60,5.59,5.59,5.58,5.58,5.57,100.36,0.00,1.00,1.00,1.00,1.00,0.00,-1.00,0,None,0,aggregation
160,261.54,remora8,remora9,2.59,2.59,2.16,2.16,2.83,2.83,2.86,2.86,-0.42,-0.42,11.48,11.48,11.14,11.14,-12.87,-12.87,-12.84,-12.84,9.08,9.08,2.71,2.71,2.72,2.73,2.73,2.73,2.72,2.72,2.72,2.72,5.57,5.56,5.56,5.55,5.54,5.54,5.53,5.52,5.51,5.51,92.13,0.00,1.00,1.00,1.00,1.00,0.00,-1.00,0,None,0,aggregation
160,262.54,remora8,remora9,-0.94,-0.94,0.92,0.92,2.62,2.62,2.29,2.29,2.51,2.51,8.66,8.66,10.15,10.15,11.50,11.50,-13.41,-13.41,-13.19,-13.19,2.73,2.73,2.73,2.74,2.75,2.75,2.75,2.75,2.75,2.74,5.50,5.50,5.49,5.49,5.48,5.47,5.47,5.46,5.45,5.44,78.48,0.00,1.00,1.00,0.00,0.00,0.00,-1.00,0,None,0,aggregation
160,263.54,remora8,remora9,-0.66,-0.66,-1.53,-1.53,0.11,0.11,1.98,1.98,2.01,2.01,8.89,8.89,8.20,8.20,9.50,9.50,10.99,10.99,-13.69,-13.69,2.74,2.74,2.74,2.75,2.75,2.76,2.76,2.77,2.77,2.77,5.44,5.43,5.43,5.43,5.43,5.43,5.42,5.42,5.42,5.42,71.18,0.00,1.00,1.00,0.00,0.00,0.00,-1.00,0,None,0,aggregation
160,264.54,remora8,remora9,2.04,2.04,-0.06,-0.06,-1.19,-1.19,0.49,0.49,2.02,2.02,-13.66,-13.66,9.37,9.37,8.47,8.47,9.81,9.81,11.02,11.02,2.76,2.76,2.76,2.76,2.76,2.77,2.77,2.78,2.78,2.79,5.42,5.41,5.41,5.41,5.41,5.40,5.40,5.40,5.40,5.40,65.47,0.00,1.00,1.00,0.00,0.00,0.00,-1.00,0,None,0,aggregation
160,265.54,remora8,remora9,1.57,1.57,2.60,2.60,2.12,2.12,1.51,1.51,1.65,1.65,-14.13,-14.13,11.49,11.49,11.11,11.11,-14.19,-14.19,-14.04,-14.04,2.79,2.79,2.78,2.79,2.80,2.80,2.81,2.80,2.80,2.79,5.39,5.39,5.39,5.39,5.38,5.38,5.38,5.37,5.36,5.36,59.86,0.00,1.00,1.00,0.00,0.00,0.00,-1.00,0,None,0,aggregation
160,266.54,remora8,remora9,-1.26,-1.26,-2.51,-2.51,-0.56,-0.56,1.50,1.50,2.96,2.96,8.41,8.41,7.41,7.41,8.97,8.97,10.61,10.61,11.77,11.77,2.79,2.79,2.79,2.80,2.80,2.80,2.81,2.81,2.82,2.83,5.35,5.35,5.34,5.34,5.33,5.33,5.33,5.32,5.32,5.31,55.96,0.00,1.00,1.00,0.00,0.00,0.00,-1.00,0,None,0,aggregation
160,267.54,remora8,remora9,0.86,0.86,0.94,0.94,0.52,0.52,0.12,0.12,1.54,1.54,-14.83,-14.83,-14.75,-14.75,9.83,9.83,9.51,9.51,10.64,10.64,2.83,2.83,2.82,2.81,2.81,2.82,2.82,2.83,2.83,2.84,5.31,5.30,5.29,5.29,5.28,5.28,5.27,5.27,5.26,5.26,55.36,0.00,1.00,1.00,0.00,0.00,0.00,-1.00,0,None,0,aggregation
160,268.54,remora8,remora9,2.71,2.71,0.56,0.56,0.74,0.74,-2.41,-2.41,-4.26,-4.26,11.57,11.57,-15.14,-15.14,-14.96,-14.96,7.49,7.49,6.01,6.01,2.85,2.89,2.92,2.94,2.96,2.98,3.01,3.04,3.07,3.09,5.26,5.26,5.26,5.26,5.25,5.25,5.25,5.25,5.26,5.26,54.22,0.00,1.00,1.00,0.00,0.00,0.00,-1.00,0,None,0,aggregation
160,269.54,remora8,remora9,-2.80,-2.80,-1.78,-1.78,-0.63,-0.63,0.52,0.52,1.88,1.88,7.18,7.18,7.99,7.99,8.91,8.91,9.83,9.83,10.91,10.91,3.12,3.15,3.18,3.20,3.23,3.26,3.28,3.31,3.34,3.36,5.26,5.26,5.26,5.27,5.27,5.27,5.28,5.28,5.29,5.29,52.93,0.00,0.00,1.00,0.00,0.00,0.00,-1.00,0,None,0,aggregation
160,270.54,remora8,remora9,-0.77,-0.77,-0.60,-0.60,-2.01,-2.01,-3.33,-3.33,-1.87,-1.87,-16.47,-16.47,-16.29,-16.29,7.81,7.81,6.75,6.75,7.93,7.93,3.38,3.39,3.40,3.41,3.43,3.44,3.46,3.47,3.49,3.50,5.29,5.29,5.29,5.29,5.29,5.29,5.30,5.30,5.30,5.31,52.50,0.00,0.00,1.00,0.00,0.00,0.00,-1.00,0,None,0,aggregation
160,271.54,remora8,remora9,-0.27,-0.27,1.47,1.47,3.48,3.48,-1.45,-1.45,-1.38,-1.38,9.20,9.20,10.58,10.58,12.18,12.18,-17.15,-17.15,-17.08,-17.08,3.52,3.53,3.54,3.56,3.57,3.58,3.59,3.59,3.59,3.58,5.31,5.32,5.32,5.33,5.33,5.34,5.34,5.34,5.34,5.34,54.26,0.00,0.00,1.00,0.00,0.00,0.00,-1.00,0,None,0,aggregation
160,272.54,remora8,remora9,0.79,0.79,-0.41,-0.41,1.46,1.46,3.05,3.05,-1.52,-1.52,10.04,10.04,9.09,9.09,10.58,10.58,11.84,11.84,-17.22,-17.22,3.58,3.59,3.59,3.60,3.61,3.61,3.60,3.60,3.59,3.59,5.34,5.35,5.35,5.36,5.36,5.37,5.37,5.38,5.38,5.38,55.31,0.00,0.00,1.00,0.00,0.00,0.00,-1.00,0,None,0,aggregation
160,273.54,remora8,remora9,-1.43,-1.43,0.28,0.28,-0.19,-0.19,1.65,1.65,-1.48,-1.48,-17.13,-17.13,9.64,9.64,9.26,9.26,10.73,10.73,-17.17,-17.17,3.58,3.58,3.58,3.58,3.58,3.58,3.58,3.57,3.57,3.57,5.38,5.39,5.39,5.40,5.40,5.41,5.42,5.43,5.43,5.44,57.25,0.00,0.00,1.00,1.00,0.00,1.00,-1.00,0,None,0,aggregation
160,274.54,remora8,remora9,2.26,2.26,1.15,1.15,-1.48,-1.48,1.03,1.03,-0.22,-0.22,11.22,11.22,10.33,10.33,-17.17,-17.17,10.24,10.24,9.24,9.24,3.56,3.56,3.55,3.54,3.53,3.53,3.53,3.53,3.53,3.53,5.44,5.45,5.46,5.47,5.47,5.48,5.48,5.50,5.51,5.52,58.49,0.00,0.00,1.00,1.00,0.00,1.00,-1.00,0,None,0,aggregation
160,275.54,remora8,remora9,1.97,1.97,-1.71,-1.71,-1.63,-1.63,-1.92,-1.92,-2.89,-2.89,10.98,10.98,-17.41,-17.41,-17.33,-17.33,7.88,7.88,7.10,7.10,3.53,3.52,3.52,3.52,3.51,3.51,3.51,3.50,3.50,3.50,5.53,5.54,5.55,5.56,5.56,5.57,5.58,5.59,5.60,5.61,58.11,0.00,0.00,1.00,1.00,0.00,1.00,-1.00,0,None,0,aggregation
160,276.54,remora8,remora9,-1.08,-1.08,0.89,0.89,2.20,2.20,-1.98,-1.98,-1.96,-1.96,8.55,8.55,10.12,10.12,11.16,11.16,-17.68,-17.68,-17.66,-17.66,3.50,3.50,3.50,3.49,3.49,3.48,3.48,3.47,3.47,3.47,5.63,5.64,5.66,5.67,5.68,5.70,5.71,5.71,5.72,5.73,60.49,0.00,0.00,1.00,0.00,0.00,0.00,-1.00,0,None,0,aggregation
160,277.54,remora8,remora9,-1.11,-1.11,-2.71,-2.71,-0.96,-0.96,0.47,0.47,2.26,2.26,8.53,8.53,7.25,7.25,8.65,8.65,9.79,9.79,11.22,11.22,3.47,3.47,3.46,3.46,3.45,3.44,3.44,3.44,3.44,3.44,5.74,5.75,5.77,5.78,5.80,5.81,5.83,5.84,5.86,5.88,58.84,0.00,0.00,1.00,1.00,0.00,1.00,-1.00,0,None,0,aggregation
160,278.54,remora8,remora9,-2.13,-2.13,-2.10,-2.10,-1.46,-1.46,-3.15,-3.15,-1.21,-1.21,-17.82,-17.82,-17.80,-17.80,8.25,8.25,6.89,6.89,8.45,8.45,3.44,3.44,3.43,3.43,3.42,3.42,3.41,3.41,3.42,3.42,5.89,5.90,5.91,5.93,5.94,5.95,5.97,5.98,6.00,6.02,59.61,0.00,0.00,1.00,1.00,0.00,1.00,-1.00,0,None,0,aggregation
160,279.54,remora8,remora9,0.57,0.57,2.24,2.24,-17.85,-17.85,5.96,5.96,8.22,8.22,9.87,9.87,11.20,11.20,-2.15,-2.15,14.15,14.15,15.92,15.92,3.42,3.41,3.41,3.40,3.40,3.39,3.38,3.38,3.38,3.39,6.04,6.05,6.07,6.09,6.11,6.12,6.13,6.15,6.17,6.20,64.22,0.00,0.00,1.00,0.00,0.00,0.00,-1.00,0,None,0,aggregation
160,280.54,remora8,remora9,-17.60,-17.60,-17.40,-17.40,-17.04,-17.04,16.91,16.91,18.51,18.51,-1.90,-1.90,-1.70,-1.70,-1.35,-1.35,22.59,22.59,23.76,23.76,3.39,3.39,3.39,3.38,3.37,3.37,3.36,3.37,3.37,3.38,6.22,6.23,6.24,6.25,6.26,6.27,6.29,6.32,6.34,6.37,73.16,0.00,0.00,1.00,0.00,0.00,0.00,-1.00,0,None,0,aggregation
160,281.54,remora8,remora9,-16.03,-16.03,-15.64,-15.64,-14.96,-14.96,-14.19,-14.19,-13.36,-13.36,-0.33,-0.33,0.06,0.06,0.74,0.74,1.50,1.50,2.33,2.33,3.39,3.38,3.38,3.38,3.38,3.37,3.36,3.35,3.34,3.33,6.39,6.40,6.42,6.43,6.45,6.46,6.47,6.48,5.62,5.63,72.78,0.00,0.00,1.00,0.00,0.00,0.00,-1.00,0,None,0,aggregation
160,282.54,remora8,remora9,-13.36,-13.36,29.01,29.01,29.47,29.47,-10.90,-10.90,-10.30,-10.30,2.33,2.33,30.14,30.14,30.18,30.18,4.80,4.80,5.40,5.40,3.33,3.32,3.33,3.35,3.37,3.39,3.41,3.41,3.41,3.41,5.64,5.65,5.67,5.69,5.72,5.74,5.76,5.78,5.79,5.81,80.34,0.00,0.00,1.00,1.00,0.00,1.00,-1.00,0,None,0,aggregation
160,283.54,remora8,remora9,-9.29,-9.29,-8.25,-8.25,-6.90,-6.90,-5.39,-5.39,-3.96,-3.96,6.41,6.41,7.44,7.44,8.16,8.16,8.66,8.66,9.13,9.13,3.41,3.40,3.40,3.39,3.39,3.38,3.38,3.38,3.39,3.38,5.82,5.84,5.85,5.86,5.88,5.89,5.90,5.91,5.92,5.92,74.82,0.00,0.00,1.00,0.00,0.00,0.00,-1.00,0,None,0,aggregation
160,284.54,remora8,remora9,-2.64,-2.64,-1.44,-1.44,-0.36,-0.36,0.64,0.64,22.40,22.40,9.54,9.54,9.89,9.89,10.20,10.20,10.46,10.46,16.65,16.65,3.38,3.38,3.38,3.39,3.39,3.40,3.41,3.41,3.41,3.42,5.93,5.93,5.94,5.96,5.97,5.98,5.98,5.99,5.99,6.00,75.97,0.00,0.00,1.00,0.00,0.00,0.00,-1.00,0,None,0,aggregation
160,285.54,remora8,remora9,22.40,22.40,23.19,23.19,23.95,23.95,24.62,24.62,25.29,25.29,16.65,16.65,17.73,17.73,18.77,18.77,19.69,19.69,20.64,20.64,3.43,3.44,3.46,3.47,3.48,3.50,3.52,3.54,3.57,3.58,6.01,6.02,6.03,6.04,6.04,6.05,6.06,6.07,6.08,6.10,91.14,0.00,0.00,1.00,0.00,0.00,0.00,-1.00,0,None,0,aggregation
160,286.54,remora8,remora9,25.83,25.83,26.38,26.38,26.86,26.86,27.36,27.36,27.69,27.69,21.40,21.40,22.20,22.20,22.92,22.92,23.68,23.68,24.18,24.18,3.59,3.61,3.62,3.64,3.66,3.68,3.71,3.74,3.76,3.78,6.11,6.12,6.13,6.14,6.15,6.16,6.17,6.18,6.20,6.21,108.88,0.00,0.00,1.00,0.00,0.00,0.00,-1.00,0,None,0,aggregation
160,287.54,remora8,remora9,28.00,28.00,28.30,28.30,28.60,28.60,28.80,28.80,29.01,29.01,24.68,24.68,25.17,25.17,25.66,25.66,26.01,26.01,26.39,26.39,3.79,3.81,3.83,3.86,3.89,3.92,3.95,3.97,3.99,4.01,6.22,6.23,6.25,6.26,6.28,6.29,6.31,6.32,6.34,6.35,131.60,0.00,0.00,1.00,0.00,0.00,0.00,-1.00,0,None,0,aggregation
160,288.54,remora8,remora9,29.14,29.14,29.27,29.27,29.39,29.39,29.44,29.44,29.42,29.42,26.62,26.62,26.87,26.87,27.10,27.10,27.20,27.20,27.16,27.16,4.03,4.05,4.07,4.09,4.12,4.15,4.18,4.21,4.24,4.26,6.37,6.38,6.40,5.21,5.22,5.22,5.23,5.24,5.25,5.26,154.00,0.00,0.00,1.00,0.00,0.00,0.00,-1.00,0,None,0,aggregation
160,289.54,remora8,remora9,29.46,29.46,29.43,29.43,29.42,29.42,29.30,29.30,29.00,29.00,27.24,27.24,27.17,27.17,27.15,27.15,26.93,26.93,26.36,26.36,4.28,4.30,4.32,4.35,4.38,4.42,4.44,4.46,4.48,4.50,5.26,5.27,5.27,5.28,5.29,5.30,5.30,5.31,5.31,5.32,173.33,0.00,0.00,1.00,0.00,0.00,0.00,-1.00,0,None,0,aggregation
160,290.54,remora8,remora9,28.59,28.59,27.74,27.74,25.65,25.65,23.13,23.13,18.65,18.65,25.65,25.65,24.26,24.26,21.14,21.14,17.64,17.64,11.72,11.72,4.47,4.44,4.40,4.37,4.33,4.30,4.26,4.23,4.20,4.17,5.32,5.33,5.34,5.35,5.35,5.36,5.36,5.36,5.36,5.36,181.87,0.00,0.00,1.00,0.00,0.00,0.00,-1.00,0,None,0,aggregation
160,291.54,remora8,remora9,13.50,13.50,8.28,8.28,5.45,5.45,5.51,5.51,7.61,7.61,5.14,5.14,-1.43,-1.43,-4.96,-4.96,-4.88,-4.88,-2.26,-2.26,4.14,4.12,4.10,4.08,4.06,4.04,4.03,4.01,3.99,3.97,5.36,5.36,5.36,5.36,5.36,5.36,5.35,5.34,5.34,5.34,178.08,0.00,0.00,1.00,0.00,0.00,0.00,-1.00,0,None,0,aggregation
160,292.54,remora8,remora9,7.13,7.13,6.76,6.76,7.14,7.14,8.52,8.52,9.88,9.88,-2.86,-2.86,-3.32,-3.32,-2.85,-2.85,-1.12,-1.12,0.59,0.59,3.95,3.93,3.91,3.89,3.87,3.85,3.83,3.81,3.79,3.76,5.33,5.33,5.32,5.32,5.32,5.31,5.30,5.30,5.29,5.29,166.98,0.00,0.00,1.00,0.00,0.00,0.00,-1.00,0,None,0,aggregation
160,293.54,remora8,remora9,10.27,10.27,10.29,10.29,11.44,11.44,11.89,11.89,13.35,13.35,1.07,1.07,1.09,1.09,2.54,2.54,3.11,3.11,4.95,4.95,3.74,3.72,3.69,3.67,3.65,3.62,3.60,3.58,3.55,3.53,5.28,5.28,5.28,5.27,5.27,5.26,5.25,5.25,5.24,5.24,172.64,0.00,0.00,1.00,0.00,0.00,0.00,-1.00,0,None,0,aggregation
160,294.54,remora8,remora9,14.39,14.39,15.58,15.58,16.42,16.42,16.79,16.79,17.78,17.78,6.27,6.27,7.78,7.78,8.85,8.85,9.33,9.33,10.60,10.60,3.50,3.48,3.46,3.43,3.41,3.39,3.36,3.34,3.32,3.30,5.23,5.23,5.23,5.22,5.22,5.22,5.21,5.20,5.20,5.19,177.49,0.00,0.00,1.00,0.00,0.00,0.00,-1.00,0,None,0,aggregation
160,295.54,remora8,remora9,19.23,19.23,20.46,20.46,21.21,21.21,22.29,22.29,23.43,23.43,12.47,12.47,14.08,14.08,15.07,15.07,16.51,16.51,18.05,18.05,3.27,3.25,3.23,3.21,3.20,3.18,3.16,3.14,3.13,3.11,5.19,5.19,5.19,5.18,5.18,5.18,5.17,5.17,5.17,5.16,174.48,0.00,0.00,1.00,0.00,0.00,0.00,-1.00,0,None,0,aggregation
160,296.54,remora8,remora9,24.00,24.00,24.97,24.97,25.80,25.80,26.14,26.14,26.66,26.66,18.84,18.84,20.17,20.17,21.36,21.36,21.85,21.85,22.62,22.62,3.10,3.09,3.07,3.06,3.05,3.04,3.03,3.02,3.01,3.01,5.16,5.15,5.15,5.15,5.15,5.15,5.15,5.14,5.14,5.14,172.87,0.00,0.00,1.00,0.00,0.00,0.00,-1.00,0,None,0,aggregation
160,297.54,remora8,remora9,-2.15,-2.15,-2.13,-2.13,-2.01,-2.01,-2.01,-2.01,30.09,30.09,-17.85,-17.85,-17.83,-17.83,-17.70,-17.70,-17.70,-17.70,28.82,28.82,2.99,2.96,2.93,2.90,2.87,2.84,2.80,2.77,2.75,2.75,5.13,5.11,5.09,5.08,5.06,5.05,5.03,5.02,5.00,4.99,159.64,0.00,1.00,1.00,1.00,1.00,0.00,-1.00,0,None,0,aggregation
160,298.54,remora8,remora9,30.18,30.18,-1.18,-1.18,-0.92,-0.92,-0.38,-0.38,0.25,0.25,29.41,29.41,-16.88,-16.88,-16.62,-16.62,-16.08,-16.08,-15.45,-15.45,2.75,2.76,2.75,2.72,2.68,2.65,2.62,2.59,2.55,2.52,4.98,4.96,4.95,4.94,4.92,4.91,4.89,4.88,4.86,4.84,144.16,0.00,1.00,1.00,0.00,0.00,0.00,-1.00,0,None,0,aggregation
160,299.54,remora8,remora9,0.96,0.96,25.61,25.61,2.11,2.11,2.42,2.42,3.30,3.30,-14.74,-14.74,28.57,28.57,-13.58,-13.58,-13.28,-13.28,-12.39,-12.39,2.49,2.46,2.43,2.43,2.42,2.39,2.36,2.33,2.30,2.27,4.82,4.81,4.79,4.76,4.74,4.73,4.72,4.70,4.69,4.67,125.95,0.00,1.00,1.00,1.00,1.00,0.00,-1.00,0,None,0,aggregation
160,300.54,remora8,remora9,4.24,4.24,14.62,14.62,12.92,12.92,12.86,12.86,4.88,4.88,-11.46,-11.46,20.87,20.87,19.57,19.57,19.53,19.53,-10.82,-10.82,2.24,2.21,2.18,2.17,2.15,2.14,2.12,2.11,2.09,2.06,4.66,4.64,4.62,4.60,4.57,4.55,4.53,4.50,4.48,4.46,114.89,0.00,1.00,1.00,1.00,1.00,0.00,-1.00,0,None,0,aggregation
160,301.54,remora8,remora9,5.02,5.02,6.00,6.00,4.27,4.27,3.53,3.53,4.62,4.62,-10.68,-10.68,-9.70,-9.70,12.81,12.81,12.22,12.22,13.09,13.09,2.03,2.00,1.97,1.94,1.92,1.89,1.87,1.85,1.82,1.80,4.44,4.42,4.40,4.38,4.37,4.35,4.33,4.30,4.28,4.26,117.68,0.00,1.00,1.00,1.00,1.00,0.00,-1.00,0,None,0,aggregation
160,302.54,remora8,remora9,5.93,5.93,6.63,6.63,7.60,7.60,4.58,4.58,4.86,4.86,14.12,14.12,14.68,14.68,15.44,15.44,-11.12,-11.12,-10.83,-10.83,1.78,1.76,1.73,1.71,1.69,1.67,1.66,1.65,1.65,1.65,4.23,4.21,4.19,4.17,4.14,4.12,4.10,4.09,4.09,4.08,122.38,0.00,1.00,1.00,0.00,0.00,0.00,-1.00,0,None,0,aggregation
160,303.54,remora8,remora9,3.68,3.68,2.15,2.15,3.32,3.32,4.77,4.77,5.82,5.82,12.34,12.34,11.13,11.13,12.06,12.06,13.21,13.21,14.04,14.04,1.64,1.65,1.65,1.66,1.66,1.67,1.67,1.68,1.68,1.69,4.07,4.06,4.04,4.03,4.02,4.00,3.99,3.98,3.96,3.95,123.64,0.00,1.00,1.00,1.00,1.00,0.00,-1.00,0,None,0,aggregation
160,304.54,remora8,remora9,4.06,4.06,4.19,4.19,3.13,3.13,2.21,2.21,3.67,3.67,-11.64,-11.64,-11.51,-11.51,11.91,11.91,11.18,11.18,12.34,12.34,1.70,1.69,1.69,1.68,1.68,1.69,1.69,1.70,1.70,1.71,3.94,3.93,3.92,3.91,3.90,3.89,3.88,3.86,3.85,3.84,117.19,0.00,1.00,1.00,1.00,1.00,0.00,-1.00,0,None,0,aggregation
160,305.54,remora8,remora9,4.31,4.31,4.49,4.49,0.78,0.78,-0.54,-0.54,1.37,1.37,-11.39,-11.39,-11.20,-11.20,10.04,10.04,8.98,8.98,10.51,10.51,1.71,1.71,1.70,1.70,1.70,1.70,1.70,1.71,1.71,1.71,3.82,3.81,3.80,3.80,3.79,3.78,3.77,3.75,3.74,3.73,103.40,0.00,1.00,1.00,1.00,1.00,0.00,-1.00,0,None,0,aggregation
160,306.54,remora8,remora9,3.17,3.17,4.77,4.77,3.57,3.57,3.88,3.88,2.09,2.09,11.94,11.94,13.21,13.21,-12.13,-12.13,-11.81,-11.81,11.08,11.08,1.72,1.73,1.73,1.74,1.74,1.74,1.73,1.73,1.73,1.73,3.72,3.71,3.71,3.70,3.70,3.70,3.70,3.70,3.70,3.70,86.43,0.00,1.00,1.00,1.00,1.00,0.00,-1.00,0,None,0,aggregation
160,307.54,remora8,remora9,1.30,1.30,3.14,3.14,4.67,4.67,3.47,3.47,3.65,3.65,10.46,10.46,11.92,11.92,13.13,13.13,-12.23,-12.23,-12.04,-12.04,1.74,1.74,1.74,1.75,1.76,1.76,1.77,1.76,1.76,1.76,3.69,3.69,3.68,3.68,3.67,3.67,3.67,3.67,3.67,3.67,78.78,0.00,1.00,1.00,0.00,0.00,0.00,-1.00,0,None,0,aggregation
160,308.54,remora8,remora9,2.81,2.81,2.29,2.29,4.36,4.36,3.77,3.77,5.09,5.09,11.66,11.66,11.24,11.24,12.89,12.89,-11.93,-11.93,13.46,13.46,1.75,1.76,1.76,1.77,1.78,1.78,1.78,1.78,1.78,1.79,3.66,3.66,3.66,3.66,3.66,3.65,3.65,3.65,3.65,3.64,73.29,0.00,1.00,1.00,1.00,1.00,0.00,-1.00,0,None,0,aggregation
160,309.54,remora8,remora9,4.26,4.26,3.83,3.83,4.09,4.09,2.22,2.22,2.39,2.39,12.80,12.80,-11.86,-11.86,-11.61,-11.61,11.18,11.18,11.32,11.32,1.79,1.80,1.80,1.80,1.80,1.79,1.79,1.80,1.80,1.81,3.64,3.63,3.63,3.62,3.62,3.62,3.62,3.62,3.62,3.62,69.33,0.00,1.00,1.00,1.00,1.00,0.00,-1.00,0,None,0,aggregation
160,310.54,remora8,remora9,4.20,4.20,3.98,3.98,4.10,4.10,2.94,2.94,2.04,2.04,12.76,12.76,-11.72,-11.72,-11.60,-11.60,11.75,11.75,11.04,11.04,1.81,1.82,1.82,1.82,1.82,1.81,1.81,1.82,1.82,1.83,3.61,3.61,3.61,3.61,3.60,3.60,3.60,3.59,3.59,3.58,63.97,0.00,1.00,1.00,1.00,1.00,0.00,-1.00,0,None,0,aggregation
160,311.54,remora8,remora9,3.96,3.96,5.76,5.76,3.78,3.78,3.97,3.97,4.37,4.37,12.57,12.57,13.99,13.99,-11.91,-11.91,-11.72,-11.72,12.89,12.89,1.83,1.84,1.85,1.85,1.86,1.86,1.85,1.85,1.85,1.86,3.58,3.58,3.57,3.57,3.57,3.57,3.57,3.56,3.56,3.55,64.92,0.00,1.00,1.00,1.00,1.00,0.00,-1.00,0,None,0,aggregation
160,312.54,remora8,remora9,3.78,3.78,4.50,4.50,4.76,4.76,2.18,2.18,1.52,1.52,12.42,12.42,-11.19,-11.19,-10.94,-10.94,11.15,11.15,10.62,10.62,1.86,1.87,1.87,1.87,1.87,1.86,1.86,1.87,1.87,1.87,3.55,3.55,3.55,3.55,3.55,3.55,3.54,3.54,3.53,3.53,62.69,0.00,1.00,1.00,1.00,1.00,0.00,-1.00,0,None,0,aggregation
160,313.54,remora8,remora9,3.42,3.42,5.41,5.41,7.02,7.02,3.86,3.86,3.99,3.99,12.14,12.14,13.71,13.71,14.98,14.98,-11.84,-11.84,-11.71,-11.71,1.88,1.89,1.89,1.90,1.91,1.92,1.92,1.92,1.92,1.91,3.52,3.52,3.52,3.51,3.51,3.50,3.49,3.50,3.50,3.50,61.68,0.00,1.00,1.00,0.00,0.00,0.00,-1.00,0,None,0,aggregation
160,314.54,remora8,remora9,4.94,4.94,2.25,2.25,1.08,1.08,2.74,2.74,4.64,4.64,-10.76,-10.76,11.21,11.21,10.28,10.28,11.60,11.60,13.10,13.10,1.91,1.91,1.90,1.91,1.91,1.92,1.92,1.93,1.93,1.94,3.50,3.50,3.49,3.49,3.48,3.48,3.47,3.47,3.46,3.46,62.02,0.00,1.00,1.00,1.00,1.00,0.00,-1.00,0,None,0,aggregation
160,315.54,remora8,remora9,6.34,6.34,4.16,4.16,4.29,4.29,4.42,4.42,3.80,3.80,14.45,14.45,-11.54,-11.54,-11.41,-11.41,12.93,12.93,12.44,12.44,1.95,1.96,1.96,1.96,1.96,1.95,1.95,1.96,1.96,1.97,3.46,3.45,3.45,3.45,3.45,3.45,3.44,3.44,3.43,3.43,64.41,0.00,1.00,1.00,1.00,1.00,0.00,-1.00,0,None,0,aggregation
160,316.54,remora8,remora9,5.07,5.07,6.84,6.84,4.03,4.03,4.16,4.16,4.54,4.54,13.44,13.44,14.84,14.84,-11.67,-11.67,-11.54,-11.54,13.03,13.03,1.98,1.98,1.99,2.00,2.01,2.01,2.00,2.00,2.00,2.00,3.42,3.42,3.42,3.41,3.41,3.41,3.41,3.40,3.40,3.39,65.41,0.00,1.00,1.00,1.00,1.00,0.00,-1.00,0,None,0,aggregation
160,317.54,remora8,remora9,3.43,3.43,4.72,4.72,4.39,4.39,4.51,4.51,2.89,2.89,12.15,12.15,13.17,13.17,-11.31,-11.31,-11.19,-11.19,11.72,11.72,2.01,2.02,2.02,2.03,2.04,2.03,2.03,2.03,2.02,2.03,3.39,3.38,3.38,3.37,3.37,3.37,3.37,3.37,3.37,3.36,65.41,0.00,1.00,1.00,1.00,1.00,0.00,-1.00,0,None,0,aggregation
160,318.54,remora8,remora9,1.80,1.80,3.22,3.22,4.78,4.78,4.17,4.17,4.28,4.28,10.85,10.85,11.98,11.98,13.22,13.22,-11.53,-11.53,-11.42,-11.42,2.03,2.04,2.05,2.05,2.06,2.07,2.07,2.07,2.07,2.06,3.36,3.35,3.35,3.34,3.34,3.34,3.33,3.34,3.34,3.33,64.25,0.00,1.00,1.00,0.00,0.00,0.00,-1.00,0,None,0,aggregation
160,319.54,remora8,remora9,2.29,2.29,0.91,0.91,2.03,2.03,3.75,3.75,3.90,3.90,11.24,11.24,10.14,10.14,11.04,11.04,12.40,12.40,-11.79,-11.79,2.06,2.06,2.07,2.07,2.08,2.08,2.09,2.10,2.10,2.10,3.33,3.33,3.32,3.32,3.31,3.31,3.31,3.30,3.30,3.30,64.44,0.00,1.00,1.00,1.00,1.00,0.00,-1.00,0,None,0,aggregation
160,320.54,remora8,remora9,3.66,3.66,3.35,3.35,3.73,3.73,3.90,3.90,0.54,0.54,12.33,12.33,12.08,12.08,-11.97,-11.97,-11.79,-11.79,9.85,9.85,2.10,2.10,2.11,2.12,2.12,2.12,2.11,2.11,2.11,2.11,3.30,3.30,3.29,3.29,3.29,3.28,3.28,3.28,3.28,3.28,64.24,0.00,1.00,1.00,1.00,1.00,0.00,-1.00,0,None,0,aggregation
160,321.54,remora8,remora9,-0.61,-0.61,1.08,1.08,2.51,2.51,3.48,3.48,3.72,3.72,8.93,8.93,10.28,10.28,11.41,11.41,-12.22,-12.22,-11.98,-11.98,2.12,2.12,2.12,2.13,2.13,2.14,2.14,2.14,2.13,2.13,3.28,3.28,3.28,3.27,3.27,3.26,3.26,3.26,3.26,3.26,62.36,0.00,1.00,1.00,0.00,0.00,0.00,-1.00,0,None,0,aggregation
160,322.54,remora8,remora9,-0.38,-0.38,-0.89,-0.89,0.97,0.97,2.65,2.65,3.71,3.71,9.11,9.11,8.71,8.71,10.18,10.18,11.53,11.53,12.37,12.37,2.13,2.13,2.14,2.14,2.14,2.15,2.15,2.16,2.17,2.17,3.26,3.26,3.26,3.25,3.25,3.25,3.25,3.24,3.24,3.24,62.70,0.00,1.00,1.00,1.00,1.00,0.00,-1.00,0,None,0,aggregation
160,323.54,remora8,remora9,2.65,2.65,2.94,2.94,-0.61,-0.61,-2.33,-2.33,-1.87,-1.87,-13.05,-13.05,-12.76,-12.76,8.93,8.93,7.55,7.55,7.92,7.92,2.19,2.21,2.24,2.26,2.29,2.32,2.35,2.38,2.41,2.44,3.24,3.24,3.25,3.27,3.27,3.28,3.29,3.29,3.30,3.31,59.44,0.00,1.00,1.00,0.00,0.00,0.00,-1.00,0,None,0,aggregation
160,324.54,remora8,remora9,-0.60,-0.60,0.32,0.32,1.88,1.88,1.90,1.90,-4.27,-4.27,8.94,8.94,9.67,9.67,-13.82,-13.82,-13.80,-13.80,6.01,6.01,2.48,2.51,2.54,2.57,2.60,2.62,2.64,2.66,2.67,2.70,3.32,3.33,3.34,3.34,3.35,3.35,3.36,3.36,3.37,3.38,57.56,0.00,1.00,1.00,0.00,0.00,0.00,-1.00,0,None,0,aggregation
160,325.54,remora8,remora9,-6.08,-6.08,-4.52,-4.52,-2.99,-2.99,-1.95,-1.95,-0.46,-0.46,4.38,4.38,5.80,5.80,7.03,7.03,7.86,7.86,9.05,9.05,2.72,2.74,2.76,2.77,2.76,2.75,2.74,2.73,2.73,2.73,3.39,3.40,3.40,3.41,3.41,3.41,3.42,3.42,3.42,3.43,52.82,0.00,1.00,1.00,0.00,0.00,0.00,-1.00,0,None,0,aggregation
160,326.54,remora8,remora9,0.71,0.71,1.86,1.86,-0.29,-0.29,-0.23,-0.23,-0.08,-0.08,9.98,9.98,10.90,10.90,-15.99,-15.99,-15.93,-15.93,9.35,9.35,2.72,2.71,2.70,2.68,2.68,2.68,2.69,2.70,2.70,2.69,3.43,3.43,3.43,3.43,3.44,3.45,3.46,3.47,3.49,3.50,52.06,0.00,1.00,1.00,0.00,0.00,0.00,-1.00,0,None,0,aggregation
160,327.54,remora8,remora9,-0.51,-0.51,1.34,1.34,3.32,3.32,-0.56,-0.56,-0.54,-0.54,9.01,9.01,10.48,10.48,12.06,12.06,-16.26,-16.26,-16.24,-16.24,2.68,2.68,2.67,2.66,2.65,2.64,2.64,2.63,2.64,2.64,3.50,3.51,3.52,3.53,3.54,3.55,3.55,3.56,3.57,3.58,52.82,0.00,1.00,1.00,0.00,0.00,0.00,-1.00,0,None,0,aggregation
160,328.54,remora8,remora9,2.62,2.62,1.83,1.83,3.77,3.77,-0.45,-0.45,-0.29,-0.29,11.50,11.50,10.87,10.87,12.42,12.42,-16.15,-16.15,-15.99,-15.99,2.65,2.64,2.63,2.62,2.62,2.61,2.60,2.60,2.61,2.62,3.58,3.59,3.60,3.60,3.61,3.61,3.62,3.62,3.63,3.64,54.37,0.00,1.00,1.00,0.00,0.00,0.00,-1.00,0,None,0,aggregation
160,329.54,remora8,remora9,2.33,2.33,0.81,0.81,2.71,2.71,3.61,3.61,-0.52,-0.52,11.27,11.27,10.06,10.06,11.57,11.57,12.28,12.28,-16.22,-16.22,2.62,2.61,2.61,2.60,2.60,2.59,2.58,2.57,2.57,2.57,3.64,3.65,3.65,3.65,3.66,3.66,3.67,3.67,3.68,3.68,55.35,0.00,1.00,1.00,1.00,1.00,0.00,-1.00,0,None,0,aggregation
160,330.54,remora8,remora9,-0.41,-0.41,0.18,0.18,-1.07,-1.07,0.45,0.45,1.53,1.53,-16.11,-16.11,9.56,9.56,8.56,8.56,9.77,9.77,10.64,10.64,2.57,2.58,2.58,2.57,2.56,2.56,2.55,2.55,2.55,2.55,3.68,3.69,3.69,3.70,3.70,3.71,3.71,3.72,3.72,3.73,55.17,0.00,1.00,1.00,1.00,1.00,0.00,-1.00,0,None,0,aggregation
160,331.54,remora8,remora9,-0.73,-0.73,-0.63,-0.63,-2.74,-2.74,-2.74,-4.34,-2.82,-2.82,-16.42,-16.42,-16.33,-16.33,7.23,7.23,7.23,5.95,7.16,7.16,2.54,2.54,2.54,2.54,2.54,2.55,2.55,2.54,2.54,2.53,3.73,3.74,3.74,3.75,3.75,3.76,3.77,3.77,3.78,3.79,54.71,0.00,1.00,1.00,1.00,1.00,0.00,-1.00,0,None,0,aggregation
160,332.54,remora8,remora9,-1.59,-1.59,-1.04,-1.04,0.17,0.17,1.36,1.36,-1.71,-1.71,8.15,8.15,8.59,8.59,9.55,9.55,10.50,10.50,-17.40,-17.40,2.52,2.52,2.52,2.52,2.52,2.51,2.50,2.50,2.49,2.49,3.79,3.80,3.81,3.82,3.83,3.84,3.85,3.86,3.87,3.87,54.39,0.00,1.00,1.00,0.00,0.00,0.00,-1.00,0,None,0,aggregation
160,333.54,remora8,remora9,-1.65,-1.65,-4.34,-4.34,-5.48,-5.48,-4.11,-4.11,-3.27,-3.27,-17.35,-17.35,5.95,5.95,4.98,4.98,6.13,6.13,6.81,6.81,2.49,2.49,2.50,2.50,2.50,2.49,2.49,2.49,2.48,2.48,3.88,3.89,3.91,3.92,3.93,3.94,3.95,3.97,3.98,3.99,53.08,0.00,1.00,1.00,0.00,0.00,0.00,-1.00,0,None,0,aggregation
160,334.54,remora8,remora9,-1.88,-1.88,-0.77,-0.77,0.46,0.46,2.36,2.36,-17.85,-17.85,7.91,7.91,8.80,8.80,9.78,9.78,11.29,11.29,-2.15,-2.15,2.47,2.47,2.46,2.46,2.47,2.47,2.47,2.47,2.47,2.46,4.01,4.02,4.04,4.05,4.07,4.09,4.11,4.12,4.14,4.15,54.48,0.00,1.00,1.00,0.00,0.00,0.00,-1.00,0,None,0,aggregation
160,247.54,remora8,remora4,30.07,30.07,30.09,30.09,30.06,30.06,0.00,0.00,0.00,0.00,29.92,29.92,29.88,29.88,29.92,29.92,0.00,0.00,0.00,0.00,1.79,1.76,1.72,1.69,1.66,1.62,1.61,1.62,1.64,1.65,5.71,5.68,5.65,5.62,5.59,5.56,5.54,5.54,5.54,5.53,282.48,0.00,1.00,1.00,0.00,0.00,0.00,-1.00,0,None,0,aggregation
160,248.54,remora8,remora4,0.00,0.00,0.00,0.00,0.00,0.00,0.00,0.00,0.00,0.00,0.00,0.00,0.00,0.00,0.00,0.00,0.00,0.00,0.00,0.00,1.66,1.66,1.66,1.66,1.66,1.67,1.68,1.69,1.71,1.72,5.53,5.53,5.52,5.52,5.52,5.52,5.52,5.51,5.51,5.51,254.86,0.00,1.00,1.00,0.00,0.00,0.00,-1.00,0,None,0,aggregation
160,249.54,remora8,remora4,0.00,0.00,0.00,0.00,0.00,0.00,0.00,0.00,0.00,0.00,0.00,0.00,0.00,0.00,0.00,0.00,0.00,0.00,0.00,0.00,1.73,1.75,1.76,1.78,1.79,1.81,1.83,1.85,1.86,1.88,5.51,5.51,5.51,5.50,5.50,5.50,5.50,5.51,5.51,5.51,226.43,0.00,1.00,1.00,0.00,0.00,0.00,-1.00,0,None,0,aggregation
160,250.54,remora8,remora4,0.00,0.00,0.00,0.00,0.00,0.00,0.00,0.00,0.00,0.00,0.00,0.00,0.00,0.00,0.00,0.00,0.00,0.00,0.00,0.00,1.90,1.90,1.89,1.89,1.90,1.91,1.93,1.94,1.96,1.97,5.51,5.51,5.51,5.51,5.51,5.51,5.52,5.52,5.52,5.53,197.36,0.00,1.00,1.00,0.00,0.00,0.00,-1.00,0,None,0,aggregation
160,251.54,remora8,remora4,0.00,0.00,0.00,0.00,0.00,0.00,0.00,0.00,0.00,0.00,0.00,0.00,0.00,0.00,0.00,0.00,0.00,0.00,0.00,0.00,1.99,2.01,2.03,2.04,2.06,2.08,2.10,2.09,2.09,2.09,5.53,5.53,5.54,5.54,5.55,5.55,5.55,5.55,5.55,5.55,167.75,0.00,1.00,1.00,0.00,0.00,0.00,-1.00,0,None,0,aggregation
160,252.54,remora8,remora4,0.00,0.00,0.00,0.00,0.00,0.00,0.00,0.00,0.00,0.00,0.00,0.00,0.00,0.00,0.00,0.00,0.00,0.00,0.00,0.00,2.09,2.10,2.12,2.14,2.15,2.17,2.18,2.20,2.22,2.23,5.55,5.55,5.55,5.56,5.56,5.56,5.57,5.57,5.58,5.59,137.84,0.00,1.00,1.00,0.00,0.00,0.00,-1.00,0,None,0,aggregation
160,253.54,remora8,remora4,0.00,0.00,0.00,0.00,0.00,0.00,0.00,0.00,0.00,0.00,0.00,0.00,0.00,0.00,0.00,0.00,0.00,0.00,0.00,0.00,2.25,2.27,2.28,2.27,2.28,2.29,2.31,2.33,2.34,2.34,5.60,5.61,5.61,5.61,5.61,5.62,5.62,5.63,5.63,5.64,107.85,0.00,1.00,1.00,0.00,0.00,0.00,-1.00,0,None,0,aggregation
160,254.54,remora8,remora4,0.00,0.00,0.00,0.00,0.00,0.00,0.00,0.00,0.00,0.00,0.00,0.00,0.00,0.00,0.00,0.00,0.00,0.00,0.00,0.00,2.34,2.33,2.33,2.34,2.35,2.36,2.37,2.39,2.40,2.41,5.64,5.64,5.64,5.65,5.65,5.66,5.67,5.67,5.68,5.69,77.92,0.00,1.00,1.00,0.00,0.00,0.00,-1.00,0,None,0,aggregation
160,255.54,remora8,remora4,0.00,0.00,0.00,0.00,0.00,0.00,0.00,0.00,0.00,0.00,0.00,0.00,0.00,0.00,0.00,0.00,0.00,0.00,0.00,0.00,2.42,2.43,2.45,2.46,2.47,2.49,2.50,2.51,2.52,2.52,5.69,5.70,5.71,5.71,5.72,5.73,5.74,5.74,5.75,5.75,47.99,0.00,1.00,1.00,0.00,0.00,0.00,-1.00,0,None,0,aggregation
160,256.54,remora8,remora4,0.00,0.00,0.00,0.00,0.00,0.00,0.00,0.00,0.00,0.00,0.00,0.00,0.00,0.00,0.00,0.00,0.00,0.00,0.00,0.00,2.51,2.51,2.51,2.52,2.53,2.54,2.55,2.55,2.56,2.57,5.75,5.75,5.75,5.75,5.75,5.75,5.75,5.75,5.75,5.75,17.99,0.00,1.00,0.00,0.00,0.00,0.00,-1.00,0,None,0,aggregation
160,257.54,remora8,remora4,0.00,0.00,0.00,0.00,0.00,0.00,0.00,0.00,0.00,0.00,0.00,0.00,0.00,0.00,0.00,0.00,0.00,0.00,0.00,0.00,2.58,2.59,2.60,2.60,2.60,2.59,2.59,2.60,2.61,2.61,5.75,5.75,5.75,5.75,5.75,5.75,5.75,5.75,5.75,6.19,0.00,0.00,1.00,0.00,0.00,0.00,0.00,-1.00,0,None,0,aggregation
160,258.54,remora8,remora4,0.00,0.00,0.00,0.00,0.00,0.00,0.00,0.00,0.00,0.00,0.00,0.00,0.00,0.00,0.00,0.00,0.00,0.00,0.00,0.00,2.62,2.63,2.64,2.64,2.65,2.65,2.64,2.64,2.64,2.64,6.18,6.18,6.17,6.17,6.17,6.16,6.16,6.15,6.15,6.14,0.00,0.00,1.00,0.00,0.00,0.00,0.00,-1.00,0,None,0,aggregation
160,259.54,remora8,remora4,0.00,0.00,0.00,0.00,0.00,0.00,0.00,0.00,0.00,0.00,0.00,0.00,0.00,0.00,0.00,0.00,0.00,0.00,0.00,0.00,2.65,2.66,2.66,2.67,2.67,2.68,2.68,2.68,2.68,2.67,6.14,6.14,6.13,6.13,6.13,6.12,6.12,6.12,6.11,6.11,0.00,0.00,1.00,0.00,0.00,0.00,0.00,-1.00,0,None,0,aggregation
160,260.54,remora8,remora4,0.00,0.00,0.00,0.00,0.00,0.00,0.00,0.00,0.00,0.00,0.00,0.00,0.00,0.00,0.00,0.00,0.00,0.00,0.00,0.00,2.67,2.68,2.68,2.69,2.69,2.70,2.70,2.71,2.71,2.71,6.11,6.10,6.10,6.10,6.09,6.09,6.09,6.09,6.08,6.08,0.00,0.00,1.00,0.00,0.00,0.00,0.00,-1.00,0,None,0,aggregation
160,261.54,remora8,remora4,0.00,0.00,0.00,0.00,0.00,0.00,0.00,0.00,0.00,0.00,0.00,0.00,0.00,0.00,0.00,0.00,0.00,0.00,0.00,0.00,2.71,2.71,2.72,2.73,2.73,2.73,2.72,2.72,2.72,2.72,6.08,6.08,6.07,6.07,6.07,6.07,6.06,6.06,6.05,6.05,0.00,0.00,1.00,0.00,0.00,0.00,0.00,-1.00,0,None,0,aggregation
160,262.54,remora8,remora4,0.00,0.00,0.00,0.00,0.00,0.00,0.00,0.00,0.00,0.00,0.00,0.00,0.00,0.00,0.00,0.00,0.00,0.00,0.00,0.00,2.73,2.73,2.73,2.74,2.75,2.75,2.75,2.75,2.75,2.74,6.05,6.05,6.05,6.05,6.04,6.04,6.04,6.03,6.03,6.02,0.00,0.00,1.00,0.00,0.00,0.00,0.00,-1.00,0,None,0,aggregation
160,263.54,remora8,remora4,0.00,0.00,0.00,0.00,0.00,0.00,0.00,0.00,0.00,0.00,0.00,0.00,0.00,0.00,0.00,0.00,0.00,0.00,0.00,0.00,2.74,2.74,2.74,2.75,2.75,2.76,2.76,2.77,2.77,2.77,6.02,6.02,6.02,6.02,6.03,6.03,6.04,6.04,6.04,6.04,0.00,0.00,1.00,0.00,0.00,0.00,0.00,-1.00,0,None,0,aggregation
160,264.54,remora8,remora4,0.00,0.00,0.00,0.00,0.00,0.00,0.00,0.00,0.00,0.00,0.00,0.00,0.00,0.00,0.00,0.00,0.00,0.00,0.00,0.00,2.76,2.76,2.76,2.76,2.76,2.77,2.77,2.78,2.78,2.79,6.05,6.05,6.05,6.05,6.06,6.06,6.06,6.06,6.07,6.07,0.00,0.00,1.00,0.00,0.00,0.00,0.00,-1.00,0,None,0,aggregation
160,265.54,remora8,remora4,0.00,0.00,0.00,0.00,0.00,0.00,0.00,0.00,0.00,0.00,0.00,0.00,0.00,0.00,0.00,0.00,0.00,0.00,0.00,0.00,2.79,2.79,2.78,2.79,2.80,2.80,2.81,2.80,2.80,2.79,6.07,6.08,6.08,6.08,6.08,6.08,6.09,6.09,6.09,6.08,0.00,0.00,1.00,0.00,0.00,0.00,0.00,-1.00,0,None,0,aggregation
160,266.54,remora8,remora4,0.00,0.00,0.00,0.00,0.00,0.00,0.00,0.00,0.00,0.00,0.00,0.00,0.00,0.00,0.00,0.00,0.00,0.00,0.00,0.00,2.79,2.79,2.79,2.80,2.80,2.80,2.81,2.81,2.82,2.83,6.08,6.08,6.08,6.09,6.09,6.09,6.09,6.09,6.09,6.09,0.00,0.00,1.00,0.00,0.00,0.00,0.00,-1.00,0,None,0,aggregation
160,267.54,remora8,remora4,0.00,0.00,0.00,0.00,0.00,0.00,0.00,0.00,0.00,0.00,0.00,0.00,0.00,0.00,0.00,0.00,0.00,0.00,0.00,0.00,2.83,2.83,2.82,2.81,2.81,2.82,2.82,2.83,2.83,2.84,6.09,6.09,6.09,6.09,6.09,6.09,6.09,6.09,6.09,6.09,0.00,0.00,1.00,0.00,0.00,0.00,0.00,-1.00,0,None,0,aggregation
160,268.54,remora8,remora4,-34.70,-34.70,-34.49,-34.49,-34.01,-34.01,-33.42,-33.42,-32.64,-32.64,-24.24,-24.24,-24.02,-24.02,-23.55,-23.55,-22.96,-22.96,-22.17,-22.17,2.85,2.89,2.92,2.94,2.96,2.98,3.01,3.04,3.07,3.09,6.10,6.11,6.13,6.14,6.15,6.16,6.18,6.19,6.21,6.22,28.62,0.00,1.00,0.00,0.00,0.00,0.00,-1.00,0,None,0,aggregation
160,269.54,remora8,remora4,-31.82,-31.82,-30.89,-30.89,-29.87,-29.87,-28.74,-28.74,-27.53,-27.53,-21.35,-21.35,-20.43,-20.43,-19.40,-19.40,-18.28,-18.28,-17.06,-17.06,3.12,3.15,3.18,3.20,3.23,3.26,3.28,3.31,3.34,3.36,6.24,6.25,6.26,6.27,6.29,6.30,6.31,6.33,6.34,6.35,53.16,0.00,0.00,1.00,0.00,0.00,0.00,-1.00,0,None,0,aggregation
160,270.54,remora8,remora4,-26.37,-26.37,-24.84,-24.84,-23.37,-23.37,-21.49,-21.49,-19.39,-19.39,-15.91,-15.91,-14.37,-14.37,-12.91,-12.91,-11.03,-11.03,-8.92,-8.92,3.38,3.39,3.40,3.41,3.43,3.44,3.46,3.47,3.49,3.50,6.36,5.46,5.46,5.47,5.47,5.48,5.48,5.49,5.49,5.50,71.02,0.00,0.00,1.00,0.00,0.00,0.00,-1.00,0,None,0,aggregation
160,271.54,remora8,remora4,-17.61,-17.61,-15.47,-15.47,-13.30,-13.30,-11.18,-11.18,-9.18,-9.18,-7.14,-7.14,-5.01,-5.01,-2.84,-2.84,-0.71,-0.71,1.28,1.28,3.52,3.53,3.54,3.56,3.57,3.58,3.59,3.59,3.59,3.58,5.51,5.51,5.52,5.53,5.53,5.54,5.54,5.55,5.55,5.55,79.13,0.00,0.00,1.00,0.00,0.00,0.00,-1.00,0,None,0,aggregation
160,272.54,remora8,remora4,-6.97,-6.97,-4.80,-4.80,-2.12,-2.12,-0.56,-0.56,1.59,1.59,3.50,3.50,5.58,5.58,7.72,7.72,8.97,8.97,10.68,10.68,3.58,3.59,3.59,3.60,3.61,3.61,3.62,3.63,3.63,3.63,5.56,5.57,5.58,5.59,5.59,5.60,5.61,5.63,5.64,5.64,82.18,0.00,0.00,1.00,0.00,0.00,0.00,-1.00,0,None,0,aggregation
160,273.54,remora8,remora4,3.55,3.55,5.27,5.27,6.81,6.81,7.95,7.95,9.01,9.01,12.24,12.24,13.61,13.61,14.82,14.82,15.71,15.71,16.54,16.54,3.62,3.62,3.62,3.63,3.63,3.64,3.65,3.66,3.66,3.66,5.65,5.66,5.68,5.69,5.71,5.72,5.74,5.76,5.77,5.79,92.73,0.00,0.00,1.00,0.00,0.00,0.00,-1.00,0,None,0,aggregation
160,274.54,remora8,remora4,11.10,11.10,12.73,12.73,13.91,13.91,15.45,15.45,16.92,16.92,18.17,18.17,19.42,19.42,20.33,20.33,21.49,21.49,22.60,22.60,3.67,3.68,3.69,3.70,3.71,3.71,3.72,3.73,3.75,3.77,5.81,5.83,5.85,5.87,5.89,5.91,5.93,5.96,5.98,6.01,109.95,0.00,0.00,1.00,0.00,0.00,0.00,-1.00,0,None,0,aggregation
160,275.54,remora8,remora4,17.99,17.99,19.19,19.19,20.18,20.18,21.28,21.28,22.18,22.18,23.39,23.39,24.26,24.26,24.97,24.97,25.74,25.74,26.36,26.36,3.78,3.80,3.82,3.82,3.83,3.84,3.86,3.88,3.90,3.92,6.04,6.06,6.09,6.12,6.14,6.17,6.20,6.23,6.26,6.29,132.50,0.00,0.00,1.00,0.00,0.00,0.00,-1.00,0,None,0,aggregation
160,276.54,remora8,remora4,22.89,22.89,23.58,23.58,24.24,24.24,24.74,24.74,25.22,25.22,26.85,26.85,27.30,27.30,27.72,27.72,28.04,28.04,28.34,28.34,3.94,3.96,3.99,4.01,4.04,4.06,4.09,4.11,4.12,4.14,6.32,6.36,6.39,6.42,6.46,6.49,6.53,6.56,6.59,6.62,158.39,0.00,0.00,1.00,0.00,0.00,0.00,-1.00,0,None,0,aggregation
160,277.54,remora8,remora4,25.90,25.90,26.33,26.33,26.54,26.54,26.93,26.93,27.22,27.22,28.74,28.74,28.98,28.98,29.09,29.09,29.30,29.30,29.45,29.45,4.16,4.19,4.22,4.24,4.27,4.30,4.33,4.36,4.39,4.42,6.66,6.69,6.73,6.77,6.80,6.84,6.88,6.92,6.95,6.99,186.24,0.00,0.00,1.00,0.00,0.00,0.00,-1.00,0,None,0,aggregation
160,278.54,remora8,remora4,27.49,27.49,27.74,27.74,27.99,27.99,28.22,28.22,28.37,28.37,29.58,29.58,29.70,29.70,29.80,29.80,29.89,29.89,29.95,29.95,4.44,4.47,4.49,4.51,4.54,4.57,4.60,4.63,4.66,4.69,7.03,7.07,7.10,7.14,7.18,7.21,7.25,7.29,7.33,7.37,186.49,0.00,0.00,1.00,0.00,0.00,0.00,-1.00,0,None,0,aggregation
160,279.54,remora8,remora4,28.51,28.51,28.65,28.65,28.78,28.78,28.84,28.84,28.96,28.96,30.00,30.00,30.04,30.04,30.08,30.08,30.10,30.10,30.13,30.13,4.72,4.75,4.78,4.81,4.84,4.87,4.90,4.93,4.96,4.99,7.41,7.45,7.49,6.69,6.72,6.75,6.79,6.82,6.85,6.89,191.36,0.00,0.00,1.00,0.00,0.00,0.00,-1.00,0,None,0,aggregation
160,280.54,remora8,remora4,29.02,29.02,29.08,29.19,29.19,29.19,29.29,29.29,0.00,0.00,30.14,30.14,30.15,30.17,30.17,30.17,30.18,30.18,0.00,0.00,5.02,5.05,5.08,5.11,5.14,5.17,5.20,5.22,5.23,5.22,6.93,6.96,7.00,7.03,7.06,7.10,7.13,7.16,7.18,7.18,197.23,0.00,0.00,1.00,0.00,0.00,0.00,-1.00,0,None,0,aggregation
160,281.54,remora8,remora4,30.00,30.00,30.00,30.00,30.00,30.00,30.00,30.00,30.00,30.00,30.00,30.00,30.00,30.00,30.00,30.00,30.00,30.00,30.00,30.00,5.23,5.26,5.30,5.33,5.36,5.39,5.43,5.46,5.49,5.52,7.20,7.24,7.28,7.31,7.35,7.38,7.42,7.45,7.49,7.53,219.12,0.00,0.00,1.00,0.00,0.00,0.00,-1.00,0,None,0,aggregation
160,282.54,remora8,remora4,30.00,30.00,30.00,30.00,30.00,30.00,30.00,30.00,30.00,30.00,30.00,30.00,30.00,30.00,30.00,30.00,30.00,30.00,30.00,30.00,5.56,5.59,5.61,5.62,5.63,5.63,5.65,5.68,5.71,5.74,7.56,7.60,7.63,7.66,7.69,7.71,7.74,7.78,7.82,7.86,246.07,0.00,0.00,1.00,0.00,0.00,0.00,-1.00,0,None,0,aggregation
160,283.54,remora8,remora4,30.00,30.00,30.00,30.00,30.00,30.00,-17.70,-17.58,-17.58,-17.58,30.00,30.00,30.00,30.00,30.00,30.00,-2.00,-1.89,-1.89,-1.89,5.78,5.81,5.84,5.87,5.90,5.93,5.94,5.93,5.92,5.91,7.89,7.93,7.96,8.00,8.03,8.07,8.08,8.09,8.08,8.08,257.42,0.00,0.00,1.00,1.00,0.00,1.00,-1.00,0,None,0,aggregation
160,284.54,remora8,remora4,-17.30,-17.30,30.00,30.00,-16.68,-16.68,-16.36,-16.36,-15.78,-15.78,-1.60,-1.60,30.00,30.00,-0.98,-0.98,-0.66,-0.66,-0.08,-0.08,5.89,5.88,5.88,5.90,5.91,5.89,5.88,5.87,5.85,5.83,8.08,8.08,8.08,8.11,8.13,8.13,8.13,8.13,8.12,8.12,253.15,0.00,0.00,1.00,1.00,0.00,1.00,-1.00,0,None,0,aggregation
160,285.54,remora8,remora4,30.00,30.00,-14.73,-14.73,-14.31,-14.31,-13.50,-13.50,30.00,30.00,30.00,30.00,0.97,0.97,1.39,1.39,2.20,2.20,30.00,30.00,5.81,5.81,5.81,5.79,5.76,5.73,5.71,5.68,5.67,5.67,8.12,8.14,8.15,8.14,8.14,8.14,8.13,8.13,8.14,8.15,246.40,0.00,0.00,1.00,1.00,0.00,1.00,-1.00,0,None,0,aggregation
160,286.54,remora8,remora4,-12.23,-12.23,-11.71,-10.75,-10.75,-10.75,-9.75,-9.75,-8.72,-8.72,3.47,3.47,3.98,4.95,4.95,4.95,5.95,5.95,6.98,6.98,5.65,5.63,5.60,5.58,5.55,5.53,5.50,5.47,5.45,5.42,8.15,8.15,8.15,8.14,8.14,8.14,8.14,8.14,8.14,8.13,223.19,0.00,0.00,1.00,1.00,0.00,1.00,-1.00,0,None,0,aggregation
160,287.54,remora8,remora4,-7.61,-7.61,-6.07,-6.07,-4.61,-4.61,-3.25,-3.25,-2.01,-2.01,7.93,7.93,8.44,8.44,8.92,8.92,9.35,9.35,9.73,9.73,5.40,5.37,5.34,5.32,5.29,5.26,5.24,5.21,5.18,5.15,8.13,8.13,8.12,8.12,8.12,8.12,8.12,8.11,7.16,7.14,197.42,0.00,0.00,1.00,0.00,0.00,0.00,-1.00,0,None,0,aggregation
160,288.54,remora8,remora4,0.00,0.00,3.29,3.29,4.42,4.42,6.19,6.19,7.72,7.72,0.00,0.00,12.04,12.04,12.93,12.93,14.33,14.33,15.53,15.53,5.12,5.10,5.07,5.04,5.01,4.98,4.95,4.92,4.89,4.85,7.12,7.11,7.09,7.07,7.05,7.04,7.02,7.01,6.99,6.97,176.20,0.00,0.00,1.00,0.00,0.00,0.00,-1.00,0,None,0,aggregation
160,289.54,remora8,remora4,9.43,9.43,10.69,10.69,11.92,11.92,13.12,13.12,14.30,14.30,16.87,16.87,17.85,17.85,18.80,18.80,19.73,19.73,20.63,20.63,4.82,4.79,4.75,4.72,4.69,4.65,4.62,4.58,4.55,4.51,6.94,6.92,6.90,6.88,6.86,6.84,6.82,6.79,6.77,6.74,162.12,0.00,0.00,1.00,0.00,0.00,0.00,-1.00,0,None,0,aggregation
160,290.54,remora8,remora4,15.26,15.26,16.19,16.19,16.92,16.92,17.64,17.64,18.34,18.34,21.35,21.35,22.05,22.05,22.60,22.60,23.13,23.13,23.64,23.64,4.47,4.44,4.40,4.37,4.33,4.30,4.26,4.23,4.20,4.17,6.72,6.69,6.67,6.65,6.62,6.60,6.57,6.54,6.52,6.49,158.11,0.00,0.00,1.00,0.00,0.00,0.00,-1.00,0,None,0,aggregation
160,291.54,remora8,remora4,19.02,19.02,19.52,19.52,20.18,20.18,20.81,20.81,21.28,21.28,24.14,24.14,24.50,24.50,24.97,24.97,25.42,25.42,25.74,25.74,4.14,4.12,4.10,4.08,4.06,4.04,4.03,4.01,3.99,3.97,6.47,6.45,6.43,6.42,6.40,6.38,6.36,6.34,6.32,6.30,150.66,0.00,0.00,1.00,0.00,0.00,0.00,-1.00,0,None,0,aggregation
160,292.54,remora8,remora4,21.73,21.73,22.32,22.32,22.61,22.61,23.03,23.03,23.31,23.31,26.06,26.06,26.46,26.46,26.66,26.66,26.94,26.94,27.12,27.12,3.95,3.93,3.91,3.89,3.87,3.85,3.83,3.81,3.79,3.76,6.28,6.25,6.23,6.21,6.19,6.17,6.14,6.12,6.10,7.38,145.29,0.00,0.00,1.00,0.00,0.00,0.00,-1.00,0,None,0,aggregation
160,293.54,remora8,remora4,23.58,23.58,23.85,23.85,24.11,24.11,24.36,24.36,24.61,24.61,27.30,27.30,27.47,27.47,27.64,27.64,27.81,27.81,27.96,27.96,3.74,3.72,3.69,3.67,3.65,3.62,3.60,3.58,3.55,3.53,7.36,7.34,7.32,7.29,7.27,7.25,7.22,7.20,7.17,7.15,149.26,0.00,0.00,1.00,0.00,0.00,0.00,-1.00,0,None,0,aggregation
160,294.54,remora8,remora4,24.86,24.86,24.98,24.98,25.10,25.22,25.22,25.22,25.22,25.22,28.12,28.12,28.19,28.19,28.26,28.34,28.34,28.34,28.34,28.34,3.50,3.48,3.46,3.43,3.41,3.39,3.36,3.34,3.32,3.30,7.12,7.10,7.08,7.05,7.03,7.00,6.98,6.95,6.92,6.90,162.98,0.00,0.00,1.00,0.00,0.00,0.00,-1.00,0,None,0,aggregation
160,295.54,remora8,remora4,25.45,25.45,25.45,25.45,25.45,25.45,25.45,25.45,25.45,25.45,28.48,28.48,28.48,28.48,28.48,28.48,28.48,28.48,28.48,28.48,3.27,3.25,3.23,3.21,3.20,3.18,3.16,3.14,3.13,3.11,6.87,6.85,6.83,6.80,6.78,6.75,6.73,6.70,6.68,6.65,174.15,0.00,0.00,1.00,0.00,0.00,0.00,-1.00,0,None,0,aggregation
160,296.54,remora8,remora4,25.45,25.45,25.45,25.45,25.34,25.34,25.34,25.34,25.34,25.34,28.48,28.48,28.48,28.48,28.41,28.41,28.41,28.41,28.41,28.41,3.10,3.09,3.07,3.06,3.05,3.04,3.03,3.02,3.01,3.01,6.63,6.60,6.58,6.56,6.54,6.52,6.49,6.47,6.45,6.42,198.37,0.00,0.00,1.00,0.00,0.00,0.00,-1.00,0,None,0,aggregation
160,297.54,remora8,remora4,25.34,25.34,25.34,25.34,25.68,25.68,25.90,25.90,26.12,26.12,28.41,28.41,28.41,28.41,28.61,28.61,28.74,28.74,28.86,28.86,2.99,2.96,2.93,2.90,2.87,2.84,2.80,2.77,2.75,2.75,6.40,6.36,6.33,6.30,6.27,6.24,6.21,6.18,6.15,6.13,223.43,0.00,1.00,1.00,0.00,0.00,0.00,-1.00,0,None,0,aggregation
160,298.54,remora8,remora4,26.23,26.23,26.33,26.33,26.33,26.33,26.54,26.54,26.64,26.64,28.92,28.92,28.98,28.98,28.98,28.98,29.09,29.09,29.15,29.15,2.75,2.76,2.75,2.72,2.68,2.65,2.62,2.59,2.55,2.52,6.11,6.08,6.06,6.03,6.00,5.97,5.93,5.90,5.87,5.83,243.50,0.00,1.00,1.00,0.00,0.00,0.00,-1.00,0,None,0,aggregation
160,299.54,remora8,remora4,26.84,26.84,26.84,26.84,27.03,27.03,27.12,27.12,27.31,27.31,29.25,29.25,29.25,29.25,29.35,29.35,29.40,29.40,29.49,29.49,2.49,2.46,2.43,2.43,2.42,2.39,2.36,2.33,2.30,2.27,5.80,5.76,5.73,5.71,5.68,5.65,5.62,5.59,5.56,5.52,256.36,0.00,1.00,1.00,0.00,0.00,0.00,-1.00,0,None,0,aggregation
160,300.54,remora8,remora4,27.31,27.31,27.40,27.40,27.40,27.40,27.66,27.66,27.83,27.83,29.49,29.49,29.54,29.54,29.54,29.54,29.66,29.66,29.73,29.73,2.24,2.21,2.18,2.17,2.15,2.14,2.12,2.11,2.09,2.06,5.49,5.46,5.43,5.40,5.37,5.34,5.31,5.28,5.25,5.22,265.20,0.00,1.00,1.00,0.00,0.00,0.00,-1.00,0,None,0,aggregation
160,301.54,remora8,remora4,27.99,27.99,27.99,27.99,27.99,27.99,28.07,28.07,28.24,28.24,29.80,29.80,29.80,29.80,29.80,29.80,29.83,29.83,29.90,29.90,2.03,2.00,1.97,1.94,1.92,1.89,1.87,1.85,1.82,1.80,5.18,5.15,5.11,5.08,5.05,5.02,4.99,4.96,4.92,4.89,271.58,0.00,1.00,1.00,0.00,0.00,0.00,-1.00,0,None,0,aggregation
160,302.54,remora8,remora4,28.55,28.55,28.82,28.82,29.03,29.03,0.00,0.00,0.00,0.00,30.01,30.01,30.09,30.09,30.14,30.14,0.00,0.00,0.00,0.00,1.78,1.76,1.73,1.71,1.69,1.67,1.66,1.65,1.65,1.65,4.86,4.83,4.80,4.77,4.74,4.71,4.68,4.67,4.67,4.66,264.62,0.00,1.00,1.00,0.00,0.00,0.00,-1.00,0,None,0,aggregation
160,303.54,remora8,remora4,0.00,0.00,0.00,0.00,0.00,0.00,0.00,0.00,0.00,0.00,0.00,0.00,0.00,0.00,0.00,0.00,0.00,0.00,0.00,0.00,1.64,1.65,1.65,1.66,1.66,1.67,1.67,1.68,1.68,1.69,4.65,4.64,4.64,4.63,4.62,4.61,4.61,4.60,4.59,4.58,238.75,0.00,1.00,1.00,0.00,0.00,0.00,-1.00,0,None,0,aggregation
160,304.54,remora8,remora4,0.00,0.00,0.00,0.00,0.00,0.00,0.00,0.00,0.00,0.00,0.00,0.00,0.00,0.00,0.00,0.00,0.00,0.00,0.00,0.00,1.70,1.69,1.69,1.68,1.68,1.69,1.69,1.70,1.70,1.71,4.58,4.57,4.56,4.55,4.55,4.54,4.53,4.52,4.51,4.51,212.08,0.00,1.00,1.00,0.00,0.00,0.00,-1.00,0,None,0,aggregation
160,305.54,remora8,remora4,0.00,0.00,0.00,0.00,0.00,0.00,0.00,0.00,0.00,0.00,0.00,0.00,0.00,0.00,0.00,0.00,0.00,0.00,0.00,0.00,1.71,1.71,1.70,1.70,1.70,1.70,1.70,1.71,1.71,1.71,4.50,4.49,4.48,4.47,4.46,4.46,4.45,4.44,4.43,4.42,185.11,0.00,1.00,1.00,0.00,0.00,0.00,-1.00,0,None,0,aggregation
160,306.54,remora8,remora4,0.00,0.00,0.00,0.00,0.00,0.00,0.00,0.00,0.00,0.00,0.00,0.00,0.00,0.00,0.00,0.00,0.00,0.00,0.00,0.00,1.72,1.73,1.73,1.74,1.74,1.74,1.73,1.73,1.73,1.73,4.42,4.42,4.42,4.42,4.42,4.42,4.42,4.42,4.42,4.41,158.21,0.00,1.00,1.00,0.00,0.00,0.00,-1.00,0,None,0,aggregation
160,307.54,remora8,remora4,0.00,0.00,0.00,0.00,0.00,0.00,0.00,0.00,0.00,0.00,0.00,0.00,0.00,0.00,0.00,0.00,0.00,0.00,0.00,0.00,1.74,1.74,1.74,1.75,1.76,1.76,1.77,1.76,1.76,1.76,4.41,4.41,4.41,4.41,4.41,4.42,4.42,4.41,4.41,4.41,131.07,0.00,1.00,1.00,0.00,0.00,0.00,-1.00,0,None,0,aggregation
160,308.54,remora8,remora4,0.00,0.00,0.00,0.00,0.00,0.00,0.00,0.00,0.00,0.00,0.00,0.00,0.00,0.00,0.00,0.00,0.00,0.00,0.00,0.00,1.75,1.76,1.76,1.77,1.78,1.78,1.78,1.78,1.78,1.79,4.41,4.41,4.41,4.41,4.41,4.42,4.41,4.41,4.41,4.41,103.35,0.00,1.00,1.00,0.00,0.00,0.00,-1.00,0,None,0,aggregation
160,309.54,remora8,remora4,0.00,0.00,0.00,0.00,0.00,0.00,0.00,0.00,0.00,0.00,0.00,0.00,0.00,0.00,0.00,0.00,0.00,0.00,0.00,0.00,1.79,1.80,1.80,1.80,1.80,1.79,1.79,1.80,1.80,1.81,4.41,4.41,4.41,4.40,4.40,4.40,4.40,4.40,4.41,4.41,75.16,0.00,1.00,1.00,0.00,0.00,0.00,-1.00,0,None,0,aggregation
160,310.54,remora8,remora4,0.00,0.00,0.00,0.00,0.00,0.00,0.00,0.00,0.00,0.00,0.00,0.00,0.00,0.00,0.00,0.00,0.00,0.00,0.00,0.00,1.81,1.82,1.82,1.82,1.82,1.81,1.81,1.82,1.82,1.83,4.41,4.41,4.41,4.41,4.41,4.40,4.40,4.40,4.40,4.40,46.61,0.00,1.00,1.00,0.00,0.00,0.00,-1.00,0,None,0,aggregation
160,311.54,remora8,remora4,0.00,0.00,0.00,0.00,0.00,0.00,0.00,0.00,0.00,0.00,0.00,0.00,0.00,0.00,0.00,0.00,0.00,0.00,0.00,0.00,1.83,1.84,1.85,1.85,1.86,1.86,1.85,1.85,1.85,1.86,4.40,4.40,4.40,4.41,4.41,4.40,4.40,4.40,4.39,4.39,17.66,0.00,1.00,0.00,0.00,0.00,0.00,-1.00,0,None,0,aggregation
160,312.54,remora8,remora4,0.00,0.00,0.00,0.00,0.00,0.00,0.00,0.00,0.00,0.00,0.00,0.00,0.00,0.00,0.00,0.00,0.00,0.00,0.00,0.00,1.86,1.87,1.87,1.87,1.87,1.86,1.86,1.87,1.87,1.87,4.39,4.40,4.40,4.40,4.40,4.39,4.39,4.39,4.39,4.39,0.00,0.00,1.00,0.00,0.00,0.00,0.00,-1.00,0,None,0,aggregation
160,313.54,remora8,remora4,0.00,0.00,0.00,0.00,0.00,0.00,0.00,0.00,0.00,0.00,0.00,0.00,0.00,0.00,0.00,0.00,0.00,0.00,0.00,0.00,1.88,1.89,1.89,1.90,1.91,1.92,1.92,1.92,1.92,1.91,4.39,4.39,4.39,4.39,4.39,4.39,4.39,4.39,4.39,4.39,0.00,0.00,1.00,0.00,0.00,0.00,0.00,-1.00,0,None,0,aggregation
160,314.54,remora8,remora4,0.00,0.00,0.00,0.00,0.00,0.00,0.00,0.00,0.00,0.00,0.00,0.00,0.00,0.00,0.00,0.00,0.00,0.00,0.00,0.00,1.91,1.91,1.90,1.91,1.91,1.92,1.92,1.93,1.93,1.94,4.39,4.39,4.38,4.38,4.38,4.38,4.38,4.38,4.38,4.38,0.00,0.00,1.00,0.00,0.00,0.00,0.00,-1.00,0,None,0,aggregation
160,315.54,remora8,remora4,0.00,0.00,0.00,0.00,0.00,0.00,0.00,0.00,0.00,0.00,0.00,0.00,0.00,0.00,0.00,0.00,0.00,0.00,0.00,0.00,1.95,1.96,1.96,1.96,1.96,1.95,1.95,1.96,1.96,1.97,4.39,4.39,4.39,4.39,4.38,4.38,4.38,4.38,4.38,4.38,0.00,0.00,1.00,0.00,0.00,0.00,0.00,-1.00,0,None,0,aggregation
160,316.54,remora8,remora4,0.00,0.00,0.00,0.00,0.00,0.00,0.00,0.00,0.00,0.00,0.00,0.00,0.00,0.00,0.00,0.00,0.00,0.00,0.00,0.00,1.98,1.98,1.99,2.00,2.01,2.01,2.00,2.00,2.00,2.00,4.38,4.38,4.38,4.39,4.39,4.38,4.38,4.38,4.37,4.37,0.00,0.00,1.00,0.00,0.00,0.00,0.00,-1.00,0,None,0,aggregation
160,317.54,remora8,remora4,0.00,0.00,0.00,0.00,0.00,0.00,0.00,0.00,0.00,0.00,0.00,0.00,0.00,0.00,0.00,0.00,0.00,0.00,0.00,0.00,2.01,2.02,2.02,2.03,2.04,2.03,2.03,2.03,2.02,2.03,4.37,4.37,4.37,4.38,4.38,4.38,4.38,4.37,4.37,4.37,0.00,0.00,1.00,0.00,0.00,0.00,0.00,-1.00,0,None,0,aggregation
160,318.54,remora8,remora4,0.00,0.00,0.00,0.00,0.00,0.00,0.00,0.00,0.00,0.00,0.00,0.00,0.00,0.00,0.00,0.00,0.00,0.00,0.00,0.00,2.03,2.04,2.05,2.05,2.06,2.07,2.07,2.07,2.07,2.06,4.37,4.37,4.37,4.37,4.37,4.37,4.37,4.37,4.37,4.37,0.00,0.00,1.00,0.00,0.00,0.00,0.00,-1.00,0,None,0,aggregation
160,319.54,remora8,remora4,0.00,0.00,0.00,0.00,0.00,0.00,0.00,0.00,0.00,0.00,0.00,0.00,0.00,0.00,0.00,0.00,0.00,0.00,0.00,0.00,2.06,2.06,2.07,2.07,2.08,2.08,2.09,2.10,2.10,2.10,4.36,4.36,4.36,4.36,4.36,4.36,4.36,4.37,4.37,4.37,0.00,0.00,1.00,0.00,0.00,0.00,0.00,-1.00,0,None,0,aggregation
160,320.54,remora8,remora4,0.00,0.00,0.00,0.00,0.00,0.00,0.00,0.00,0.00,0.00,0.00,0.00,0.00,0.00,0.00,0.00,0.00,0.00,0.00,0.00,2.10,2.10,2.11,2.12,2.12,2.12,2.11,2.11,2.11,2.11,4.37,4.37,4.37,4.37,4.37,4.36,4.36,4.36,4.36,4.36,0.00,0.00,1.00,0.00,0.00,0.00,0.00,-1.00,0,None,0,aggregation
160,321.54,remora8,remora4,0.00,0.00,0.00,0.00,0.00,0.00,0.00,0.00,0.00,0.00,0.00,0.00,0.00,0.00,0.00,0.00,0.00,0.00,0.00,0.00,2.12,2.12,2.12,2.13,2.13,2.14,2.14,2.14,2.13,2.13,4.36,4.36,4.36,4.36,4.36,4.36,4.36,4.36,4.36,4.35,0.00,0.00,1.00,0.00,0.00,0.00,0.00,-1.00,0,None,0,aggregation
160,322.54,remora8,remora4,0.00,0.00,0.00,0.00,0.00,0.00,0.00,0.00,0.00,0.00,0.00,0.00,0.00,0.00,0.00,0.00,0.00,0.00,0.00,0.00,2.13,2.13,2.14,2.14,2.14,2.15,2.15,2.16,2.17,2.17,4.35,4.35,4.36,4.36,4.36,4.36,4.36,4.36,4.36,4.36,0.00,0.00,1.00,0.00,0.00,0.00,0.00,-1.00,0,None,0,aggregation
160,323.54,remora8,remora4,-35.03,-35.03,-34.85,-34.85,-34.56,-34.56,-34.07,-34.07,-33.55,-33.55,-24.56,-24.56,-24.38,-24.38,-24.09,-24.09,-23.61,-23.61,-23.09,-23.09,2.19,2.21,2.24,2.26,2.29,2.32,2.35,2.38,2.41,2.44,4.37,4.39,4.42,4.44,4.46,4.49,4.51,4.54,4.56,4.59,29.18,0.00,1.00,0.00,0.00,0.00,0.00,-1.00,0,None,0,aggregation
160,324.54,remora8,remora4,-32.86,-32.86,-32.14,-32.14,-31.19,-30.37,-30.37,-30.37,-29.40,-29.40,-22.40,-22.40,-21.68,-21.68,-20.73,-19.90,-19.90,-19.90,-18.93,-18.93,2.48,2.51,2.54,2.57,2.60,2.62,2.64,2.66,2.67,2.70,4.61,4.64,4.66,4.68,4.70,4.72,4.73,4.75,4.76,4.78,55.06,0.00,1.00,1.00,0.00,0.00,0.00,-1.00,0,None,0,aggregation
160,325.54,remora8,remora4,-28.13,-28.13,-27.08,-27.08,-25.79,-25.79,-24.43,-24.43,-23.04,-23.04,-17.67,-17.67,-16.61,-16.61,-15.33,-15.33,-13.96,-13.96,-12.57,-12.57,2.72,2.74,2.76,2.78,2.80,2.82,2.84,2.86,2.88,2.89,4.80,4.82,4.83,4.84,4.85,4.87,4.88,4.89,4.90,4.91,75.52,0.00,1.00,1.00,0.00,0.00,0.00,-1.00,0,None,0,aggregation
160,326.54,remora8,remora4,-21.66,-21.66,-20.05,-20.05,-18.38,-18.38,-16.86,-16.86,-14.90,-14.90,-11.19,-11.19,-9.59,-9.59,-7.92,-7.92,-6.39,-6.39,-4.44,-4.44,2.91,2.93,2.95,2.97,2.98,2.98,2.98,2.98,2.99,3.00,4.92,4.92,4.93,4.94,4.95,4.96,4.97,4.98,4.99,5.00,88.66,0.00,1.00,1.00,0.00,0.00,0.00,-1.00,0,None,0,aggregation
160,327.54,remora8,remora4,-12.90,-12.90,-11.26,-11.26,-9.20,-9.20,-7.12,-7.12,-5.00,-5.00,-2.43,-2.43,-0.80,-0.80,1.26,1.26,3.35,3.35,5.42,5.42,3.01,3.02,3.03,3.04,3.05,3.06,3.07,3.06,3.06,3.05,5.01,5.02,5.03,5.03,5.04,5.05,5.06,5.06,5.07,5.07,92.61,0.00,0.00,1.00,0.00,0.00,0.00,-1.00,0,None,0,aggregation
160,328.54,remora8,remora4,-2.68,-2.68,-0.36,-0.36,1.70,1.70,3.74,3.74,5.97,5.97,7.28,7.28,9.13,9.13,10.77,10.77,12.39,12.39,14.16,14.16,3.05,3.05,3.06,3.07,3.08,3.09,3.09,3.09,3.08,3.08,5.08,5.09,5.09,5.10,5.11,5.12,5.13,5.13,5.14,5.14,98.82,0.00,0.00,1.00,0.00,0.00,0.00,-1.00,0,None,0,aggregation
160,329.54,remora8,remora4,7.72,9.85,9.85,9.85,11.51,11.51,13.12,13.12,14.69,14.69,15.53,17.20,17.20,17.20,18.49,18.49,19.73,19.73,20.92,20.92,3.08,3.09,3.10,3.11,3.12,3.13,3.15,3.17,3.18,3.18,5.15,5.16,5.17,5.18,5.20,5.21,5.22,5.24,5.25,5.26,113.89,0.00,0.00,1.00,0.00,0.00,0.00,-1.00,0,None,0,aggregation
160,330.54,remora8,remora4,16.01,16.01,17.46,17.46,18.68,18.68,19.85,19.85,20.81,20.81,21.91,21.91,23.00,23.00,23.89,23.89,24.74,24.74,25.42,25.42,3.18,3.19,3.19,3.21,3.23,3.24,3.26,3.28,3.30,3.33,5.27,5.29,5.30,5.32,5.33,5.35,5.37,5.39,5.41,5.43,135.06,0.00,0.00,1.00,0.00,0.00,0.00,-1.00,0,None,0,aggregation
160,331.54,remora8,remora4,21.73,21.73,22.61,22.61,23.45,23.45,23.45,24.11,24.74,24.74,26.06,26.06,26.66,26.66,27.21,27.21,27.21,27.64,28.04,28.04,3.35,3.36,3.37,3.38,3.39,3.42,3.44,3.46,3.48,3.51,5.45,5.47,5.49,5.51,5.53,5.55,5.58,5.60,5.63,5.65,160.23,0.00,0.00,1.00,0.00,0.00,0.00,-1.00,0,None,0,aggregation
160,332.54,remora8,remora4,25.34,25.34,25.79,25.79,26.23,26.23,26.64,26.64,26.84,26.84,28.41,28.41,28.68,28.68,28.92,28.92,29.15,29.15,29.25,29.25,3.53,3.56,3.59,3.61,3.64,3.67,3.70,3.73,3.76,3.78,5.68,5.70,5.73,5.76,5.79,5.82,5.85,5.88,5.91,5.94,187.76,0.00,0.00,1.00,0.00,0.00,0.00,-1.00,0,None,0,aggregation
160,333.54,remora8,remora4,27.22,27.22,27.57,27.57,27.83,27.83,28.07,28.07,28.22,28.22,29.45,29.45,29.62,29.62,29.73,29.73,29.83,29.83,29.89,29.89,3.80,3.81,3.84,3.86,3.89,3.92,3.95,3.98,4.00,4.03,5.97,5.99,6.02,6.06,6.09,6.12,6.16,6.19,6.22,6.26,187.32,0.00,0.00,1.00,0.00,0.00,0.00,-1.00,0,None,0,aggregation
160,334.54,remora8,remora4,28.44,28.44,28.58,28.58,28.71,28.71,28.84,28.84,28.90,28.90,29.97,29.97,30.02,30.02,30.06,30.06,30.10,30.10,30.11,30.11,4.06,4.09,4.13,4.16,4.19,4.22,4.25,4.28,4.32,4.34,6.29,6.33,6.36,6.40,6.44,6.47,6.51,6.55,6.59,6.62,190.82,0.00,0.00,1.00,0.00,0.00,0.00,-1.00,0,None,0,aggregation
160,335.54,remora8,remora4,28.96,28.96,29.14,29.14,29.19,29.19,29.24,29.24,29.29,29.29,30.13,30.13,30.16,30.16,30.17,30.17,30.17,30.17,30.18,30.18,4.37,4.39,4.42,4.45,4.48,4.52,4.55,6.78,6.81,6.83,6.66,6.69,6.73,6.77,6.80,6.84,6.88,8.09,8.13,8.17,200.02,0.00,0.00,1.00,0.00,0.00,0.00,-1.00,0,None,0,aggregation
160,131.54,remora7,remora1,28.12,28.12,28.23,28.23,28.36,28.36,28.15,28.15,28.01,27.78,24.87,24.87,25.05,25.05,25.25,25.25,24.91,24.91,24.69,24.32,2.68,2.70,2.73,2.76,2.78,2.81,2.84,2.86,2.89,2.92,5.92,5.92,5.91,5.91,5.91,5.90,5.89,5.89,5.88,5.88,148.59,0.00,1.00,1.00,0.00,0.00,0.00,-1.00,0,None,1,aggregation
160,132.54,remora7,remora1,27.78,27.78,27.74,27.74,27.28,27.28,27.27,27.27,27.12,27.12,24.32,24.32,24.27,24.27,23.55,23.55,23.53,23.53,23.31,23.31,2.94,2.97,2.99,3.02,3.05,3.07,3.10,3.12,3.15,3.17,5.88,5.87,5.87,5.86,5.86,5.86,5.85,5.85,5.85,5.85,174.20,0.00,0.00,1.00,0.00,0.00,0.00,-1.00,0,None,1,aggregation
160,133.54,remora7,remora1,26.78,26.78,26.63,26.63,26.61,26.61,26.34,26.34,26.14,26.14,22.79,22.79,22.57,22.57,22.55,22.55,22.14,22.14,21.85,21.85,3.20,3.22,3.25,3.27,3.30,3.32,3.34,3.37,3.39,3.42,5.84,5.84,5.84,5.84,5.84,5.84,5.84,5.84,5.84,5.84,198.64,0.00,0.00,1.00,0.00,0.00,0.00,-1.00,0,None,1,aggregation
160,134.54,remora7,remora1,26.24,26.24,26.20,26.20,26.27,26.27,26.42,26.42,26.47,26.47,21.99,21.99,21.94,21.94,22.04,22.04,22.26,22.26,22.33,22.33,3.44,3.46,3.49,3.51,3.53,3.56,3.58,3.60,3.63,3.65,5.84,5.84,5.84,5.84,5.84,5.84,5.84,5.85,5.85,5.85,222.86,0.00,0.00,1.00,0.00,0.00,0.00,-1.00,0,None,1,aggregation
160,135.54,remora7,remora1,26.48,26.48,26.57,26.57,26.46,26.46,26.52,26.52,26.39,26.39,22.35,22.35,22.48,22.48,22.32,22.32,22.41,22.41,22.21,22.21,3.65,3.65,3.65,3.66,3.66,3.66,3.67,3.68,3.69,3.69,5.85,5.85,5.86,5.86,5.86,5.87,5.87,5.88,5.88,5.89,247.28,0.00,0.00,1.00,0.00,0.00,0.00,-1.00,0,None,1,aggregation
160,136.54,remora7,remora1,26.36,26.36,26.45,26.45,26.22,26.22,26.32,26.00,26.00,26.00,22.17,22.17,22.30,22.30,21.97,21.97,22.11,21.64,21.64,21.64,3.70,3.71,3.72,3.74,3.75,3.76,3.77,3.79,3.80,3.81,5.89,5.90,5.91,5.91,5.86,5.87,5.87,5.88,5.88,5.89,255.69,0.00,0.00,1.00,0.00,0.00,0.00,-1.00,0,None,1,aggregation
160,137.54,remora7,remora1,25.96,25.96,25.77,25.77,26.04,26.04,25.29,25.29,25.36,25.36,21.59,21.59,21.32,21.32,21.71,21.71,20.63,20.63,20.74,20.74,3.82,3.84,3.85,3.87,3.88,3.90,3.91,3.93,3.94,3.95,5.90,5.90,5.91,5.92,5.93,5.94,5.95,5.96,5.97,5.98,254.98,0.00,0.00,1.00,0.00,0.00,0.00,-1.00,0,None,1,aggregation
160,138.54,remora7,remora1,24.97,24.97,24.68,24.68,24.33,23.71,23.71,23.71,23.36,23.36,20.18,20.18,19.77,19.77,19.29,18.43,18.43,18.43,17.96,17.96,3.97,3.98,3.99,4.00,4.01,4.02,4.03,4.04,4.05,4.07,5.99,6.00,6.01,6.02,6.03,6.04,6.05,6.06,6.07,6.08,249.64,0.00,0.00,1.00,0.00,0.00,0.00,-1.00,0,None,1,aggregation
160,139.54,remora7,remora1,23.37,23.37,23.11,23.26,23.26,23.26,22.96,22.96,22.71,22.71,17.96,17.96,17.62,17.82,17.82,17.82,17.41,17.41,17.07,17.07,4.08,4.09,4.10,4.11,4.12,4.14,4.15,4.16,4.17,4.19,6.09,6.10,6.11,6.12,6.13,6.14,6.15,6.16,6.17,6.19,242.04,0.00,0.00,1.00,0.00,0.00,0.00,-1.00,0,None,1,aggregation
160,140.54,remora7,remora1,22.74,22.74,22.36,22.36,22.67,22.67,22.56,22.56,22.86,22.86,17.11,17.11,16.60,16.60,17.02,17.02,16.87,16.87,17.27,17.27,4.20,4.21,4.22,4.24,4.25,4.27,4.29,4.30,4.32,4.34,6.20,6.21,6.22,6.23,6.24,6.25,6.26,6.27,6.28,6.29,234.53,0.00,0.00,1.00,0.00,0.00,0.00,-1.00,0,None,1,aggregation
160,141.54,remora7,remora1,23.66,23.66,24.21,24.21,24.94,24.94,25.42,25.42,26.17,26.67,18.37,18.37,19.11,19.11,20.14,20.14,20.82,20.82,21.90,22.64,4.36,4.38,4.40,4.42,4.44,4.46,4.48,4.51,4.51,4.50,6.30,6.31,6.32,6.33,6.34,6.35,6.36,6.38,6.39,6.40,230.53,0.00,0.00,1.00,0.00,0.00,0.00,-1.00,0,None,1,aggregation
160,142.54,remora7,remora1,26.67,26.67,27.19,27.19,27.70,27.70,27.81,27.81,28.24,28.24,22.64,22.64,23.40,23.40,24.19,24.19,24.37,24.37,25.06,25.06,4.49,4.47,4.46,4.44,4.43,4.42,4.40,4.39,4.38,4.36,6.41,6.43,6.44,6.45,6.46,6.48,6.49,6.50,6.52,6.53,230.64,0.00,0.00,1.00,0.00,0.00,0.00,-1.00,0,None,1,aggregation
160,143.54,remora7,remora1,29.08,29.08,29.22,29.22,29.34,29.34,29.74,29.74,30.03,30.03,26.50,26.50,26.77,26.77,26.99,26.99,27.84,27.84,28.60,28.60,4.35,4.34,4.32,4.31,4.30,4.29,4.28,4.27,4.26,4.25,6.54,6.55,6.57,6.58,6.60,6.61,6.62,6.64,6.65,6.67,234.61,0.00,0.00,1.00,0.00,0.00,0.00,-1.00,0,None,1,aggregation
160,144.54,remora7,remora1,30.17,30.17,30.17,30.17,30.11,30.11,29.93,29.93,29.66,29.66,29.20,29.20,29.65,29.65,29.85,29.85,30.06,30.06,30.17,30.17,4.24,4.23,4.23,4.22,4.21,4.21,4.20,4.20,4.20,4.19,6.68,6.70,6.71,6.73,6.74,6.76,6.77,6.78,6.56,6.57,240.29,0.00,0.00,1.00,0.00,0.00,0.00,-1.00,0,None,1,aggregation
160,145.54,remora7,remora1,29.53,29.53,29.12,29.12,28.98,28.98,28.50,28.50,28.41,28.41,30.18,30.18,30.16,30.16,30.13,30.13,29.99,29.99,29.96,29.96,4.19,4.19,4.19,4.19,4.19,4.19,4.20,4.20,4.20,4.21,6.58,6.60,6.61,6.63,6.64,6.66,6.67,6.68,6.70,6.71,245.37,0.00,0.00,1.00,0.00,0.00,0.00,-1.00,0,None,1,aggregation
160,146.54,remora7,remora1,28.11,28.11,28.07,28.07,28.06,28.06,28.01,28.01,27.75,27.75,29.85,29.85,29.83,29.83,29.83,29.83,29.81,29.81,29.70,29.70,4.22,4.22,4.23,4.24,4.25,4.26,4.27,4.29,4.30,4.31,6.73,6.75,6.77,6.78,6.80,6.82,6.84,6.86,6.88,6.90,250.15,0.00,0.00,1.00,0.00,0.00,0.00,-1.00,0,None,1,aggregation
160,147.54,remora7,remora1,27.71,27.71,27.48,27.48,27.68,27.68,27.16,27.16,26.90,26.90,29.68,29.68,29.58,29.58,29.67,29.67,29.42,29.42,29.29,29.29,4.33,4.35,4.36,4.38,4.40,4.42,4.44,4.46,4.48,4.51,6.91,6.94,6.96,6.98,7.00,7.02,7.04,7.06,7.08,7.10,255.17,0.00,0.00,1.00,0.00,0.00,0.00,-1.00,0,None,1,aggregation
160,148.54,remora7,remora1,27.02,27.02,26.30,26.30,26.30,26.30,25.88,25.88,26.01,26.01,29.35,29.35,28.97,28.97,28.96,28.96,28.72,28.72,28.80,28.80,4.53,4.56,4.58,4.61,4.63,4.66,4.69,4.72,4.75,4.78,7.12,7.14,7.17,7.19,7.21,7.23,7.25,7.28,7.30,7.32,261.21,0.00,0.00,1.00,0.00,0.00,0.00,-1.00,0,None,1,aggregation
160,149.54,remora7,remora1,25.10,25.10,25.79,25.79,26.23,26.23,26.43,26.43,26.84,26.84,28.26,28.26,28.68,28.68,28.92,28.92,29.04,29.04,29.25,29.25,4.81,4.84,4.86,4.89,4.90,4.92,4.94,4.98,5.01,5.04,7.34,7.37,7.39,7.41,7.43,7.45,7.48,7.08,7.10,7.12,268.31,0.00,0.00,1.00,0.00,0.00,0.00,-1.00,0,None,1,aggregation
160,150.54,remora7,remora1,27.12,27.12,27.31,27.31,27.49,27.49,27.74,27.74,0.00,0.00,29.40,29.40,29.49,29.49,29.58,29.58,29.70,29.70,0.00,0.00,5.06,5.08,5.10,5.12,5.14,5.17,5.19,5.22,5.24,5.24,7.14,7.16,7.18,7.20,7.22,7.24,7.26,7.27,7.29,7.29,271.29,0.00,0.00,1.00,0.00,0.00,0.00,-1.00,0,None,1,aggregation
160,151.54,remora7,remora1,30.00,30.00,30.00,30.00,30.00,30.00,30.00,30.00,30.00,30.00,30.00,30.00,30.00,30.00,30.00,30.00,30.00,30.00,30.00,30.00,5.25,5.28,5.31,5.34,5.37,5.40,5.43,5.46,5.49,5.51,7.30,7.31,7.33,7.35,7.37,7.39,7.41,6.91,6.92,6.94,278.75,0.00,0.00,1.00,0.00,0.00,0.00,-1.00,0,None,1,aggregation
160,152.54,remora7,remora1,30.00,30.00,30.00,30.00,30.00,30.00,30.00,30.00,30.00,30.00,30.00,30.00,30.00,30.00,30.00,30.00,30.00,30.00,30.00,30.00,5.54,5.57,5.60,5.63,5.65,5.68,5.71,5.74,5.78,5.81,6.95,6.97,6.98,7.00,6.26,6.28,6.29,6.31,6.33,6.34,283.03,0.00,0.00,1.00,0.00,0.00,0.00,-1.00,0,None,1,aggregation
160,153.54,remora7,remora1,30.00,30.00,30.00,30.00,30.00,30.00,30.00,30.00,30.00,30.00,30.00,30.00,30.00,30.00,30.00,30.00,30.00,30.00,30.00,30.00,5.85,5.89,5.92,5.92,5.91,5.90,5.89,5.88,5.87,5.86,6.36,6.38,6.39,6.41,6.42,6.44,6.45,6.47,6.49,6.50,284.62,0.00,0.00,1.00,0.00,0.00,0.00,-1.00,0,None,1,aggregation
160,154.54,remora7,remora1,30.00,30.00,30.00,30.00,30.00,30.00,30.00,30.00,30.00,30.00,30.00,30.00,30.00,30.00,30.00,30.00,30.00,30.00,30.00,30.00,5.85,5.84,5.83,5.82,5.81,5.80,5.79,5.78,5.77,5.76,6.52,6.53,6.55,6.57,6.58,6.60,6.62,6.63,6.65,6.67,284.72,0.00,0.00,1.00,0.00,0.00,0.00,-1.00,0,None,1,aggregation
160,155.54,remora7,remora1,30.00,30.00,30.00,30.00,30.00,30.00,30.00,30.00,30.00,30.00,30.00,30.00,30.00,30.00,30.00,30.00,30.00,30.00,30.00,30.00,5.76,5.75,5.74,5.74,5.73,5.72,5.72,5.71,5.71,5.70,6.69,6.71,6.72,6.74,6.76,6.78,6.80,6.82,6.83,6.85,285.22,0.00,0.00,1.00,0.00,0.00,0.00,-1.00,0,None,1,aggregation
160,156.54,remora7,remora1,30.00,30.00,30.00,30.00,30.00,30.00,30.00,30.00,30.00,30.00,30.00,30.00,30.00,30.00,30.00,30.00,30.00,30.00,30.00,30.00,5.70,5.69,5.69,5.68,5.68,5.67,5.67,5.67,5.66,5.66,6.87,6.89,6.91,6.93,6.95,6.97,6.99,7.01,7.03,7.05,286.32,0.00,0.00,1.00,0.00,0.00,0.00,-1.00,0,None,1,aggregation
160,157.54,remora7,remora1,30.00,30.00,30.00,30.00,30.00,30.00,30.00,30.00,30.00,30.00,30.00,30.00,30.00,30.00,30.00,30.00,30.00,30.00,30.00,30.00,5.66,5.66,5.65,5.65,5.65,5.65,5.65,5.65,5.65,5.65,7.07,7.09,7.11,7.13,7.16,7.18,7.20,7.23,7.25,7.27,287.87,0.00,0.00,1.00,0.00,0.00,0.00,-1.00,0,None,1,aggregation
160,158.54,remora7,remora1,30.00,30.00,30.00,30.00,30.00,30.00,30.00,30.00,30.00,30.00,30.00,30.00,30.00,30.00,30.00,30.00,30.00,30.00,30.00,30.00,5.65,5.65,5.65,5.65,5.65,5.65,5.65,5.65,5.65,5.65,7.29,7.31,7.33,7.36,7.38,7.40,7.42,7.44,7.46,7.48,290.24,0.00,0.00,1.00,0.00,0.00,0.00,-1.00,0,None,1,aggregation
160,159.54,remora7,remora1,30.00,30.00,30.00,30.00,30.00,30.00,30.00,30.00,30.00,30.00,30.00,30.00,30.00,30.00,30.00,30.00,30.00,30.00,30.00,30.00,5.65,5.65,5.66,5.66,5.66,5.66,5.66,5.67,5.67,5.67,7.50,7.52,7.54,7.56,7.58,7.61,7.63,7.65,7.67,7.69,292.78,0.00,0.00,1.00,0.00,0.00,0.00,-1.00,0,None,1,aggregation
160,160.54,remora7,remora1,30.00,30.00,30.00,30.00,30.00,30.00,30.00,30.00,30.00,30.00,30.00,30.00,30.00,30.00,30.00,30.00,30.00,30.00,30.00,30.00,5.67,5.68,5.68,5.68,5.69,5.69,5.69,5.70,5.70,5.71,7.71,7.73,7.75,7.78,7.80,7.82,7.84,7.86,7.89,7.91,300.00,0.00,0.00,1.00,0.00,0.00,0.00,-1.00,0,None,1,aggregation
160,161.54,remora7,remora1,30.00,30.00,30.00,30.00,30.00,30.00,30.00,30.00,30.00,30.00,30.00,30.00,30.00,30.00,30.00,30.00,30.00,30.00,30.00,30.00,5.71,5.71,5.72,5.72,5.73,5.73,5.74,5.74,5.75,5.75,7.93,7.96,7.98,8.01,8.03,8.06,8.08,8.11,8.13,8.16,300.00,0.00,0.00,1.00,0.00,0.00,0.00,-1.00,0,None,1,aggregation
160,162.54,remora7,remora1,30.00,30.00,30.00,30.00,30.00,30.00,30.00,30.00,30.00,30.00,30.00,30.00,30.00,30.00,30.00,30.00,30.00,30.00,30.00,30.00,5.76,5.76,5.77,5.77,5.78,5.78,5.79,5.80,5.80,5.81,8.19,8.21,8.24,8.27,8.29,8.32,8.35,8.38,8.41,7.91,300.00,0.00,0.00,1.00,0.00,0.00,0.00,-1.00,0,None,1,aggregation
160,163.54,remora7,remora1,30.00,30.00,30.00,30.00,30.00,30.00,30.00,30.00,30.00,30.00,30.00,30.00,30.00,30.00,30.00,30.00,30.00,30.00,30.00,30.00,5.81,5.82,5.82,5.82,5.83,5.83,5.84,5.85,5.85,5.86,7.94,7.97,8.00,8.02,8.05,8.08,8.11,8.14,8.17,7.72,300.00,0.00,0.00,1.00,0.00,0.00,0.00,-1.00,0,None,1,aggregation
160,164.54,remora7,remora1,30.00,30.00,30.00,30.00,30.00,30.00,30.00,30.00,30.00,30.00,30.00,30.00,30.00,30.00,30.00,30.00,30.00,30.00,30.00,30.00,5.86,5.87,5.88,5.88,5.89,5.90,5.90,5.91,5.92,5.92,7.75,7.78,7.80,7.83,7.85,7.88,7.90,7.92,7.94,5.92,300.00,0.00,0.00,1.00,0.00,0.00,0.00,-1.00,0,None,1,aggregation
160,165.54,remora7,remora1,30.00,30.00,30.00,30.00,30.00,30.00,30.00,30.00,30.00,30.00,30.00,30.00,30.00,30.00,30.00,30.00,30.00,30.00,30.00,30.00,5.93,5.94,5.94,5.95,5.96,5.96,5.97,5.98,5.98,5.99,5.93,5.94,5.94,5.95,5.96,5.96,5.97,5.98,5.98,5.99,300.00,0.00,0.00,1.00,0.00,0.00,0.00,-1.00,0,None,1,aggregation
160,166.54,remora7,remora1,30.00,30.00,30.00,30.00,30.00,30.00,30.00,30.00,30.00,30.00,30.00,30.00,30.00,30.00,30.00,30.00,30.00,30.00,30.00,30.00,6.00,6.00,6.01,6.01,6.02,6.03,6.03,6.04,6.05,6.05,6.00,6.00,6.01,6.01,6.02,6.03,6.03,6.04,6.05,6.05,300.00,0.00,0.00,1.00,0.00,0.00,0.00,-1.00,0,None,1,aggregation
160,167.54,remora7,remora1,30.00,30.00,30.00,30.00,30.00,30.00,30.00,30.00,30.00,30.00,30.00,30.00,30.00,30.00,30.00,30.00,30.00,30.00,30.00,30.00,6.06,6.07,6.07,6.08,6.09,6.09,6.10,6.11,6.11,6.12,6.06,6.07,6.07,6.08,6.09,6.09,6.10,6.11,6.11,6.12,300.00,0.00,0.00,1.00,0.00,0.00,0.00,-1.00,0,None,1,aggregation
160,168.54,remora7,remora1,30.00,30.00,30.00,30.00,30.00,30.00,30.00,30.00,30.00,30.00,30.00,30.00,30.00,30.00,30.00,30.00,30.00,30.00,30.00,30.00,6.13,6.13,6.14,6.15,6.15,6.16,6.17,6.17,6.18,6.19,6.13,6.13,6.14,6.15,6.15,6.16,6.17,6.17,6.18,6.19,300.00,0.00,0.00,1.00,0.00,0.00,0.00,-1.00,0,None,1,aggregation
160,169.54,remora7,remora1,30.00,30.00,30.00,30.00,30.00,30.00,30.00,30.00,30.00,30.00,30.00,30.00,30.00,30.00,30.00,30.00,30.00,30.00,30.00,30.00,6.19,6.20,6.21,6.21,6.22,6.23,6.23,6.24,6.25,6.25,6.19,6.20,6.21,6.21,6.22,6.23,6.23,6.24,6.25,6.25,300.00,0.00,0.00,1.00,0.00,0.00,0.00,-1.00,0,None,1,aggregation
160,170.54,remora7,remora1,30.00,30.00,30.00,30.00,30.00,30.00,30.00,30.00,30.00,30.00,30.00,30.00,30.00,30.00,30.00,30.00,30.00,30.00,30.00,30.00,6.26,6.27,6.27,6.28,6.29,6.29,6.30,6.31,6.31,6.32,6.26,6.27,6.27,6.28,6.29,6.29,6.30,6.31,6.31,6.32,300.00,0.00,0.00,1.00,0.00,0.00,0.00,-1.00,0,None,1,aggregation
160,171.54,remora7,remora1,30.00,30.00,30.00,30.00,30.00,30.00,30.00,30.00,30.00,30.00,30.00,30.00,30.00,30.00,30.00,30.00,30.00,30.00,30.00,30.00,6.33,6.33,6.34,6.34,6.35,6.36,6.36,6.37,6.38,6.38,6.33,6.33,6.34,6.34,6.35,6.36,6.36,6.37,6.38,6.38,300.00,0.00,0.00,1.00,0.00,0.00,0.00,-1.00,0,None,1,aggregation
160,172.54,remora7,remora1,30.00,30.00,30.00,30.00,30.00,30.00,30.00,30.00,30.00,30.00,30.00,30.00,30.00,30.00,30.00,30.00,30.00,30.00,30.00,30.00,6.39,6.40,6.40,6.41,6.42,6.42,6.43,6.44,6.44,6.45,6.39,6.40,6.40,6.41,6.42,6.42,6.43,6.44,6.44,6.45,300.00,0.00,0.00,1.00,0.00,0.00,0.00,-1.00,0,None,1,aggregation
160,173.54,remora7,remora1,30.00,30.00,30.00,30.00,30.00,30.00,30.00,30.00,30.00,30.00,30.00,30.00,30.00,30.00,30.00,30.00,30.00,30.00,30.00,30.00,6.46,6.46,6.47,6.48,6.48,6.49,6.50,6.50,6.51,6.52,6.46,6.46,6.47,6.48,6.48,6.49,6.50,6.50,6.51,6.52,300.00,0.00,0.00,1.00,0.00,0.00,0.00,-1.00,0,None,1,aggregation
160,174.54,remora7,remora1,30.00,30.00,30.00,30.00,30.00,30.00,30.00,30.00,30.00,30.00,30.00,30.00,30.00,30.00,30.00,30.00,30.00,30.00,30.00,30.00,6.52,6.53,6.54,6.54,6.55,6.56,6.56,6.57,6.58,6.58,6.52,6.53,6.54,6.54,6.55,6.56,6.56,6.57,6.58,6.58,300.00,0.00,0.00,1.00,0.00,0.00,0.00,-1.00,0,None,1,aggregation
160,175.54,remora7,remora1,30.00,30.00,30.00,30.00,0.00,0.00,29.80,29.80,29.80,29.80,30.00,30.00,30.00,30.00,0.00,0.00,30.13,30.13,30.13,30.13,6.59,6.60,6.60,6.61,6.62,6.62,6.63,6.64,6.64,6.65,6.59,6.60,6.60,6.61,6.62,6.62,6.63,6.64,6.64,6.65,293.99,0.00,0.00,1.00,0.00,0.00,0.00,-1.00,0,None,1,aggregation
160,176.54,remora7,remora1,29.77,29.77,29.77,29.77,29.77,29.77,29.73,29.73,29.69,29.69,30.14,30.14,30.14,30.14,30.14,30.14,30.15,30.15,30.16,30.16,6.65,6.66,6.67,6.67,6.68,6.69,6.69,6.70,6.71,6.71,6.65,6.66,6.67,6.67,6.68,6.69,6.69,6.70,6.71,6.71,293.93,0.00,0.00,1.00,0.00,0.00,0.00,-1.00,0,None,1,aggregation
160,177.54,remora7,remora1,29.69,29.69,29.66,29.66,29.66,29.66,29.62,29.62,29.62,29.62,30.16,30.16,30.17,30.17,30.17,30.17,30.17,30.17,30.17,30.17,6.72,6.73,6.73,6.74,6.74,6.75,6.76,6.76,6.77,6.77,6.72,6.73,6.73,6.74,6.74,6.75,6.76,6.76,6.77,6.77,293.84,0.00,0.00,1.00,0.00,0.00,0.00,-1.00,0,None,1,aggregation
160,178.54,remora7,remora1,29.57,29.57,29.53,29.53,29.53,29.53,29.49,29.49,29.49,29.49,30.18,30.18,30.18,30.18,30.18,30.18,30.18,30.18,30.18,30.18,6.77,6.77,6.76,6.77,6.77,6.77,6.77,6.77,3.23,3.18,6.77,6.77,6.76,6.77,6.77,6.77,6.77,6.77,5.00,4.98,293.69,0.00,0.00,1.00,0.00,0.00,0.00,-1.00,0,None,1,aggregation
160,179.54,remora7,remora1,29.44,29.44,29.44,29.44,29.34,29.34,29.34,29.34,29.29,29.29,30.19,30.19,30.19,30.19,30.18,30.18,30.18,30.18,30.18,30.18,3.12,3.06,3.01,2.95,2.89,2.84,2.78,2.72,2.67,2.61,4.95,4.92,4.90,4.87,4.85,4.83,4.81,4.79,4.77,4.75,293.47,0.00,1.00,1.00,0.00,0.00,0.00,-1.00,0,None,1,aggregation
160,180.54,remora7,remora1,29.29,29.29,29.24,29.24,29.19,29.19,29.14,29.14,29.02,28.96,30.18,30.18,30.17,30.17,30.17,30.17,30.16,30.16,30.14,30.13,2.56,2.50,2.44,2.39,2.33,2.27,2.22,2.16,2.10,2.05,4.73,4.71,4.69,4.67,4.65,4.63,4.61,4.59,4.57,4.55,293.14,0.00,1.00,1.00,0.00,0.00,0.00,-1.00,0,None,1,aggregation
160,181.54,remora7,remora1,28.96,28.96,28.90,28.90,28.84,28.84,28.78,28.78,0.00,0.00,30.13,30.13,30.11,30.11,30.10,30.10,30.08,30.08,0.00,0.00,1.99,1.94,1.88,1.82,1.77,1.71,1.66,1.60,1.58,1.58,4.53,4.50,4.48,4.46,4.44,4.41,4.39,4.37,4.36,4.36,286.73,0.00,1.00,1.00,0.00,0.00,0.00,-1.00,0,None,1,aggregation
160,182.54,remora7,remora1,0.00,0.00,0.00,0.00,0.00,0.00,0.00,0.00,0.00,0.00,0.00,0.00,0.00,0.00,0.00,0.00,0.00,0.00,0.00,0.00,1.57,1.57,1.57,1.57,1.57,1.57,1.57,1.57,1.57,1.57,4.36,4.36,4.36,4.35,4.35,4.35,4.35,4.35,4.34,4.34,256.73,0.00,1.00,1.00,0.00,0.00,0.00,-1.00,0,None,1,aggregation
160,183.54,remora7,remora1,0.00,0.00,0.00,0.00,0.00,0.00,0.00,0.00,0.00,0.00,0.00,0.00,0.00,0.00,0.00,0.00,0.00,0.00,0.00,0.00,1.57,1.57,1.57,1.57,1.57,1.57,1.57,1.57,1.57,1.57,4.33,4.33,4.32,4.32,4.31,4.31,4.30,4.30,4.29,4.29,226.73,0.00,1.00,1.00,0.00,0.00,0.00,-1.00,0,None,1,aggregation
160,184.54,remora7,remora1,0.00,0.00,0.00,0.00,0.00,0.00,0.00,0.00,0.00,0.00,0.00,0.00,0.00,0.00,0.00,0.00,0.00,0.00,0.00,0.00,1.57,1.57,1.57,1.57,1.57,1.57,1.57,1.57,1.57,1.57,4.28,4.27,4.27,4.26,4.25,4.25,4.24,4.23,4.23,4.22,196.73,0.00,1.00,1.00,0.00,0.00,0.00,-1.00,0,None,1,aggregation
160,185.54,remora7,remora1,0.00,0.00,0.00,0.00,0.00,0.00,0.00,0.00,0.00,0.00,0.00,0.00,0.00,0.00,0.00,0.00,0.00,0.00,0.00,0.00,1.57,1.57,1.57,1.57,1.57,1.57,1.57,1.57,1.57,1.57,4.21,4.21,4.20,4.19,4.19,4.18,4.18,4.17,4.17,4.16,172.74,0.00,1.00,1.00,0.00,0.00,0.00,-1.00,0,None,1,aggregation
160,186.54,remora7,remora1,0.00,0.00,0.00,0.00,0.00,0.00,0.00,0.00,0.00,0.00,0.00,0.00,0.00,0.00,0.00,0.00,0.00,0.00,0.00,0.00,1.57,1.57,1.57,1.57,1.57,1.57,1.57,1.57,1.57,1.57,4.15,4.15,4.14,4.14,4.13,4.13,4.13,4.12,4.12,4.11,142.79,0.00,1.00,1.00,0.00,0.00,0.00,-1.00,0,None,1,aggregation
160,187.54,remora7,remora1,0.00,0.00,0.00,0.00,0.00,0.00,0.00,0.00,0.00,0.00,0.00,0.00,0.00,0.00,0.00,0.00,0.00,0.00,0.00,0.00,1.57,1.57,1.57,1.57,1.57,1.57,1.57,1.57,1.57,1.57,4.11,4.11,4.10,4.10,4.10,4.10,4.09,4.09,6.06,6.05,112.89,0.00,1.00,1.00,0.00,0.00,0.00,-1.00,0,None,1,aggregation
160,188.54,remora7,remora1,0.00,0.00,0.00,0.00,0.00,0.00,0.00,0.00,0.00,0.00,0.00,0.00,0.00,0.00,0.00,0.00,0.00,0.00,0.00,0.00,1.57,1.57,1.57,1.57,1.57,1.57,1.57,1.57,1.57,1.57,6.04,6.03,6.02,6.01,6.00,5.99,5.98,5.97,5.96,5.95,83.03,0.00,1.00,1.00,0.00,0.00,0.00,-1.00,0,None,1,aggregation
160,189.54,remora7,remora1,0.00,0.00,0.00,0.00,0.00,0.00,0.00,0.00,0.00,0.00,0.00,0.00,0.00,0.00,0.00,0.00,0.00,0.00,0.00,0.00,1.57,1.57,1.57,1.57,1.57,1.57,1.57,1.57,1.57,1.57,5.94,5.93,5.92,5.91,5.90,5.89,5.88,5.87,5.86,5.85,53.26,0.00,1.00,1.00,0.00,0.00,0.00,-1.00,0,None,1,aggregation
160,190.54,remora7,remora1,0.00,0.00,0.00,0.00,0.00,0.00,0.00,0.00,0.00,0.00,0.00,0.00,0.00,0.00,0.00,0.00,0.00,0.00,0.00,0.00,1.57,1.57,1.57,1.57,1.57,1.57,1.57,1.57,1.57,1.57,5.84,5.83,5.82,5.81,5.80,5.79,5.78,5.77,5.76,5.75,23.59,0.00,1.00,0.00,0.00,0.00,0.00,-1.00,0,None,1,aggregation
160,191.54,remora7,remora1,0.00,0.00,0.00,0.00,0.00,0.00,0.00,0.00,0.00,0.00,0.00,0.00,0.00,0.00,0.00,0.00,0.00,0.00,0.00,0.00,1.57,1.57,1.57,1.57,1.57,1.57,1.57,1.57,1.57,1.57,5.74,5.73,5.72,5.71,5.70,5.69,5.68,5.67,5.66,5.65,0.00,0.00,1.00,0.00,0.00,0.00,0.00,-1.00,0,None,1,aggregation
160,192.54,remora7,remora1,0.00,0.00,0.00,0.00,0.00,0.00,0.00,0.00,0.00,0.00,0.00,0.00,0.00,0.00,0.00,0.00,0.00,0.00,0.00,0.00,1.57,1.57,1.57,1.57,1.57,1.57,1.57,1.57,1.57,1.57,5.64,5.63,5.62,5.61,5.60,5.59,5.58,5.57,5.56,5.55,0.00,0.00,1.00,0.00,0.00,0.00,0.00,-1.00,0,None,1,aggregation
160,193.54,remora7,remora1,0.00,0.00,0.00,0.00,0.00,0.00,0.00,0.00,0.00,0.00,0.00,0.00,0.00,0.00,0.00,0.00,0.00,0.00,0.00,0.00,1.57,1.57,1.57,1.57,1.57,1.57,1.57,1.57,1.57,1.57,5.54,5.53,5.52,5.51,5.50,5.49,5.48,5.47,5.46,5.45,0.00,0.00,1.00,0.00,0.00,0.00,0.00,-1.00,0,None,1,aggregation
160,194.54,remora7,remora1,0.00,0.00,0.00,0.00,0.00,0.00,0.00,0.00,0.00,0.00,0.00,0.00,0.00,0.00,0.00,0.00,0.00,0.00,0.00,0.00,1.57,1.57,1.57,1.57,1.57,1.57,1.57,1.57,1.58,1.58,5.44,5.43,5.42,5.41,5.40,5.39,5.38,5.37,5.36,5.35,0.00,0.00,1.00,0.00,0.00,0.00,0.00,-1.00,0,None,1,aggregation
160,195.54,remora7,remora1,0.00,0.00,0.00,0.00,0.00,0.00,0.00,0.00,0.00,0.00,0.00,0.00,0.00,0.00,0.00,0.00,0.00,0.00,0.00,0.00,1.58,1.58,1.58,1.58,1.58,1.58,1.58,1.58,1.58,1.58,5.34,5.33,5.32,5.31,5.30,5.29,5.28,5.27,5.26,5.25,0.00,0.00,1.00,0.00,0.00,0.00,0.00,-1.00,0,None,1,aggregation
160,196.54,remora7,remora1,0.00,0.00,0.00,0.00,0.00,0.00,0.00,0.00,0.00,0.00,0.00,0.00,0.00,0.00,0.00,0.00,0.00,0.00,0.00,0.00,1.58,1.58,1.58,1.58,1.58,1.58,1.58,1.58,1.58,1.58,5.24,5.23,5.22,5.21,5.20,5.19,5.18,5.17,5.16,5.15,0.00,0.00,1.00,0.00,0.00,0.00,0.00,-1.00,0,None,1,aggregation
160,197.54,remora7,remora1,0.00,0.00,0.00,0.00,0.00,0.00,0.00,0.00,0.00,0.00,0.00,0.00,0.00,0.00,0.00,0.00,0.00,0.00,0.00,0.00,1.58,1.58,1.58,1.58,1.58,1.58,1.58,1.58,1.58,1.58,5.14,5.13,5.12,5.11,5.10,5.09,5.08,5.07,5.06,5.05,0.00,0.00,1.00,0.00,0.00,0.00,0.00,-1.00,0,None,1,aggregation
160,198.54,remora7,remora1,0.00,0.00,0.00,0.00,0.00,0.00,0.00,0.00,0.00,0.00,0.00,0.00,0.00,0.00,0.00,0.00,0.00,0.00,0.00,0.00,1.58,1.58,1.58,1.58,1.58,1.58,1.58,1.58,1.58,1.58,5.04,5.03,5.02,5.01,5.00,4.99,4.98,4.97,4.96,4.95,0.00,0.00,1.00,0.00,0.00,0.00,0.00,-1.00,0,None,1,aggregation
160,199.54,remora7,remora1,0.00,0.00,0.00,0.00,0.00,0.00,0.00,0.00,0.00,0.00,0.00,0.00,0.00,0.00,0.00,0.00,0.00,0.00,0.00,0.00,1.58,1.58,1.58,1.58,1.58,1.58,1.58,1.58,1.58,1.58,4.94,4.93,4.92,4.91,4.90,4.89,4.88,4.87,4.86,4.85,0.00,0.00,1.00,0.00,0.00,0.00,0.00,-1.00,0,None,1,aggregation
160,200.54,remora7,remora1,0.00,0.00,0.00,0.00,0.00,0.00,0.00,0.00,0.00,0.00,0.00,0.00,0.00,0.00,0.00,0.00,0.00,0.00,0.00,0.00,1.58,1.58,1.58,1.58,1.58,1.58,1.58,1.58,1.58,1.58,4.84,4.83,4.82,4.81,4.80,4.79,6.08,6.06,6.05,6.03,0.00,0.00,1.00,0.00,0.00,0.00,0.00,-1.00,0,None,1,aggregation
160,201.54,remora7,remora1,0.00,0.00,0.00,0.00,0.00,0.00,0.00,0.00,0.00,0.00,0.00,0.00,0.00,0.00,0.00,0.00,0.00,0.00,0.00,0.00,1.58,1.58,1.58,1.58,1.58,1.58,1.58,1.58,1.58,1.58,6.02,6.00,5.99,5.97,5.96,5.94,5.93,5.91,5.90,5.88,0.00,0.00,1.00,0.00,0.00,0.00,0.00,-1.00,0,None,1,aggregation
160,202.54,remora7,remora1,0.00,0.00,-23.72,-23.72,-23.55,-23.55,-23.10,-22.58,-22.58,-22.58,0.00,0.00,-34.18,-34.18,-34.01,-34.01,-33.56,-33.05,-33.05,-33.05,1.58,1.58,1.60,1.65,1.71,1.76,1.81,1.87,1.92,1.97,5.87,5.85,5.84,5.83,5.81,5.80,5.79,5.78,5.76,5.75,22.72,0.00,1.00,0.00,0.00,0.00,0.00,-1.00,0,None,1,aggregation
160,203.54,remora7,remora1,-22.00,-22.00,-21.26,-21.26,-20.17,-20.17,-19.16,-19.16,-17.95,-17.95,-32.47,-32.47,-31.73,-31.73,-30.63,-30.63,-29.63,-29.63,-28.41,-28.41,2.02,2.07,2.12,2.17,2.21,2.26,2.30,2.35,2.39,2.43,5.74,5.72,5.71,5.71,5.70,5.70,5.69,5.68,5.67,5.67,48.06,0.00,1.00,1.00,0.00,0.00,0.00,-1.00,0,None,1,aggregation
160,204.54,remora7,remora1,-16.51,-16.51,-14.75,-14.75,-13.04,-13.04,-11.17,-11.17,-9.22,-9.22,-26.97,-26.97,-25.22,-25.22,-23.50,-23.50,-21.63,-21.63,-19.69,-19.69,2.47,2.51,2.54,2.58,2.61,2.64,2.67,2.70,2.73,2.75,5.66,5.65,5.63,5.62,5.61,5.60,5.59,5.58,5.57,5.56,66.23,0.00,1.00,1.00,0.00,0.00,0.00,-1.00,0,None,1,aggregation
160,205.54,remora7,remora1,-6.89,-6.89,-4.77,-4.77,-2.17,-2.17,0.46,0.46,3.37,3.37,-17.35,-17.35,-15.23,-15.23,-12.64,-12.64,-10.00,-10.00,-7.10,-7.10,2.78,2.80,2.82,2.83,2.85,2.87,2.88,2.89,2.90,2.91,5.55,5.54,5.53,5.52,5.51,5.50,5.49,5.48,5.48,5.47,73.47,0.00,1.00,1.00,0.00,0.00,0.00,-1.00,0,None,1,aggregation
160,206.54,remora7,remora1,6.38,6.38,8.81,8.81,11.57,11.57,14.31,14.31,16.67,16.67,-3.80,-3.80,-0.76,-0.76,2.71,2.71,6.17,6.17,9.17,9.17,2.91,2.92,2.93,2.93,2.93,2.93,2.94,2.94,2.94,2.94,5.46,5.46,5.45,5.45,5.44,5.44,5.44,5.44,5.44,5.44,80.59,0.00,1.00,1.00,0.00,0.00,0.00,-1.00,0,None,1,aggregation
160,207.54,remora7,remora1,19.35,19.35,22.17,22.17,24.49,24.49,26.44,27.81,27.81,27.81,12.63,12.63,16.35,16.35,19.51,19.51,22.30,24.37,24.37,24.37,2.94,2.94,2.94,2.94,2.95,2.95,2.95,2.96,2.97,2.98,5.44,5.44,5.44,5.45,5.45,5.46,5.46,5.47,5.48,5.49,102.30,0.00,1.00,1.00,0.00,0.00,0.00,-1.00,0,None,1,aggregation
160,208.54,remora7,remora1,29.04,29.04,29.65,29.65,30.07,30.07,30.18,30.18,30.07,30.07,26.43,26.43,27.65,27.65,28.74,28.74,29.51,29.51,29.91,29.91,2.99,3.00,3.01,3.03,3.05,3.07,3.09,3.11,3.13,3.16,5.50,5.51,5.52,5.53,5.54,5.56,5.57,5.59,5.60,5.61,131.43,0.00,0.00,1.00,0.00,0.00,0.00,-1.00,0,None,1,aggregation
160,209.54,remora7,remora1,29.82,29.82,29.51,29.51,28.98,28.98,28.58,28.58,28.14,28.14,30.12,30.12,30.18,30.18,30.13,30.13,30.02,30.02,29.86,29.86,3.16,3.14,3.12,3.10,3.08,3.07,3.05,3.03,3.01,2.99,5.63,5.65,5.66,5.68,5.70,5.71,5.73,5.75,5.77,5.78,160.97,0.00,0.00,1.00,0.00,0.00,0.00,-1.00,0,None,1,aggregation
160,210.54,remora7,remora1,27.80,27.80,27.46,27.46,27.19,27.19,26.81,26.81,26.59,26.59,29.72,29.72,29.57,29.57,29.43,29.43,29.24,29.24,29.12,29.12,2.98,2.96,2.94,2.93,2.91,2.90,2.88,2.87,2.85,2.84,5.80,5.82,5.84,5.86,5.88,5.90,5.92,5.94,5.96,5.98,189.26,0.00,1.00,1.00,0.00,0.00,0.00,-1.00,0,None,1,aggregation
160,211.54,remora7,remora1,26.51,26.51,26.38,26.38,26.27,26.27,26.27,26.16,25.97,25.97,29.08,29.08,29.01,29.01,28.95,28.95,28.95,28.89,28.78,28.78,2.83,2.81,2.80,2.79,2.78,2.77,2.76,2.75,2.74,2.73,6.00,6.02,6.04,6.06,6.08,6.10,6.13,4.86,4.88,4.90,216.87,0.00,1.00,1.00,0.00,0.00,0.00,-1.00,0,None,1,aggregation
160,212.54,remora7,remora1,25.95,25.95,26.42,26.42,26.78,26.78,27.14,27.14,27.36,27.36,28.77,28.77,29.03,29.03,29.23,29.23,29.41,29.41,29.52,29.52,2.72,2.71,2.71,2.70,2.69,2.69,2.68,2.68,2.67,2.67,4.91,4.92,4.93,4.94,4.95,4.97,4.99,5.00,5.01,5.02,222.10,0.00,1.00,1.00,0.00,0.00,0.00,-1.00,0,None,1,aggregation
160,213.54,remora7,remora1,27.58,27.58,28.01,28.01,28.16,28.16,28.29,28.29,28.49,28.49,29.62,29.62,29.81,29.81,29.87,29.87,29.92,29.92,29.99,29.99,2.67,2.67,2.66,2.66,2.66,2.66,2.66,2.66,2.66,2.66,5.03,5.04,5.06,5.08,5.09,5.11,5.12,5.13,5.15,5.16,225.74,0.00,1.00,1.00,0.00,0.00,0.00,-1.00,0,None,1,aggregation
160,214.54,remora7,remora1,28.66,28.66,28.75,28.75,28.91,28.91,28.98,28.98,29.09,29.09,30.05,30.05,30.07,30.07,30.11,30.11,30.13,30.13,30.15,30.15,2.66,2.66,2.66,2.66,2.66,2.66,2.66,2.67,2.67,2.67,5.18,5.20,5.21,5.22,5.24,5.26,5.27,5.29,5.30,5.32,237.06,0.00,1.00,1.00,0.00,0.00,0.00,-1.00,0,None,1,aggregation
160,215.54,remora7,remora1,29.22,29.22,29.22,29.31,29.31,29.31,29.42,29.42,29.44,29.44,30.17,30.17,30.17,30.18,30.18,30.18,30.18,30.18,30.19,30.19,2.67,2.67,2.68,2.68,2.68,2.68,2.68,2.69,2.69,2.69,5.33,5.35,5.37,5.39,5.40,5.42,5.43,5.45,5.46,5.48,259.58,0.00,1.00,1.00,0.00,0.00,0.00,-1.00,0,None,1,aggregation
160,216.54,remora7,remora1,29.45,29.45,29.55,29.55,29.54,29.54,29.58,29.58,29.58,29.58,30.19,30.19,30.18,30.18,30.18,30.18,30.18,30.18,30.18,30.18,2.69,2.70,2.70,2.70,2.71,2.71,2.71,2.71,2.72,2.72,5.50,5.51,5.53,5.55,5.57,5.58,5.60,5.62,5.63,5.65,282.32,0.00,1.00,1.00,0.00,0.00,0.00,-1.00,0,None,1,aggregation
160,131.54,remora7,remora9,28.74,28.74,28.58,28.58,28.50,28.50,28.40,28.40,28.24,28.24,25.90,25.90,25.64,25.64,25.49,25.49,25.33,25.33,25.06,25.06,3.51,3.54,3.57,3.59,3.62,3.65,3.67,3.70,3.72,3.70,6.61,6.61,6.60,6.60,6.61,6.61,6.61,6.62,6.62,6.62,158.74,0.00,0.00,1.00,0.00,0.00,0.00,-1.00,0,None,0,aggregation
160,132.54,remora7,remora9,28.32,28.32,28.12,28.12,27.93,27.93,27.81,27.81,27.40,27.40,25.20,25.20,24.86,24.86,24.57,24.57,24.37,24.37,23.74,23.74,3.69,3.67,3.65,3.62,3.60,3.57,3.55,3.53,3.51,3.50,6.63,6.63,6.64,6.64,6.64,6.65,6.65,6.66,6.66,6.67,184.97,0.00,0.00,1.00,0.00,0.00,0.00,-1.00,0,None,0,aggregation
160,133.54,remora7,remora9,27.04,27.04,26.97,26.97,26.36,26.36,26.32,26.32,26.02,26.02,23.18,23.18,23.08,23.08,22.17,22.17,22.12,22.12,21.68,21.68,3.48,3.47,3.46,3.45,3.43,3.41,3.39,3.38,3.37,3.37,6.68,6.68,6.69,6.70,6.71,6.16,6.17,6.17,6.17,6.18,194.84,0.00,0.00,1.00,0.00,0.00,0.00,-1.00,0,None,0,aggregation
160,134.54,remora7,remora9,25.55,25.55,25.33,25.33,24.72,24.72,24.11,24.11,23.83,23.83,21.00,21.00,20.69,20.69,19.83,19.83,18.98,18.98,18.60,18.60,3.35,3.33,3.30,3.28,3.26,3.24,3.23,3.22,3.21,3.20,6.18,6.18,6.18,6.18,6.19,6.19,6.19,6.20,6.20,6.21,210.98,0.00,0.00,1.00,0.00,0.00,0.00,-1.00,0,None,0,aggregation
160,135.54,remora7,remora9,23.41,23.41,23.29,23.29,23.03,23.03,22.83,22.83,23.08,23.08,18.02,18.02,17.86,17.86,17.50,17.50,17.24,17.24,17.57,17.57,3.20,3.19,3.19,3.18,3.18,3.18,3.18,3.19,3.19,3.19,6.22,6.22,6.23,6.24,6.24,5.50,5.51,5.51,5.52,5.53,227.73,0.00,0.00,1.00,0.00,0.00,0.00,-1.00,0,None,0,aggregation
160,136.54,remora7,remora9,23.21,23.21,23.46,23.46,23.45,23.45,23.60,23.60,23.65,23.65,17.75,17.75,18.09,18.09,18.07,18.07,18.29,18.29,18.35,18.35,3.20,3.21,3.21,3.22,3.23,3.24,3.24,3.23,3.22,3.21,5.54,5.55,5.56,5.57,5.58,5.59,5.60,5.61,5.61,5.62,235.99,0.00,0.00,1.00,0.00,0.00,0.00,-1.00,0,None,0,aggregation
160,137.54,remora7,remora9,23.19,23.19,22.88,22.88,23.27,23.27,23.62,23.62,24.07,24.07,17.73,17.73,17.30,17.30,17.83,17.83,18.32,18.32,18.93,18.93,3.20,3.19,3.19,3.20,3.21,3.22,3.24,3.25,3.26,3.28,5.63,5.64,5.65,5.66,5.67,5.68,5.69,5.71,5.72,5.73,237.51,0.00,0.00,1.00,0.00,0.00,0.00,-1.00,0,None,0,aggregation
160,138.54,remora7,remora9,24.29,24.29,24.69,24.69,25.46,25.46,25.46,25.46,25.39,25.39,19.23,19.23,19.79,19.79,20.88,20.88,20.87,20.87,20.78,20.78,3.30,3.32,3.33,3.36,3.36,3.36,3.36,3.36,3.37,3.39,5.75,5.76,5.78,5.79,5.81,5.82,5.83,5.85,5.86,5.88,236.91,0.00,0.00,1.00,0.00,0.00,0.00,-1.00,0,None,0,aggregation
160,139.54,remora7,remora9,25.61,25.61,26.08,26.08,26.40,26.40,26.88,26.88,27.12,27.12,21.09,21.09,21.77,21.77,22.24,22.24,22.95,22.95,23.30,23.30,3.41,3.43,3.46,3.48,3.51,3.53,3.56,3.59,3.62,3.65,5.90,5.92,5.93,5.95,5.97,5.99,6.01,6.03,6.06,6.08,235.71,0.00,0.00,1.00,0.00,0.00,0.00,-1.00,0,None,0,aggregation
160,140.54,remora7,remora9,27.70,27.70,27.99,27.99,27.85,27.85,28.10,28.10,28.33,28.33,24.20,24.20,24.66,24.66,24.43,24.43,24.84,24.84,25.21,25.21,3.67,3.68,3.69,3.70,3.71,3.72,3.74,3.77,3.80,3.83,6.10,6.12,6.14,6.16,6.17,6.19,6.21,6.24,6.26,6.28,235.23,0.00,0.00,1.00,0.00,0.00,0.00,-1.00,0,None,0,aggregation
160,141.54,remora7,remora9,28.69,28.69,28.79,28.79,29.27,29.27,29.47,29.47,29.66,29.66,25.82,25.82,25.99,25.99,26.86,26.86,27.26,27.26,27.67,27.67,3.86,3.90,3.93,3.96,4.00,4.03,4.07,4.10,4.14,4.18,6.31,6.33,6.36,6.38,6.41,6.43,6.46,6.48,6.51,6.54,236.19,0.00,0.00,1.00,0.00,0.00,0.00,-1.00,0,None,0,aggregation
160,142.54,remora7,remora9,29.75,29.75,29.88,29.88,29.98,29.98,30.10,30.10,30.11,30.11,27.86,27.86,28.17,28.17,28.45,28.45,28.86,28.86,28.89,28.89,4.22,4.26,4.30,4.33,4.37,4.41,4.44,4.46,4.48,4.50,6.56,6.59,6.62,6.64,6.67,6.70,6.72,6.74,6.77,6.79,239.16,0.00,0.00,1.00,0.00,0.00,0.00,-1.00,0,None,0,aggregation
160,143.54,remora7,remora9,30.15,30.15,30.13,30.13,30.18,30.18,30.09,30.09,29.83,29.83,29.10,29.10,28.98,28.98,29.57,29.57,29.88,29.88,30.11,30.11,4.53,4.57,4.60,4.64,4.67,4.69,4.72,4.75,4.79,4.82,6.81,6.84,6.87,6.89,6.92,6.17,6.20,6.22,6.25,6.27,244.47,0.00,0.00,1.00,0.00,0.00,0.00,-1.00,0,None,0,aggregation
160,144.54,remora7,remora9,29.15,29.15,27.83,27.83,26.95,26.95,1.89,1.89,2.23,2.23,30.16,30.16,29.74,29.74,29.31,29.31,-13.80,-13.80,-13.47,-13.47,4.85,4.89,4.91,4.94,4.96,4.99,5.01,5.02,5.02,5.03,6.30,6.32,6.34,6.37,6.39,6.41,6.43,6.43,6.43,6.43,241.84,0.00,0.00,1.00,0.00,0.00,0.00,-1.00,0,None,0,aggregation
160,145.54,remora7,remora9,3.09,3.09,4.01,4.01,4.97,4.97,5.97,5.97,6.98,6.98,-12.61,-12.61,-11.69,-11.69,-10.72,-10.72,-9.73,-9.73,-8.71,-8.71,5.02,5.02,5.01,5.01,5.01,5.01,5.02,5.02,5.03,5.03,6.43,6.42,6.42,6.42,6.42,6.42,6.42,6.42,6.42,6.43,224.30,0.00,0.00,1.00,0.00,0.00,0.00,-1.00,0,None,0,aggregation
160,146.54,remora7,remora9,7.93,7.93,8.44,8.44,-3.53,-3.53,-4.64,-4.64,-2.01,-2.01,-7.61,-7.61,-6.07,-6.07,6.59,6.59,5.71,5.71,7.81,7.81,5.04,5.05,5.06,5.06,5.05,5.05,5.06,5.06,5.07,5.08,6.43,6.44,6.44,6.45,6.46,6.46,6.47,6.48,6.48,6.49,204.77,0.00,0.00,1.00,1.00,0.00,1.00,-1.00,0,None,0,aggregation
160,147.54,remora7,remora9,-0.41,-0.41,0.96,0.96,2.68,2.68,4.45,4.45,6.24,6.24,9.09,9.09,10.18,10.18,11.55,11.55,12.95,12.95,14.37,14.37,5.10,5.11,5.12,5.14,5.15,5.16,5.16,5.17,5.18,5.20,6.50,6.51,6.52,6.53,6.54,6.55,6.55,6.56,6.57,6.58,191.26,0.00,0.00,1.00,0.00,0.00,0.00,-1.00,0,None,0,aggregation
160,148.54,remora7,remora9,7.07,7.07,9.01,9.01,10.89,10.89,4.62,4.62,4.78,4.78,15.02,15.02,16.54,16.54,18.01,18.01,-11.08,-11.08,-10.91,-10.91,5.22,5.23,5.25,5.28,5.29,5.30,5.31,5.31,5.31,5.31,6.60,6.61,6.62,6.63,6.65,6.66,6.67,6.67,6.67,6.68,177.49,0.00,0.00,1.00,0.00,0.00,0.00,-1.00,0,None,0,aggregation
160,149.54,remora7,remora9,4.78,4.78,6.85,6.85,5.75,5.75,7.72,7.72,9.64,9.64,-10.91,-10.91,14.85,14.85,13.98,13.98,15.53,15.53,17.04,17.04,5.32,5.32,5.33,5.35,5.37,5.39,5.40,5.41,5.43,5.45,6.68,7.34,7.35,7.35,6.71,6.72,6.72,6.73,6.74,6.75,162.90,0.00,0.00,1.00,1.00,0.00,1.00,-1.00,0,None,0,aggregation
160,150.54,remora7,remora9,11.31,11.31,12.93,12.93,4.73,4.73,4.92,4.92,11.31,11.31,18.33,18.33,19.58,19.58,-10.97,-10.97,-10.78,-10.78,18.33,18.33,5.48,5.50,5.52,5.53,5.54,5.54,5.54,5.55,5.56,5.58,6.77,6.78,6.79,6.80,6.81,6.81,6.82,6.82,6.83,6.84,146.95,0.00,0.00,1.00,1.00,0.00,1.00,-1.00,0,None,0,aggregation
160,151.54,remora7,remora9,10.27,10.27,11.92,11.92,5.37,5.37,5.42,5.42,10.69,10.69,17.53,17.53,18.80,18.80,-10.33,-10.33,-10.28,-10.28,17.85,17.85,5.60,5.62,5.65,5.66,5.66,5.67,5.67,5.68,5.68,5.69,6.85,6.86,6.88,6.89,6.90,6.91,6.91,6.92,6.92,6.94,128.69,0.00,0.00,1.00,1.00,0.00,1.00,-1.00,0,None,0,aggregation
160,152.54,remora7,remora9,9.22,9.22,10.89,10.89,12.53,12.53,5.56,5.56,5.95,5.95,16.71,16.71,18.01,18.01,19.27,19.27,-10.14,-10.14,-9.75,-9.75,5.70,5.70,5.71,5.72,5.73,5.74,5.75,5.76,5.78,5.80,6.95,6.97,6.98,7.00,6.02,6.04,6.06,6.07,6.08,6.08,108.98,0.00,0.00,1.00,0.00,0.00,0.00,-1.00,0,None,0,aggregation
160,153.54,remora7,remora9,10.06,10.06,8.58,8.58,10.27,10.27,11.72,11.72,13.32,13.32,17.36,17.36,16.21,16.21,17.53,17.53,18.65,18.65,19.88,19.88,5.81,5.83,5.84,5.86,5.87,5.89,5.90,5.92,5.94,5.96,6.09,6.10,6.12,6.14,6.16,6.18,6.20,6.22,6.24,6.26,93.54,0.00,0.00,1.00,1.00,0.00,1.00,-1.00,0,None,0,aggregation
160,154.54,remora7,remora9,14.69,14.69,16.01,16.01,4.87,4.87,5.01,5.01,5.98,5.98,20.92,20.92,21.91,21.91,-10.83,-10.83,-10.69,-10.69,-9.72,-9.72,5.97,5.99,6.01,6.03,6.05,6.08,6.10,6.12,6.15,6.15,6.28,6.31,6.33,6.36,6.38,6.39,6.40,6.41,6.42,6.43,82.80,0.00,0.00,1.00,0.00,0.00,0.00,-1.00,0,None,0,aggregation
160,155.54,remora7,remora9,11.31,11.31,10.69,10.69,12.12,12.12,13.52,13.52,14.69,14.69,18.33,18.33,17.85,17.85,18.96,18.96,20.03,20.03,20.92,20.92,6.17,6.19,6.21,6.23,6.25,6.27,6.30,6.33,6.35,6.37,6.45,6.47,6.49,6.51,6.53,6.55,6.57,6.60,6.62,6.64,95.79,0.00,0.00,1.00,1.00,0.00,1.00,-1.00,0,None,0,aggregation
160,156.54,remora7,remora9,5.50,5.50,5.77,5.77,12.32,12.32,11.72,11.72,13.12,13.12,-10.20,-10.20,-9.93,-9.93,19.11,19.11,18.65,18.65,19.73,19.73,6.38,6.37,6.38,6.38,6.39,6.41,6.44,6.46,6.48,6.49,6.65,6.66,6.67,6.68,6.70,6.72,6.74,6.76,6.78,6.80,104.88,0.00,0.00,1.00,1.00,0.00,1.00,-1.00,0,None,0,aggregation
160,157.54,remora7,remora9,14.30,14.30,15.45,15.45,5.35,5.35,5.69,5.69,5.69,12.53,20.63,20.63,21.49,21.49,-10.35,-10.35,-10.01,-10.01,-10.01,19.27,6.50,6.52,6.54,6.56,6.58,6.58,6.58,6.59,6.60,6.62,6.82,6.84,6.86,6.88,6.89,6.90,6.91,6.92,6.94,6.95,107.60,0.00,0.00,1.00,0.00,0.00,0.00,-1.00,0,None,0,aggregation
160,158.54,remora7,remora9,11.31,11.31,12.53,12.53,13.72,13.72,14.69,14.69,5.38,5.38,18.33,18.33,19.27,19.27,20.18,20.18,20.92,20.92,-10.32,-10.32,6.64,6.66,6.68,6.69,6.71,6.72,6.74,6.76,6.78,6.78,6.97,6.99,7.01,7.03,7.04,7.06,7.08,7.10,7.12,7.13,112.27,0.00,0.00,1.00,0.00,0.00,0.00,-1.00,0,None,0,aggregation
160,159.54,remora7,remora9,5.72,5.72,30.00,30.00,30.00,30.00,30.00,30.00,7.15,7.15,-9.98,-9.98,30.00,30.00,30.00,30.00,30.00,30.00,-8.55,-8.55,6.78,6.79,6.80,6.83,6.86,6.90,6.93,6.97,6.99,6.99,7.14,7.14,7.16,7.18,7.21,7.23,7.26,7.28,7.30,7.31,121.09,0.00,0.00,1.00,1.00,0.00,1.00,-1.00,0,None,0,aggregation
160,160.54,remora7,remora9,7.63,7.63,8.25,8.25,8.74,8.74,30.00,30.00,30.00,30.00,-8.06,-8.06,-6.65,-6.65,-5.17,-5.17,30.00,30.00,30.00,30.00,6.99,6.98,6.98,6.99,6.99,7.00,7.01,7.04,7.08,7.11,7.32,7.32,7.33,7.34,7.35,7.36,7.37,7.39,7.41,7.43,123.27,0.00,0.00,1.00,1.00,0.00,1.00,-1.00,0,None,0,aggregation
160,161.54,remora7,remora9,30.00,30.00,30.00,30.00,30.00,30.00,30.00,30.00,30.00,30.00,30.00,30.00,30.00,30.00,30.00,30.00,30.00,30.00,30.00,30.00,7.15,7.18,7.21,7.24,7.26,7.29,7.32,7.35,7.38,7.41,7.45,7.47,7.48,7.50,7.52,7.53,7.55,7.57,7.58,7.60,143.58,0.00,0.00,1.00,0.00,0.00,0.00,-1.00,0,None,0,aggregation
160,162.54,remora7,remora9,30.00,30.00,30.00,30.00,30.00,30.00,30.00,30.00,30.00,30.00,30.00,30.00,30.00,30.00,30.00,30.00,30.00,30.00,30.00,30.00,7.41,7.42,7.42,7.42,7.43,7.43,7.43,7.43,7.44,7.44,7.62,7.64,7.65,7.67,7.68,7.70,7.71,7.73,7.75,7.76,164.08,0.00,0.00,1.00,0.00,0.00,0.00,-1.00,0,None,0,aggregation
160,163.54,remora7,remora9,30.00,30.00,30.00,30.00,30.00,30.00,30.00,30.00,30.00,30.00,30.00,30.00,30.00,30.00,30.00,30.00,30.00,30.00,30.00,30.00,7.44,7.44,7.44,7.42,7.41,7.41,7.41,7.42,7.42,7.42,7.78,7.80,7.81,7.82,7.84,7.85,7.86,7.88,7.89,7.91,179.72,0.00,0.00,1.00,0.00,0.00,0.00,-1.00,0,None,0,aggregation
160,164.54,remora7,remora9,30.00,30.00,30.00,30.00,30.00,30.00,30.00,30.00,30.00,30.00,30.00,30.00,30.00,30.00,30.00,30.00,30.00,30.00,30.00,30.00,7.42,7.43,7.43,7.43,7.43,7.43,7.44,7.44,7.44,7.44,7.92,7.94,7.96,7.97,7.99,8.00,8.01,8.03,8.04,8.06,200.83,0.00,0.00,1.00,0.00,0.00,0.00,-1.00,0,None,0,aggregation
160,165.54,remora7,remora9,30.00,30.00,30.00,30.00,30.00,30.00,30.00,30.00,30.00,30.00,30.00,30.00,30.00,30.00,30.00,30.00,30.00,30.00,30.00,30.00,7.44,7.45,7.45,7.45,7.45,7.45,7.46,7.46,7.46,7.46,8.07,8.09,8.10,8.12,8.13,8.14,8.16,8.17,8.19,8.20,214.99,0.00,0.00,1.00,0.00,0.00,0.00,-1.00,0,None,0,aggregation
160,166.54,remora7,remora9,30.00,30.00,30.00,30.00,30.00,30.00,30.00,30.00,30.00,30.00,30.00,30.00,30.00,30.00,30.00,30.00,30.00,30.00,30.00,30.00,7.46,7.47,7.47,7.47,7.47,7.47,7.48,7.48,7.48,7.48,8.22,8.23,8.24,8.25,8.26,8.28,8.29,8.31,8.32,8.34,234.64,0.00,0.00,1.00,0.00,0.00,0.00,-1.00,0,None,0,aggregation
160,167.54,remora7,remora9,30.00,30.00,30.00,30.00,30.00,30.00,30.00,30.00,30.00,30.00,30.00,30.00,30.00,30.00,30.00,30.00,30.00,30.00,30.00,30.00,7.48,7.48,7.49,7.49,7.49,7.49,7.49,7.50,7.50,7.50,8.35,8.36,8.37,8.39,8.40,8.42,8.43,8.44,8.45,8.46,254.71,0.00,0.00,1.00,0.00,0.00,0.00,-1.00,0,None,0,aggregation
160,168.54,remora7,remora9,30.00,30.00,30.00,30.00,30.00,30.00,30.00,30.00,30.00,30.00,30.00,30.00,30.00,30.00,30.00,30.00,30.00,30.00,30.00,30.00,7.50,7.50,7.51,7.51,7.51,7.51,7.51,7.52,7.52,7.52,8.47,8.49,8.50,8.51,8.53,8.54,8.55,8.57,8.58,8.59,271.13,0.00,0.00,1.00,0.00,0.00,0.00,-1.00,0,None,0,aggregation
160,169.54,remora7,remora9,30.00,30.00,30.00,30.00,30.00,30.00,30.00,30.00,30.00,30.00,30.00,30.00,30.00,30.00,30.00,30.00,30.00,30.00,30.00,30.00,7.52,7.52,7.53,7.53,7.53,7.53,7.53,7.53,7.54,7.54,8.61,8.62,8.63,8.64,8.66,8.67,8.68,8.69,8.71,8.72,282.56,0.00,0.00,1.00,0.00,0.00,0.00,-1.00,0,None,0,aggregation
160,170.54,remora7,remora9,30.00,30.00,30.00,30.00,30.00,30.00,30.00,30.00,30.00,30.00,30.00,30.00,30.00,30.00,30.00,30.00,30.00,30.00,30.00,30.00,7.54,7.54,7.54,7.55,7.55,7.55,7.55,7.55,7.56,7.56,8.73,8.74,8.13,8.13,8.14,8.14,8.14,8.15,8.15,8.16,300.00,0.00,0.00,1.00,0.00,0.00,0.00,-1.00,0,None,0,aggregation
160,171.54,remora7,remora9,30.00,30.00,30.00,30.00,30.00,30.00,30.00,30.00,30.00,30.00,30.00,30.00,30.00,30.00,30.00,30.00,30.00,30.00,30.00,30.00,7.56,7.56,7.56,7.56,7.57,7.57,7.57,7.57,7.57,7.58,8.16,8.16,8.17,8.17,8.18,8.18,8.19,8.19,8.19,8.20,300.00,0.00,0.00,1.00,0.00,0.00,0.00,-1.00,0,None,0,aggregation
160,172.54,remora7,remora9,30.00,30.00,30.00,30.00,30.00,30.00,30.00,30.00,30.00,30.00,30.00,30.00,30.00,30.00,30.00,30.00,30.00,30.00,30.00,30.00,7.58,7.58,7.58,7.58,7.59,7.59,7.59,7.59,7.59,7.59,8.20,8.21,8.21,8.22,8.22,8.23,8.23,8.24,8.24,8.25,300.00,0.00,0.00,1.00,0.00,0.00,0.00,-1.00,0,None,0,aggregation
160,173.54,remora7,remora9,30.00,30.00,30.00,30.00,30.00,30.00,30.00,30.00,30.00,30.00,30.00,30.00,30.00,30.00,30.00,30.00,30.00,30.00,30.00,30.00,7.60,7.60,7.60,7.60,7.60,7.61,7.61,7.61,7.61,7.61,8.26,8.26,8.27,8.27,8.28,8.29,8.29,8.30,8.30,8.31,300.00,0.00,0.00,1.00,0.00,0.00,0.00,-1.00,0,None,0,aggregation
160,174.54,remora7,remora9,30.00,30.00,30.00,30.00,30.00,30.00,30.00,30.00,30.00,30.00,30.00,30.00,30.00,30.00,30.00,30.00,30.00,30.00,30.00,30.00,7.62,7.62,7.62,7.62,7.62,7.62,7.63,7.63,7.63,7.63,8.32,8.32,8.33,8.34,8.35,8.36,8.37,8.38,8.38,8.39,300.00,0.00,0.00,1.00,0.00,0.00,0.00,-1.00,0,None,0,aggregation
160,175.54,remora7,remora9,30.00,30.00,30.00,30.00,30.00,30.00,30.00,30.00,30.00,30.00,30.00,30.00,30.00,30.00,30.00,30.00,30.00,30.00,30.00,30.00,7.63,7.64,7.64,7.64,7.64,7.64,7.65,7.65,7.65,7.65,8.40,8.40,8.41,8.42,8.42,8.43,8.44,8.45,8.45,8.46,300.00,0.00,0.00,1.00,0.00,0.00,0.00,-1.00,0,None,0,aggregation
160,176.54,remora7,remora9,30.00,30.00,30.00,30.00,30.00,30.00,30.00,30.00,30.00,30.00,30.00,30.00,30.00,30.00,30.00,30.00,30.00,30.00,30.00,30.00,7.65,7.65,7.66,7.66,7.66,7.66,7.66,7.67,7.67,7.67,8.47,8.47,8.48,8.49,8.50,8.50,8.51,8.52,8.53,8.53,300.00,0.00,0.00,1.00,0.00,0.00,0.00,-1.00,0,None,0,aggregation
160,177.54,remora7,remora9,30.00,30.00,30.00,30.00,30.00,30.00,30.00,30.00,30.00,30.00,30.00,30.00,30.00,30.00,30.00,30.00,30.00,30.00,30.00,30.00,7.67,7.67,7.68,7.68,7.68,7.68,7.68,7.69,7.68,7.66,8.54,8.55,8.55,8.56,8.57,8.58,8.58,8.59,8.60,8.59,300.00,0.00,0.00,1.00,0.00,0.00,0.00,-1.00,0,None,0,aggregation
160,178.54,remora7,remora9,30.00,30.00,30.00,30.00,30.00,30.00,30.00,30.00,30.00,30.00,30.00,30.00,30.00,30.00,30.00,30.00,30.00,30.00,30.00,30.00,7.63,7.61,7.58,7.56,7.54,7.51,7.49,7.46,7.44,7.42,8.58,8.58,8.57,8.57,8.56,8.55,8.55,8.54,8.54,8.53,300.00,0.00,0.00,1.00,0.00,0.00,0.00,-1.00,0,None,0,aggregation
160,179.54,remora7,remora9,30.00,30.00,30.00,30.00,30.00,30.00,30.00,30.00,30.00,30.00,30.00,30.00,30.00,30.00,30.00,30.00,30.00,30.00,30.00,30.00,7.39,7.37,7.34,7.31,7.26,7.22,7.18,7.15,7.11,7.07,8.53,8.52,8.52,8.50,8.49,8.48,8.46,8.45,8.44,8.42,300.00,0.00,0.00,1.00,0.00,0.00,0.00,-1.00,0,None,0,aggregation
160,180.54,remora7,remora9,30.00,30.00,30.00,30.00,30.00,30.00,30.00,30.00,30.00,30.00,30.00,30.00,30.00,30.00,30.00,30.00,30.00,30.00,30.00,30.00,7.03,7.00,6.96,6.93,6.89,6.86,6.83,6.80,6.77,6.74,8.41,8.40,8.39,8.38,8.37,8.36,8.35,8.34,8.33,8.32,300.00,0.00,0.00,1.00,0.00,0.00,0.00,-1.00,0,None,0,aggregation
160,181.54,remora7,remora9,30.00,30.00,30.00,30.00,30.00,30.00,30.00,30.00,30.00,30.00,30.00,30.00,30.00,30.00,30.00,30.00,30.00,30.00,30.00,30.00,6.71,6.69,6.66,6.64,6.62,6.59,6.57,6.55,6.54,6.52,8.32,8.31,8.30,8.30,8.29,8.29,8.29,6.55,6.54,6.52,300.00,0.00,0.00,1.00,0.00,0.00,0.00,-1.00,0,None,0,aggregation
160,182.54,remora7,remora9,30.00,30.00,30.00,30.00,30.00,30.00,30.00,30.00,30.00,30.00,30.00,30.00,30.00,30.00,30.00,30.00,30.00,30.00,30.00,30.00,6.50,6.49,6.47,6.46,6.44,6.43,6.42,6.41,6.40,6.39,6.50,6.49,6.47,6.46,6.44,6.43,6.42,6.41,6.40,6.39,300.00,0.00,0.00,1.00,0.00,0.00,0.00,-1.00,0,None,0,aggregation
160,183.54,remora7,remora9,30.00,30.00,30.00,30.00,30.00,30.00,30.00,30.00,30.00,30.00,30.00,30.00,30.00,30.00,30.00,30.00,30.00,30.00,30.00,30.00,6.38,6.37,6.37,6.36,6.35,6.34,6.34,6.33,6.33,6.32,6.38,6.37,6.37,6.36,6.35,6.34,6.34,6.33,6.33,6.32,300.00,0.00,0.00,1.00,0.00,0.00,0.00,-1.00,0,None,0,aggregation
160,184.54,remora7,remora9,30.00,30.00,30.00,30.00,30.00,30.00,30.00,30.00,30.00,30.00,30.00,30.00,30.00,30.00,30.00,30.00,30.00,30.00,30.00,30.00,6.32,6.31,6.31,6.30,6.30,6.29,6.29,6.28,6.28,6.28,6.32,6.31,6.31,6.30,6.30,6.29,6.29,6.28,6.28,6.28,300.00,0.00,0.00,1.00,0.00,0.00,0.00,-1.00,0,None,0,aggregation
160,185.54,remora7,remora9,30.00,30.00,30.00,30.00,30.00,30.00,30.00,30.00,30.00,30.00,30.00,30.00,30.00,30.00,30.00,30.00,30.00,30.00,30.00,30.00,6.27,6.27,6.26,6.26,6.26,6.25,6.25,6.25,6.24,6.24,6.27,6.27,6.26,6.26,6.26,6.25,6.25,6.25,6.24,6.24,300.00,0.00,0.00,1.00,0.00,0.00,0.00,-1.00,0,None,0,aggregation
160,186.54,remora7,remora9,30.00,30.00,30.00,30.00,30.00,30.00,30.00,30.00,-1.59,-1.59,30.00,30.00,30.00,30.00,30.00,30.00,30.00,30.00,-17.28,-17.28,6.24,6.23,6.23,6.23,6.22,6.22,6.22,6.21,6.21,6.22,6.24,6.23,6.23,6.23,6.22,6.22,6.22,6.21,6.21,6.22,295.89,0.00,0.00,1.00,0.00,0.00,0.00,-1.00,0,None,0,aggregation
160,187.54,remora7,remora9,-1.40,-1.40,-0.97,-0.97,-0.44,-0.44,30.00,30.00,30.00,30.00,-17.09,-17.09,-16.66,-16.66,-16.14,-16.14,30.00,30.00,30.00,30.00,6.22,6.23,6.23,6.24,6.24,6.25,6.24,6.23,6.21,6.20,6.22,6.23,6.23,6.24,6.24,6.25,6.24,6.23,6.21,6.20,283.16,0.00,0.00,1.00,1.00,0.00,1.00,-1.00,0,None,0,aggregation
160,188.54,remora7,remora9,0.54,0.54,0.92,0.92,1.69,1.69,2.53,2.53,3.43,3.43,-15.16,-15.16,-14.77,-14.77,-14.00,-14.00,-13.16,-13.16,-12.27,-12.27,6.19,6.19,6.20,6.20,6.21,6.21,6.21,6.22,6.22,6.22,6.19,6.19,6.20,6.20,6.21,6.21,6.21,6.22,6.22,6.22,259.18,0.00,0.00,1.00,0.00,0.00,0.00,-1.00,0,None,0,aggregation
160,189.54,remora7,remora9,4.38,4.38,5.36,5.36,6.37,6.37,7.40,7.40,8.14,8.14,-11.32,-11.32,-10.34,-10.34,-9.32,-9.32,-8.30,-8.30,-6.96,-6.96,6.23,6.23,6.23,6.23,6.24,6.24,6.24,6.24,6.24,6.24,6.23,6.23,6.23,6.23,6.24,6.24,6.24,6.24,6.24,6.24,230.87,0.00,0.00,1.00,0.00,0.00,0.00,-1.00,0,None,0,aggregation
160,190.54,remora7,remora9,8.64,8.64,9.11,9.11,9.51,9.51,30.00,30.00,30.00,30.00,-5.45,-5.45,-4.02,-4.02,-2.72,-2.72,30.00,30.00,30.00,30.00,6.24,6.24,6.23,6.23,6.23,6.23,6.22,6.19,6.16,6.13,6.24,6.24,6.23,6.23,6.23,6.23,6.22,6.19,6.16,6.13,214.38,0.00,0.00,1.00,1.00,0.00,1.00,-1.00,0,None,0,aggregation
160,191.54,remora7,remora9,30.00,30.00,0.00,0.00,29.53,29.53,29.53,29.53,29.53,29.53,30.00,30.00,0.00,0.00,30.18,30.18,30.18,30.18,30.18,30.18,6.11,6.08,6.06,6.05,6.05,6.02,6.00,5.97,5.94,5.91,6.11,6.08,6.06,6.05,6.05,6.02,6.00,5.97,5.94,5.91,208.30,0.00,0.00,1.00,0.00,0.00,0.00,-1.00,0,None,0,aggregation
160,192.54,remora7,remora9,29.53,29.53,29.53,29.53,29.57,29.57,29.57,29.57,29.62,29.62,30.18,30.18,30.18,30.18,30.18,30.18,30.18,30.18,30.17,30.17,5.89,5.86,5.83,5.80,5.78,5.75,5.72,5.69,5.67,5.64,5.89,5.86,7.90,7.88,7.85,7.82,7.79,7.76,7.73,7.70,208.17,0.00,0.00,1.00,0.00,0.00,0.00,-1.00,0,None,0,aggregation
160,193.54,remora7,remora9,29.62,29.62,29.62,29.62,29.62,29.62,29.62,29.62,29.62,29.62,30.17,30.17,30.17,30.17,30.17,30.17,30.17,30.17,30.17,30.17,5.61,5.58,5.56,5.53,5.50,5.47,5.44,5.42,5.39,5.36,7.68,7.65,7.62,7.59,7.56,7.53,7.51,7.48,7.45,7.42,208.06,0.00,0.00,1.00,0.00,0.00,0.00,-1.00,0,None,0,aggregation
160,194.54,remora7,remora9,29.66,29.66,29.66,29.66,29.66,29.66,29.66,29.66,29.58,29.58,30.17,30.17,30.17,30.17,30.17,30.17,30.17,30.17,30.18,30.18,5.33,5.31,5.28,5.25,5.22,5.20,5.17,5.14,5.11,5.09,7.39,7.36,7.34,7.31,7.28,7.25,7.22,7.19,7.17,7.14,207.97,0.00,0.00,1.00,0.00,0.00,0.00,-1.00,0,None,0,aggregation
160,195.54,remora7,remora9,29.53,29.53,29.52,29.52,29.51,29.51,29.46,29.46,29.41,29.41,30.18,30.18,30.18,30.18,30.18,30.18,30.19,30.19,30.18,30.18,5.06,5.03,5.00,4.98,4.95,4.92,4.89,4.87,4.84,4.81,7.11,7.08,7.05,7.03,7.00,6.97,6.94,6.92,6.89,6.86,207.80,0.00,0.00,1.00,0.00,0.00,0.00,-1.00,0,None,0,aggregation
160,196.54,remora7,remora9,29.44,29.44,29.40,29.40,29.37,29.37,29.41,29.41,29.39,29.39,30.19,30.19,30.18,30.18,30.18,30.18,30.18,30.18,30.18,30.18,4.78,4.76,4.73,4.70,4.67,4.65,4.62,4.59,4.56,4.54,6.83,6.80,6.78,6.75,6.72,6.69,6.67,6.64,6.61,6.58,211.71,0.00,0.00,1.00,0.00,0.00,0.00,-1.00,0,None,0,aggregation
160,197.54,remora7,remora9,29.36,29.36,29.37,29.37,29.35,29.35,29.37,29.37,29.38,29.38,30.18,30.18,30.18,30.18,30.18,30.18,30.18,30.18,30.18,30.18,4.51,4.48,4.45,4.43,4.40,4.37,4.34,4.32,4.29,4.26,6.56,6.53,6.50,6.47,6.45,6.42,6.39,6.37,6.34,6.31,224.22,0.00,0.00,1.00,0.00,0.00,0.00,-1.00,0,None,0,aggregation
160,198.54,remora7,remora9,29.39,29.39,29.40,29.40,29.39,29.39,29.41,29.41,29.42,29.42,30.18,30.18,30.18,30.18,30.18,30.18,30.18,30.18,30.18,30.18,4.23,4.21,4.18,4.15,4.12,4.10,4.07,4.04,4.01,3.99,6.28,6.26,6.23,6.20,6.18,6.15,6.12,6.10,6.07,6.04,247.98,0.00,0.00,1.00,0.00,0.00,0.00,-1.00,0,None,0,aggregation
160,199.54,remora7,remora9,29.40,29.40,29.42,29.42,29.41,29.41,29.42,29.42,29.44,29.44,30.18,30.18,30.18,30.18,30.18,30.18,30.18,30.18,30.19,30.19,3.96,3.93,3.90,3.88,3.85,3.82,3.79,3.77,3.74,3.71,6.01,5.99,5.96,5.93,5.91,5.88,5.85,5.83,5.80,5.78,276.09,0.00,0.00,1.00,0.00,0.00,0.00,-1.00,0,None,0,aggregation
160,200.54,remora7,remora9,29.46,29.46,29.45,29.45,29.47,29.47,29.45,29.45,29.50,29.50,30.19,30.19,30.19,30.19,30.18,30.18,30.19,30.19,30.18,30.18,3.69,3.66,3.63,3.60,3.58,3.55,3.52,3.49,3.47,3.44,5.75,5.72,5.70,5.67,5.64,5.62,7.05,7.02,7.00,6.97,292.41,0.00,0.00,1.00,0.00,0.00,0.00,-1.00,0,None,0,aggregation
160,201.54,remora7,remora9,29.49,29.49,29.49,29.49,29.48,29.48,29.49,29.49,29.48,29.48,30.18,30.18,30.18,30.18,30.18,30.18,30.18,30.18,30.18,30.18,3.41,3.38,3.36,3.33,3.30,3.27,3.25,3.22,3.19,3.17,6.94,6.92,6.89,7.64,7.62,7.59,7.56,7.54,7.51,7.48,298.33,0.00,0.00,1.00,0.00,0.00,0.00,-1.00,0,None,0,aggregation
160,202.54,remora7,remora9,29.53,29.53,29.54,29.54,29.53,29.53,29.55,29.55,29.54,29.54,30.18,30.18,30.18,30.18,30.18,30.18,30.18,30.18,30.18,30.18,3.14,3.11,3.08,3.06,3.03,3.00,2.97,2.95,2.92,2.89,7.45,7.43,7.40,7.37,7.35,7.32,7.29,7.27,7.24,7.22,298.32,0.00,0.00,1.00,0.00,0.00,0.00,-1.00,0,None,0,aggregation
160,203.54,remora7,remora9,29.56,29.56,0.00,0.00,0.00,0.00,0.00,0.00,0.00,0.00,30.18,30.18,0.00,0.00,0.00,0.00,0.00,0.00,0.00,0.00,2.87,2.84,2.82,2.82,2.82,2.82,2.82,2.82,2.82,2.82,7.19,7.17,7.15,7.15,7.15,7.15,7.15,7.16,7.16,7.16,274.40,0.00,1.00,1.00,0.00,0.00,0.00,-1.00,0,None,0,aggregation
160,204.54,remora7,remora9,0.00,0.00,0.00,0.00,0.00,0.00,0.00,0.00,0.00,0.00,0.00,0.00,0.00,0.00,0.00,0.00,0.00,0.00,0.00,0.00,2.82,2.82,2.82,2.82,2.82,2.82,2.82,2.82,2.82,2.82,7.16,7.16,7.17,7.17,7.17,7.17,7.17,7.18,7.18,7.18,244.49,0.00,1.00,1.00,0.00,0.00,0.00,-1.00,0,None,0,aggregation
160,205.54,remora7,remora9,0.00,0.00,0.00,0.00,0.00,0.00,0.00,0.00,0.00,0.00,0.00,0.00,0.00,0.00,0.00,0.00,0.00,0.00,0.00,0.00,2.82,2.82,2.82,2.82,2.82,2.82,2.82,2.82,2.82,2.82,7.18,7.18,7.19,6.25,6.25,6.25,6.25,6.25,6.25,6.25,214.66,0.00,1.00,1.00,0.00,0.00,0.00,-1.00,0,None,0,aggregation
160,206.54,remora7,remora9,0.00,0.00,0.00,0.00,0.00,0.00,0.00,0.00,0.00,0.00,0.00,0.00,0.00,0.00,0.00,0.00,0.00,0.00,0.00,0.00,2.82,2.82,2.82,2.82,2.82,2.82,2.82,2.82,2.82,2.82,6.25,6.26,6.26,6.26,6.27,6.27,6.27,6.28,6.29,6.29,184.86,0.00,1.00,1.00,0.00,0.00,0.00,-1.00,0,None,0,aggregation
160,207.54,remora7,remora9,0.00,0.00,0.00,0.00,0.00,0.00,0.00,0.00,0.00,0.00,0.00,0.00,0.00,0.00,0.00,0.00,0.00,0.00,0.00,0.00,2.82,2.82,2.82,2.82,2.82,2.82,2.82,2.82,2.82,2.82,6.30,6.31,6.32,6.32,6.33,6.34,6.35,6.36,6.37,6.38,155.09,0.00,1.00,1.00,0.00,0.00,0.00,-1.00,0,None,0,aggregation
160,208.54,remora7,remora9,0.00,0.00,0.00,0.00,0.00,0.00,0.00,0.00,0.00,0.00,0.00,0.00,0.00,0.00,0.00,0.00,0.00,0.00,0.00,0.00,2.82,2.82,2.82,2.82,2.82,2.82,2.82,2.82,2.82,2.82,6.40,6.41,6.42,6.43,6.44,6.45,6.47,6.48,6.49,6.50,125.29,0.00,1.00,1.00,0.00,0.00,0.00,-1.00,0,None,0,aggregation
160,209.54,remora7,remora9,0.00,0.00,0.00,0.00,0.00,0.00,0.00,0.00,0.00,0.00,0.00,0.00,0.00,0.00,0.00,0.00,0.00,0.00,0.00,0.00,2.82,2.82,2.82,2.82,2.82,2.82,2.82,2.82,2.82,2.82,7.38,7.39,7.40,7.41,7.41,7.42,7.43,7.43,7.44,7.45,95.49,0.00,1.00,1.00,0.00,0.00,0.00,-1.00,0,None,0,aggregation
160,210.54,remora7,remora9,0.00,0.00,0.00,0.00,0.00,0.00,0.00,0.00,0.00,0.00,0.00,0.00,0.00,0.00,0.00,0.00,0.00,0.00,0.00,0.00,2.82,2.82,2.82,2.82,2.82,2.82,2.82,2.82,2.82,2.83,7.46,7.47,7.47,7.48,7.49,7.50,7.51,7.52,7.52,7.53,65.67,0.00,1.00,1.00,0.00,0.00,0.00,-1.00,0,None,0,aggregation
160,211.54,remora7,remora9,0.00,0.00,0.00,0.00,0.00,0.00,0.00,0.00,0.00,0.00,0.00,0.00,0.00,0.00,0.00,0.00,0.00,0.00,0.00,0.00,2.83,2.83,2.83,2.83,2.83,2.83,2.83,2.83,2.83,2.83,7.54,7.55,7.56,7.57,7.58,7.59,7.60,6.81,6.81,6.82,35.83,0.00,1.00,0.00,0.00,0.00,0.00,-1.00,0,None,0,aggregation
160,212.54,remora7,remora9,0.00,0.00,0.00,0.00,0.00,0.00,0.00,0.00,0.00,0.00,0.00,0.00,0.00,0.00,0.00,0.00,0.00,0.00,0.00,0.00,2.83,2.83,2.83,2.83,2.83,2.83,2.83,2.83,2.83,2.83,6.82,6.83,6.83,6.84,6.84,6.85,6.85,6.86,6.86,6.87,5.97,0.00,1.00,0.00,0.00,0.00,0.00,-1.00,0,None,0,aggregation
160,213.54,remora7,remora9,0.00,0.00,0.00,0.00,0.00,0.00,0.00,0.00,0.00,0.00,0.00,0.00,0.00,0.00,0.00,0.00,0.00,0.00,0.00,0.00,2.83,2.83,2.83,2.83,2.83,2.83,2.83,2.83,2.83,2.83,6.88,6.88,6.89,6.89,6.89,6.90,6.91,6.91,6.92,6.92,0.00,0.00,1.00,0.00,0.00,0.00,0.00,-1.00,0,None,0,aggregation
160,214.54,remora7,remora9,0.00,0.00,0.00,0.00,0.00,0.00,0.00,0.00,0.00,0.00,0.00,0.00,0.00,0.00,0.00,0.00,0.00,0.00,0.00,0.00,2.83,2.83,2.83,2.83,2.83,2.83,2.83,2.83,2.83,2.83,6.93,6.93,6.94,6.95,6.95,6.96,6.96,6.97,6.98,6.99,0.00,0.00,1.00,0.00,0.00,0.00,0.00,-1.00,0,None,0,aggregation
160,215.54,remora7,remora9,0.00,0.00,0.00,0.00,0.00,0.00,0.00,0.00,0.00,0.00,0.00,0.00,0.00,0.00,0.00,0.00,0.00,0.00,0.00,0.00,2.83,2.83,2.83,2.83,2.83,2.83,2.83,2.83,2.83,2.83,6.99,7.00,7.00,7.01,7.01,7.02,7.03,7.66,7.66,7.66,0.00,0.00,1.00,0.00,0.00,0.00,0.00,-1.00,0,None,0,aggregation
160,216.54,remora7,remora9,0.00,0.00,0.00,0.00,0.00,0.00,0.00,0.00,0.00,0.00,0.00,0.00,0.00,0.00,0.00,0.00,0.00,0.00,0.00,0.00,2.83,2.83,2.83,2.83,2.83,2.83,2.83,2.83,2.83,2.83,7.66,7.66,7.66,7.66,7.66,7.65,7.65,7.65,7.66,7.66,0.00,0.00,1.00,0.00,0.00,0.00,0.00,-1.00,0,None,0,aggregation
160,217.54,remora7,remora9,0.00,0.00,0.00,0.00,0.00,0.00,0.00,0.00,0.00,0.00,0.00,0.00,0.00,0.00,0.00,0.00,0.00,0.00,0.00,0.00,2.83,2.83,2.83,2.83,2.83,2.83,2.83,2.83,2.83,2.83,7.66,7.66,7.66,7.66,7.66,7.66,7.66,7.66,7.65,7.65,0.00,0.00,1.00,0.00,0.00,0.00,0.00,-1.00,0,None,0,aggregation
160,218.54,remora7,remora9,0.00,0.00,0.00,0.00,0.00,0.00,0.00,0.00,0.00,0.00,0.00,0.00,0.00,0.00,0.00,0.00,0.00,0.00,0.00,0.00,2.83,2.83,2.83,2.83,2.83,2.83,2.83,2.83,2.83,2.83,7.65,7.66,7.66,7.66,7.66,7.66,7.66,7.66,7.66,7.66,0.00,0.00,1.00,0.00,0.00,0.00,0.00,-1.00,0,None,0,aggregation
160,219.54,remora7,remora9,0.00,0.00,0.00,0.00,0.00,0.00,0.00,0.00,0.00,0.00,0.00,0.00,0.00,0.00,0.00,0.00,0.00,0.00,0.00,0.00,2.83,2.83,2.83,2.83,2.83,2.83,2.83,2.83,2.83,2.83,7.66,7.66,7.66,7.66,7.66,7.66,7.66,7.67,7.67,7.67,0.00,0.00,1.00,0.00,0.00,0.00,0.00,-1.00,0,None,0,aggregation
160,220.54,remora7,remora9,0.00,0.00,0.00,0.00,0.00,0.00,0.00,0.00,0.00,0.00,0.00,0.00,0.00,0.00,0.00,0.00,0.00,0.00,0.00,0.00,2.83,2.83,2.83,2.83,2.83,2.83,2.83,2.83,2.83,2.83,7.67,7.67,7.67,7.67,7.67,7.67,7.67,7.67,7.67,7.67,0.00,0.00,1.00,0.00,0.00,0.00,0.00,-1.00,0,None,0,aggregation
160,221.54,remora7,remora9,0.00,0.00,0.00,0.00,0.00,0.00,0.00,0.00,0.00,0.00,0.00,0.00,0.00,0.00,0.00,0.00,0.00,0.00,0.00,0.00,2.83,2.83,2.83,2.83,2.83,2.83,2.83,2.83,2.84,2.84,7.67,7.67,7.67,7.68,6.90,6.90,6.89,6.88,6.87,6.86,0.00,0.00,1.00,0.00,0.00,0.00,0.00,-1.00,0,None,0,aggregation
160,222.54,remora7,remora9,0.00,0.00,0.00,0.00,0.00,0.00,0.00,0.00,0.00,0.00,0.00,0.00,0.00,0.00,0.00,0.00,0.00,0.00,0.00,0.00,2.84,2.84,2.84,2.84,2.84,2.84,2.84,2.84,2.84,2.84,6.85,6.84,6.83,6.82,6.81,6.81,6.80,6.79,6.79,6.78,0.00,0.00,1.00,0.00,0.00,0.00,0.00,-1.00,0,None,0,aggregation
160,223.54,remora7,remora9,0.00,0.00,0.00,0.00,0.00,0.00,-24.61,-24.61,-24.50,-24.50,0.00,0.00,0.00,0.00,0.00,0.00,-35.07,-35.07,-34.96,-34.96,2.84,2.84,2.84,2.84,2.84,2.84,2.84,2.87,2.90,2.92,6.77,6.76,6.75,6.74,6.73,7.53,7.53,7.53,7.53,7.53,11.91,0.00,1.00,0.00,0.00,0.00,0.00,-1.00,0,None,0,aggregation
160,224.54,remora7,remora9,-24.20,-24.20,-23.80,-23.80,-23.21,-23.21,-22.55,-22.55,-21.77,-21.77,-34.66,-34.66,-34.27,-34.27,-33.67,-33.67,-33.01,-33.01,-32.24,-32.24,2.95,2.98,3.00,3.03,3.05,3.08,3.10,3.13,3.15,3.17,7.53,7.53,7.54,7.54,7.54,7.54,7.54,7.54,7.54,7.54,40.25,0.00,0.00,0.00,0.00,0.00,0.00,-1.00,0,None,0,aggregation
160,225.54,remora7,remora9,-20.96,-20.96,-19.97,-19.97,-18.96,-18.96,-17.77,-17.77,-16.66,-16.66,-31.42,-31.42,-30.44,-30.44,-29.43,-29.43,-28.23,-28.23,-27.12,-27.12,3.20,3.22,3.24,3.26,3.28,3.30,3.31,3.33,3.35,3.36,7.55,7.55,7.55,7.55,7.55,7.55,7.55,7.55,7.55,7.54,64.35,0.00,0.00,1.00,0.00,0.00,0.00,-1.00,0,None,0,aggregation
160,226.54,remora7,remora9,-15.29,-15.29,-14.05,-14.05,-12.56,-12.56,-11.14,-11.14,-9.48,-9.48,-25.76,-25.76,-24.51,-24.51,-23.02,-23.02,-21.60,-21.60,-19.95,-19.95,3.38,3.39,3.40,3.41,3.42,3.43,3.44,3.45,3.46,3.47,7.54,7.54,7.54,7.53,7.53,7.52,7.52,7.51,7.51,7.50,82.09,0.00,0.00,1.00,0.00,0.00,0.00,-1.00,0,None,0,aggregation
160,227.54,remora7,remora9,-7.91,-7.91,-6.33,-6.33,-4.41,-4.41,-2.76,-2.76,-0.77,-0.77,-18.37,-18.37,-16.79,-16.79,-14.88,-14.88,-13.23,-13.23,-11.23,-11.23,3.47,3.48,3.48,3.49,3.49,3.50,3.50,3.50,3.50,3.51,7.50,7.49,7.48,7.47,7.46,7.45,7.44,7.43,7.41,7.40,91.76,0.00,0.00,1.00,0.00,0.00,0.00,-1.00,0,None,0,aggregation
160,228.54,remora7,remora9,1.15,1.15,3.02,3.02,4.96,4.96,6.46,6.46,8.10,8.10,-9.31,-9.31,-7.45,-7.45,-5.51,-5.51,-3.70,-3.70,-1.65,-1.65,3.51,3.51,3.51,3.52,3.52,3.52,3.53,3.53,3.54,3.54,7.38,7.37,7.36,7.35,7.34,7.33,7.31,7.30,7.28,7.27,93.99,0.00,0.00,1.00,0.00,0.00,0.00,-1.00,0,None,0,aggregation
160,229.54,remora7,remora9,9.55,9.55,11.05,11.05,12.45,12.45,13.86,13.86,15.30,15.30,0.17,0.17,2.05,2.05,3.82,3.82,5.60,5.60,7.43,7.43,3.55,3.55,3.56,3.56,3.57,3.57,3.58,3.58,3.59,3.60,7.25,7.24,7.22,7.21,7.20,7.18,7.16,7.15,7.14,7.13,102.12,0.00,0.00,1.00,0.00,0.00,0.00,-1.00,0,None,0,aggregation
160,230.54,remora7,remora9,16.60,16.60,17.77,17.77,18.99,18.99,20.05,20.05,21.15,21.15,9.08,9.08,10.59,10.59,12.17,12.17,13.55,13.55,14.99,14.99,3.61,3.62,3.63,3.64,3.65,3.66,3.68,3.69,3.71,3.73,7.12,7.11,7.10,7.09,7.08,7.07,7.06,7.05,7.04,7.04,117.61,0.00,0.00,1.00,0.00,0.00,0.00,-1.00,0,None,0,aggregation
160,231.54,remora7,remora9,22.07,22.07,23.00,23.00,23.78,23.78,24.61,24.61,25.32,25.32,16.21,16.21,17.46,17.46,18.53,18.53,19.68,19.68,20.68,20.68,3.74,3.76,3.78,3.81,3.83,3.85,3.88,3.91,3.93,3.96,7.02,7.01,7.00,6.99,6.97,6.96,6.95,6.94,6.93,6.92,138.75,0.00,0.00,1.00,0.00,0.00,0.00,-1.00,0,None,0,aggregation
160,232.54,remora7,remora9,25.91,25.91,26.39,26.39,26.91,26.91,27.34,27.34,27.74,27.74,21.51,21.51,22.22,22.22,22.99,22.99,23.64,23.64,24.25,24.25,3.99,4.02,4.06,4.09,4.13,4.16,4.20,4.24,4.28,4.32,6.91,6.91,6.90,6.89,6.88,6.88,6.87,6.87,6.86,6.86,163.64,0.00,0.00,1.00,0.00,0.00,0.00,-1.00,0,None,0,aggregation
160,233.54,remora7,remora9,27.96,27.96,28.07,28.07,28.15,28.15,28.20,28.20,28.05,28.05,24.61,24.61,24.78,24.78,24.91,24.91,25.00,25.00,24.75,24.75,4.36,4.40,4.44,4.48,4.53,4.57,4.61,4.66,4.70,4.75,6.85,6.85,6.85,6.85,6.85,6.85,6.85,6.86,6.86,6.86,178.17,0.00,0.00,1.00,0.00,0.00,0.00,-1.00,0,None,0,aggregation
160,234.54,remora7,remora9,27.94,27.94,27.80,27.80,27.36,27.36,26.69,26.69,25.79,25.79,24.58,24.58,24.36,24.36,23.68,23.68,22.66,22.66,21.34,21.34,4.80,4.77,4.73,4.70,4.67,4.63,4.59,4.56,4.52,4.49,6.86,6.87,6.88,6.88,6.88,6.88,6.88,6.88,6.88,6.88,175.05,0.00,0.00,1.00,0.00,0.00,0.00,-1.00,0,None,0,aggregation
160,235.54,remora7,remora9,24.58,24.58,23.35,23.35,22.40,22.40,21.16,21.16,19.44,19.44,19.63,19.63,17.94,17.94,16.66,16.66,15.01,15.01,12.74,12.74,4.45,4.42,4.38,4.35,4.32,4.28,4.25,4.22,4.18,4.15,6.87,6.87,6.87,6.87,6.86,6.86,6.86,6.85,6.85,6.84,170.24,0.00,0.00,1.00,0.00,0.00,0.00,-1.00,0,None,0,aggregation
160,236.54,remora7,remora9,18.20,18.20,16.47,16.47,15.85,15.85,13.87,13.87,13.08,13.08,11.15,11.15,8.91,8.91,8.12,8.12,5.61,5.61,4.61,4.61,4.12,4.09,4.06,4.03,4.00,3.97,3.94,3.91,3.88,3.85,6.83,6.83,6.82,6.81,6.80,6.80,6.79,6.78,6.77,6.75,164.09,0.00,0.00,1.00,0.00,0.00,0.00,-1.00,0,None,0,aggregation
160,237.54,remora7,remora9,11.70,11.70,11.42,11.42,10.97,10.97,10.75,10.75,10.67,10.67,2.87,2.87,2.51,2.51,1.95,1.95,1.67,1.67,1.57,1.57,3.82,3.79,3.77,3.74,3.71,3.68,3.66,3.63,3.60,3.57,6.74,6.73,6.72,6.71,6.69,6.68,6.67,6.66,6.64,6.63,161.04,0.00,0.00,1.00,0.00,0.00,0.00,-1.00,0,None,0,aggregation
160,238.54,remora7,remora9,11.23,11.23,11.47,11.47,11.52,11.52,11.98,11.98,12.86,12.86,2.28,2.28,2.59,2.59,2.64,2.64,3.23,3.23,4.34,4.34,3.55,3.52,3.49,3.46,3.43,3.41,3.38,3.35,3.32,3.29,6.62,6.60,6.59,6.57,6.56,6.55,6.53,6.52,6.51,6.49,166.22,0.00,0.00,1.00,0.00,0.00,0.00,-1.00,0,None,0,aggregation
160,239.54,remora7,remora9,13.54,13.54,14.37,14.37,14.74,14.74,15.61,15.61,16.19,16.19,5.19,5.19,6.24,6.24,6.71,6.71,7.81,7.81,8.56,8.56,3.26,3.24,3.21,3.18,3.15,3.12,3.10,3.07,3.04,3.01,6.48,6.47,6.45,6.44,6.42,6.41,6.40,6.38,6.37,6.36,168.98,0.00,0.00,1.00,0.00,0.00,0.00,-1.00,0,None,0,aggregation
160,240.54,remora7,remora9,17.05,17.05,18.07,18.07,18.95,18.95,19.78,19.78,20.48,20.48,9.66,9.66,10.97,10.97,12.11,12.11,13.19,13.19,14.11,14.11,2.99,2.96,2.93,2.91,2.88,2.86,2.83,2.81,2.78,2.76,6.34,6.33,6.31,6.30,6.29,6.27,6.26,6.25,6.23,6.22,168.93,0.00,1.00,1.00,0.00,0.00,0.00,-1.00,0,None,0,aggregation
160,241.54,remora7,remora9,21.24,21.24,22.04,22.04,23.01,23.01,23.73,23.73,24.48,24.48,15.12,15.12,16.17,16.17,17.48,17.48,18.46,18.46,19.50,19.50,2.74,2.71,2.69,2.67,2.65,2.63,2.61,2.59,2.57,2.55,6.20,6.19,6.17,6.16,6.14,6.13,6.11,6.10,6.08,6.07,167.92,0.00,1.00,1.00,0.00,0.00,0.00,-1.00,0,None,0,aggregation
160,242.54,remora7,remora9,25.04,25.04,25.61,25.61,26.38,26.38,26.91,26.91,27.29,27.29,20.28,20.28,21.09,21.09,22.19,22.19,22.98,22.98,23.56,23.56,2.53,2.52,2.50,2.49,2.47,2.46,2.44,2.43,2.42,2.40,6.05,6.04,6.02,6.00,5.99,5.97,5.95,5.94,5.92,5.91,167.16,0.00,1.00,1.00,0.00,0.00,0.00,-1.00,0,None,0,aggregation
160,243.54,remora7,remora9,27.76,27.76,28.17,28.17,28.53,28.53,28.76,28.76,29.10,29.10,24.29,24.29,24.95,24.95,25.55,25.55,25.94,25.94,26.54,26.54,2.39,2.38,2.37,2.36,2.35,2.34,2.34,2.33,2.32,2.31,5.90,5.89,5.88,5.87,5.86,5.85,5.84,5.82,5.81,5.80,167.67,0.00,1.00,1.00,0.00,0.00,0.00,-1.00,0,None,0,aggregation
160,244.54,remora7,remora9,29.29,29.29,29.45,29.45,29.64,29.64,29.76,29.76,29.87,29.87,26.90,26.90,27.22,27.22,27.62,27.62,27.90,27.90,28.17,28.17,2.31,2.30,2.30,2.29,2.29,2.28,2.28,2.27,2.27,2.27,5.79,5.78,5.77,5.75,5.74,5.73,5.72,5.70,5.69,5.68,171.03,0.00,1.00,1.00,0.00,0.00,0.00,-1.00,0,None,0,aggregation
160,245.54,remora7,remora9,29.96,29.96,30.05,30.05,30.09,30.09,-0.89,-0.89,-0.59,-0.59,28.40,28.40,28.68,28.68,28.82,28.82,-16.59,-16.59,-16.29,-16.29,2.26,2.26,2.26,2.26,2.25,2.25,2.24,2.20,2.17,2.13,5.67,5.66,5.65,5.63,5.61,5.60,5.59,5.58,5.56,5.55,172.78,0.00,1.00,1.00,0.00,0.00,0.00,-1.00,0,None,0,aggregation
160,246.54,remora7,remora9,0.00,0.00,0.67,0.67,1.42,1.42,27.53,27.53,2.79,2.79,-15.70,-15.70,-15.03,-15.03,-14.27,-14.27,29.60,29.60,-12.91,-12.91,2.09,2.05,2.02,1.98,1.94,1.91,1.88,1.87,1.86,1.82,5.54,5.52,5.50,5.49,5.47,5.46,5.45,5.43,5.41,5.39,172.21,0.00,1.00,1.00,1.00,1.00,0.00,-1.00,0,None,0,aggregation
160,247.54,remora7,remora9,3.18,3.18,4.11,4.11,5.08,5.08,19.21,19.21,18.17,18.17,-12.52,-12.52,-11.59,-11.59,-10.61,-10.61,24.27,24.27,23.51,23.51,1.79,1.76,1.72,1.69,1.66,1.62,1.61,1.62,1.64,1.65,5.37,5.36,5.34,5.32,5.31,5.29,5.28,5.26,5.24,5.22,176.35,0.00,1.00,1.00,1.00,1.00,0.00,-1.00,0,None,0,aggregation
160,248.54,remora7,remora9,6.24,6.24,6.62,6.62,15.87,15.87,14.73,14.73,16.16,16.16,-9.46,-9.46,-9.08,-9.08,21.81,21.81,20.95,20.95,22.03,22.03,1.66,1.66,1.66,1.66,1.66,1.67,1.68,1.69,1.71,1.72,5.20,5.20,5.19,5.19,5.18,5.16,5.14,5.13,5.11,5.09,180.66,0.00,1.00,1.00,1.00,1.00,0.00,-1.00,0,None,0,aggregation
160,249.54,remora7,remora9,17.38,17.38,18.25,18.25,19.01,19.01,19.76,19.76,20.45,20.45,22.94,22.94,23.58,23.58,24.13,24.13,24.67,24.67,25.16,25.16,1.73,1.75,1.76,1.78,1.79,1.81,1.83,1.85,1.86,1.88,5.07,5.05,5.03,5.02,5.00,4.98,4.96,4.95,4.93,4.91,191.29,0.00,1.00,1.00,0.00,0.00,0.00,-1.00,0,None,0,aggregation
160,250.54,remora7,remora9,5.70,5.70,5.96,5.96,17.79,17.79,16.89,16.89,17.51,17.51,-10.00,-10.00,-9.74,-9.74,23.24,23.24,22.57,22.57,23.03,23.03,1.90,1.90,1.89,1.89,1.90,1.91,1.93,1.94,1.96,1.97,4.89,4.88,4.88,4.88,4.87,4.86,4.84,4.83,4.81,4.80,188.77,0.00,1.00,1.00,1.00,1.00,0.00,-1.00,0,None,0,aggregation
160,251.54,remora7,remora9,18.36,18.36,19.31,19.31,19.83,19.83,5.64,5.64,5.96,5.96,23.66,23.66,24.35,24.35,24.72,24.72,-10.06,-10.06,-9.74,-9.74,1.99,2.01,2.03,2.04,2.06,2.08,2.10,2.09,2.09,2.09,4.78,4.77,4.75,4.74,4.72,4.70,4.69,4.68,4.68,4.67,182.49,0.00,1.00,1.00,0.00,0.00,0.00,-1.00,0,None,0,aggregation
160,252.54,remora7,remora9,17.00,17.00,15.30,15.30,15.67,15.67,16.21,16.21,16.73,16.73,22.65,22.65,21.39,21.39,21.66,21.66,22.06,22.06,22.45,22.45,2.09,2.10,2.12,2.14,2.15,2.17,2.18,2.20,2.22,2.23,4.67,4.65,4.64,4.62,4.61,4.59,4.58,4.57,4.56,4.55,177.47,0.00,1.00,1.00,1.00,1.00,0.00,-1.00,0,None,0,aggregation
160,253.54,remora7,remora9,17.16,17.16,5.59,5.59,16.17,16.17,14.87,14.87,6.04,6.04,22.78,22.78,-10.11,-10.11,22.04,22.04,21.06,21.06,-9.66,-9.66,2.25,2.27,2.28,2.27,2.28,2.29,2.31,2.33,2.34,2.34,4.54,4.53,4.52,4.52,4.51,4.50,4.49,4.48,4.47,4.46,162.73,0.00,1.00,1.00,1.00,1.00,0.00,-1.00,0,None,0,aggregation
160,254.54,remora7,remora9,6.25,6.25,10.52,10.52,8.62,8.62,9.16,9.16,9.58,9.58,-9.45,-9.45,17.72,17.72,16.24,16.24,16.66,16.66,16.99,16.99,2.34,2.33,2.33,2.34,2.35,2.36,2.37,2.39,2.40,2.41,4.46,4.46,4.46,4.45,4.44,4.44,4.43,4.42,4.41,4.41,145.01,0.00,1.00,1.00,1.00,1.00,0.00,-1.00,0,None,0,aggregation
160,255.54,remora7,remora9,10.30,10.30,10.37,10.37,11.13,11.13,11.09,11.09,4.54,4.54,17.55,17.55,17.60,17.60,18.19,18.19,18.16,18.16,-11.16,-11.16,2.42,2.43,2.45,2.46,2.47,2.49,2.50,2.51,2.52,2.52,4.40,4.39,4.38,4.37,4.36,4.36,4.35,4.34,4.34,4.34,136.08,0.00,1.00,1.00,0.00,0.00,0.00,-1.00,0,None,0,aggregation
160,256.54,remora7,remora9,4.91,4.91,6.41,6.41,5.29,5.29,5.88,5.88,6.23,6.23,-10.79,-10.79,14.50,14.50,13.62,13.62,14.09,14.09,14.36,14.36,2.51,2.51,2.51,2.52,2.53,2.54,2.55,2.55,2.56,2.57,4.34,4.34,4.34,4.33,5.46,5.45,5.44,5.43,5.42,5.41,133.69,0.00,1.00,1.00,1.00,1.00,0.00,-1.00,0,None,0,aggregation
160,257.54,remora7,remora9,6.85,6.85,4.20,4.20,4.33,4.33,3.59,3.59,2.59,2.59,14.85,14.85,-11.50,-11.50,-11.37,-11.37,12.28,12.28,11.48,11.48,2.58,2.59,2.60,2.60,2.60,2.59,2.59,2.60,2.61,2.61,5.40,5.39,5.38,5.37,5.37,5.36,5.36,5.35,5.34,5.33,129.54,0.00,1.00,1.00,1.00,1.00,0.00,-1.00,0,None,0,aggregation
160,258.54,remora7,remora9,3.71,3.71,4.46,4.46,3.93,3.93,4.04,4.04,1.64,1.64,12.37,12.37,12.96,12.96,-11.76,-11.76,-11.65,-11.65,10.72,10.72,2.62,2.63,2.64,2.64,2.65,2.65,2.64,2.64,2.64,2.64,5.32,5.31,5.30,5.30,5.29,5.28,5.28,5.27,5.26,5.26,123.94,0.00,1.00,1.00,1.00,1.00,0.00,-1.00,0,None,0,aggregation
160,259.54,remora7,remora9,0.74,0.74,1.80,1.80,2.82,2.82,3.50,3.50,3.67,3.67,10.00,10.00,10.85,10.85,11.66,11.66,-12.19,-12.19,-12.03,-12.03,2.65,2.66,2.66,2.67,2.67,2.68,2.68,2.68,2.68,2.67,5.25,5.24,5.23,5.22,5.21,5.20,5.20,5.19,5.18,5.18,107.91,0.00,1.00,1.00,0.00,0.00,0.00,-1.00,0,None,0,aggregation
160,260.54,remora7,remora9,0.33,0.33,0.19,0.19,0.82,0.82,2.21,2.21,3.03,3.03,9.68,9.68,9.57,9.57,10.07,10.07,11.18,11.18,-12.67,-12.67,2.67,2.68,2.68,2.69,2.69,2.70,2.70,2.71,2.71,2.71,5.17,5.16,5.16,5.15,5.14,5.13,5.12,5.12,5.11,5.11,100.36,0.00,1.00,1.00,1.00,1.00,0.00,-1.00,0,None,0,aggregation
160,261.54,remora7,remora9,2.59,2.59,2.16,2.16,2.83,2.83,2.86,2.86,-0.42,-0.42,11.48,11.48,11.14,11.14,-12.87,-12.87,-12.84,-12.84,9.08,9.08,2.71,2.71,2.72,2.73,2.73,2.73,2.72,2.72,2.72,2.72,5.10,5.09,5.08,5.08,5.07,5.06,5.05,5.05,5.04,5.03,92.13,0.00,1.00,1.00,1.00,1.00,0.00,-1.00,0,None,0,aggregation
160,262.54,remora7,remora9,-0.94,-0.94,0.92,0.92,2.62,2.62,2.29,2.29,2.51,2.51,8.66,8.66,10.15,10.15,11.50,11.50,-13.41,-13.41,-13.19,-13.19,2.73,2.73,2.73,2.74,2.75,2.75,2.75,2.75,2.75,2.74,5.03,5.02,5.02,5.01,5.00,4.99,4.99,4.98,4.97,4.96,78.48,0.00,1.00,1.00,0.00,0.00,0.00,-1.00,0,None,0,aggregation
160,263.54,remora7,remora9,-0.66,-0.66,-1.53,-1.53,0.11,0.11,1.98,1.98,2.01,2.01,8.89,8.89,8.20,8.20,9.50,9.50,10.99,10.99,-13.69,-13.69,2.74,2.74,2.74,2.75,2.75,2.76,2.76,2.77,2.77,2.77,4.96,4.95,4.95,4.95,4.95,4.95,4.95,4.94,4.94,4.94,71.18,0.00,1.00,1.00,0.00,0.00,0.00,-1.00,0,None,0,aggregation
160,264.54,remora7,remora9,2.04,2.04,-0.06,-0.06,-1.19,-1.19,0.49,0.49,2.02,2.02,-13.66,-13.66,9.37,9.37,8.47,8.47,9.81,9.81,11.02,11.02,2.76,2.76,2.76,2.76,2.76,2.77,2.77,2.78,2.78,2.79,4.94,4.94,4.94,4.94,4.93,4.93,4.93,4.93,4.92,4.92,65.47,0.00,1.00,1.00,0.00,0.00,0.00,-1.00,0,None,0,aggregation
160,265.54,remora7,remora9,1.57,1.57,2.60,2.60,2.12,2.12,1.51,1.51,1.65,1.65,-14.13,-14.13,11.49,11.49,11.11,11.11,-14.19,-14.19,-14.04,-14.04,2.79,2.79,2.78,2.79,2.80,2.80,2.81,2.80,2.80,2.79,4.92,4.92,4.92,4.91,4.91,4.91,4.90,4.90,4.90,4.89,59.86,0.00,1.00,1.00,0.00,0.00,0.00,-1.00,0,None,0,aggregation
160,266.54,remora7,remora9,-1.26,-1.26,-2.51,-2.51,-0.56,-0.56,1.50,1.50,2.96,2.96,8.41,8.41,7.41,7.41,8.97,8.97,10.61,10.61,11.77,11.77,2.79,2.79,2.79,2.80,2.80,2.80,2.81,2.81,2.82,2.83,4.89,4.88,4.88,4.88,4.87,4.87,4.87,4.86,4.85,4.85,55.96,0.00,1.00,1.00,0.00,0.00,0.00,-1.00,0,None,0,aggregation
160,267.54,remora7,remora9,0.86,0.86,0.94,0.94,0.52,0.52,0.12,0.12,1.54,1.54,-14.83,-14.83,-14.75,-14.75,9.83,9.83,9.51,9.51,10.64,10.64,2.83,2.83,2.82,2.81,2.81,2.82,2.82,2.83,2.83,2.84,4.84,4.84,4.83,4.83,4.82,4.82,4.82,4.81,4.80,4.80,55.36,0.00,1.00,1.00,0.00,0.00,0.00,-1.00,0,None,0,aggregation
160,268.54,remora7,remora9,2.71,2.71,0.56,0.56,0.74,0.74,-2.41,-2.41,-4.26,-4.26,11.57,11.57,-15.14,-15.14,-14.96,-14.96,7.49,7.49,6.01,6.01,2.85,2.89,2.92,2.94,2.96,2.98,3.01,3.04,3.07,3.09,4.80,4.80,4.80,4.80,4.79,4.79,4.80,4.80,4.80,4.80,54.22,0.00,1.00,1.00,0.00,0.00,0.00,-1.00,0,None,0,aggregation
160,269.54,remora7,remora9,-2.80,-2.80,-1.78,-1.78,-0.63,-0.63,0.52,0.52,1.88,1.88,7.18,7.18,7.99,7.99,8.91,8.91,9.83,9.83,10.91,10.91,3.12,3.15,3.18,3.20,3.23,3.26,3.28,3.31,3.34,3.36,4.80,4.80,4.80,4.81,4.81,4.81,4.81,4.82,4.82,4.82,52.93,0.00,0.00,1.00,0.00,0.00,0.00,-1.00,0,None,0,aggregation
160,270.54,remora7,remora9,-0.77,-0.77,-0.60,-0.60,-2.01,-2.01,-3.33,-3.33,-1.87,-1.87,-16.47,-16.47,-16.29,-16.29,7.81,7.81,6.75,6.75,7.93,7.93,3.38,3.38,3.38,3.38,3.38,3.38,3.38,3.38,3.37,3.37,4.82,4.82,4.82,4.82,4.82,4.82,4.82,4.82,4.83,4.83,52.50,0.00,0.00,1.00,0.00,0.00,0.00,-1.00,0,None,0,aggregation
160,271.54,remora7,remora9,-0.27,-0.27,1.47,1.47,3.48,3.48,-1.45,-1.45,-1.38,-1.38,9.20,9.20,10.58,10.58,12.18,12.18,-17.15,-17.15,-17.08,-17.08,3.37,3.37,3.37,3.37,3.37,3.36,3.36,3.36,3.36,3.36,4.83,4.83,4.84,4.84,4.84,4.84,4.84,4.84,4.84,4.84,54.26,0.00,0.00,1.00,0.00,0.00,0.00,-1.00,0,None,0,aggregation
160,272.54,remora7,remora9,0.79,0.79,-0.41,-0.41,1.46,1.46,3.05,3.05,-1.52,-1.52,10.04,10.04,9.09,9.09,10.58,10.58,11.84,11.84,-17.22,-17.22,3.36,3.36,3.35,3.35,3.35,3.35,3.35,3.35,3.35,3.34,4.84,4.84,4.85,4.85,4.85,4.85,4.85,4.86,4.86,4.86,55.31,0.00,0.00,1.00,0.00,0.00,0.00,-1.00,0,None,0,aggregation
160,273.54,remora7,remora9,-1.43,-1.43,0.28,0.28,-0.19,-0.19,1.65,1.65,-1.48,-1.48,-17.13,-17.13,9.64,9.64,9.26,9.26,10.73,10.73,-17.17,-17.17,3.34,3.34,3.34,3.34,3.34,3.33,3.33,3.33,3.33,3.33,4.86,4.85,4.86,4.86,4.86,4.87,4.87,4.88,4.88,4.88,57.25,0.00,0.00,1.00,1.00,0.00,1.00,-1.00,0,None,0,aggregation
160,274.54,remora7,remora9,2.26,2.26,1.15,1.15,-1.48,-1.48,1.03,1.03,-0.22,-0.22,11.22,11.22,10.33,10.33,-17.17,-17.17,10.24,10.24,9.24,9.24,3.33,3.32,3.32,3.32,3.32,3.32,3.32,3.32,3.31,3.31,4.88,4.88,4.89,4.89,4.90,4.90,4.90,4.91,4.91,4.92,58.49,0.00,0.00,1.00,1.00,0.00,1.00,-1.00,0,None,0,aggregation
160,275.54,remora7,remora9,1.97,1.97,-1.71,-1.71,-1.63,-1.63,-1.92,-1.92,-2.89,-2.89,10.98,10.98,-17.41,-17.41,-17.33,-17.33,7.88,7.88,7.10,7.10,3.31,3.31,3.31,3.31,3.31,3.30,3.30,3.30,3.30,3.30,4.93,4.93,4.94,4.94,4.95,4.95,4.95,4.96,4.97,4.98,58.11,0.00,0.00,1.00,1.00,0.00,1.00,-1.00,0,None,0,aggregation
160,276.54,remora7,remora9,-1.08,-1.08,0.89,0.89,2.20,2.20,-1.98,-1.98,-1.96,-1.96,8.55,8.55,10.12,10.12,11.16,11.16,-17.68,-17.68,-17.66,-17.66,3.30,3.29,3.29,3.29,3.29,3.29,3.29,3.29,3.29,3.28,4.98,4.99,5.00,5.01,5.02,5.03,5.04,5.04,5.04,5.04,60.49,0.00,0.00,1.00,0.00,0.00,0.00,-1.00,0,None,0,aggregation
160,277.54,remora7,remora9,-1.11,-1.11,-2.71,-2.71,-0.96,-0.96,0.47,0.47,2.26,2.26,8.53,8.53,7.25,7.25,8.65,8.65,9.79,9.79,11.22,11.22,3.28,3.28,3.28,3.28,3.28,3.28,3.28,3.28,3.28,3.28,5.05,5.06,5.07,5.08,5.09,5.10,5.11,5.12,5.13,5.14,58.84,0.00,0.00,1.00,1.00,0.00,1.00,-1.00,0,None,0,aggregation
160,278.54,remora7,remora9,-2.13,-2.13,-2.10,-2.10,-1.46,-1.46,-3.15,-3.15,-1.21,-1.21,-17.82,-17.82,-17.80,-17.80,8.25,8.25,6.89,6.89,8.45,8.45,3.28,3.27,3.27,3.26,3.26,3.26,3.26,3.26,3.26,3.26,5.16,5.16,5.17,5.17,5.18,5.19,5.20,5.21,5.23,5.24,59.61,0.00,0.00,1.00,1.00,0.00,1.00,-1.00,0,None,0,aggregation
160,279.54,remora7,remora9,0.57,0.57,2.24,2.24,-17.85,-17.85,5.96,5.96,8.22,8.22,9.87,9.87,11.20,11.20,-2.15,-2.15,14.15,14.15,15.92,15.92,3.26,3.26,3.26,3.26,3.26,3.25,3.25,3.25,3.26,3.26,5.25,5.26,5.27,5.29,5.30,5.41,5.42,5.43,5.44,5.45,64.22,0.00,0.00,1.00,0.00,0.00,0.00,-1.00,0,None,0,aggregation
160,280.54,remora7,remora9,-17.60,-17.60,-17.40,-17.40,-17.04,-17.04,16.91,16.91,18.51,18.51,-1.90,-1.90,-1.70,-1.70,-1.35,-1.35,22.59,22.59,23.76,23.76,3.27,3.26,3.25,3.25,3.24,3.23,3.24,3.25,3.27,3.29,5.46,5.47,5.47,5.47,5.47,5.47,5.48,5.50,5.52,5.55,73.16,0.00,0.00,1.00,0.00,0.00,0.00,-1.00,0,None,0,aggregation
160,281.54,remora7,remora9,-16.03,-16.03,-15.64,-15.64,-14.96,-14.96,-14.19,-14.19,-13.36,-13.36,-0.33,-0.33,0.06,0.06,0.74,0.74,1.50,1.50,2.33,2.33,3.30,3.29,3.29,3.28,3.27,3.27,3.26,3.25,3.25,3.24,5.57,5.57,5.57,5.58,5.58,5.58,5.58,5.58,4.11,4.10,72.78,0.00,0.00,1.00,0.00,0.00,0.00,-1.00,0,None,0,aggregation
160,282.54,remora7,remora9,-13.36,-13.36,29.01,29.01,29.47,29.47,-10.90,-10.90,-10.30,-10.30,2.33,2.33,30.14,30.14,30.18,30.18,4.80,4.80,5.40,5.40,3.24,3.23,3.24,3.26,3.29,3.32,3.33,3.33,3.33,3.33,4.10,4.10,4.10,4.12,4.15,4.17,4.19,4.19,4.19,4.19,80.34,0.00,0.00,1.00,1.00,0.00,1.00,-1.00,0,None,0,aggregation
160,283.54,remora7,remora9,-9.29,-9.29,-8.25,-8.25,-6.90,-6.90,-5.39,-5.39,-3.96,-3.96,6.41,6.41,7.44,7.44,8.16,8.16,8.66,8.66,9.13,9.13,3.33,3.32,3.32,3.32,3.32,3.32,3.32,3.32,3.33,3.33,4.19,4.19,4.19,4.19,4.19,4.19,4.19,4.20,4.20,4.20,74.82,0.00,0.00,1.00,0.00,0.00,0.00,-1.00,0,None,0,aggregation
160,284.54,remora7,remora9,-2.64,-2.64,-1.44,-1.44,-0.36,-0.36,0.64,0.64,22.40,22.40,9.54,9.54,9.89,9.89,10.20,10.20,10.46,10.46,16.65,16.65,3.33,3.33,3.33,3.34,3.34,3.34,3.35,3.35,3.36,3.37,4.20,4.21,4.21,4.22,4.22,4.23,4.23,4.24,4.24,4.25,75.97,0.00,0.00,1.00,0.00,0.00,0.00,-1.00,0,None,0,aggregation
160,285.54,remora7,remora9,22.40,22.40,23.19,23.19,23.95,23.95,24.62,24.62,25.29,25.29,16.65,16.65,17.73,17.73,18.77,18.77,19.69,19.69,20.64,20.64,3.38,3.39,3.40,3.41,3.42,3.43,3.44,3.45,3.47,3.48,4.26,4.27,4.28,4.29,4.30,4.31,4.33,4.34,4.36,4.37,91.14,0.00,0.00,1.00,0.00,0.00,0.00,-1.00,0,None,0,aggregation
160,286.54,remora7,remora9,25.83,25.83,26.38,26.38,26.86,26.86,27.36,27.36,27.69,27.69,21.40,21.40,22.20,22.20,22.92,22.92,23.68,23.68,24.18,24.18,3.50,3.51,3.53,3.54,3.56,3.58,3.59,3.61,3.63,3.65,4.38,4.40,4.41,4.43,4.44,4.46,4.48,4.50,4.52,4.54,108.88,0.00,0.00,1.00,0.00,0.00,0.00,-1.00,0,None,0,aggregation
160,287.54,remora7,remora9,28.00,28.00,28.30,28.30,28.60,28.60,28.80,28.80,29.01,29.01,24.68,24.68,25.17,25.17,25.66,25.66,26.01,26.01,26.39,26.39,3.67,3.69,3.71,3.73,3.75,3.77,3.80,3.82,3.84,3.86,4.56,4.58,4.60,4.62,4.64,4.67,4.69,4.71,4.74,4.76,131.60,0.00,0.00,1.00,0.00,0.00,0.00,-1.00,0,None,0,aggregation
160,131.54,remora7,remora3,30.00,30.00,30.00,30.00,30.00,30.00,30.00,30.00,30.00,30.00,30.00,30.00,30.00,30.00,30.00,30.00,30.00,30.00,30.00,30.00,6.45,6.47,6.48,6.50,6.51,6.53,6.54,6.56,6.57,6.59,7.86,7.89,7.92,7.95,7.98,8.01,8.04,8.06,8.09,8.12,278.25,0.00,0.00,1.00,0.00,0.00,0.00,-1.00,0,None,0,aggregation
160,132.54,remora7,remora3,30.00,30.00,30.00,30.00,30.00,30.00,30.00,30.00,30.00,30.00,30.00,30.00,30.00,30.00,30.00,30.00,30.00,30.00,30.00,30.00,6.60,6.62,6.63,6.65,6.67,6.68,6.70,6.71,6.73,6.75,8.15,8.18,8.20,8.23,8.26,8.29,8.32,7.93,7.96,7.99,280.82,0.00,0.00,1.00,0.00,0.00,0.00,-1.00,0,None,0,aggregation
160,133.54,remora7,remora3,30.00,30.00,30.00,30.00,30.00,30.00,30.00,30.00,30.00,30.00,30.00,30.00,30.00,30.00,30.00,30.00,30.00,30.00,30.00,30.00,6.76,6.78,6.80,6.81,6.83,6.85,6.87,6.88,6.90,6.92,8.02,8.05,8.08,8.10,8.13,7.54,7.56,7.59,7.61,7.63,285.77,0.00,0.00,1.00,0.00,0.00,0.00,-1.00,0,None,0,aggregation
160,134.54,remora7,remora3,30.00,30.00,30.00,30.00,30.00,30.00,30.00,30.00,30.00,30.00,30.00,30.00,30.00,30.00,30.00,30.00,30.00,30.00,30.00,30.00,6.93,6.95,6.97,6.99,7.00,7.02,7.04,7.06,7.08,7.09,7.65,7.67,7.69,7.72,7.74,7.76,7.78,7.80,7.82,7.84,291.72,0.00,0.00,1.00,0.00,0.00,0.00,-1.00,0,None,0,aggregation
160,135.54,remora7,remora3,30.00,30.00,30.00,30.00,30.00,30.00,30.00,30.00,30.00,30.00,30.00,30.00,30.00,30.00,30.00,30.00,30.00,30.00,30.00,30.00,7.11,7.13,7.15,7.17,7.19,7.21,7.22,7.24,7.26,7.28,7.87,7.89,7.91,7.93,7.95,7.97,7.99,8.01,8.03,8.05,300.00,0.00,0.00,1.00,0.00,0.00,0.00,-1.00,0,None,0,aggregation
160,136.54,remora7,remora3,30.00,30.00,30.00,30.00,30.00,30.00,30.00,30.00,30.00,30.00,30.00,30.00,30.00,30.00,30.00,30.00,30.00,30.00,30.00,30.00,7.30,7.32,7.34,7.36,7.38,7.40,7.42,7.43,7.45,7.47,8.08,8.10,8.12,8.14,8.46,8.48,8.50,8.52,8.54,8.56,300.00,0.00,0.00,1.00,0.00,0.00,0.00,-1.00,0,None,0,aggregation
160,137.54,remora7,remora3,30.00,30.00,30.00,30.00,30.00,30.00,30.00,30.00,30.00,30.00,30.00,30.00,30.00,30.00,30.00,30.00,30.00,30.00,30.00,30.00,7.49,7.51,7.53,7.55,7.57,7.59,7.61,7.63,7.65,7.67,8.58,8.60,8.62,8.65,8.67,8.69,8.71,8.73,8.75,8.77,300.00,0.00,0.00,1.00,0.00,0.00,0.00,-1.00,0,None,0,aggregation
160,138.54,remora7,remora3,30.00,30.00,30.00,30.00,30.00,30.00,30.00,30.00,30.00,30.00,30.00,30.00,30.00,30.00,30.00,30.00,30.00,30.00,30.00,30.00,7.69,7.72,7.74,7.76,7.78,7.80,7.82,7.84,7.86,7.88,8.80,8.82,8.84,8.86,8.88,8.90,8.92,8.95,8.97,8.64,300.00,0.00,0.00,1.00,0.00,0.00,0.00,-1.00,0,None,0,aggregation
160,139.54,remora7,remora3,30.00,30.00,30.00,30.00,30.00,30.00,30.00,30.00,30.00,30.00,30.00,30.00,30.00,30.00,30.00,30.00,30.00,30.00,30.00,30.00,7.90,7.92,7.94,7.97,7.99,8.01,8.03,8.05,8.07,8.09,8.66,8.02,8.04,8.06,8.07,8.09,8.11,8.12,8.14,8.16,300.00,0.00,0.00,1.00,0.00,0.00,0.00,-1.00,0,None,0,aggregation
160,140.54,remora7,remora3,30.00,30.00,30.00,30.00,30.00,30.00,30.00,30.00,30.00,30.00,30.00,30.00,30.00,30.00,30.00,30.00,30.00,30.00,30.00,30.00,8.11,8.14,8.16,8.18,8.20,8.22,8.25,8.27,8.29,8.31,8.17,8.19,8.21,8.22,8.24,8.25,8.27,8.29,8.30,8.32,300.00,0.00,0.00,1.00,0.00,0.00,0.00,-1.00,0,None,0,aggregation
160,141.54,remora7,remora3,30.00,30.00,30.00,30.00,30.00,30.00,30.00,30.00,30.00,30.00,30.00,30.00,30.00,30.00,30.00,30.00,30.00,30.00,30.00,30.00,8.33,8.35,8.36,8.37,8.37,8.38,8.39,8.39,8.40,8.41,8.34,8.35,8.37,8.38,8.40,8.41,8.43,8.44,8.46,8.47,300.00,0.00,0.00,1.00,0.00,0.00,0.00,-1.00,0,None,0,aggregation
160,142.54,remora7,remora3,30.00,30.00,30.00,30.00,30.00,30.00,30.00,30.00,30.00,30.00,30.00,30.00,30.00,30.00,30.00,30.00,30.00,30.00,30.00,30.00,8.41,8.42,8.42,8.43,8.43,8.44,8.44,8.44,8.45,8.45,8.48,8.50,8.51,8.53,8.54,8.55,8.57,8.58,8.59,8.61,300.00,0.00,0.00,1.00,0.00,0.00,0.00,-1.00,0,None,0,aggregation
160,143.54,remora7,remora3,30.00,30.00,30.00,30.00,30.00,30.00,30.00,30.00,30.00,30.00,30.00,30.00,30.00,30.00,30.00,30.00,30.00,30.00,30.00,30.00,8.45,8.46,8.46,8.46,8.46,8.46,8.47,8.47,8.47,8.47,8.62,8.63,8.64,8.66,8.67,8.68,8.69,8.71,8.72,8.73,300.00,0.00,0.00,1.00,0.00,0.00,0.00,-1.00,0,None,0,aggregation
160,188.54,remora7,remora3,0.00,0.00,0.00,0.00,0.00,0.00,0.00,0.00,0.00,0.00,0.00,0.00,0.00,0.00,0.00,0.00,0.00,0.00,0.00,0.00,1.57,1.57,1.57,1.57,1.57,1.57,1.57,1.57,1.57,1.57,4.15,4.15,4.15,4.15,4.15,4.15,4.15,4.15,4.15,4.15,80.67,0.00,1.00,1.00,0.00,0.00,0.00,-1.00,0,None,0,aggregation
160,189.54,remora7,remora3,0.00,0.00,0.00,0.00,0.00,0.00,0.00,0.00,0.00,0.00,0.00,0.00,0.00,0.00,0.00,0.00,0.00,0.00,0.00,0.00,1.57,1.57,1.57,1.57,1.57,1.57,1.57,1.57,1.57,1.57,4.15,4.15,4.15,4.15,4.15,4.15,4.15,4.15,4.15,4.15,51.88,0.00,1.00,1.00,0.00,0.00,0.00,-1.00,0,None,0,aggregation
160,190.54,remora7,remora3,0.00,0.00,0.00,0.00,0.00,0.00,0.00,0.00,0.00,0.00,0.00,0.00,0.00,0.00,0.00,0.00,0.00,0.00,0.00,0.00,1.57,1.57,1.57,1.57,1.57,1.57,1.57,1.57,1.57,1.57,4.15,4.15,4.15,4.15,4.15,4.15,4.15,4.15,4.15,4.15,23.03,0.00,1.00,0.00,0.00,0.00,0.00,-1.00,0,None,0,aggregation
160,191.54,remora7,remora3,0.00,0.00,0.00,0.00,0.00,0.00,0.00,0.00,0.00,0.00,0.00,0.00,0.00,0.00,0.00,0.00,0.00,0.00,0.00,0.00,1.57,1.57,1.57,1.57,1.57,1.57,1.57,1.57,1.57,1.57,4.15,4.15,4.15,4.15,4.15,4.15,4.14,4.14,4.14,4.14,0.00,0.00,1.00,0.00,0.00,0.00,0.00,-1.00,0,None,0,aggregation
160,192.54,remora7,remora3,0.00,0.00,0.00,0.00,0.00,0.00,0.00,0.00,0.00,0.00,0.00,0.00,0.00,0.00,0.00,0.00,0.00,0.00,0.00,0.00,1.57,1.57,1.57,1.57,1.57,1.57,1.57,1.57,1.57,1.57,4.14,4.14,6.09,6.08,6.07,6.06,6.05,6.04,6.03,6.02,0.00,0.00,1.00,0.00,0.00,0.00,0.00,-1.00,0,None,0,aggregation
160,193.54,remora7,remora3,0.00,0.00,0.00,0.00,0.00,0.00,0.00,0.00,0.00,0.00,0.00,0.00,0.00,0.00,0.00,0.00,0.00,0.00,0.00,0.00,1.57,1.57,1.57,1.57,1.57,1.57,1.57,1.57,1.57,1.57,6.01,6.00,5.99,5.98,5.97,5.96,5.95,5.94,5.93,5.92,0.00,0.00,1.00,0.00,0.00,0.00,0.00,-1.00,0,None,0,aggregation
160,194.54,remora7,remora3,0.00,0.00,0.00,0.00,0.00,0.00,0.00,0.00,0.00,0.00,0.00,0.00,0.00,0.00,0.00,0.00,0.00,0.00,0.00,0.00,1.57,1.57,1.57,1.57,1.57,1.57,1.57,1.57,1.58,1.58,5.91,5.90,5.89,5.88,5.87,5.86,5.85,5.84,5.83,5.82,0.00,0.00,1.00,0.00,0.00,0.00,0.00,-1.00,0,None,0,aggregation
160,195.54,remora7,remora3,0.00,0.00,0.00,0.00,0.00,0.00,0.00,0.00,0.00,0.00,0.00,0.00,0.00,0.00,0.00,0.00,0.00,0.00,0.00,0.00,1.58,1.58,1.58,1.58,1.58,1.58,1.58,1.58,1.58,1.58,5.81,5.80,5.79,5.78,5.77,5.76,5.75,5.74,5.73,5.72,0.00,0.00,1.00,0.00,0.00,0.00,0.00,-1.00,0,None,0,aggregation
160,196.54,remora7,remora3,0.00,0.00,0.00,0.00,0.00,0.00,0.00,0.00,0.00,0.00,0.00,0.00,0.00,0.00,0.00,0.00,0.00,0.00,0.00,0.00,1.58,1.58,1.58,1.58,1.58,1.58,1.58,1.58,1.58,1.58,5.71,5.70,5.69,5.68,5.67,5.66,5.65,5.64,5.63,5.62,0.00,0.00,1.00,0.00,0.00,0.00,0.00,-1.00,0,None,0,aggregation
160,197.54,remora7,remora3,0.00,0.00,0.00,0.00,0.00,0.00,0.00,0.00,0.00,0.00,0.00,0.00,0.00,0.00,0.00,0.00,0.00,0.00,0.00,0.00,1.58,1.58,1.58,1.58,1.58,1.58,1.58,1.58,1.58,1.58,5.61,5.60,5.59,5.58,5.57,5.56,5.55,5.54,5.53,5.52,0.00,0.00,1.00,0.00,0.00,0.00,0.00,-1.00,0,None,0,aggregation
160,198.54,remora7,remora3,0.00,0.00,0.00,0.00,0.00,0.00,0.00,0.00,0.00,0.00,0.00,0.00,0.00,0.00,0.00,0.00,0.00,0.00,0.00,0.00,1.58,1.58,1.58,1.58,1.58,1.58,1.58,1.58,1.58,1.58,5.51,5.50,5.49,5.48,5.47,5.46,5.45,5.44,5.43,5.42,0.00,0.00,1.00,0.00,0.00,0.00,0.00,-1.00,0,None,0,aggregation
160,199.54,remora7,remora3,0.00,0.00,0.00,0.00,0.00,0.00,0.00,0.00,0.00,0.00,0.00,0.00,0.00,0.00,0.00,0.00,0.00,0.00,0.00,0.00,1.58,1.58,1.58,1.58,1.58,1.58,1.58,1.58,1.58,1.58,5.41,5.40,5.39,5.38,5.37,5.36,5.35,5.34,5.33,5.32,0.00,0.00,1.00,0.00,0.00,0.00,0.00,-1.00,0,None,0,aggregation
160,200.54,remora7,remora3,0.00,0.00,0.00,0.00,0.00,0.00,0.00,0.00,0.00,0.00,0.00,0.00,0.00,0.00,0.00,0.00,0.00,0.00,0.00,0.00,1.58,1.58,1.58,1.58,1.58,1.58,1.58,1.58,1.58,1.58,5.31,5.30,5.29,5.28,5.27,5.26,5.25,5.24,5.23,5.22,0.00,0.00,1.00,0.00,0.00,0.00,0.00,-1.00,0,None,0,aggregation
160,201.54,remora7,remora3,0.00,0.00,0.00,0.00,0.00,0.00,0.00,0.00,0.00,0.00,0.00,0.00,0.00,0.00,0.00,0.00,0.00,0.00,0.00,0.00,1.58,1.58,1.58,1.58,1.58,1.58,1.58,1.58,1.58,1.58,5.21,5.20,5.19,6.39,6.37,6.36,6.34,6.33,6.31,6.30,0.00,0.00,1.00,0.00,0.00,0.00,0.00,-1.00,0,None,0,aggregation
160,202.54,remora7,remora3,0.00,0.00,-22.96,-22.96,-22.74,-22.74,-22.17,-22.17,-21.55,-21.55,0.00,0.00,-33.42,-33.42,-33.20,-33.20,-32.64,-32.64,-32.01,-32.01,1.58,1.58,1.60,1.65,1.71,1.76,1.81,1.87,1.92,1.97,6.29,6.27,6.27,6.28,6.29,6.30,6.32,6.33,6.34,6.36,22.07,0.00,1.00,0.00,0.00,0.00,0.00,-1.00,0,None,0,aggregation
160,203.54,remora7,remora3,-20.85,-20.85,-20.10,-20.10,-19.28,-19.28,-18.28,-18.28,-17.34,-17.34,-31.32,-31.32,-30.56,-30.56,-29.75,-29.75,-28.74,-28.74,-27.80,-27.80,2.02,2.07,2.12,2.17,2.21,2.26,2.30,2.35,2.39,2.43,6.37,6.38,6.40,6.42,6.45,6.47,6.49,6.51,6.53,6.55,46.47,0.00,1.00,1.00,0.00,0.00,0.00,-1.00,0,None,0,aggregation
160,204.54,remora7,remora3,-16.35,-16.35,-15.30,-15.30,-14.21,-14.21,-12.91,-12.91,-11.72,-11.72,-26.81,-26.81,-25.77,-25.77,-24.68,-24.68,-23.37,-23.37,-22.18,-22.18,2.47,2.51,2.54,2.58,2.61,2.64,2.67,2.70,2.73,2.75,6.56,6.58,6.59,6.61,6.62,6.64,6.65,6.66,6.68,6.69,65.80,0.00,1.00,1.00,0.00,0.00,0.00,-1.00,0,None,0,aggregation
160,205.54,remora7,remora3,-10.31,-10.31,-8.85,-8.85,-7.35,-7.35,-5.81,-5.81,-4.04,-4.04,-20.77,-20.77,-19.32,-19.32,-17.82,-17.82,-16.28,-16.28,-14.50,-14.50,2.78,2.80,2.82,2.83,2.85,2.87,2.88,2.89,2.90,2.91,6.70,6.71,6.72,5.63,5.63,5.63,5.64,5.64,5.64,5.64,78.31,0.00,1.00,1.00,0.00,0.00,0.00,-1.00,0,None,0,aggregation
160,206.54,remora7,remora3,-2.43,-2.43,-0.39,-0.39,1.47,1.47,3.56,3.56,5.79,5.79,-12.90,-12.90,-10.85,-10.85,-8.99,-8.99,-6.91,-6.91,-4.53,-4.53,2.91,2.92,2.93,2.93,2.93,2.93,2.94,2.94,2.94,2.94,5.63,5.63,5.63,5.62,5.61,5.61,5.60,5.59,5.58,5.57,82.17,0.00,1.00,1.00,0.00,0.00,0.00,-1.00,0,None,0,aggregation
160,207.54,remora7,remora3,7.65,7.65,9.86,11.86,11.86,11.86,13.81,13.81,15.87,15.87,-2.21,-2.21,0.56,3.07,3.07,3.07,5.53,5.53,8.15,8.15,2.94,2.94,2.94,2.94,2.95,2.95,2.95,2.96,2.97,2.98,5.57,5.56,5.55,5.54,5.53,5.52,5.51,5.50,5.49,5.48,89.81,0.00,1.00,1.00,0.00,0.00,0.00,-1.00,0,None,0,aggregation
160,208.54,remora7,remora3,17.53,17.53,19.42,20.92,20.92,20.92,22.33,22.33,23.51,23.51,10.27,10.27,12.73,14.69,14.69,14.69,16.56,16.56,18.17,18.17,2.99,3.00,3.01,3.03,3.05,3.07,3.09,3.11,3.13,3.16,5.47,5.46,5.46,5.45,5.44,5.44,5.44,5.43,5.43,5.43,107.60,0.00,0.00,1.00,0.00,0.00,0.00,-1.00,0,None,0,aggregation
160,209.54,remora7,remora3,24.74,24.74,25.64,25.64,26.46,26.46,27.21,27.21,27.89,27.89,19.85,19.85,21.12,21.12,22.32,22.32,23.45,23.45,24.49,24.49,3.19,3.22,3.25,3.28,3.31,3.34,3.38,3.41,3.45,3.49,6.57,6.57,6.56,6.56,6.56,6.56,6.56,6.57,6.57,6.57,131.92,0.00,0.00,1.00,0.00,0.00,0.00,-1.00,0,None,0,aggregation
160,210.54,remora7,remora3,28.34,28.34,28.80,28.80,29.15,29.15,29.35,29.35,29.62,29.62,25.22,25.22,26.01,26.01,26.64,26.64,27.03,27.03,27.57,27.57,3.52,3.56,3.60,3.64,3.68,3.73,3.77,3.81,3.85,3.90,6.57,6.58,6.58,6.59,6.59,6.60,6.60,6.61,6.61,6.62,159.69,0.00,0.00,1.00,0.00,0.00,0.00,-1.00,0,None,0,aggregation
160,211.54,remora7,remora3,29.77,29.77,29.92,29.92,30.02,30.02,30.02,30.08,30.13,-17.77,27.91,27.91,28.29,28.29,28.58,28.58,28.58,28.78,28.96,-2.08,3.94,3.98,4.03,4.07,4.12,4.16,4.21,4.25,4.29,4.34,6.63,6.64,6.65,6.66,6.66,6.67,6.68,6.69,6.70,6.71,186.96,0.00,0.00,1.00,1.00,0.00,1.00,-1.00,0,None,0,aggregation
160,212.54,remora7,remora3,-17.77,-17.77,-17.65,-17.65,29.62,29.62,-17.27,-17.27,-17.05,-16.61,-2.08,-2.08,-1.95,-1.95,27.57,27.57,-1.57,-1.57,-1.35,-0.91,4.35,4.36,4.37,4.37,4.39,4.43,4.45,4.46,4.47,4.48,6.71,6.70,6.70,6.69,6.69,6.69,6.69,6.69,6.68,6.68,178.23,0.00,0.00,1.00,1.00,0.00,1.00,-1.00,0,None,0,aggregation
160,213.54,remora7,remora3,-16.61,-16.61,27.21,27.21,-15.86,-15.86,-15.52,-15.52,24.15,24.15,-0.91,-0.91,23.45,23.45,-0.17,-0.17,0.18,0.18,19.03,19.03,4.49,4.49,4.51,4.55,4.57,4.58,4.58,4.59,4.61,4.64,6.67,6.67,6.67,6.67,6.66,6.66,6.66,6.65,6.65,6.65,168.10,0.00,0.00,1.00,1.00,0.00,1.00,-1.00,0,None,0,aggregation
160,214.54,remora7,remora3,-14.59,-14.59,-14.25,19.55,19.55,19.55,-13.39,-13.39,-12.97,-12.97,1.10,1.10,1.45,12.89,12.89,12.89,2.31,2.31,2.73,2.73,4.66,4.67,4.68,4.69,4.71,4.74,4.76,4.77,4.78,4.79,6.64,6.64,6.64,6.64,6.64,6.63,6.63,6.63,6.63,6.63,157.76,0.00,0.00,1.00,1.00,0.00,1.00,-1.00,0,None,0,aggregation
160,215.54,remora7,remora3,14.39,14.39,13.70,13.70,-12.47,-12.07,-12.07,-12.07,9.72,9.72,6.27,6.27,5.39,5.39,3.23,3.62,3.62,3.62,0.38,0.38,4.81,4.83,4.84,4.82,4.80,4.78,4.76,4.74,4.72,4.71,6.62,6.62,6.61,6.61,6.61,6.61,6.61,6.61,6.61,6.61,151.97,0.00,0.00,1.00,1.00,0.00,1.00,-1.00,0,None,0,aggregation
160,216.54,remora7,remora3,8.99,8.99,10.32,10.32,11.34,11.34,-12.73,-12.42,-12.42,-12.42,-0.53,-0.53,1.14,1.14,2.41,2.41,2.97,3.28,3.28,3.28,4.69,4.67,4.65,4.64,4.62,4.61,4.59,4.57,4.56,4.54,6.60,6.60,6.60,6.60,6.60,6.59,6.59,6.59,6.60,6.60,153.33,0.00,0.00,1.00,1.00,0.00,1.00,-1.00,0,None,0,aggregation
160,217.54,remora7,remora3,8.30,8.30,8.19,8.19,9.13,9.13,11.13,11.13,13.10,13.10,-1.40,-1.40,-1.53,-1.53,-0.36,-0.36,2.16,2.16,4.64,4.64,4.53,4.51,4.50,4.48,4.47,4.46,4.45,4.43,4.42,4.41,6.60,6.60,6.60,6.59,6.59,6.59,6.59,6.59,7.02,7.01,151.02,0.00,0.00,1.00,0.00,0.00,0.00,-1.00,0,None,0,aggregation
160,218.54,remora7,remora3,-13.54,-13.54,-13.18,-13.18,11.86,11.86,12.21,-12.77,-12.77,-12.77,2.16,2.16,2.52,2.52,3.07,3.07,3.52,2.93,2.93,2.93,4.40,4.39,4.38,4.36,4.35,4.34,4.33,4.33,4.32,4.31,7.75,7.75,7.74,7.73,7.72,7.71,7.70,7.69,7.69,7.68,139.20,0.00,0.00,1.00,1.00,0.00,1.00,-1.00,0,None,0,aggregation
160,219.54,remora7,remora3,12.93,12.93,13.10,-12.71,-12.71,-12.71,-12.25,-12.25,11.68,11.68,4.42,4.42,4.64,2.99,2.99,2.99,3.44,3.44,2.84,2.84,4.30,4.29,4.28,4.28,4.27,4.26,4.25,4.24,4.24,4.23,7.67,7.66,7.65,7.64,7.63,7.63,7.62,7.61,7.61,7.60,121.29,0.00,0.00,1.00,1.00,0.00,1.00,-1.00,0,None,0,aggregation
160,220.54,remora7,remora3,11.86,11.86,13.63,13.63,-12.24,-12.24,-11.85,-11.85,12.57,12.57,3.07,3.07,5.31,5.31,3.45,3.45,3.85,3.85,3.97,3.97,4.23,4.22,4.22,4.22,4.21,4.21,4.20,4.19,4.19,4.19,7.59,7.58,7.57,7.56,7.55,7.55,7.54,7.54,7.53,7.52,100.24,0.00,0.00,1.00,1.00,0.00,1.00,-1.00,0,None,0,aggregation
160,221.54,remora7,remora3,12.93,12.93,-11.38,-11.38,-10.98,-10.98,11.86,11.86,11.13,11.13,4.42,4.42,4.32,4.32,4.72,4.72,3.07,3.07,2.16,2.16,4.19,4.19,4.18,4.18,4.18,4.17,4.17,4.17,4.17,4.17,7.51,7.50,7.50,7.49,7.49,7.48,7.48,7.47,7.46,7.46,78.86,0.00,0.00,1.00,1.00,0.00,1.00,-1.00,0,None,0,aggregation
160,222.54,remora7,remora3,13.10,13.10,15.02,15.02,-11.25,-11.25,-10.82,-10.82,13.81,13.81,4.64,4.64,7.07,7.07,4.45,4.45,4.87,4.87,5.53,5.53,4.18,4.18,4.18,4.19,4.19,4.19,4.19,4.19,4.20,4.20,7.45,7.44,7.43,7.42,7.42,7.41,7.41,7.41,7.40,7.39,72.71,0.00,0.00,1.00,1.00,0.00,1.00,-1.00,0,None,0,aggregation
160,223.54,remora7,remora3,13.98,13.98,15.70,15.70,-10.80,-10.37,-10.37,-10.37,14.68,14.68,5.75,5.75,7.93,7.93,4.89,5.32,5.32,5.32,6.63,6.63,4.21,4.21,4.22,4.23,4.24,4.24,4.25,4.25,4.26,4.27,7.38,7.38,7.37,7.36,7.36,7.35,7.35,7.36,7.36,7.36,65.95,0.00,0.00,1.00,1.00,0.00,1.00,-1.00,0,None,0,aggregation
160,224.54,remora7,remora3,14.85,-9.82,-9.82,-9.82,15.53,15.53,15.19,15.19,16.71,16.71,6.85,5.88,5.88,5.88,7.72,7.72,7.28,7.28,9.22,9.22,4.28,4.29,4.30,4.30,4.31,4.33,4.34,4.35,4.37,4.38,7.36,7.36,7.36,7.36,7.37,7.37,7.36,7.36,7.36,7.36,65.81,0.00,0.00,1.00,1.00,0.00,1.00,-1.00,0,None,0,aggregation
160,225.54,remora7,remora3,-10.00,-10.00,-9.70,-9.70,15.70,15.70,15.87,17.36,17.36,-9.59,5.69,5.69,6.00,6.00,7.93,7.93,8.15,10.06,10.06,6.10,4.40,4.41,4.41,4.42,4.44,4.45,4.47,4.49,4.50,4.52,7.36,7.37,7.37,7.37,7.37,7.37,7.37,7.37,7.36,7.36,66.38,0.00,0.00,1.00,1.00,0.00,1.00,-1.00,0,None,0,aggregation
160,226.54,remora7,remora3,-9.59,-9.59,17.85,17.85,17.85,17.85,-9.43,-8.97,-8.97,-8.97,6.10,6.10,10.69,10.69,10.69,10.69,6.26,6.73,6.73,6.73,4.54,4.55,4.57,4.59,4.61,4.63,4.64,4.66,4.67,4.69,7.36,7.36,7.36,7.36,7.35,7.35,7.35,7.35,7.35,7.35,67.70,0.00,0.00,1.00,1.00,0.00,1.00,-1.00,0,None,0,aggregation
160,227.54,remora7,remora3,16.21,16.21,16.21,17.53,17.53,17.53,18.96,18.96,20.18,20.18,8.58,8.58,8.58,10.27,10.27,10.27,12.12,12.12,13.72,13.72,4.71,4.73,4.75,4.77,4.80,4.82,4.84,4.87,4.90,4.93,7.35,7.35,7.34,7.34,7.33,7.33,7.32,7.32,7.31,7.31,76.75,0.00,0.00,1.00,0.00,0.00,0.00,-1.00,0,None,0,aggregation
160,228.54,remora7,remora3,21.35,21.35,-10.11,-10.11,-9.64,-9.64,19.58,19.58,19.42,19.42,15.26,15.26,5.58,5.58,6.06,6.06,12.93,12.93,12.73,12.73,4.96,4.99,5.01,5.03,6.30,6.30,6.28,6.26,6.24,6.22,7.30,7.29,7.29,7.29,8.04,8.04,8.02,8.00,7.99,7.97,81.73,0.00,0.00,1.00,1.00,0.00,1.00,-1.00,0,None,0,aggregation
160,229.54,remora7,remora3,20.48,20.48,0.00,0.00,30.00,30.00,-9.56,-8.98,-8.98,-8.98,14.11,14.11,0.00,0.00,30.00,30.00,6.13,6.72,6.72,6.72,6.20,6.18,6.17,6.17,6.15,6.12,6.11,6.11,6.11,6.11,7.95,7.93,7.92,7.91,7.90,7.88,7.86,7.86,7.86,7.86,85.29,0.00,0.00,1.00,1.00,0.00,1.00,-1.00,0,None,0,aggregation
160,230.54,remora7,remora3,-7.97,-6.51,-6.51,-5.05,-5.05,-3.69,-3.69,-2.43,-2.43,-2.43,7.72,8.30,8.30,8.78,8.78,9.21,9.21,9.60,9.60,9.60,6.11,6.10,6.10,6.10,6.10,6.10,6.09,6.09,6.08,6.08,7.85,7.85,7.85,7.85,7.85,7.84,7.84,7.84,7.83,7.83,80.76,0.00,0.00,1.00,0.00,0.00,0.00,-1.00,0,None,0,aggregation
160,231.54,remora7,remora3,30.00,30.00,30.00,30.00,30.00,30.00,30.00,30.00,30.00,30.00,30.00,30.00,30.00,30.00,30.00,30.00,30.00,30.00,30.00,30.00,6.06,6.03,6.00,5.97,5.94,5.90,5.87,5.83,5.80,5.76,7.82,7.79,7.77,7.74,7.72,7.69,7.66,7.64,7.61,7.59,104.87,0.00,0.00,1.00,0.00,0.00,0.00,-1.00,0,None,0,aggregation
160,232.54,remora7,remora3,30.00,30.00,30.00,30.00,30.00,30.00,30.00,30.00,30.00,30.00,30.00,30.00,30.00,30.00,30.00,30.00,30.00,30.00,30.00,30.00,5.73,5.69,5.65,5.61,5.57,5.53,5.49,5.45,5.41,5.37,7.56,7.53,7.51,7.48,7.45,7.43,7.40,7.37,7.35,7.32,127.68,0.00,0.00,1.00,0.00,0.00,0.00,-1.00,0,None,0,aggregation
160,233.54,remora7,remora3,30.00,30.00,30.00,30.00,30.00,30.00,0.00,0.00,29.09,29.09,30.00,30.00,30.00,30.00,30.00,30.00,0.00,0.00,26.54,26.54,5.33,5.28,5.24,5.19,5.15,5.10,5.07,5.05,5.02,4.98,7.29,7.26,7.24,7.21,7.18,7.15,7.14,7.14,7.12,7.10,143.72,0.00,0.00,1.00,0.00,0.00,0.00,-1.00,0,None,0,aggregation
160,234.54,remora7,remora3,29.20,29.20,29.30,29.30,29.35,29.35,29.45,29.45,29.54,29.54,26.74,26.74,26.93,26.93,27.03,27.03,27.22,27.22,27.40,27.40,4.93,4.88,4.84,4.79,4.75,4.70,4.65,4.61,4.56,4.51,7.07,7.05,7.03,7.00,6.97,6.95,6.92,6.89,6.86,6.84,163.10,0.00,0.00,1.00,0.00,0.00,0.00,-1.00,0,None,0,aggregation
160,235.54,remora7,remora3,29.62,29.62,29.70,29.70,29.73,29.73,29.80,29.80,29.83,29.83,27.57,27.57,27.74,27.74,27.83,27.83,27.99,27.99,28.07,28.07,4.46,4.42,4.37,4.32,4.28,4.23,4.18,4.14,4.09,4.04,6.81,6.78,6.75,6.72,6.69,6.66,6.63,6.61,6.58,6.45,184.60,0.00,0.00,1.00,0.00,0.00,0.00,-1.00,0,None,0,aggregation
160,236.54,remora7,remora3,29.87,29.87,29.89,29.89,29.92,29.92,29.95,29.95,29.95,29.95,28.14,28.14,28.22,28.22,28.29,28.29,28.37,28.37,28.37,28.37,4.00,3.95,3.91,3.86,3.82,3.77,3.73,3.68,3.64,3.59,6.43,6.41,6.39,6.37,6.35,6.33,6.31,6.30,6.28,6.26,207.15,0.00,0.00,1.00,0.00,0.00,0.00,-1.00,0,None,0,aggregation
160,237.54,remora7,remora3,30.00,30.00,30.00,30.02,30.02,30.02,30.02,30.02,30.02,30.02,28.51,28.51,28.51,28.58,28.58,28.58,28.58,28.58,28.58,28.58,3.55,3.51,3.46,3.42,3.38,3.34,3.29,3.25,3.21,3.17,6.24,6.22,6.20,6.18,6.17,6.15,6.13,6.11,6.09,6.08,222.05,0.00,0.00,1.00,0.00,0.00,0.00,-1.00,0,None,0,aggregation
160,238.54,remora7,remora3,30.02,30.02,30.04,30.04,30.07,30.07,30.11,30.11,30.13,30.13,28.58,28.58,28.65,28.65,28.74,28.74,28.91,28.91,28.99,28.99,3.13,3.09,3.05,3.00,2.96,2.92,2.88,2.84,2.80,2.76,6.06,6.04,6.02,6.01,5.99,5.97,5.96,5.94,5.92,5.91,240.54,0.00,1.00,1.00,0.00,0.00,0.00,-1.00,0,None,0,aggregation
160,239.54,remora7,remora3,30.16,30.16,30.16,30.16,30.18,30.18,30.18,30.18,30.18,30.18,29.15,29.15,29.15,29.15,29.27,29.27,29.38,29.38,29.36,29.36,2.72,2.69,2.65,2.61,2.57,2.53,2.49,2.46,2.42,2.38,5.89,5.87,5.86,5.84,5.83,5.81,5.80,5.78,5.77,5.75,260.28,0.00,1.00,1.00,0.00,0.00,0.00,-1.00,0,None,0,aggregation
160,240.54,remora7,remora3,30.18,30.18,30.18,30.18,30.18,30.18,30.18,30.18,30.18,30.18,29.37,29.37,29.38,29.38,29.37,29.37,29.34,29.34,29.28,29.28,2.35,2.31,2.28,2.24,2.21,2.17,2.14,2.11,2.08,2.05,5.74,5.72,5.71,5.69,5.68,5.66,5.65,5.64,5.62,5.61,287.86,0.00,1.00,1.00,0.00,0.00,0.00,-1.00,0,None,0,aggregation
160,241.54,remora7,remora3,30.17,30.17,30.17,30.17,30.15,30.15,30.13,30.13,30.10,30.10,29.25,29.25,29.22,29.22,29.11,29.11,29.00,29.00,28.86,28.86,2.02,1.99,1.96,1.93,1.91,1.88,1.86,1.83,1.81,1.79,5.60,5.58,5.57,5.56,5.55,5.54,5.52,5.51,5.50,5.49,287.48,0.00,1.00,1.00,0.00,0.00,0.00,-1.00,0,None,0,aggregation
160,242.54,remora7,remora3,30.08,30.08,30.03,30.00,30.00,30.00,29.94,29.94,0.00,0.00,28.77,28.77,28.59,28.50,28.50,28.50,28.33,28.33,0.00,0.00,1.77,1.75,1.73,1.72,1.70,1.69,1.68,1.67,1.67,1.68,5.48,4.65,4.62,4.60,4.57,4.55,4.52,4.50,4.48,4.48,280.89,0.00,1.00,1.00,0.00,0.00,0.00,-1.00,0,None,0,aggregation
160,243.54,remora7,remora3,0.00,0.00,0.00,0.00,0.00,0.00,0.00,0.00,0.00,0.00,0.00,0.00,0.00,0.00,0.00,0.00,0.00,0.00,0.00,0.00,1.69,1.71,1.73,1.74,1.75,1.74,1.73,1.73,1.72,1.71,5.85,5.85,5.84,5.83,5.83,5.81,5.80,5.79,5.77,5.76,257.33,0.00,1.00,1.00,0.00,0.00,0.00,-1.00,0,None,0,aggregation
160,244.54,remora7,remora3,0.00,0.00,0.00,0.00,0.00,0.00,0.00,0.00,0.00,0.00,0.00,0.00,0.00,0.00,0.00,0.00,0.00,0.00,0.00,0.00,1.70,1.69,1.70,1.73,1.74,1.74,1.73,1.72,1.71,1.71,5.75,5.74,5.73,5.72,5.71,5.70,5.69,5.68,5.67,5.65,229.11,0.00,1.00,1.00,0.00,0.00,0.00,-1.00,0,None,0,aggregation
160,245.54,remora7,remora3,0.00,0.00,0.00,0.00,0.00,0.00,0.00,0.00,0.00,0.00,0.00,0.00,0.00,0.00,0.00,0.00,0.00,0.00,0.00,0.00,1.70,1.69,1.69,1.71,1.73,1.73,1.72,1.72,1.71,1.71,5.64,5.63,5.62,5.61,5.61,5.60,5.59,5.58,5.57,5.56,200.33,0.00,1.00,1.00,0.00,0.00,0.00,-1.00,0,None,0,aggregation
160,246.54,remora7,remora3,0.00,0.00,0.00,0.00,0.00,0.00,0.00,0.00,0.00,0.00,0.00,0.00,0.00,0.00,0.00,0.00,0.00,0.00,0.00,0.00,1.71,1.73,1.74,1.74,1.74,1.74,1.73,1.73,1.74,1.75,5.56,5.55,5.55,5.54,5.54,5.53,5.52,5.51,5.50,5.50,171.23,0.00,1.00,1.00,0.00,0.00,0.00,-1.00,0,None,0,aggregation
160,247.54,remora7,remora3,0.00,0.00,0.00,0.00,0.00,0.00,0.00,0.00,0.00,0.00,0.00,0.00,0.00,0.00,0.00,0.00,0.00,0.00,0.00,0.00,1.76,1.77,1.78,1.79,1.81,1.82,1.83,1.85,1.86,1.88,5.49,5.49,5.49,5.48,5.48,5.48,5.48,5.47,5.47,5.47,141.94,0.00,1.00,1.00,0.00,0.00,0.00,-1.00,0,None,0,aggregation
160,248.54,remora7,remora3,0.00,0.00,0.00,0.00,0.00,0.00,0.00,0.00,0.00,0.00,0.00,0.00,0.00,0.00,0.00,0.00,0.00,0.00,0.00,0.00,1.89,1.89,1.88,1.88,1.88,1.90,1.91,1.92,1.93,1.94,5.47,5.47,5.47,5.47,5.46,5.46,5.46,5.46,5.46,5.45,112.52,0.00,1.00,1.00,0.00,0.00,0.00,-1.00,0,None,0,aggregation
160,249.54,remora7,remora3,0.00,0.00,0.00,0.00,0.00,0.00,0.00,0.00,0.00,0.00,0.00,0.00,0.00,0.00,0.00,0.00,0.00,0.00,0.00,0.00,1.96,1.97,1.98,2.00,2.01,2.03,2.03,2.03,2.04,2.05,5.45,5.45,5.45,5.44,5.44,5.44,5.43,5.43,5.42,5.42,82.80,0.00,1.00,1.00,0.00,0.00,0.00,-1.00,0,None,0,aggregation
160,250.54,remora7,remora3,0.00,0.00,0.00,0.00,0.00,0.00,0.00,0.00,0.00,0.00,0.00,0.00,0.00,0.00,0.00,0.00,0.00,0.00,0.00,0.00,2.07,2.08,2.09,2.09,2.09,2.09,2.08,2.08,2.08,2.09,5.41,5.42,5.42,5.42,5.41,5.41,5.40,5.39,5.38,5.38,53.03,0.00,1.00,1.00,0.00,0.00,0.00,-1.00,0,None,0,aggregation
160,251.54,remora7,remora3,0.00,0.00,0.00,0.00,0.00,0.00,0.00,0.00,0.00,0.00,0.00,0.00,0.00,0.00,0.00,0.00,0.00,0.00,0.00,0.00,2.10,2.11,2.11,2.12,2.13,2.14,2.15,2.16,2.17,2.18,5.37,5.37,5.36,5.36,5.35,5.35,5.34,5.34,5.34,5.35,23.42,0.00,1.00,0.00,0.00,0.00,0.00,-1.00,0,None,0,aggregation
160,252.54,remora7,remora3,0.00,0.00,0.00,0.00,0.00,0.00,0.00,0.00,0.00,0.00,0.00,0.00,0.00,0.00,0.00,0.00,0.00,0.00,0.00,0.00,2.19,2.20,2.22,2.23,2.24,2.26,2.26,2.26,2.26,2.26,5.35,5.34,5.34,5.33,5.33,5.33,5.32,5.31,5.31,5.30,0.00,0.00,1.00,0.00,0.00,0.00,0.00,-1.00,0,None,0,aggregation
160,253.54,remora7,remora3,0.00,0.00,0.00,0.00,0.00,0.00,0.00,0.00,0.00,0.00,0.00,0.00,0.00,0.00,0.00,0.00,0.00,0.00,0.00,0.00,2.25,2.25,2.25,2.26,2.26,2.27,2.28,2.28,2.29,2.30,5.29,5.28,5.28,5.27,5.27,5.27,5.26,5.26,5.25,5.25,0.00,0.00,1.00,0.00,0.00,0.00,0.00,-1.00,0,None,0,aggregation
160,254.54,remora7,remora3,0.00,0.00,0.00,0.00,0.00,0.00,0.00,0.00,0.00,0.00,0.00,0.00,0.00,0.00,0.00,0.00,0.00,0.00,0.00,0.00,2.30,2.31,2.32,2.32,2.31,2.31,2.31,2.32,2.32,2.33,5.25,5.25,5.25,5.24,5.24,5.24,5.23,5.23,5.23,5.23,0.00,0.00,1.00,0.00,0.00,0.00,0.00,-1.00,0,None,0,aggregation
160,255.54,remora7,remora3,0.00,0.00,0.00,0.00,0.00,0.00,0.00,0.00,0.00,0.00,0.00,0.00,0.00,0.00,0.00,0.00,0.00,0.00,0.00,0.00,2.33,2.34,2.35,2.35,2.36,2.35,2.35,2.35,2.35,2.35,5.22,5.22,5.22,5.22,5.22,5.21,5.21,5.20,5.20,5.20,0.00,0.00,1.00,0.00,0.00,0.00,0.00,-1.00,0,None,0,aggregation
160,256.54,remora7,remora3,0.00,0.00,0.00,0.00,0.00,0.00,0.00,0.00,0.00,0.00,0.00,0.00,0.00,0.00,0.00,0.00,0.00,0.00,0.00,0.00,2.36,2.36,2.37,2.37,2.38,2.39,2.39,2.39,2.39,2.40,5.21,5.21,5.21,5.21,5.21,5.21,5.21,5.20,5.20,5.20,0.00,0.00,1.00,0.00,0.00,0.00,0.00,-1.00,0,None,0,aggregation
160,257.54,remora7,remora3,0.00,0.00,0.00,0.00,0.00,0.00,0.00,0.00,0.00,0.00,0.00,0.00,0.00,0.00,0.00,0.00,0.00,0.00,0.00,0.00,2.40,2.41,2.42,2.41,2.41,2.41,2.41,2.41,2.41,2.42,5.20,5.20,5.20,5.20,5.20,5.20,5.20,5.20,5.19,5.19,0.00,0.00,1.00,0.00,0.00,0.00,0.00,-1.00,0,None,0,aggregation
160,258.54,remora7,remora3,0.00,0.00,0.00,0.00,0.00,0.00,0.00,0.00,0.00,0.00,0.00,0.00,0.00,0.00,0.00,0.00,0.00,0.00,0.00,0.00,2.42,2.43,2.43,2.43,2.43,2.42,2.42,2.43,2.43,2.43,5.19,5.19,5.19,5.19,5.19,5.19,5.19,5.19,5.19,5.19,0.00,0.00,1.00,0.00,0.00,0.00,0.00,-1.00,0,None,0,aggregation
160,259.54,remora7,remora3,0.00,0.00,0.00,0.00,0.00,0.00,0.00,0.00,0.00,0.00,0.00,0.00,0.00,0.00,0.00,0.00,0.00,0.00,0.00,0.00,2.44,2.44,2.45,2.45,2.46,2.47,2.48,2.47,2.47,2.46,5.19,5.19,5.19,5.19,5.19,5.19,5.19,5.19,5.19,5.19,0.00,0.00,1.00,0.00,0.00,0.00,0.00,-1.00,0,None,0,aggregation
160,260.54,remora7,remora3,0.00,0.00,0.00,0.00,0.00,0.00,0.00,0.00,0.00,0.00,0.00,0.00,0.00,0.00,0.00,0.00,0.00,0.00,0.00,0.00,2.46,2.47,2.48,2.48,2.49,2.50,2.50,2.49,2.49,2.49,5.19,5.19,5.19,5.19,5.19,5.19,5.19,5.19,5.19,5.19,0.00,0.00,1.00,0.00,0.00,0.00,0.00,-1.00,0,None,0,aggregation
160,261.54,remora7,remora3,0.00,0.00,0.00,0.00,0.00,0.00,0.00,0.00,0.00,0.00,0.00,0.00,0.00,0.00,0.00,0.00,0.00,0.00,0.00,0.00,2.49,2.49,2.49,2.50,2.50,2.51,2.52,2.52,2.53,2.52,5.18,5.18,5.18,5.18,5.18,5.19,5.19,5.19,5.19,5.19,0.00,0.00,1.00,0.00,0.00,0.00,0.00,-1.00,0,None,0,aggregation
160,262.54,remora7,remora3,0.00,0.00,0.00,0.00,0.00,0.00,0.00,0.00,0.00,0.00,0.00,0.00,0.00,0.00,0.00,0.00,0.00,0.00,0.00,0.00,2.52,2.52,2.51,2.52,2.52,2.53,2.54,2.54,2.55,2.56,5.19,5.19,5.18,5.18,5.18,5.18,5.19,5.19,5.19,5.19,0.00,0.00,1.00,0.00,0.00,0.00,0.00,-1.00,0,None,0,aggregation
160,263.54,remora7,remora3,0.00,0.00,-34.29,-34.29,-33.96,-33.96,-33.39,-33.39,-32.68,-31.93,0.00,0.00,-23.83,-23.83,-23.50,-23.50,-22.92,-22.92,-22.22,-21.46,2.56,2.56,2.56,2.58,2.61,2.64,2.67,2.69,2.72,2.75,5.19,5.19,5.20,5.23,5.25,5.28,5.31,5.34,5.36,5.39,22.60,0.00,1.00,0.00,0.00,0.00,0.00,-1.00,0,None,0,aggregation
160,264.54,remora7,remora3,-31.93,-31.93,-30.95,-29.93,-29.93,-29.93,-28.88,-28.88,-27.66,-27.66,-21.46,-21.46,-20.49,-19.46,-19.46,-19.46,-18.42,-18.42,-17.20,-17.20,2.78,2.81,2.84,2.86,2.88,2.90,2.93,2.96,2.98,2.99,5.42,5.45,5.47,5.49,5.52,5.54,5.56,5.59,5.61,5.63,47.14,0.00,1.00,1.00,0.00,0.00,0.00,-1.00,0,None,0,aggregation
160,265.54,remora7,remora3,-26.27,-26.27,-24.96,-24.96,-23.50,-23.50,-22.12,-22.12,-20.42,-20.42,-15.80,-15.80,-14.49,-14.49,-13.03,-13.03,-11.66,-11.66,-9.96,-9.96,3.00,3.01,3.03,3.04,3.06,3.08,3.09,3.11,3.12,3.14,5.64,5.66,5.68,5.70,5.71,5.73,5.74,5.76,5.77,5.79,65.36,0.00,0.00,1.00,0.00,0.00,0.00,-1.00,0,None,0,aggregation
160,266.54,remora7,remora3,-18.69,-18.69,-17.04,-17.04,-15.30,-15.30,-13.52,-13.52,-11.63,-11.63,-8.22,-8.22,-6.58,-6.58,-4.84,-4.84,-3.06,-3.06,-1.16,-1.16,3.15,3.17,3.18,3.18,3.18,3.18,3.19,3.20,3.20,3.21,5.80,5.81,5.82,5.83,5.83,5.84,5.84,5.85,5.85,5.86,75.37,0.00,0.00,1.00,0.00,0.00,0.00,-1.00,0,None,0,aggregation
160,267.54,remora7,remora3,-9.58,-9.58,-7.64,-7.64,-5.64,-5.64,-3.34,-3.34,-1.15,-1.15,0.89,0.89,2.82,2.82,4.82,4.82,6.75,6.75,8.50,8.50,3.22,3.23,3.23,3.23,3.23,3.23,3.23,3.23,3.24,3.24,5.86,5.87,5.87,5.87,5.88,5.88,5.88,5.88,5.88,5.88,77.87,0.00,0.00,1.00,0.00,0.00,0.00,-1.00,0,None,0,aggregation
160,268.54,remora7,remora3,1.13,1.13,3.06,3.06,5.15,5.15,7.00,7.00,8.97,8.97,10.32,10.32,11.85,11.85,13.51,13.51,14.97,14.97,16.51,16.51,3.25,3.26,3.27,3.28,3.29,3.30,3.31,3.31,3.31,3.31,5.88,5.89,5.90,5.91,5.92,5.93,5.94,5.95,5.96,5.96,87.12,0.00,0.00,1.00,0.00,0.00,0.00,-1.00,0,None,0,aggregation
160,269.54,remora7,remora3,10.71,10.71,12.33,12.33,13.75,13.75,15.14,16.64,16.64,17.71,17.87,17.87,19.12,19.12,20.21,20.21,21.26,22.39,22.39,23.18,3.32,3.33,3.35,3.36,3.37,3.38,3.39,3.39,3.41,3.42,5.97,5.98,6.00,6.01,6.02,6.82,6.82,6.82,6.82,6.83,104.29,0.00,0.00,1.00,0.00,0.00,0.00,-1.00,0,None,0,aggregation
160,270.54,remora7,remora3,17.71,17.71,18.89,18.89,19.97,19.97,20.90,20.90,21.80,21.80,23.18,23.18,24.04,24.04,24.82,24.82,25.48,25.48,26.10,26.10,3.44,3.46,3.48,3.50,3.52,3.55,3.57,3.60,3.62,3.64,6.83,6.05,6.05,6.06,6.06,6.06,6.07,6.08,6.08,6.09,126.58,0.00,0.00,1.00,0.00,0.00,0.00,-1.00,0,None,0,aggregation
160,271.54,remora7,remora3,22.57,22.57,23.27,23.27,23.92,23.92,24.50,24.50,25.04,25.04,26.63,26.63,27.09,27.09,27.52,27.52,27.89,27.89,28.23,28.23,3.65,3.67,3.69,3.71,3.74,3.77,3.80,3.83,3.85,3.87,6.09,6.10,6.10,6.11,6.12,6.13,6.14,6.15,6.16,6.17,152.24,0.00,0.00,1.00,0.00,0.00,0.00,-1.00,0,None,0,aggregation
160,272.54,remora7,remora3,25.55,25.55,26.01,26.01,26.44,26.44,26.73,26.73,27.05,27.05,28.54,28.54,28.80,28.80,29.04,29.04,29.20,29.20,29.36,29.36,3.89,3.91,3.94,3.97,3.99,4.02,4.05,4.08,4.12,4.15,6.18,6.19,6.96,6.97,6.97,6.98,6.98,6.99,7.00,7.01,179.91,0.00,0.00,1.00,0.00,0.00,0.00,-1.00,0,None,0,aggregation
160,273.54,remora7,remora3,27.29,27.29,27.64,27.64,27.83,28.01,28.01,28.01,28.24,28.24,29.49,29.49,29.65,29.65,29.73,29.81,29.81,29.81,29.90,29.90,4.18,4.22,4.25,4.27,4.29,4.31,4.34,4.37,4.40,4.43,7.02,7.03,7.03,7.04,7.05,7.05,7.06,7.07,7.08,7.09,186.08,0.00,0.00,1.00,0.00,0.00,0.00,-1.00,0,None,0,aggregation
160,274.54,remora7,remora3,28.38,28.38,28.53,28.53,28.66,28.66,28.78,28.78,28.93,28.93,29.96,29.96,30.00,30.00,30.05,30.05,30.08,30.08,30.12,30.12,4.47,4.50,4.53,4.57,4.60,4.64,4.67,4.69,4.72,4.74,7.10,7.11,7.13,7.14,7.15,7.16,7.17,7.18,7.19,7.20,190.90,0.00,0.00,1.00,0.00,0.00,0.00,-1.00,0,None,0,aggregation
160,275.54,remora7,remora3,29.09,29.09,29.16,29.16,29.30,29.30,29.45,29.45,29.46,29.46,30.15,30.15,30.16,30.16,30.18,30.18,30.19,30.19,30.19,30.19,4.77,4.80,4.83,4.87,4.90,4.94,4.97,5.01,5.04,5.06,7.21,7.23,7.24,7.25,7.27,7.28,7.29,7.31,7.32,7.33,202.41,0.00,0.00,1.00,0.00,0.00,0.00,-1.00,0,None,0,aggregation
160,276.54,remora7,remora3,29.62,29.98,29.98,29.98,29.98,29.98,0.00,0.00,30.00,30.00,30.17,30.02,30.02,30.02,30.02,30.02,0.00,0.00,30.00,30.00,5.09,5.11,5.14,5.17,5.21,5.24,5.26,5.26,5.28,5.32,7.35,7.36,7.37,7.39,7.40,7.42,7.42,7.42,7.42,7.44,216.39,0.00,0.00,1.00,0.00,0.00,0.00,-1.00,0,None,0,aggregation
160,277.54,remora7,remora3,30.00,30.00,30.00,30.00,30.00,30.00,30.00,30.00,30.00,30.00,30.00,30.00,30.00,30.00,30.00,30.00,30.00,30.00,30.00,30.00,5.35,5.37,5.40,5.44,5.48,5.51,5.55,5.57,5.60,5.62,7.45,7.46,7.48,7.49,7.51,7.52,7.54,7.55,7.57,7.58,243.88,0.00,0.00,1.00,0.00,0.00,0.00,-1.00,0,None,0,aggregation
160,278.54,remora7,remora3,30.00,30.00,30.00,30.00,30.00,30.00,30.00,30.00,30.00,30.00,30.00,30.00,30.00,30.00,30.00,30.00,30.00,30.00,30.00,30.00,5.65,5.68,5.72,5.75,5.79,5.83,5.86,5.88,5.91,5.93,7.60,7.61,7.63,7.64,7.66,7.67,7.69,7.70,7.72,7.73,264.63,0.00,0.00,1.00,0.00,0.00,0.00,-1.00,0,None,0,aggregation
160,279.54,remora7,remora3,30.00,30.00,30.00,30.00,30.00,30.00,30.00,30.00,30.00,30.00,30.00,30.00,30.00,30.00,30.00,30.00,30.00,30.00,30.00,30.00,5.96,5.99,6.02,6.06,6.09,6.13,6.17,6.20,6.23,6.26,7.75,7.76,7.78,7.79,7.81,7.83,7.84,7.86,7.88,7.89,277.47,0.00,0.00,1.00,0.00,0.00,0.00,-1.00,0,None,0,aggregation
160,280.54,remora7,remora3,30.00,30.00,30.00,30.00,30.00,30.00,30.00,30.00,30.00,30.00,30.00,30.00,30.00,30.00,30.00,30.00,30.00,30.00,30.00,30.00,6.28,6.31,6.33,6.37,6.40,6.44,6.47,6.49,6.52,6.55,7.91,7.92,7.93,7.95,7.97,7.98,8.00,8.02,8.04,8.06,285.18,0.00,0.00,1.00,0.00,0.00,0.00,-1.00,0,None,0,aggregation
160,281.54,remora7,remora3,30.00,30.00,30.00,30.00,30.00,30.00,30.00,30.00,30.00,30.00,30.00,30.00,30.00,30.00,30.00,30.00,30.00,30.00,30.00,30.00,6.58,6.61,6.64,6.67,6.70,6.73,6.76,6.79,6.82,6.85,8.08,8.09,8.11,8.12,8.14,8.15,8.17,8.18,7.75,7.76,289.51,0.00,0.00,1.00,0.00,0.00,0.00,-1.00,0,None,0,aggregation
160,282.54,remora7,remora3,30.00,30.00,30.00,30.00,30.00,30.00,30.00,30.00,30.00,30.00,30.00,30.00,30.00,30.00,30.00,30.00,30.00,30.00,30.00,30.00,6.88,6.91,6.94,6.96,6.99,7.02,7.05,7.08,7.11,7.14,7.77,7.79,7.80,7.81,7.83,7.84,7.86,7.87,7.88,7.89,291.84,0.00,0.00,1.00,0.00,0.00,0.00,-1.00,0,None,0,aggregation
160,283.54,remora7,remora3,30.00,30.00,30.00,30.00,30.00,30.00,30.00,30.00,30.00,30.00,30.00,30.00,30.00,30.00,30.00,30.00,30.00,30.00,30.00,30.00,7.17,7.20,7.23,7.26,7.29,7.32,7.35,7.38,7.41,7.44,7.91,7.92,7.94,7.95,7.96,7.98,7.99,7.99,8.00,8.02,293.07,0.00,0.00,1.00,0.00,0.00,0.00,-1.00,0,None,0,aggregation
160,284.54,remora7,remora3,30.00,30.00,30.00,30.00,30.00,30.00,30.00,30.00,30.00,30.00,30.00,30.00,30.00,30.00,30.00,30.00,30.00,30.00,30.00,30.00,7.47,7.50,7.52,7.55,7.58,7.61,7.64,7.67,7.70,7.73,8.03,8.04,8.05,8.06,8.07,8.07,8.08,8.09,8.11,8.12,293.72,0.00,0.00,1.00,0.00,0.00,0.00,-1.00,0,None,0,aggregation
160,285.54,remora7,remora3,30.00,30.00,30.00,30.00,30.00,30.00,30.00,30.00,30.00,30.00,30.00,30.00,30.00,30.00,30.00,30.00,30.00,30.00,30.00,30.00,7.76,7.79,7.82,7.83,7.83,7.82,7.81,7.81,7.80,7.79,8.13,8.14,8.15,8.16,8.17,8.18,8.19,8.20,8.57,8.57,293.99,0.00,0.00,1.00,0.00,0.00,0.00,-1.00,0,None,0,aggregation
160,286.54,remora7,remora3,30.00,30.00,30.00,30.00,30.00,30.00,30.00,30.00,30.00,30.00,30.00,30.00,30.00,30.00,30.00,30.00,30.00,30.00,30.00,30.00,7.79,7.78,7.78,7.77,7.77,7.76,7.76,7.75,7.75,7.74,8.58,8.59,8.59,8.60,8.61,8.61,8.61,8.62,8.62,8.63,300.00,0.00,0.00,1.00,0.00,0.00,0.00,-1.00,0,None,0,aggregation
160,287.54,remora7,remora3,30.00,30.00,30.00,30.00,30.00,30.00,30.00,30.00,30.00,30.00,30.00,30.00,30.00,30.00,30.00,30.00,30.00,30.00,30.00,30.00,7.74,7.73,7.73,7.72,7.72,7.72,7.71,7.71,7.71,7.70,8.64,8.65,8.65,8.66,8.66,8.67,8.67,8.68,8.69,8.70,300.00,0.00,0.00,1.00,0.00,0.00,0.00,-1.00,0,None,0,aggregation
160,288.54,remora7,remora3,30.00,30.00,30.00,30.00,30.00,30.00,30.00,30.00,30.00,30.00,30.00,30.00,30.00,30.00,30.00,30.00,30.00,30.00,30.00,30.00,7.70,7.70,7.69,7.69,7.69,7.69,7.68,7.68,7.68,7.68,8.70,8.71,8.72,8.73,8.74,8.74,8.75,8.75,8.76,8.77,300.00,0.00,0.00,1.00,0.00,0.00,0.00,-1.00,0,None,0,aggregation
160,289.54,remora7,remora3,30.00,30.00,30.00,30.00,30.00,30.00,30.00,30.00,0.00,0.00,30.00,30.00,30.00,30.00,30.00,30.00,30.00,30.00,0.00,0.00,7.68,7.68,7.68,7.68,7.67,7.68,7.68,7.68,7.67,7.64,8.78,8.79,8.79,8.80,8.81,8.81,8.82,8.83,8.83,8.83,294.00,0.00,0.00,1.00,0.00,0.00,0.00,-1.00,0,None,0,aggregation
160,290.54,remora7,remora3,-11.02,-11.02,-9.40,-9.40,-7.35,-5.03,-5.03,-2.63,-2.63,-2.63,-21.48,-21.48,-19.87,-19.87,-17.82,-15.49,-15.49,-13.10,-13.10,-13.10,7.61,7.58,7.54,7.51,7.47,7.44,7.41,7.38,7.35,7.33,8.82,8.81,8.80,8.79,8.78,8.77,8.76,8.76,8.75,8.74,275.85,0.00,0.00,1.00,0.00,0.00,0.00,-1.00,0,None,0,aggregation
160,291.54,remora7,remora3,-0.39,-0.39,2.10,2.10,4.60,4.60,6.72,6.72,8.76,8.76,-10.85,-10.85,-8.37,-8.37,-5.86,-5.86,-3.37,-3.37,-0.82,-0.82,7.30,7.28,7.25,7.23,7.21,7.19,7.17,7.16,7.14,7.12,8.74,8.73,8.72,8.72,8.71,8.71,8.71,8.71,8.70,8.70,248.85,0.00,0.00,1.00,0.00,0.00,0.00,-1.00,0,None,0,aggregation
160,292.54,remora7,remora3,10.59,10.59,12.39,12.39,14.16,14.16,15.53,17.20,17.20,17.20,1.47,1.47,3.74,3.74,5.97,5.97,7.72,9.85,9.85,9.85,7.11,7.09,7.08,7.07,7.06,7.05,7.03,7.02,7.01,7.00,8.70,8.69,8.69,8.69,8.68,8.68,8.68,8.68,8.68,8.67,228.91,0.00,0.00,1.00,0.00,0.00,0.00,-1.00,0,None,0,aggregation
160,293.54,remora7,remora3,18.49,18.49,19.42,19.42,20.63,20.63,21.49,21.49,22.33,22.33,11.51,11.51,12.73,12.73,14.30,14.30,15.45,15.45,16.56,16.56,6.99,6.99,6.98,6.97,6.96,6.95,6.94,6.94,6.93,6.92,8.67,8.66,8.66,8.65,8.65,8.65,8.64,8.64,8.64,8.63,216.20,0.00,0.00,1.00,0.00,0.00,0.00,-1.00,0,None,0,aggregation
160,294.54,remora7,remora3,23.13,23.13,23.89,23.89,24.62,24.62,25.08,25.08,25.64,25.64,17.64,17.64,18.68,18.68,19.69,19.69,20.34,20.34,21.12,21.12,6.91,6.91,6.90,6.89,6.89,6.88,6.88,6.87,6.86,6.86,8.63,8.62,8.61,8.61,8.60,8.59,8.59,8.58,8.58,8.57,208.18,0.00,0.00,1.00,0.00,0.00,0.00,-1.00,0,None,0,aggregation
160,295.54,remora7,remora3,26.16,26.16,26.56,26.56,26.85,26.85,27.21,27.21,27.56,27.56,21.88,21.88,22.47,22.47,22.89,22.89,23.45,23.45,23.98,23.98,6.85,6.85,6.84,6.84,6.84,6.83,6.83,6.83,6.82,6.82,8.56,8.56,8.55,8.54,8.53,8.52,8.52,8.51,8.50,8.49,203.08,0.00,0.00,1.00,0.00,0.00,0.00,-1.00,0,None,0,aggregation
160,296.54,remora7,remora3,27.81,27.81,28.04,28.04,28.34,28.34,28.48,28.48,28.74,28.74,24.36,24.36,24.74,24.74,25.22,25.22,25.45,25.45,25.90,25.90,6.82,6.82,6.82,6.82,6.82,6.82,6.82,6.82,6.82,6.82,8.49,8.48,8.47,8.46,8.45,8.44,8.43,8.42,8.41,8.40,199.79,0.00,0.00,1.00,0.00,0.00,0.00,-1.00,0,None,0,aggregation
160,297.54,remora7,remora3,28.86,28.86,29.09,29.09,29.20,29.20,29.35,29.35,29.49,29.49,26.12,26.12,26.54,26.54,26.74,26.74,27.03,27.03,27.31,27.31,6.82,6.82,6.83,6.83,6.83,6.84,6.84,6.85,6.85,6.86,8.39,8.38,8.37,8.36,8.35,8.34,8.33,8.32,8.31,8.31,197.76,0.00,0.00,1.00,0.00,0.00,0.00,-1.00,0,None,0,aggregation
160,298.54,remora7,remora3,29.58,29.66,29.66,29.66,29.73,29.73,29.83,29.83,29.89,29.89,27.49,27.66,27.66,27.66,27.83,27.83,28.07,28.07,28.22,28.22,6.87,6.87,6.88,6.89,6.90,6.91,6.92,6.93,6.94,6.95,8.30,8.29,8.28,8.27,8.27,8.26,8.25,8.24,8.24,8.23,196.57,0.00,0.00,1.00,0.00,0.00,0.00,-1.00,0,None,0,aggregation
160,299.54,remora7,remora3,29.95,29.95,30.00,30.00,30.02,30.02,30.06,30.06,30.08,30.08,28.37,28.37,28.51,28.51,28.58,28.58,28.71,28.71,28.78,28.78,6.96,6.97,6.96,6.93,6.91,6.88,6.85,6.83,6.80,6.78,8.22,8.22,8.21,8.21,7.75,7.75,8.19,8.19,8.18,8.17,201.88,0.00,0.00,1.00,0.00,0.00,0.00,-1.00,0,None,0,aggregation
160,300.54,remora7,remora3,30.11,30.11,30.14,30.14,30.14,30.16,30.16,30.16,30.17,30.17,28.90,28.90,29.02,29.02,29.02,29.14,29.14,29.14,29.19,29.19,6.75,6.72,6.70,6.67,6.65,6.62,6.60,6.57,6.55,6.52,8.17,8.17,8.16,7.70,7.69,7.69,7.68,7.68,7.68,7.67,219.63,0.00,0.00,1.00,0.00,0.00,0.00,-1.00,0,None,0,aggregation
160,301.54,remora7,remora3,30.17,30.17,30.18,30.18,30.18,30.18,30.18,30.18,30.19,30.19,29.24,29.24,29.34,29.34,29.34,29.34,29.34,29.34,29.44,29.44,6.50,6.47,6.45,6.42,6.40,6.37,6.35,6.32,6.30,6.28,7.67,7.66,7.66,7.66,7.66,7.65,7.65,7.65,7.65,7.64,246.39,0.00,0.00,1.00,0.00,0.00,0.00,-1.00,0,None,0,aggregation
160,302.54,remora7,remora3,30.19,30.19,30.19,30.19,30.18,30.18,30.18,30.18,30.18,30.18,29.44,29.44,29.44,29.44,29.53,29.53,29.53,29.53,29.53,29.53,6.25,6.23,6.20,6.18,6.16,6.13,6.11,6.09,6.06,6.04,7.64,7.64,7.64,7.63,7.63,7.63,7.63,7.63,7.63,7.63,266.18,0.00,0.00,1.00,0.00,0.00,0.00,-1.00,0,None,0,aggregation
160,303.54,remora7,remora3,30.18,30.18,30.18,30.18,30.18,30.18,30.18,30.18,30.17,30.17,29.53,29.53,29.53,29.53,29.57,29.57,29.57,29.57,29.62,29.62,6.02,5.99,5.97,5.95,5.93,5.90,5.88,5.86,5.84,5.82,7.62,7.62,7.62,7.62,7.63,7.63,7.63,7.64,7.64,7.65,278.76,0.00,0.00,1.00,0.00,0.00,0.00,-1.00,0,None,0,aggregation
160,304.54,remora7,remora3,30.17,30.17,30.17,30.17,30.17,30.17,30.17,30.17,30.17,30.18,29.62,29.62,29.62,29.62,29.62,29.62,29.62,29.62,29.62,29.57,5.79,5.77,5.75,5.73,5.71,5.69,5.66,5.64,5.62,5.60,7.65,7.65,7.66,7.66,7.67,7.67,7.68,7.69,7.69,7.70,286.67,0.00,0.00,1.00,0.00,0.00,0.00,-1.00,0,None,0,aggregation
160,305.54,remora7,remora3,30.18,30.18,30.18,30.18,30.18,30.18,30.18,30.18,30.18,30.18,29.57,29.57,29.57,29.57,29.57,29.57,29.57,29.57,29.53,29.53,5.58,5.56,5.54,5.52,5.50,5.48,5.46,5.44,5.42,5.40,7.70,7.71,7.71,7.72,7.72,7.73,7.74,7.74,7.75,7.75,291.64,0.00,0.00,1.00,0.00,0.00,0.00,-1.00,0,None,0,aggregation
160,306.54,remora7,remora3,30.18,30.18,30.18,30.18,30.18,30.18,30.18,30.18,30.18,30.18,29.53,29.53,29.53,29.53,29.53,29.53,29.53,29.53,29.53,29.53,5.38,5.36,5.34,5.32,5.30,5.29,5.27,5.25,5.23,5.21,7.76,7.76,7.76,7.75,7.75,7.75,7.75,7.75,7.75,7.74,294.79,0.00,0.00,1.00,0.00,0.00,0.00,-1.00,0,None,0,aggregation
160,307.54,remora7,remora3,30.18,30.18,30.18,30.17,30.17,30.17,30.16,30.16,30.13,30.13,29.53,29.53,29.59,29.67,29.67,29.67,29.69,29.69,29.78,29.78,5.19,5.18,5.16,5.14,5.12,5.11,5.09,5.07,5.06,5.04,7.73,7.73,7.72,7.71,7.70,7.69,7.68,7.67,7.67,7.66,296.73,0.00,0.00,1.00,0.00,0.00,0.00,-1.00,0,None,0,aggregation
160,308.54,remora7,remora3,30.10,30.10,30.07,30.07,30.08,30.08,30.03,30.03,30.00,30.00,29.86,29.86,29.91,29.91,29.90,29.90,29.97,29.97,30.00,30.00,5.02,5.01,4.99,4.98,4.96,4.95,4.93,4.92,4.90,4.89,7.66,7.65,7.65,7.64,7.64,7.64,7.63,7.63,7.62,7.62,297.91,0.00,0.00,1.00,0.00,0.00,0.00,-1.00,0,None,0,aggregation
160,309.54,remora7,remora3,29.94,29.94,29.95,29.95,29.90,29.90,29.86,29.86,29.80,29.80,30.05,30.05,30.05,30.05,30.08,30.08,30.10,30.10,30.13,30.13,4.87,4.86,4.84,4.83,4.81,4.80,4.79,4.77,4.76,4.75,7.61,7.61,7.61,7.60,7.59,7.59,7.58,7.58,7.57,7.57,298.59,0.00,0.00,1.00,0.00,0.00,0.00,-1.00,0,None,0,aggregation
160,310.54,remora7,remora3,29.79,29.79,29.76,29.76,29.73,29.73,29.69,29.69,29.68,29.68,30.13,30.13,30.14,30.14,30.15,30.15,30.16,30.16,30.16,30.16,4.73,4.72,4.71,4.70,4.68,4.67,4.66,4.65,4.63,4.62,7.57,7.56,7.55,7.55,7.55,7.54,7.54,7.53,7.53,7.52,298.92,0.00,0.00,1.00,0.00,0.00,0.00,-1.00,0,None,0,aggregation
160,311.54,remora7,remora3,29.65,29.65,29.61,29.61,29.61,29.61,29.56,29.56,29.55,29.55,30.17,30.17,30.18,30.18,30.17,30.17,30.18,30.18,30.18,30.18,4.61,4.60,4.59,4.58,4.56,4.55,4.54,4.53,4.52,4.51,7.51,7.50,7.50,7.50,7.49,7.49,7.48,7.48,7.48,7.47,299.05,0.00,0.00,1.00,0.00,0.00,0.00,-1.00,0,None,0,aggregation
160,312.54,remora7,remora3,29.59,29.59,29.53,29.53,29.54,29.54,29.46,29.46,29.46,29.46,30.18,30.18,30.18,30.18,30.18,30.18,30.18,30.18,30.19,30.19,4.50,4.49,4.48,4.47,4.46,4.45,4.44,4.43,4.42,4.41,7.47,7.47,7.46,7.46,7.46,7.45,7.44,7.44,7.43,7.42,299.06,0.00,0.00,1.00,0.00,0.00,0.00,-1.00,0,None,0,aggregation
160,313.54,remora7,remora3,29.51,29.51,29.40,29.40,29.44,29.44,29.39,29.39,29.46,29.46,30.18,30.18,30.18,30.18,30.19,30.19,30.18,30.18,30.19,30.19,4.40,4.39,4.39,4.38,4.37,4.36,4.35,4.34,4.33,4.33,7.42,7.42,7.41,7.41,7.41,7.40,7.40,7.39,7.39,7.38,299.00,0.00,0.00,1.00,0.00,0.00,0.00,-1.00,0,None,0,aggregation
160,314.54,remora7,remora3,29.38,29.38,29.31,29.31,29.38,29.38,29.32,29.32,29.39,29.39,30.18,30.18,30.18,30.18,30.18,30.18,30.18,30.18,30.18,30.18,4.32,4.31,4.30,4.30,4.29,4.28,4.27,4.27,4.26,4.25,7.38,7.38,7.37,7.37,7.36,7.36,7.35,7.34,7.34,7.34,298.87,0.00,0.00,1.00,0.00,0.00,0.00,-1.00,0,None,0,aggregation
160,315.54,remora7,remora3,29.39,29.39,29.34,29.34,29.31,29.31,29.26,29.26,29.33,29.33,30.18,30.18,30.18,30.18,30.18,30.18,30.17,30.17,30.18,30.18,4.25,4.24,4.23,4.23,4.22,4.21,4.21,4.20,4.20,4.19,7.33,7.33,7.33,7.32,7.32,7.31,7.31,7.30,7.30,7.30,298.75,0.00,0.00,1.00,0.00,0.00,0.00,-1.00,0,None,0,aggregation
160,316.54,remora7,remora3,29.34,29.34,29.34,29.34,29.33,29.33,29.38,29.38,29.25,29.25,30.18,30.18,30.18,30.18,30.18,30.18,30.18,30.18,30.17,30.17,4.19,4.18,4.18,4.17,4.17,4.16,4.16,4.15,4.15,4.14,7.30,7.29,7.29,7.29,7.28,7.27,7.27,7.27,7.26,7.26,298.65,0.00,0.00,1.00,0.00,0.00,0.00,-1.00,0,None,0,aggregation
160,317.54,remora7,remora3,29.26,29.26,29.27,29.27,29.26,29.26,29.31,29.31,29.27,29.27,30.18,30.18,30.18,30.18,30.18,30.18,30.18,30.18,30.18,30.18,4.14,4.13,4.13,4.13,4.12,4.12,4.12,4.11,4.11,4.11,7.26,7.25,7.25,7.25,7.25,7.24,7.24,7.24,7.23,7.23,298.46,0.00,0.00,1.00,0.00,0.00,0.00,-1.00,0,None,0,aggregation
160,318.54,remora7,remora3,29.28,29.28,29.29,29.29,29.27,29.27,29.32,29.32,29.27,29.27,30.18,30.18,30.18,30.18,30.18,30.18,30.18,30.18,30.18,30.18,4.10,4.10,4.10,4.09,4.09,4.09,4.09,4.09,4.08,4.08,7.23,7.22,7.22,7.22,7.22,7.21,7.21,7.21,7.21,7.21,298.21,0.00,0.00,1.00,0.00,0.00,0.00,-1.00,0,None,0,aggregation
160,319.54,remora7,remora3,29.27,29.27,29.28,29.28,29.25,29.27,29.27,29.27,29.24,29.24,30.18,30.18,30.18,30.18,30.17,30.18,30.18,30.18,30.17,30.17,4.08,4.08,4.08,4.08,4.07,4.07,4.07,4.07,4.07,4.07,7.21,7.20,7.20,7.20,7.19,7.19,7.19,7.19,7.18,7.18,297.94,0.00,0.00,1.00,0.00,0.00,0.00,-1.00,0,None,0,aggregation
160,320.54,remora7,remora3,29.22,29.22,29.22,29.22,29.16,29.16,29.45,29.45,29.27,29.27,30.17,30.17,30.17,30.17,30.16,30.16,30.19,30.19,30.18,30.18,4.07,4.07,4.07,4.07,4.07,4.07,4.07,4.07,4.07,4.07,7.18,7.18,7.18,7.18,7.18,7.18,7.17,7.17,7.17,7.16,297.72,0.00,0.00,1.00,0.00,0.00,0.00,-1.00,0,None,0,aggregation
160,321.54,remora7,remora3,29.24,29.24,29.25,29.25,29.16,29.16,29.14,29.14,29.05,29.05,30.17,30.17,30.17,30.17,30.16,30.16,30.16,30.16,30.14,30.14,4.07,4.07,4.07,4.08,4.08,4.08,4.08,4.08,4.08,4.09,7.17,7.17,7.17,7.17,7.17,7.17,7.17,7.16,7.16,7.16,297.50,0.00,0.00,1.00,0.00,0.00,0.00,-1.00,0,None,0,aggregation
160,322.54,remora7,remora3,28.86,28.86,28.98,28.98,28.91,28.76,28.76,28.76,28.65,28.65,30.10,30.10,30.13,30.13,30.11,30.07,30.07,30.07,30.04,30.04,4.09,4.09,4.09,4.09,4.10,4.10,4.10,4.11,4.11,4.11,7.16,7.16,7.16,7.16,7.16,7.16,7.16,7.15,7.15,7.15,297.10,0.00,0.00,1.00,0.00,0.00,0.00,-1.00,0,None,0,aggregation
160,323.54,remora7,remora3,28.45,28.27,28.27,28.27,27.96,27.96,27.66,27.66,27.54,27.54,29.98,29.91,29.91,29.91,29.79,29.79,29.66,29.66,29.61,29.61,4.11,4.12,4.12,4.12,4.13,4.13,4.13,4.14,4.14,4.15,7.15,7.15,7.15,7.15,7.15,7.15,5.89,5.88,5.87,5.86,296.16,0.00,0.00,1.00,0.00,0.00,0.00,-1.00,0,None,0,aggregation
160,324.54,remora7,remora3,26.45,26.45,25.22,25.22,22.82,22.82,19.79,19.79,17.15,17.15,29.04,29.04,28.33,28.33,26.80,26.80,24.69,24.69,22.77,22.77,4.15,4.14,4.13,4.12,4.11,4.10,4.10,4.09,4.09,4.09,5.86,5.85,5.85,5.83,5.82,5.81,5.80,5.78,5.77,5.76,290.70,0.00,0.00,1.00,0.00,0.00,0.00,-1.00,0,None,0,aggregation
160,325.54,remora7,remora3,13.97,13.97,12.78,12.78,11.43,11.43,9.96,9.96,9.45,9.45,20.38,20.38,19.47,19.47,18.43,18.43,17.29,17.29,16.89,16.89,4.08,4.08,4.08,4.08,4.08,4.09,4.09,4.09,4.10,4.10,5.75,5.74,5.73,5.72,5.71,5.70,5.69,5.69,5.68,5.67,275.95,0.00,0.00,1.00,0.00,0.00,0.00,-1.00,0,None,0,aggregation
160,326.54,remora7,remora3,9.01,9.01,8.55,8.55,9.40,9.40,9.71,9.71,10.08,10.08,16.55,16.55,16.18,16.18,16.85,16.85,17.09,17.09,17.38,17.38,4.11,4.11,4.12,4.13,4.13,4.14,4.15,4.16,4.17,4.18,5.67,5.66,5.65,5.65,5.64,5.64,5.63,5.63,5.63,5.62,259.27,0.00,0.00,1.00,0.00,0.00,0.00,-1.00,0,None,0,aggregation
160,327.54,remora7,remora3,10.95,10.95,11.41,11.41,11.66,11.66,12.32,12.32,12.77,12.77,18.05,18.05,18.41,18.41,18.60,18.60,19.11,19.11,19.45,19.45,4.19,4.19,4.20,4.21,4.22,4.23,4.24,4.25,4.26,4.27,5.62,5.62,5.61,5.61,5.61,5.61,5.61,5.61,5.60,5.60,244.82,0.00,0.00,1.00,0.00,0.00,0.00,-1.00,0,None,0,aggregation
160,328.54,remora7,remora3,13.51,13.51,14.03,14.03,14.55,14.55,15.11,15.74,15.74,15.74,20.03,20.03,20.42,20.42,20.81,20.81,21.24,21.71,21.71,21.71,4.28,4.29,4.30,4.30,4.31,4.32,4.33,4.34,4.35,4.35,5.60,5.60,5.60,5.60,5.60,5.60,5.60,5.60,5.60,5.61,232.86,0.00,0.00,1.00,0.00,0.00,0.00,-1.00,0,None,0,aggregation
160,329.54,remora7,remora3,16.38,16.38,17.10,17.10,17.64,17.64,18.17,18.17,18.68,18.68,22.19,22.19,22.73,22.73,23.13,23.13,23.51,23.51,23.89,23.89,4.36,4.37,4.37,4.38,4.39,4.39,4.40,4.40,4.41,4.42,5.61,5.61,5.61,5.61,5.61,5.61,5.61,5.62,5.62,5.62,223.48,0.00,0.00,1.00,0.00,0.00,0.00,-1.00,0,None,0,aggregation
160,330.54,remora7,remora3,19.19,19.19,19.52,19.52,20.02,20.02,20.34,20.34,20.66,20.66,24.26,24.26,24.50,24.50,24.85,24.85,25.08,25.08,25.31,25.31,4.42,4.42,4.43,4.43,4.44,4.44,4.45,6.83,6.83,6.83,5.62,5.62,5.63,5.63,5.63,5.63,5.64,6.83,6.83,6.83,216.13,0.00,0.00,1.00,0.00,0.00,0.00,-1.00,0,None,0,aggregation
160,331.54,remora7,remora3,20.97,20.97,21.28,21.28,21.58,21.58,21.58,21.88,22.18,22.18,25.53,25.53,25.74,25.74,25.95,25.95,25.95,26.16,26.36,26.36,6.84,6.84,6.84,6.85,6.85,6.86,6.86,6.87,6.87,6.88,6.84,6.84,6.84,6.85,6.85,6.86,6.86,6.87,6.87,6.88,210.21,0.00,0.00,1.00,0.00,0.00,0.00,-1.00,0,None,0,aggregation
160,332.54,remora7,remora3,22.47,22.47,22.61,22.61,22.75,22.75,23.03,23.03,23.31,23.31,26.56,26.56,26.66,26.66,26.75,26.75,26.94,26.94,27.12,27.12,6.88,6.89,6.89,6.90,6.91,6.92,6.92,6.93,6.94,6.95,6.88,6.89,6.89,6.90,6.91,6.92,6.92,6.93,6.94,6.95,205.58,0.00,0.00,1.00,0.00,0.00,0.00,-1.00,0,None,0,aggregation
160,333.54,remora7,remora3,23.45,23.45,23.58,23.58,23.85,23.85,23.85,23.85,24.11,24.11,27.21,27.21,27.30,27.30,27.47,27.47,27.47,27.47,27.64,27.64,6.96,6.96,6.97,6.98,6.99,7.00,7.01,7.02,7.03,7.04,6.96,6.96,6.97,6.98,6.99,7.00,7.01,7.02,7.03,7.04,202.30,0.00,0.00,1.00,0.00,0.00,0.00,-1.00,0,None,0,aggregation
160,334.54,remora7,remora3,24.24,24.24,24.36,24.36,24.49,24.49,25.02,25.02,26.04,26.04,27.72,27.72,27.81,27.81,27.89,27.89,28.21,28.21,28.82,28.82,7.05,7.06,7.07,7.09,7.10,7.11,7.12,7.13,7.15,7.16,7.05,7.06,7.07,7.09,7.10,7.11,7.12,7.13,7.15,7.16,204.45,0.00,0.00,1.00,0.00,0.00,0.00,-1.00,0,None,0,aggregation
160,335.54,remora7,remora3,26.50,26.50,27.36,27.36,28.05,28.05,28.40,28.40,28.87,28.87,29.07,29.07,29.52,29.52,29.83,29.83,29.96,29.96,30.11,30.11,7.18,7.19,7.21,7.22,7.24,7.25,7.27,7.29,7.30,7.32,7.18,7.19,7.21,7.22,7.24,7.25,7.27,7.29,7.30,7.32,218.22,0.00,0.00,1.00,0.00,0.00,0.00,-1.00,0,None,0,aggregation
160,131.54,remora7,remora2,2.43,2.43,3.97,3.97,3.07,3.07,3.01,3.01,3.52,3.52,-13.26,-13.26,12.57,12.57,11.86,11.86,-12.69,-12.69,12.21,12.21,4.28,4.29,4.30,4.31,4.31,4.30,4.29,4.28,4.28,4.27,6.28,6.28,6.28,6.28,6.28,6.28,6.27,6.26,6.26,6.26,180.51,0.00,0.00,1.00,1.00,0.00,1.00,-1.00,0,None,0,aggregation
160,132.54,remora7,remora2,3.07,3.07,3.06,3.06,3.44,3.44,0.33,0.33,-0.13,-0.13,11.86,11.86,-12.64,-12.64,-12.25,-12.25,9.68,9.68,9.31,9.31,4.27,4.26,4.26,4.25,4.25,4.24,4.24,4.23,4.23,4.22,6.26,6.25,6.25,6.25,6.24,6.24,6.24,6.24,6.23,6.23,157.19,0.00,0.00,1.00,1.00,0.00,1.00,-1.00,0,None,0,aggregation
160,133.54,remora7,remora2,2.16,2.16,3.97,3.97,2.94,2.94,4.64,4.64,4.42,4.42,11.13,11.13,12.57,12.57,-12.76,-12.76,13.10,13.10,12.93,12.93,4.22,4.21,4.21,4.21,4.20,4.18,4.17,4.17,4.16,4.15,6.23,6.23,6.23,6.23,6.23,6.23,6.22,6.22,6.22,6.22,136.72,0.00,0.00,1.00,1.00,0.00,1.00,-1.00,0,None,0,aggregation
160,134.54,remora7,remora2,2.94,3.32,3.32,1.70,1.70,1.70,1.70,1.70,3.97,3.15,-12.75,-12.37,-12.37,10.77,10.77,10.77,10.77,10.77,12.57,-12.55,4.14,4.13,4.12,4.11,4.10,4.09,4.08,4.07,4.06,4.05,6.22,6.22,6.22,6.22,6.22,6.22,6.22,6.22,6.22,6.22,115.84,0.00,0.00,1.00,1.00,0.00,1.00,-1.00,0,None,0,aggregation
160,135.54,remora7,remora2,3.15,3.60,3.60,3.60,0.79,0.79,0.33,0.33,2.16,2.16,-12.55,-12.10,-12.10,-12.10,10.04,10.04,9.68,9.68,11.13,11.13,4.04,4.02,4.01,4.00,3.98,3.97,3.96,3.95,3.94,3.93,6.22,6.22,6.22,6.21,6.21,6.21,6.21,6.21,6.21,6.21,95.85,0.00,0.00,1.00,1.00,0.00,1.00,-1.00,0,None,0,aggregation
160,136.54,remora7,remora2,4.19,4.19,3.03,3.03,3.41,3.41,1.25,1.25,1.25,1.25,12.75,12.75,-12.67,-12.67,-12.29,-12.29,10.41,10.41,10.41,10.41,3.92,3.91,3.90,3.89,3.87,3.86,3.85,3.85,3.84,3.84,6.21,6.22,6.22,6.21,6.37,6.36,6.36,6.36,6.36,6.37,75.52,0.00,0.00,1.00,1.00,0.00,1.00,-1.00,0,None,0,aggregation
160,137.54,remora7,remora2,3.07,3.07,3.28,3.28,3.52,3.07,3.07,3.07,3.31,3.70,11.86,11.86,-12.42,-12.42,12.21,11.86,11.86,11.86,-12.38,-12.00,3.83,3.83,3.82,3.81,3.81,3.80,3.80,3.80,3.79,3.79,6.37,6.37,6.38,6.38,6.38,6.38,6.39,6.39,6.40,6.40,69.93,0.00,0.00,1.00,1.00,0.00,1.00,-1.00,0,None,0,aggregation
160,138.54,remora7,remora2,3.70,3.70,0.10,0.10,0.10,0.10,2.39,2.39,4.19,4.19,-12.00,-12.00,9.49,9.49,9.49,9.49,11.32,11.32,12.75,12.75,3.79,3.79,3.79,3.78,3.78,3.78,3.79,3.79,3.79,3.79,6.40,6.40,6.40,6.41,6.41,6.42,6.43,6.44,6.44,6.45,65.98,0.00,0.00,1.00,1.00,0.00,1.00,-1.00,0,None,0,aggregation
160,139.54,remora7,remora2,3.03,3.03,3.41,3.41,1.70,1.70,1.25,1.25,3.29,3.29,-12.66,-12.66,-12.28,-12.28,10.77,10.77,10.41,10.41,12.04,12.04,3.79,3.79,3.79,3.78,3.78,3.78,3.78,3.78,3.78,3.78,6.46,6.46,6.46,6.46,6.46,6.47,6.47,6.48,6.49,6.49,62.28,0.00,0.00,1.00,1.00,0.00,1.00,-1.00,0,None,0,aggregation
160,140.54,remora7,remora2,5.31,5.31,2.94,2.94,3.26,3.26,3.07,3.07,2.39,2.39,13.63,13.63,-12.76,-12.76,-12.44,-12.44,11.86,11.86,11.32,11.32,3.79,3.79,3.79,3.78,3.78,3.78,3.78,3.78,3.78,3.78,6.50,6.51,6.52,6.53,6.53,6.53,6.54,6.54,6.55,6.56,60.90,0.00,0.00,1.00,1.00,0.00,1.00,-1.00,0,None,0,aggregation
160,141.54,remora7,remora2,4.42,4.42,3.31,3.63,3.63,3.63,1.93,1.93,1.70,1.70,12.93,12.93,-12.39,-12.07,-12.07,-12.07,10.95,10.95,10.77,10.77,3.78,3.78,3.78,3.78,3.78,3.78,3.78,3.78,3.78,3.78,6.56,6.57,6.57,6.58,6.58,6.58,6.58,6.59,6.60,6.60,60.12,0.00,0.00,1.00,1.00,0.00,1.00,-1.00,0,None,0,aggregation
160,142.54,remora7,remora2,3.74,3.74,3.59,4.19,4.19,4.19,4.19,3.43,3.43,3.43,12.39,12.39,-12.11,12.75,12.75,12.75,12.75,-12.27,-12.27,-12.27,3.79,3.79,3.79,3.80,3.80,3.81,3.81,3.82,3.83,3.83,6.61,6.62,6.62,6.62,6.63,6.64,6.65,6.66,6.67,6.67,61.63,0.00,0.00,1.00,1.00,0.00,1.00,-1.00,0,None,0,aggregation
160,143.54,remora7,remora2,3.89,3.89,1.02,1.02,1.02,1.02,2.84,2.84,3.76,3.76,-11.81,-11.81,10.23,10.23,10.23,10.23,11.68,11.68,-11.94,-11.94,3.84,3.85,3.85,3.86,3.87,3.89,3.90,3.91,3.92,3.93,6.68,6.68,6.69,6.70,6.71,6.06,6.06,6.07,6.07,6.08,59.46,0.00,0.00,1.00,1.00,0.00,1.00,-1.00,0,None,0,aggregation
160,144.54,remora7,remora2,3.74,3.74,3.52,3.52,3.66,3.66,4.05,4.05,0.33,0.33,12.39,12.39,12.21,12.21,-12.04,-12.04,-11.65,-11.65,9.68,9.68,3.95,3.96,3.98,3.99,4.01,4.02,4.03,4.05,4.06,4.08,6.08,6.09,6.10,6.10,6.11,6.11,6.11,6.11,6.12,6.12,59.44,0.00,0.00,1.00,1.00,0.00,1.00,-1.00,0,None,0,aggregation
160,145.54,remora7,remora2,0.33,0.33,2.61,2.61,4.42,4.42,3.38,3.38,3.77,3.77,9.68,9.68,11.50,11.50,12.93,12.93,-12.32,-12.32,-11.92,-11.92,4.10,4.12,4.14,4.16,4.18,4.20,4.22,4.23,4.25,4.27,6.13,6.14,6.15,6.16,6.17,6.17,6.18,6.18,6.18,6.19,60.13,0.00,0.00,1.00,0.00,0.00,0.00,-1.00,0,None,0,aggregation
160,146.54,remora7,remora2,3.61,3.61,4.37,7.02,7.02,7.02,3.81,3.81,4.15,4.15,12.29,12.29,12.89,14.99,14.99,14.99,-11.89,-11.89,-11.55,-11.55,4.29,4.31,4.33,4.35,4.37,4.39,4.41,4.42,4.44,4.45,6.19,6.20,6.21,6.21,6.23,6.24,6.24,6.24,6.25,6.25,61.56,0.00,0.00,1.00,1.00,0.00,1.00,-1.00,0,None,0,aggregation
160,147.54,remora7,remora2,7.33,7.33,8.33,8.33,4.69,4.69,5.05,5.05,8.83,8.83,15.23,15.23,16.01,16.01,-11.01,-11.01,-10.65,-10.65,16.40,16.40,4.47,4.49,4.51,4.52,4.54,4.55,4.56,4.58,4.59,4.60,6.25,6.26,6.27,6.28,6.28,6.29,6.29,6.29,6.29,6.30,63.67,0.00,0.00,1.00,1.00,0.00,1.00,-1.00,0,None,0,aggregation
160,148.54,remora7,remora2,9.21,9.21,5.79,5.79,6.16,6.16,8.79,8.79,9.08,10.75,16.70,16.70,-9.91,-9.91,-9.53,-9.53,16.37,16.37,16.60,17.90,4.61,4.62,4.63,4.63,4.64,4.64,4.64,4.65,4.65,4.65,6.31,6.32,6.32,6.32,6.32,6.32,6.32,6.33,6.34,6.34,66.43,0.00,0.00,1.00,1.00,0.00,1.00,-1.00,0,None,0,aggregation
160,149.54,remora7,remora2,10.75,10.75,12.78,12.78,13.73,13.73,14.38,14.38,5.21,5.21,17.90,17.90,19.47,19.47,20.19,20.19,20.69,20.69,-10.49,-10.49,4.66,4.66,4.66,4.66,4.67,4.67,4.67,4.68,4.68,4.68,6.35,6.35,6.36,6.37,6.38,6.40,6.41,6.42,6.42,6.43,74.15,0.00,0.00,1.00,0.00,0.00,0.00,-1.00,0,None,0,aggregation
160,150.54,remora7,remora2,5.68,5.68,11.37,10.66,10.66,10.66,11.78,11.78,13.14,5.46,-10.01,-10.01,18.38,17.83,17.83,17.83,18.70,18.70,19.74,-10.24,4.68,4.68,4.68,4.68,4.69,4.69,4.69,4.69,4.70,4.70,6.43,6.44,6.45,6.46,6.47,6.48,6.49,6.50,6.51,6.52,78.62,0.00,0.00,1.00,1.00,0.00,1.00,-1.00,0,None,0,aggregation
160,151.54,remora7,remora2,5.46,5.46,5.99,5.99,10.20,10.20,9.62,9.62,10.76,10.76,-10.24,-10.24,-9.70,-9.70,17.47,17.47,17.02,17.02,17.91,17.91,4.70,4.70,4.70,4.70,4.70,4.70,4.70,4.71,4.71,4.71,6.52,6.52,6.53,6.53,6.54,6.55,6.56,5.71,5.71,5.71,81.77,0.00,0.00,1.00,1.00,0.00,1.00,-1.00,0,None,0,aggregation
160,152.54,remora7,remora2,12.19,12.19,12.34,5.28,5.28,5.28,11.65,11.65,11.36,11.36,19.01,19.01,19.13,-10.42,-10.42,-10.42,18.60,18.60,18.37,18.37,4.71,4.71,4.71,4.71,4.71,4.71,4.71,4.71,4.71,4.71,5.72,5.72,5.72,5.73,5.73,5.72,5.72,5.72,5.73,5.74,86.48,0.00,0.00,1.00,1.00,0.00,1.00,-1.00,0,None,0,aggregation
160,153.54,remora7,remora2,5.46,5.85,5.85,5.85,8.28,8.28,7.69,8.62,8.62,8.62,-10.24,-9.85,-9.85,-9.85,15.97,15.97,15.51,16.24,16.24,16.24,4.71,4.70,4.70,4.69,4.69,4.68,4.68,4.67,4.67,4.67,5.74,5.74,5.73,5.73,5.73,5.73,5.73,5.73,5.73,5.74,89.33,0.00,0.00,1.00,1.00,0.00,1.00,-1.00,0,None,0,aggregation
160,154.54,remora7,remora2,9.49,9.49,10.69,10.69,5.08,5.08,9.41,9.41,8.47,8.47,16.92,16.92,17.85,17.85,-10.62,-10.62,16.86,16.86,16.12,16.12,4.66,4.66,4.66,4.65,4.65,4.64,4.63,4.63,4.63,4.62,5.74,5.74,5.74,5.74,5.74,5.74,5.74,5.74,5.75,5.75,94.68,0.00,0.00,1.00,1.00,0.00,1.00,-1.00,0,None,0,aggregation
160,155.54,remora7,remora2,5.19,5.63,5.63,5.63,4.23,4.23,2.77,2.77,3.00,3.00,-10.50,-10.07,-10.07,-10.07,12.78,12.78,11.62,11.62,11.80,11.80,4.62,4.61,4.60,4.59,4.59,4.58,4.58,4.58,4.57,4.57,5.75,5.74,5.74,5.73,5.73,5.73,5.73,5.73,5.73,5.73,94.37,0.00,0.00,1.00,1.00,0.00,1.00,-1.00,0,None,0,aggregation
160,156.54,remora7,remora2,4.81,4.81,6.30,6.30,7.89,7.89,4.16,4.16,4.58,4.58,13.24,13.24,14.42,14.42,15.67,15.67,-11.53,-11.53,-11.12,-11.12,4.57,4.56,4.56,4.56,4.55,4.55,4.55,4.54,4.53,4.52,5.74,5.74,5.74,5.74,5.74,5.74,5.74,5.74,5.73,5.73,94.69,0.00,0.00,1.00,0.00,0.00,0.00,-1.00,0,None,0,aggregation
160,157.54,remora7,remora2,4.32,4.32,3.49,3.49,5.30,5.30,4.67,4.67,4.67,5.16,12.85,12.85,12.19,12.19,13.63,13.63,-11.02,-11.02,-11.02,13.52,4.51,4.51,4.51,4.50,4.50,4.50,4.49,4.48,4.48,4.48,5.73,5.73,5.73,5.73,5.73,5.74,5.74,5.75,5.75,5.76,93.35,0.00,0.00,1.00,1.00,0.00,1.00,-1.00,0,None,0,aggregation
160,158.54,remora7,remora2,4.45,4.45,4.90,4.90,4.49,4.49,3.92,4.88,4.88,4.88,12.95,12.95,-10.80,-10.80,12.99,12.99,12.53,-10.82,-10.82,-10.82,4.48,4.47,4.47,4.46,4.46,4.45,4.45,4.45,4.44,4.44,5.77,5.78,5.79,5.79,5.80,5.81,5.82,5.83,5.84,5.84,90.57,0.00,0.00,1.00,1.00,0.00,1.00,-1.00,0,None,0,aggregation
160,159.54,remora7,remora2,3.44,3.44,3.40,4.85,4.85,4.85,3.43,3.43,2.37,4.46,12.16,12.16,12.12,-10.85,-10.85,-10.85,12.14,12.14,11.30,12.96,4.43,4.43,4.43,4.42,4.42,4.41,4.41,4.40,4.40,4.40,5.85,5.86,5.87,5.88,5.88,5.88,5.89,5.90,5.90,5.91,83.40,0.00,0.00,1.00,1.00,0.00,1.00,-1.00,0,None,0,aggregation
160,160.54,remora7,remora2,4.46,4.46,4.44,4.84,4.84,4.84,1.71,1.71,0.91,0.91,12.96,12.96,-11.26,-10.86,-10.86,-10.86,10.78,10.78,10.14,10.14,4.40,4.40,4.39,4.39,4.38,4.38,4.37,4.37,4.37,4.37,5.92,5.93,5.93,5.93,5.93,5.93,5.93,5.93,5.93,5.94,77.62,0.00,0.00,1.00,1.00,0.00,1.00,-1.00,0,None,0,aggregation
160,161.54,remora7,remora2,2.48,2.48,4.03,4.03,4.24,4.24,4.06,4.06,4.16,4.16,11.39,11.39,12.62,12.62,-11.45,-11.45,12.65,12.65,12.73,12.73,4.37,4.37,4.37,4.37,4.37,4.36,4.36,4.36,4.36,4.36,5.94,5.94,5.94,5.95,5.95,5.94,5.94,5.94,5.94,5.95,75.60,0.00,0.00,1.00,1.00,0.00,1.00,-1.00,0,None,0,aggregation
160,162.54,remora7,remora2,4.22,4.22,4.62,4.62,0.65,0.65,0.36,0.36,2.32,2.32,-11.47,-11.47,-11.08,-11.08,9.93,9.93,9.70,9.70,11.26,11.26,4.36,4.36,4.35,4.35,4.35,4.35,4.35,4.35,4.35,4.35,5.94,5.94,5.93,5.93,5.93,5.93,5.93,5.93,5.93,5.93,68.93,0.00,0.00,1.00,1.00,0.00,1.00,-1.00,0,None,0,aggregation
160,163.54,remora7,remora2,3.92,3.92,3.93,3.93,4.25,4.25,0.76,0.76,0.36,0.36,12.53,12.53,-11.76,-11.76,-11.45,-11.45,10.02,10.02,9.71,9.71,4.35,4.36,4.36,4.36,4.35,4.35,4.35,4.36,4.36,4.36,5.93,5.93,5.93,5.93,5.92,5.92,5.92,5.92,5.92,4.80,66.01,0.00,0.00,1.00,1.00,0.00,1.00,-1.00,0,None,0,aggregation
160,164.54,remora7,remora2,1.98,1.98,3.58,3.58,3.64,3.64,3.67,3.67,2.98,2.98,10.99,10.99,12.26,12.26,-12.06,-12.06,12.34,12.34,11.79,11.79,4.37,4.37,4.38,4.39,4.39,4.39,4.40,4.40,4.41,4.42,4.80,4.80,4.80,4.81,4.81,4.80,4.81,4.81,4.81,4.82,61.68,0.00,0.00,1.00,1.00,0.00,1.00,-1.00,0,None,0,aggregation
160,255.54,remora7,remora2,30.00,30.00,30.00,30.00,0.00,0.00,29.20,29.20,29.25,29.25,30.00,30.00,30.00,30.00,0.00,0.00,26.74,26.74,26.84,26.84,8.67,8.64,8.61,8.59,8.57,8.56,8.55,8.52,8.50,8.47,8.87,8.86,8.85,8.85,8.84,8.85,8.85,8.84,8.84,8.83,293.20,0.00,0.00,1.00,0.00,0.00,0.00,-1.00,0,None,0,aggregation
160,256.54,remora7,remora2,29.30,29.30,29.35,29.35,29.45,29.45,29.54,29.54,29.62,29.62,26.93,26.93,27.03,27.03,27.22,27.22,27.40,27.40,27.57,27.57,8.44,8.41,8.39,8.36,8.33,8.30,8.28,8.25,8.22,8.19,8.83,8.82,8.81,8.81,9.20,9.19,9.17,9.16,9.15,9.14,291.54,0.00,0.00,1.00,0.00,0.00,0.00,-1.00,0,None,0,aggregation
160,257.54,remora7,remora2,29.66,29.66,29.70,29.70,29.77,29.77,29.80,29.83,29.83,29.83,27.66,27.66,27.74,27.74,27.91,27.91,27.99,28.07,28.07,28.07,8.16,8.14,8.11,8.08,8.05,8.02,8.00,7.97,7.94,7.91,9.13,9.11,9.10,9.09,9.07,9.05,9.04,9.03,9.01,9.00,290.36,0.00,0.00,1.00,0.00,0.00,0.00,-1.00,0,None,0,aggregation
160,258.54,remora7,remora2,29.87,29.87,29.89,29.89,29.92,29.92,29.92,29.92,29.97,29.97,28.14,28.14,28.22,28.22,28.29,28.29,28.29,28.29,28.44,28.44,7.89,7.86,7.83,7.80,7.78,7.75,7.72,7.69,7.67,7.64,8.99,8.97,8.96,8.95,8.93,8.92,8.90,9.16,9.14,9.12,289.46,0.00,0.00,1.00,0.00,0.00,0.00,-1.00,0,None,0,aggregation
160,259.54,remora7,remora2,29.97,29.97,29.97,29.97,29.97,29.97,29.97,29.97,29.97,29.97,28.44,28.44,28.44,28.44,28.44,28.44,28.44,28.44,28.44,28.44,7.61,7.58,7.56,7.53,7.50,7.48,7.45,7.42,7.40,7.37,9.11,9.09,9.07,9.05,9.04,9.02,9.00,8.98,8.96,8.94,288.67,0.00,0.00,1.00,0.00,0.00,0.00,-1.00,0,None,0,aggregation
160,260.54,remora7,remora2,29.97,29.97,29.97,29.97,29.95,29.95,29.95,29.95,29.95,29.95,28.44,28.44,28.44,28.44,28.37,28.37,28.37,28.37,28.37,28.37,7.34,7.32,7.29,7.26,7.24,7.21,7.19,7.16,7.14,7.11,8.92,8.91,8.89,8.87,8.85,8.83,8.82,8.80,8.78,8.76,287.84,0.00,0.00,1.00,0.00,0.00,0.00,-1.00,0,None,0,aggregation
160,261.54,remora7,remora2,29.95,29.95,29.92,29.92,29.92,29.92,29.89,29.89,29.89,29.89,28.37,28.37,28.29,28.29,28.29,28.29,28.22,28.22,28.22,28.22,7.08,7.06,7.03,7.01,6.98,6.96,6.93,6.91,6.89,6.86,8.74,8.73,8.71,8.69,8.67,8.65,8.63,8.61,8.60,8.58,286.94,0.00,0.00,1.00,0.00,0.00,0.00,-1.00,0,None,0,aggregation
160,262.54,remora7,remora2,29.89,29.87,29.87,29.87,29.87,29.87,29.87,29.87,29.87,29.87,28.22,28.14,28.14,28.14,28.14,28.14,28.14,28.14,28.14,28.14,6.84,6.81,6.79,6.77,6.74,6.72,6.70,6.67,6.65,6.63,8.56,8.54,8.52,8.51,8.49,8.47,8.45,8.43,8.41,8.39,285.95,0.00,0.00,1.00,0.00,0.00,0.00,-1.00,0,None,0,aggregation
160,263.54,remora7,remora2,29.83,29.83,29.83,29.83,29.83,29.83,29.83,29.83,29.83,29.83,28.07,28.07,28.07,28.07,28.07,28.07,28.07,28.07,28.07,28.07,6.60,6.58,6.56,6.54,6.51,6.49,6.47,6.45,6.43,6.41,8.38,8.36,8.34,8.32,8.30,8.29,8.61,8.59,8.22,8.19,284.90,0.00,0.00,1.00,0.00,0.00,0.00,-1.00,0,None,0,aggregation
160,264.54,remora7,remora2,29.87,29.87,29.87,29.87,29.87,29.87,29.87,29.87,29.87,29.87,28.14,28.14,28.14,28.14,28.14,28.14,28.14,28.14,28.14,28.14,6.39,6.36,6.34,6.32,6.30,6.28,6.26,6.24,6.22,6.20,8.16,8.13,8.11,8.08,8.05,8.03,8.00,7.98,7.95,7.93,283.91,0.00,0.00,1.00,0.00,0.00,0.00,-1.00,0,None,0,aggregation
160,265.54,remora7,remora2,29.87,29.87,29.89,29.89,29.92,29.92,29.92,29.92,29.92,29.92,28.14,28.14,28.22,28.22,28.29,28.29,28.29,28.29,28.29,28.29,6.18,6.17,6.15,6.13,6.11,6.09,6.07,6.06,6.04,6.02,7.90,7.88,7.85,7.82,7.80,7.78,7.75,7.72,7.70,7.67,289.78,0.00,0.00,1.00,0.00,0.00,0.00,-1.00,0,None,0,aggregation
160,266.54,remora7,remora2,29.95,29.95,29.97,29.97,29.97,29.97,29.97,30.02,30.02,30.02,28.37,28.37,28.44,28.44,28.44,28.44,28.44,28.58,28.58,28.58,6.00,5.99,5.97,5.95,5.94,5.92,5.90,5.89,5.87,5.86,7.64,7.62,7.59,7.57,7.55,7.52,7.50,7.47,7.45,7.43,290.67,0.00,0.00,1.00,0.00,0.00,0.00,-1.00,0,None,0,aggregation
160,267.54,remora7,remora2,30.02,30.02,30.02,30.02,30.04,30.04,30.06,30.06,30.06,30.06,28.58,28.58,28.58,28.58,28.65,28.65,28.71,28.71,28.71,28.71,5.84,5.83,5.81,5.80,5.79,5.77,5.76,5.75,5.73,5.72,7.40,7.38,7.35,7.33,7.30,7.28,7.26,7.24,7.21,7.19,291.19,0.00,0.00,1.00,0.00,0.00,0.00,-1.00,0,None,0,aggregation
160,268.54,remora7,remora2,30.08,30.08,30.10,30.10,30.10,30.10,30.10,30.10,30.11,30.13,28.78,28.78,28.84,28.84,28.84,28.84,28.84,28.84,28.90,28.96,5.70,5.68,5.65,5.63,5.61,5.59,5.56,5.54,5.52,5.50,7.17,7.14,7.12,7.09,7.06,7.04,7.01,6.98,6.96,7.55,291.57,0.00,0.00,1.00,0.00,0.00,0.00,-1.00,0,None,0,aggregation
160,269.54,remora7,remora2,30.13,30.13,30.13,30.13,30.13,30.13,30.14,30.14,30.14,30.14,28.96,28.96,28.96,28.96,28.96,28.96,29.02,29.02,29.02,29.02,5.47,5.45,5.43,5.41,5.39,5.37,5.35,5.33,5.31,5.29,7.52,7.50,7.48,7.46,7.44,7.85,7.82,7.80,7.78,7.76,291.92,0.00,0.00,1.00,0.00,0.00,0.00,-1.00,0,None,0,aggregation
160,270.54,remora7,remora2,30.15,30.15,30.15,30.15,30.15,30.15,30.15,30.15,30.18,30.18,29.08,29.08,29.08,29.08,29.08,29.08,29.08,29.08,29.31,29.31,5.27,5.25,5.24,5.22,5.20,5.19,5.17,5.16,5.14,5.13,7.74,7.71,7.69,7.67,7.65,7.63,7.61,7.59,7.57,7.55,292.38,0.00,0.00,1.00,0.00,0.00,0.00,-1.00,0,None,0,aggregation
160,271.54,remora7,remora2,30.18,30.18,30.18,30.18,30.18,30.18,30.18,30.18,30.18,30.18,29.38,29.38,29.42,29.42,29.42,29.42,29.55,29.55,29.58,29.58,5.12,5.11,5.10,5.09,5.08,5.07,5.06,5.06,5.06,5.05,7.53,7.51,7.49,7.48,7.46,7.44,7.43,7.41,7.39,7.37,293.11,0.00,0.00,1.00,0.00,0.00,0.00,-1.00,0,None,0,aggregation
160,272.54,remora7,remora2,30.18,30.18,30.18,30.18,30.18,30.18,30.18,30.18,30.19,30.19,29.54,29.54,29.61,29.61,29.51,29.51,29.48,29.48,29.42,29.42,5.05,5.05,5.05,5.06,5.06,5.06,5.07,5.08,5.09,5.10,7.36,7.34,7.33,7.32,7.30,7.29,7.28,7.27,7.25,7.24,293.95,0.00,0.00,1.00,0.00,0.00,0.00,-1.00,0,None,0,aggregation
160,273.54,remora7,remora2,30.18,30.18,30.17,30.17,30.15,30.15,30.13,30.10,30.10,30.10,29.41,29.41,29.22,29.22,29.06,29.06,28.98,28.84,28.84,28.84,5.11,5.12,5.13,5.15,5.16,5.18,5.19,5.21,5.23,5.25,7.23,7.21,7.20,7.19,7.18,7.17,7.16,7.16,7.15,7.14,294.61,0.00,0.00,1.00,0.00,0.00,0.00,-1.00,0,None,0,aggregation
160,274.54,remora7,remora2,30.10,30.10,30.10,30.10,30.10,30.10,30.10,30.10,30.10,30.10,28.84,28.84,28.84,28.84,28.84,28.84,28.84,28.84,28.84,28.84,5.27,5.29,5.31,5.33,5.36,5.38,5.41,5.43,5.46,5.46,7.13,7.12,7.11,7.11,7.10,7.09,7.08,7.08,7.07,7.06,295.08,0.00,0.00,1.00,0.00,0.00,0.00,-1.00,0,None,0,aggregation
160,275.54,remora7,remora2,30.10,30.10,30.10,30.10,30.10,30.10,30.10,30.10,30.06,30.06,28.84,28.84,28.84,28.84,28.84,28.84,28.84,28.84,28.71,28.71,5.43,5.41,5.39,5.36,5.34,5.32,5.30,5.27,5.25,5.23,7.06,7.05,6.46,6.45,6.44,6.43,6.42,6.42,6.41,6.41,295.45,0.00,0.00,1.00,0.00,0.00,0.00,-1.00,0,None,0,aggregation
160,276.54,remora7,remora2,30.06,30.06,30.09,30.09,30.12,30.12,30.15,30.15,30.16,30.16,28.71,28.71,28.81,28.81,28.94,28.94,29.09,29.09,29.12,29.12,5.21,5.18,5.16,5.14,5.12,5.10,5.08,5.05,5.03,5.01,6.40,6.40,6.39,6.39,6.38,6.38,6.37,6.36,6.36,6.35,295.75,0.00,0.00,1.00,0.00,0.00,0.00,-1.00,0,None,0,aggregation
160,277.54,remora7,remora2,30.17,30.17,30.18,30.18,30.18,30.18,30.18,30.18,30.17,30.17,29.26,29.26,29.38,29.38,29.41,29.41,29.52,29.52,29.62,29.65,4.99,4.97,4.95,4.93,4.91,4.89,4.87,4.85,4.83,4.81,6.35,6.34,6.34,6.34,6.34,6.33,6.33,6.33,6.33,6.33,296.22,0.00,0.00,1.00,0.00,0.00,0.00,-1.00,0,None,0,aggregation
160,278.54,remora7,remora2,30.17,30.17,30.15,30.15,30.14,30.14,30.11,30.11,30.10,30.10,29.65,29.65,29.74,29.74,29.76,29.76,29.84,29.84,29.86,29.86,4.79,4.77,4.75,4.74,4.72,4.70,4.68,4.66,4.64,4.63,6.32,6.32,6.32,6.31,6.31,6.31,6.31,6.31,6.31,6.31,296.69,0.00,0.00,1.00,0.00,0.00,0.00,-1.00,0,None,0,aggregation
160,279.54,remora7,remora2,30.07,30.07,30.06,30.06,30.04,30.04,30.03,30.03,30.00,30.00,29.92,29.92,29.93,29.93,29.96,29.96,29.97,29.97,30.00,30.00,4.61,4.59,4.57,4.56,4.54,4.52,4.51,4.49,4.48,4.46,6.31,6.31,6.31,6.31,6.31,6.08,6.07,6.07,6.06,6.05,297.13,0.00,0.00,1.00,0.00,0.00,0.00,-1.00,0,None,0,aggregation
160,280.54,remora7,remora2,29.94,29.94,29.93,29.93,29.95,29.95,29.90,29.90,29.88,29.88,30.05,30.05,30.06,30.06,30.05,30.05,30.08,30.08,30.09,30.09,4.44,4.43,4.41,4.40,4.38,4.37,4.35,4.34,4.32,4.31,6.04,6.03,6.01,6.00,5.99,5.98,5.97,5.97,5.97,5.96,297.48,0.00,0.00,1.00,0.00,0.00,0.00,-1.00,0,None,0,aggregation
160,281.54,remora7,remora2,29.83,29.83,29.86,29.86,29.79,29.79,29.77,29.77,29.76,29.76,30.11,30.11,30.10,30.10,30.13,30.13,30.14,30.14,30.14,30.14,4.29,4.28,4.26,4.25,4.24,4.22,4.21,4.20,4.18,4.17,5.96,5.95,5.94,5.92,5.91,5.90,5.90,5.89,5.88,5.87,297.62,0.00,0.00,1.00,0.00,0.00,0.00,-1.00,0,None,0,aggregation
160,282.54,remora7,remora2,29.75,29.75,29.73,29.73,29.70,29.70,29.63,29.63,29.63,29.63,30.14,30.14,30.15,30.15,30.16,30.16,30.17,30.17,30.17,30.17,4.16,4.15,4.13,4.12,4.11,4.10,4.09,4.07,4.06,4.05,5.86,5.85,5.85,5.84,5.84,5.84,5.84,5.83,5.82,5.81,297.70,0.00,0.00,1.00,0.00,0.00,0.00,-1.00,0,None,0,aggregation
160,283.54,remora7,remora2,29.60,29.60,29.58,29.58,29.61,29.61,29.55,29.55,29.51,29.51,30.18,30.18,30.18,30.18,30.17,30.17,30.18,30.18,30.18,30.18,4.04,4.03,4.02,4.01,4.00,3.99,3.98,3.97,3.96,3.95,5.81,5.80,5.79,5.79,5.78,5.78,5.77,5.77,5.76,5.76,297.96,0.00,0.00,1.00,0.00,0.00,0.00,-1.00,0,None,0,aggregation
160,284.54,remora7,remora2,29.49,29.49,29.51,29.51,29.44,29.44,29.40,29.40,29.43,29.43,30.18,30.18,30.18,30.18,30.19,30.19,30.18,30.18,30.19,30.19,3.94,3.93,3.92,3.91,3.90,3.89,3.88,3.87,3.86,3.86,5.75,5.75,5.74,5.74,5.73,5.73,5.72,5.72,5.71,5.71,298.31,0.00,0.00,1.00,0.00,0.00,0.00,-1.00,0,None,0,aggregation
160,285.54,remora7,remora2,29.35,29.35,29.31,29.31,29.33,29.33,29.29,28.70,28.70,28.70,30.18,30.18,30.18,30.18,30.18,30.18,30.18,30.06,30.06,30.06,3.85,3.84,3.83,3.82,3.82,3.81,3.80,3.79,3.79,3.78,5.70,5.70,5.70,5.70,5.69,5.69,5.68,5.68,5.67,5.67,298.50,0.00,0.00,1.00,0.00,0.00,0.00,-1.00,0,None,0,aggregation
160,286.54,remora7,remora2,28.64,28.64,28.60,28.60,28.48,28.48,28.33,28.33,28.11,28.11,30.04,30.04,30.03,30.03,29.99,29.99,29.94,29.94,29.85,29.85,3.77,3.77,3.76,3.75,3.75,3.74,3.74,3.73,3.73,3.72,5.67,5.67,5.67,5.67,5.67,5.66,5.66,5.66,5.66,5.66,298.17,0.00,0.00,1.00,0.00,0.00,0.00,-1.00,0,None,0,aggregation
160,287.54,remora7,remora2,27.93,27.93,27.96,27.96,27.70,27.70,27.52,27.52,27.13,27.13,29.78,29.78,29.79,29.79,29.68,29.68,29.60,29.60,29.41,29.41,3.71,3.71,3.70,3.70,3.69,3.69,3.68,3.68,3.67,3.67,5.66,5.66,5.66,5.66,5.66,5.66,5.66,5.66,5.66,5.67,297.01,0.00,0.00,1.00,0.00,0.00,0.00,-1.00,0,None,0,aggregation
160,288.54,remora7,remora2,27.22,27.22,27.05,27.05,26.87,26.87,26.53,26.53,26.08,26.08,29.45,29.45,29.37,29.37,29.27,29.27,29.09,29.09,28.84,28.84,3.66,3.66,3.65,3.65,3.64,3.64,3.64,3.63,3.63,3.62,5.67,5.67,5.68,5.68,6.55,6.55,6.55,6.54,6.53,6.52,295.04,0.00,0.00,1.00,0.00,0.00,0.00,-1.00,0,None,0,aggregation
160,289.54,remora7,remora2,25.85,25.85,25.66,25.66,25.13,25.13,24.54,24.54,23.80,23.80,28.71,28.71,28.60,28.60,28.28,28.28,27.92,27.92,27.44,27.44,3.62,3.61,3.61,3.60,3.60,3.60,3.59,3.59,3.58,3.58,6.52,6.51,6.51,6.50,6.50,6.49,6.49,6.48,6.48,6.47,291.63,0.00,0.00,1.00,0.00,0.00,0.00,-1.00,0,None,0,aggregation
160,290.54,remora7,remora2,23.43,23.43,22.84,22.84,21.91,21.91,21.55,21.55,21.00,21.00,27.20,27.20,26.81,26.81,26.18,26.18,25.93,25.93,25.55,25.55,3.57,3.57,3.56,3.56,3.56,3.55,3.55,3.54,3.54,3.53,6.46,6.44,6.43,6.42,6.40,6.39,6.38,6.37,6.36,6.35,285.88,0.00,0.00,1.00,0.00,0.00,0.00,-1.00,0,None,0,aggregation
160,291.54,remora7,remora2,20.34,20.34,19.98,19.98,19.31,19.31,19.03,19.03,18.45,18.45,25.08,25.08,24.83,24.83,24.35,24.35,24.15,24.15,23.72,23.72,3.53,3.52,3.52,3.51,3.51,3.50,3.49,3.49,3.48,3.48,6.34,6.33,6.32,6.31,6.30,6.30,6.29,6.28,6.28,6.27,277.84,0.00,0.00,1.00,0.00,0.00,0.00,-1.00,0,None,0,aggregation
160,292.54,remora7,remora2,18.19,18.19,18.06,18.06,17.91,17.91,17.93,17.93,17.82,17.82,23.53,23.53,23.44,23.44,23.32,23.32,23.34,23.34,23.26,23.26,3.47,3.46,3.46,3.45,3.44,3.43,3.43,3.42,3.41,3.40,6.26,6.26,6.25,6.24,6.24,6.23,6.23,6.22,6.22,6.21,268.60,0.00,0.00,1.00,0.00,0.00,0.00,-1.00,0,None,0,aggregation
160,293.54,remora7,remora2,17.91,17.71,17.71,17.71,18.04,18.04,18.21,18.21,18.55,18.55,23.33,23.18,23.18,23.18,23.42,23.42,23.55,23.55,23.80,23.80,3.39,3.39,3.38,3.37,3.36,3.35,3.34,3.33,3.32,3.31,6.20,6.20,6.19,6.19,6.18,6.18,6.17,6.17,6.16,4.88,259.48,0.00,0.00,1.00,0.00,0.00,0.00,-1.00,0,None,0,aggregation
160,294.54,remora7,remora2,18.88,18.88,19.02,19.02,19.47,19.47,19.94,19.94,20.12,20.12,24.03,24.03,24.13,24.13,24.46,24.46,24.80,24.80,24.93,24.93,3.30,3.28,3.27,3.26,3.25,3.23,3.22,3.21,3.19,3.16,4.87,4.85,4.84,4.83,4.82,4.81,4.80,4.79,4.77,4.76,251.64,0.00,0.00,1.00,0.00,0.00,0.00,-1.00,0,None,0,aggregation
160,295.54,remora7,remora2,20.36,20.36,20.48,20.48,20.65,20.65,20.79,20.79,20.95,20.95,25.09,25.09,25.19,25.19,25.30,25.30,25.40,25.40,25.52,25.52,3.13,3.11,3.08,3.05,3.02,2.99,2.96,2.94,2.91,2.88,4.74,4.72,4.71,4.69,4.67,4.66,4.64,4.62,4.61,4.59,244.97,0.00,0.00,1.00,0.00,0.00,0.00,-1.00,0,None,0,aggregation
160,296.54,remora7,remora2,21.16,21.16,21.26,21.26,21.57,21.57,21.90,21.90,22.04,22.04,25.66,25.66,25.73,25.73,25.94,25.94,26.17,26.17,26.27,26.27,2.85,2.82,2.80,2.77,2.74,2.72,2.69,2.67,2.64,2.62,4.58,4.56,4.55,4.53,4.52,4.50,4.48,4.47,4.46,4.44,239.54,0.00,1.00,1.00,0.00,0.00,0.00,-1.00,0,None,0,aggregation
160,297.54,remora7,remora2,22.33,22.33,22.44,22.44,22.77,22.77,22.99,23.23,23.23,23.23,26.47,26.47,26.54,26.54,26.77,26.77,26.91,27.07,27.07,27.07,2.59,2.57,2.54,2.52,2.50,2.48,2.46,2.44,2.42,2.40,4.43,4.42,4.40,4.39,4.38,4.36,4.35,4.34,4.33,4.32,235.66,0.00,1.00,1.00,0.00,0.00,0.00,-1.00,0,None,0,aggregation
160,298.54,remora7,remora2,23.42,23.42,23.62,23.62,24.03,24.03,24.17,24.17,24.42,24.42,27.20,27.20,27.33,27.33,27.59,27.59,27.68,27.68,27.84,27.84,2.38,2.37,2.35,2.34,2.32,2.31,2.29,2.28,2.27,2.26,4.31,4.30,4.29,4.28,4.27,4.26,4.25,4.24,4.23,4.22,233.41,0.00,1.00,1.00,0.00,0.00,0.00,-1.00,0,None,0,aggregation
160,299.54,remora7,remora2,24.61,24.89,24.89,24.89,25.10,25.10,25.30,25.30,25.47,25.47,27.96,28.13,28.13,28.13,28.26,28.26,28.38,28.38,28.49,28.49,2.25,2.24,2.23,2.22,2.21,2.21,2.20,2.19,2.19,2.18,4.22,4.21,4.21,4.20,4.20,4.19,4.18,4.17,4.17,4.16,233.50,0.00,1.00,1.00,0.00,0.00,0.00,-1.00,0,None,0,aggregation
160,300.54,remora7,remora2,25.76,25.76,25.90,25.90,26.07,26.07,26.20,26.20,26.39,26.39,28.66,28.66,28.74,28.74,28.83,28.83,28.91,28.91,29.02,29.02,2.18,2.17,2.17,2.17,2.16,2.16,2.16,2.16,2.15,2.15,4.16,4.15,4.15,4.14,4.14,4.14,4.14,4.13,4.13,4.13,236.71,0.00,1.00,1.00,0.00,0.00,0.00,-1.00,0,None,0,aggregation
160,301.54,remora7,remora2,26.46,26.46,26.52,26.65,26.65,26.65,26.82,26.82,26.95,26.95,29.06,29.06,29.08,29.16,29.16,29.16,29.25,29.25,29.32,29.32,2.15,2.15,2.15,2.15,2.15,2.15,2.15,2.15,2.15,2.15,4.13,4.13,4.13,4.12,4.12,4.12,4.12,4.11,4.11,4.80,242.72,0.00,1.00,1.00,0.00,0.00,0.00,-1.00,0,None,0,aggregation
160,302.54,remora7,remora2,27.03,27.03,27.06,27.06,27.20,27.20,27.22,27.41,27.41,27.41,29.36,29.36,29.37,29.37,29.44,29.44,29.45,29.54,29.54,29.54,2.16,2.16,2.16,2.16,2.16,2.16,2.17,2.17,2.17,2.17,4.82,4.83,4.84,4.85,4.86,4.88,4.89,4.90,4.92,4.93,250.36,0.00,1.00,1.00,0.00,0.00,0.00,-1.00,0,None,0,aggregation
160,303.54,remora7,remora2,27.47,27.47,27.58,27.58,27.61,27.61,27.67,27.76,27.76,27.76,29.57,29.57,29.62,29.62,29.64,29.64,29.66,29.70,29.70,29.70,2.18,2.18,2.18,2.19,2.19,2.19,2.20,2.20,2.21,2.21,4.94,4.96,4.97,4.98,5.00,5.01,5.03,5.04,5.06,5.07,258.24,0.00,1.00,1.00,0.00,0.00,0.00,-1.00,0,None,0,aggregation
160,304.54,remora7,remora2,27.90,27.90,27.91,27.91,27.99,27.99,28.07,28.07,28.18,28.18,29.76,29.76,29.77,29.77,29.80,29.80,29.84,29.84,29.88,29.88,2.21,2.22,2.22,2.23,2.23,2.24,2.24,2.25,2.26,2.26,5.09,5.10,5.12,5.13,5.15,5.16,5.18,5.20,5.21,5.23,265.18,0.00,1.00,1.00,0.00,0.00,0.00,-1.00,0,None,0,aggregation
160,305.54,remora7,remora2,28.25,28.25,28.27,28.27,28.36,28.36,28.49,28.49,28.58,28.58,29.91,29.91,29.91,29.91,29.95,29.95,29.99,29.99,30.02,30.02,2.27,2.27,2.28,2.29,2.29,2.30,2.31,2.32,2.32,2.33,5.24,5.26,5.28,5.29,5.31,5.33,5.35,5.36,5.38,5.40,271.38,0.00,1.00,1.00,0.00,0.00,0.00,-1.00,0,None,0,aggregation
160,306.54,remora7,remora2,0.00,0.00,0.00,0.00,0.00,0.00,0.00,0.00,0.00,0.00,0.00,0.00,0.00,0.00,0.00,0.00,0.00,0.00,0.00,0.00,2.35,2.37,2.40,2.42,2.45,2.47,2.50,2.52,2.55,2.57,5.41,5.43,5.44,5.45,5.46,5.47,5.49,5.50,5.51,5.52,247.61,0.00,1.00,1.00,0.00,0.00,0.00,-1.00,0,None,0,aggregation
160,307.54,remora7,remora2,0.00,0.00,0.00,0.00,0.00,0.00,0.00,0.00,0.00,0.00,0.00,0.00,0.00,0.00,0.00,0.00,0.00,0.00,0.00,0.00,2.60,2.62,2.65,2.67,2.70,2.72,2.74,2.77,2.79,2.82,5.53,5.55,5.56,5.57,5.58,5.59,5.60,5.62,5.63,5.64,222.84,0.00,1.00,1.00,0.00,0.00,0.00,-1.00,0,None,0,aggregation
160,308.54,remora7,remora2,0.00,0.00,0.00,0.00,0.00,0.00,0.00,0.00,0.00,0.00,0.00,0.00,0.00,0.00,0.00,0.00,0.00,0.00,0.00,0.00,2.84,2.86,2.89,2.91,2.94,2.96,2.98,3.01,3.03,3.06,5.65,5.66,5.67,5.69,5.70,5.71,5.72,5.73,5.75,5.76,197.11,0.00,1.00,1.00,0.00,0.00,0.00,-1.00,0,None,0,aggregation
160,309.54,remora7,remora2,0.00,0.00,0.00,0.00,0.00,0.00,0.00,0.00,0.00,0.00,0.00,0.00,0.00,0.00,0.00,0.00,0.00,0.00,0.00,0.00,3.08,3.10,3.13,3.15,3.17,3.20,3.22,3.24,3.27,3.29,5.77,5.78,5.79,5.80,5.82,5.83,5.84,5.85,5.86,5.88,170.43,0.00,0.00,1.00,0.00,0.00,0.00,-1.00,0,None,0,aggregation
160,310.54,remora7,remora2,0.00,0.00,0.00,0.00,0.00,0.00,0.00,0.00,0.00,0.00,0.00,0.00,0.00,0.00,0.00,0.00,0.00,0.00,0.00,0.00,3.31,3.34,3.36,3.38,3.41,3.43,3.45,3.48,3.50,3.52,5.89,5.90,5.91,5.93,5.94,5.95,5.96,5.97,5.99,6.00,142.98,0.00,0.00,1.00,0.00,0.00,0.00,-1.00,0,None,0,aggregation
160,311.54,remora7,remora2,0.00,0.00,0.00,0.00,0.00,0.00,0.00,0.00,0.00,0.00,0.00,0.00,0.00,0.00,0.00,0.00,0.00,0.00,0.00,0.00,3.54,3.57,3.59,3.61,3.64,3.66,3.68,3.70,3.73,3.75,6.01,6.03,6.04,6.05,6.06,6.08,6.09,6.10,6.12,6.13,115.04,0.00,0.00,1.00,0.00,0.00,0.00,-1.00,0,None,0,aggregation
160,312.54,remora7,remora2,0.00,0.00,0.00,0.00,0.00,0.00,0.00,0.00,0.00,0.00,0.00,0.00,0.00,0.00,0.00,0.00,0.00,0.00,0.00,0.00,3.77,3.80,3.82,3.84,3.86,3.89,3.91,3.93,3.95,3.98,6.14,6.15,6.17,6.18,6.19,6.21,6.22,6.24,6.25,6.26,86.72,0.00,0.00,1.00,0.00,0.00,0.00,-1.00,0,None,0,aggregation
160,313.54,remora7,remora2,0.00,0.00,0.00,0.00,0.00,0.00,0.00,0.00,0.00,0.00,0.00,0.00,0.00,0.00,0.00,0.00,0.00,0.00,0.00,0.00,4.00,4.02,4.04,4.06,4.09,4.11,4.13,4.15,4.18,4.20,6.28,6.29,6.30,6.32,6.33,6.35,6.36,6.38,6.39,6.40,58.08,0.00,0.00,1.00,0.00,0.00,0.00,-1.00,0,None,0,aggregation
160,314.54,remora7,remora2,0.00,0.00,0.00,0.00,0.00,0.00,0.00,0.00,0.00,0.00,0.00,0.00,0.00,0.00,0.00,0.00,0.00,0.00,0.00,0.00,4.22,4.24,4.27,4.29,4.31,4.33,4.35,4.38,4.40,4.42,6.42,6.43,6.45,6.46,6.48,6.49,6.51,6.52,6.54,6.55,29.17,0.00,0.00,0.00,0.00,0.00,0.00,-1.00,0,None,0,aggregation
160,315.54,remora7,remora2,0.00,0.00,0.00,0.00,0.00,0.00,0.00,0.00,0.00,0.00,0.00,0.00,0.00,0.00,0.00,0.00,0.00,0.00,0.00,0.00,4.44,4.46,4.49,4.51,4.53,4.55,4.57,4.60,4.62,4.64,6.57,6.58,6.60,6.62,6.63,6.65,6.66,6.68,6.70,6.71,0.00,0.00,0.00,0.00,0.00,0.00,0.00,-1.00,0,None,0,aggregation
160,316.54,remora7,remora2,0.00,0.00,0.00,0.00,0.00,0.00,0.00,0.00,0.00,0.00,0.00,0.00,0.00,0.00,0.00,0.00,0.00,0.00,0.00,0.00,4.66,4.68,4.71,4.73,4.75,4.77,4.79,4.81,4.84,4.86,6.73,6.74,6.76,6.78,6.79,6.81,6.83,6.84,6.86,6.88,0.00,0.00,0.00,0.00,0.00,0.00,0.00,-1.00,0,None,0,aggregation
160,317.54,remora7,remora2,0.00,0.00,0.00,0.00,0.00,0.00,0.00,0.00,0.00,0.00,0.00,0.00,0.00,0.00,0.00,0.00,0.00,0.00,0.00,0.00,4.88,4.90,4.92,4.94,4.96,4.98,5.00,5.03,5.05,5.07,6.89,6.91,6.93,6.94,6.96,6.98,6.99,7.01,7.03,7.04,0.00,0.00,0.00,0.00,0.00,0.00,0.00,-1.00,0,None,0,aggregation
160,318.54,remora7,remora2,0.00,0.00,0.00,0.00,0.00,0.00,0.00,0.00,0.00,0.00,0.00,0.00,0.00,0.00,0.00,0.00,0.00,0.00,0.00,0.00,5.09,5.11,5.13,5.15,5.17,5.19,5.21,5.22,5.24,5.26,7.06,7.08,7.09,7.11,7.13,7.14,7.16,7.18,7.20,7.21,0.00,0.00,0.00,0.00,0.00,0.00,0.00,-1.00,0,None,0,aggregation
160,319.54,remora7,remora2,0.00,0.00,0.00,0.00,0.00,0.00,0.00,0.00,0.00,0.00,0.00,0.00,0.00,0.00,0.00,0.00,0.00,0.00,0.00,0.00,5.28,5.30,5.32,5.34,5.36,5.38,5.39,5.41,5.43,5.45,7.23,7.25,7.26,7.28,7.30,7.31,7.33,7.35,7.37,7.38,0.00,0.00,0.00,0.00,0.00,0.00,0.00,-1.00,0,None,0,aggregation
160,320.54,remora7,remora2,0.00,0.00,0.00,0.00,0.00,0.00,0.00,0.00,0.00,0.00,0.00,0.00,0.00,0.00,0.00,0.00,0.00,0.00,0.00,0.00,5.47,5.49,5.51,5.52,5.54,5.56,5.58,5.60,5.62,5.63,7.40,7.42,7.44,7.45,7.47,7.49,7.51,7.53,7.54,7.56,0.00,0.00,0.00,0.00,0.00,0.00,0.00,-1.00,0,None,0,aggregation
160,321.54,remora7,remora2,0.00,0.00,0.00,0.00,0.00,0.00,0.00,0.00,0.00,0.00,0.00,0.00,0.00,0.00,0.00,0.00,0.00,0.00,0.00,0.00,5.65,5.65,5.66,5.68,5.69,5.71,5.73,5.75,5.77,5.79,7.58,7.59,7.60,7.62,7.64,7.66,7.67,7.69,7.71,7.73,0.00,0.00,0.00,0.00,0.00,0.00,0.00,-1.00,0,None,0,aggregation
160,322.54,remora7,remora2,0.00,0.00,0.00,0.00,0.00,0.00,0.00,0.00,0.00,0.00,0.00,0.00,0.00,0.00,0.00,0.00,0.00,0.00,0.00,0.00,5.81,5.82,5.84,5.86,5.88,5.90,5.92,5.94,5.96,5.98,7.75,7.77,7.79,7.81,7.83,7.84,7.86,7.88,7.90,7.92,0.00,0.00,0.00,0.00,0.00,0.00,0.00,-1.00,0,None,0,aggregation
160,323.54,remora7,remora2,0.00,0.00,0.00,0.00,0.00,0.00,0.00,0.00,0.00,0.00,0.00,0.00,0.00,0.00,0.00,0.00,0.00,0.00,0.00,0.00,5.99,6.01,6.03,6.05,6.07,6.09,6.11,6.13,6.15,6.17,7.94,7.96,7.98,8.00,8.02,8.04,6.11,6.13,6.15,6.17,0.00,0.00,0.00,0.00,0.00,0.00,0.00,-1.00,0,None,0,aggregation
160,324.54,remora7,remora2,0.00,0.00,0.00,0.00,0.00,0.00,0.00,0.00,0.00,0.00,0.00,0.00,0.00,0.00,0.00,0.00,0.00,0.00,0.00,0.00,6.19,6.19,6.20,6.22,6.24,6.26,6.28,6.30,6.32,6.34,6.19,6.19,6.20,6.22,6.24,6.26,6.28,6.30,6.32,6.34,0.00,0.00,0.00,0.00,0.00,0.00,0.00,-1.00,0,None,0,aggregation
160,131.54,remora7,remora0,-14.37,-16.36,-16.36,4.51,4.51,14.55,14.55,12.46,12.46,10.38,-24.83,-26.83,-26.83,-5.95,-5.95,6.47,6.47,3.83,3.83,1.21,4.15,4.13,4.11,4.09,4.09,4.09,4.08,4.06,4.03,4.01,5.72,5.72,5.72,5.73,5.73,5.72,5.72,5.72,5.72,5.72,47.27,0.00,0.00,1.00,0.00,0.00,0.00,-1.00,0,None,0,aggregation
160,132.54,remora7,remora0,10.38,8.87,8.87,6.72,6.72,10.51,10.51,11.12,11.12,9.50,1.21,-0.69,-0.69,-3.38,-3.38,1.37,1.37,2.14,2.14,0.11,3.99,3.97,3.95,3.93,3.91,3.90,3.88,3.86,3.84,3.83,5.72,5.72,5.72,5.72,5.72,5.72,5.72,5.01,5.01,5.00,51.99,0.00,0.00,1.00,0.00,0.00,0.00,-1.00,0,None,0,aggregation
160,133.54,remora7,remora0,9.50,9.02,9.02,13.42,13.42,14.19,14.19,13.38,13.38,12.14,0.11,-0.50,-0.50,5.04,5.04,6.01,6.01,4.99,4.99,3.43,3.81,3.80,3.78,3.77,3.76,3.74,3.73,3.72,3.71,3.70,5.00,5.00,5.00,4.99,4.99,4.99,4.99,4.99,4.99,4.98,59.81,0.00,0.00,1.00,0.00,0.00,0.00,-1.00,0,None,0,aggregation
160,134.54,remora7,remora0,12.14,13.40,13.40,14.54,13.82,13.82,14.44,14.44,14.44,15.62,3.43,5.01,5.01,6.46,5.54,5.54,6.33,6.33,6.33,7.83,3.69,3.68,3.67,3.67,3.66,3.66,3.65,3.65,3.65,3.65,4.98,4.98,4.98,4.98,4.98,4.99,4.99,4.99,4.99,4.99,69.70,0.00,0.00,1.00,0.00,0.00,0.00,-1.00,0,None,0,aggregation
160,135.54,remora7,remora0,15.62,14.99,14.99,15.71,15.71,15.26,15.26,15.83,15.83,15.88,7.83,7.03,7.03,7.95,7.95,7.38,7.38,8.09,8.09,8.16,3.65,3.65,3.65,3.66,3.66,3.66,3.67,3.68,3.69,3.69,4.99,4.99,4.99,5.00,5.00,5.00,5.00,5.01,5.01,5.01,81.30,0.00,0.00,1.00,0.00,0.00,0.00,-1.00,0,None,0,aggregation
160,136.54,remora7,remora0,15.88,14.49,14.49,15.06,15.06,12.17,12.17,10.82,10.82,12.29,8.16,6.39,6.39,7.11,7.11,3.47,3.47,1.76,1.76,3.61,3.70,3.71,3.72,3.74,3.75,3.76,3.77,3.79,3.80,3.81,5.02,5.02,5.03,5.03,5.44,5.44,5.44,5.44,5.44,5.44,90.42,0.00,0.00,1.00,0.00,0.00,0.00,-1.00,0,None,0,aggregation
160,137.54,remora7,remora0,12.29,11.48,11.48,9.39,9.39,9.20,9.20,7.77,7.77,4.24,3.61,2.59,2.59,-0.03,-0.03,-0.27,-0.27,-2.06,-2.06,-6.23,3.82,3.83,3.82,3.81,3.81,3.80,3.80,3.80,3.79,3.79,5.44,5.45,5.45,5.45,5.46,5.46,5.47,5.47,5.47,5.48,95.12,0.00,0.00,1.00,0.00,0.00,0.00,-1.00,0,None,0,aggregation
160,138.54,remora7,remora0,3.89,3.89,3.89,3.85,3.85,1.36,1.36,3.22,3.22,2.74,-6.57,-6.57,-6.57,-6.61,-6.61,-9.10,-9.10,-7.24,-7.24,-7.72,3.79,3.79,3.79,3.78,3.78,3.78,3.79,3.79,3.79,3.79,5.48,5.48,5.48,5.49,5.49,5.49,5.50,5.50,5.51,5.51,97.23,0.00,0.00,1.00,0.00,0.00,0.00,-1.00,0,None,0,aggregation
160,139.54,remora7,remora0,2.74,1.64,1.64,1.28,1.28,1.12,1.12,0.90,0.50,0.50,-7.72,-8.82,-8.82,-9.19,-9.19,-9.34,-9.34,-9.56,-9.96,-9.96,3.79,3.79,3.79,3.78,3.78,3.78,3.78,3.78,3.78,3.78,5.51,5.51,5.52,5.52,5.52,5.53,5.53,5.53,5.54,5.54,92.22,0.00,0.00,1.00,0.00,0.00,0.00,-1.00,0,None,0,aggregation
160,140.54,remora7,remora0,0.50,2.05,2.05,3.12,4.62,4.62,4.62,5.13,5.13,4.00,-9.96,-8.41,-8.41,-7.35,-5.84,-5.84,-5.84,-5.34,-5.34,-6.46,3.79,3.79,3.79,3.78,3.78,3.78,3.78,3.78,3.78,3.78,5.55,5.55,5.56,5.56,5.57,5.57,5.58,5.58,5.58,5.58,66.30,0.00,0.00,1.00,0.00,0.00,0.00,-1.00,0,None,0,aggregation
160,141.54,remora7,remora0,4.00,5.81,5.81,5.86,5.86,6.50,6.50,7.51,7.51,8.52,-6.46,-4.51,-4.51,-4.45,-4.45,-3.65,-3.65,-2.38,-2.38,-1.13,3.78,3.78,3.78,3.78,3.78,3.78,3.78,3.78,3.78,3.78,5.59,5.59,5.59,5.59,5.60,5.60,5.60,5.61,5.61,5.61,57.13,0.00,0.00,1.00,0.00,0.00,0.00,-1.00,0,None,0,aggregation
160,142.54,remora7,remora0,8.52,9.47,10.57,10.57,10.57,11.89,11.89,12.46,12.46,13.05,-1.13,0.06,1.45,1.45,1.45,3.11,3.11,3.82,3.82,4.56,3.79,3.79,3.79,3.80,3.80,3.81,3.81,3.82,3.83,3.83,5.62,5.62,5.63,5.63,5.63,5.64,5.64,5.65,5.65,5.66,59.06,0.00,0.00,1.00,0.00,0.00,0.00,-1.00,0,None,0,aggregation
160,143.54,remora7,remora0,14.50,14.50,15.01,15.01,15.01,16.08,16.08,16.41,16.41,17.43,6.41,6.41,7.06,7.06,7.06,8.42,8.42,8.84,8.84,10.15,3.84,3.85,3.85,3.84,3.83,3.82,3.82,3.81,3.80,3.79,5.66,5.66,5.67,5.67,5.67,5.68,5.68,5.69,5.69,5.69,63.00,0.00,0.00,1.00,0.00,0.00,0.00,-1.00,0,None,0,aggregation
160,144.54,remora7,remora0,17.43,18.14,18.14,18.74,18.74,19.05,19.05,20.05,20.05,20.72,10.15,11.06,11.06,11.83,11.83,12.24,12.24,13.55,13.55,14.43,3.79,3.78,3.77,3.77,3.76,3.76,3.75,3.75,3.74,3.74,5.70,5.70,5.70,5.71,5.71,5.71,5.72,5.71,5.71,5.71,68.71,0.00,0.00,1.00,0.00,0.00,0.00,-1.00,0,None,0,aggregation
160,145.54,remora7,remora0,20.72,21.76,21.76,22.38,22.38,22.48,22.48,22.47,22.47,23.10,14.43,15.80,15.80,16.63,16.63,16.76,16.76,16.75,16.75,17.60,3.74,3.73,3.73,3.73,3.72,3.72,3.72,3.72,3.72,3.72,5.71,5.71,5.70,5.70,5.70,5.70,5.69,5.69,5.69,5.69,76.41,0.00,0.00,1.00,0.00,0.00,0.00,-1.00,0,None,0,aggregation
160,146.54,remora7,remora0,23.10,23.01,23.01,22.65,22.65,22.09,22.09,21.41,21.41,21.27,17.60,17.48,17.48,17.00,17.00,16.24,16.24,15.33,15.33,15.14,3.73,3.73,3.73,3.74,3.74,3.74,3.74,3.75,3.75,3.76,5.68,5.69,5.69,5.69,5.69,5.69,5.70,5.70,5.70,5.70,86.66,0.00,0.00,1.00,0.00,0.00,0.00,-1.00,0,None,0,aggregation
160,147.54,remora7,remora0,21.27,20.72,20.72,19.57,19.57,18.90,18.90,17.32,17.32,15.19,15.14,14.42,14.42,12.91,12.91,12.04,12.04,10.01,10.01,7.29,3.77,3.78,3.78,3.79,3.80,3.81,3.81,3.82,3.82,3.83,5.70,5.71,5.71,5.71,5.71,5.72,5.72,5.72,5.72,5.73,97.49,0.00,0.00,1.00,0.00,0.00,0.00,-1.00,0,None,0,aggregation
160,148.54,remora7,remora0,13.08,13.08,13.08,11.43,11.43,9.45,9.45,9.41,7.58,7.58,4.61,4.61,4.61,2.53,2.53,0.04,0.04,-0.01,-2.30,-2.30,3.84,3.85,3.85,3.86,3.86,3.86,3.87,3.87,3.87,3.87,5.73,5.73,5.74,5.74,5.74,5.75,5.75,5.75,5.75,5.75,101.38,0.00,0.00,1.00,0.00,0.00,0.00,-1.00,0,None,0,aggregation
160,149.54,remora7,remora0,7.58,7.02,7.02,5.76,5.76,8.77,9.65,9.65,9.65,8.42,-2.30,-2.99,-2.99,-4.57,-4.57,-0.81,0.29,0.29,0.29,-1.24,3.88,3.88,3.88,3.88,3.89,3.89,3.90,3.90,3.90,3.91,5.75,5.75,5.76,5.76,5.77,5.78,5.79,5.79,5.79,5.80,100.46,0.00,0.00,1.00,0.00,0.00,0.00,-1.00,0,None,0,aggregation
160,150.54,remora7,remora0,8.42,8.54,8.54,11.32,12.39,12.39,12.39,13.22,11.64,11.64,-1.24,-1.10,-1.10,2.39,3.74,3.74,3.74,4.78,2.80,2.80,3.92,3.92,3.93,3.93,3.94,3.94,3.95,3.96,3.97,3.98,5.81,5.82,5.82,5.83,5.83,5.84,5.84,5.84,5.84,5.84,105.36,0.00,0.00,1.00,0.00,0.00,0.00,-1.00,0,None,0,aggregation
160,151.54,remora7,remora0,11.64,12.53,12.53,11.44,11.44,11.90,11.90,12.12,12.12,13.62,2.80,3.91,3.91,2.54,2.54,3.12,3.12,3.39,3.39,5.29,3.99,4.00,4.01,4.00,4.00,3.99,3.99,3.99,3.98,3.98,5.84,5.85,5.85,5.86,5.86,5.86,5.87,5.87,5.87,5.88,111.56,0.00,0.00,1.00,0.00,0.00,0.00,-1.00,0,None,0,aggregation
160,152.54,remora7,remora0,13.91,13.91,13.91,13.56,12.93,12.93,12.93,11.16,13.28,13.28,5.66,5.66,5.66,5.21,4.42,4.42,4.42,2.19,4.86,4.86,3.97,3.96,3.95,3.94,3.92,3.90,3.89,3.89,3.90,3.90,5.88,5.89,5.89,5.90,5.90,5.90,5.91,5.91,5.92,5.93,113.86,0.00,0.00,1.00,0.00,0.00,0.00,-1.00,0,None,0,aggregation
160,153.54,remora7,remora0,15.90,15.90,15.90,16.71,16.71,16.17,16.17,15.98,15.98,16.73,8.19,8.19,8.19,9.22,9.22,8.53,8.53,8.29,8.29,9.25,3.91,3.92,3.93,3.91,3.90,3.87,3.87,3.87,3.87,3.87,5.93,5.94,5.95,5.95,5.96,5.96,5.97,5.98,5.99,6.00,114.51,0.00,0.00,1.00,0.00,0.00,0.00,-1.00,0,None,0,aggregation
160,154.54,remora7,remora0,16.73,16.80,16.80,16.94,16.94,14.56,14.56,14.47,14.47,12.63,9.25,9.33,9.33,9.52,9.52,6.48,6.48,6.37,6.37,4.04,3.86,3.85,3.83,3.81,3.80,3.79,3.79,3.79,3.78,3.77,6.00,6.01,6.02,6.03,6.03,6.04,6.05,6.05,6.06,6.07,110.49,0.00,0.00,1.00,0.00,0.00,0.00,-1.00,0,None,0,aggregation
160,155.54,remora7,remora0,12.63,13.30,12.03,12.03,12.03,10.90,10.90,10.32,10.32,11.87,4.04,4.89,3.29,3.29,3.29,1.86,1.86,1.13,1.13,3.09,3.76,3.75,3.74,3.74,3.73,3.72,3.72,3.72,3.72,3.72,6.07,6.08,6.09,6.10,6.10,6.11,6.12,6.13,6.14,6.15,98.40,0.00,0.00,1.00,0.00,0.00,0.00,-1.00,0,None,0,aggregation
160,156.54,remora7,remora0,11.57,11.57,11.57,12.93,10.95,10.95,10.95,11.91,11.91,10.08,2.70,2.70,2.70,4.42,1.93,1.93,1.93,3.13,3.13,0.83,3.71,3.70,3.69,3.68,3.67,3.67,3.67,3.67,3.66,3.66,6.16,6.17,6.18,6.18,6.19,6.20,6.21,6.22,6.23,6.24,86.02,0.00,0.00,1.00,0.00,0.00,0.00,-1.00,0,None,0,aggregation
160,157.54,remora7,remora0,10.08,11.06,11.06,10.85,10.85,9.90,9.09,9.09,9.09,8.53,0.83,2.07,2.07,1.80,1.80,0.61,-0.41,-0.41,-0.41,-1.11,3.65,3.65,3.65,3.64,3.64,3.63,3.63,3.63,3.63,3.63,6.25,6.26,6.27,6.28,6.29,6.31,6.32,6.33,6.34,6.36,75.80,0.00,0.00,1.00,0.00,0.00,0.00,-1.00,0,None,0,aggregation
160,158.54,remora7,remora0,10.23,10.23,10.47,10.47,10.47,9.22,9.22,10.46,10.46,9.36,1.03,1.03,1.32,1.32,1.32,-0.24,-0.24,1.32,1.32,-0.07,3.63,3.63,3.64,3.64,3.65,3.65,3.65,3.66,3.66,3.66,6.37,6.39,6.40,6.42,6.43,6.45,6.46,6.48,6.49,6.51,75.25,0.00,0.00,1.00,0.00,0.00,0.00,-1.00,0,None,0,aggregation
160,159.54,remora7,remora0,9.36,9.86,10.97,10.97,10.97,10.05,10.05,9.36,9.36,9.61,-0.07,0.56,1.95,1.95,1.95,0.80,0.80,-0.07,-0.07,0.24,3.67,3.67,3.67,3.68,3.68,3.68,3.69,3.69,3.69,3.70,6.52,6.53,6.55,6.56,6.58,6.59,6.61,6.63,6.64,6.65,77.64,0.00,0.00,1.00,0.00,0.00,0.00,-1.00,0,None,0,aggregation
160,160.54,remora7,remora0,9.61,9.12,9.12,9.12,9.12,8.80,8.80,9.52,9.10,9.10,0.24,-0.38,-0.38,-0.37,-0.37,-0.77,-0.77,0.13,-0.39,-0.39,3.70,3.70,3.70,3.71,3.71,3.71,3.72,3.72,3.73,3.73,6.66,6.68,6.69,6.70,6.71,6.72,6.73,6.75,6.76,6.77,75.49,0.00,0.00,1.00,0.00,0.00,0.00,-1.00,0,None,0,aggregation
160,161.54,remora7,remora0,9.10,9.58,9.58,10.07,10.07,9.99,9.99,10.11,10.11,10.25,-0.39,0.21,0.21,0.83,0.83,0.72,0.72,0.88,0.88,1.05,3.74,3.75,3.75,3.76,3.77,3.78,3.79,3.81,3.82,3.83,6.79,6.80,6.82,6.83,6.84,6.85,6.87,6.88,6.90,6.39,72.97,0.00,0.00,1.00,0.00,0.00,0.00,-1.00,0,None,0,aggregation
160,162.54,remora7,remora0,10.25,11.03,11.03,10.90,11.13,11.13,11.13,11.51,11.51,11.74,1.05,2.03,2.03,1.87,2.16,2.16,2.16,2.62,2.62,2.91,3.85,3.86,3.88,3.90,3.92,3.94,3.96,3.98,4.00,4.03,6.40,6.42,6.43,6.44,6.45,6.46,6.47,6.48,6.50,5.81,70.66,0.00,0.00,1.00,0.00,0.00,0.00,-1.00,0,None,0,aggregation
160,163.54,remora7,remora0,11.74,12.16,12.16,12.51,12.51,13.00,13.00,13.15,13.15,13.19,2.91,3.45,3.45,3.88,3.88,4.51,4.51,4.69,4.69,4.75,4.05,4.08,4.10,4.13,4.16,4.15,4.14,4.13,4.12,4.11,5.82,5.83,5.84,5.85,5.86,5.86,5.87,5.88,5.89,5.26,66.62,0.00,0.00,1.00,0.00,0.00,0.00,-1.00,0,None,0,aggregation
160,164.54,remora7,remora0,13.19,13.79,13.79,13.78,13.78,14.87,14.87,14.59,14.59,15.22,4.75,5.51,5.51,5.50,5.50,6.87,6.87,6.52,6.52,7.32,4.11,4.10,4.10,4.09,4.09,4.08,4.07,4.06,4.05,4.05,5.27,5.28,5.29,5.30,5.31,5.32,5.33,5.33,5.34,5.35,65.20,0.00,0.00,1.00,0.00,0.00,0.00,-1.00,0,None,0,aggregation
160,165.54,remora7,remora0,15.60,15.60,15.60,16.13,16.13,17.23,17.23,17.42,17.42,17.80,7.81,7.81,7.81,8.48,8.48,9.89,9.89,10.13,10.13,10.62,4.04,4.04,4.03,4.03,4.02,4.02,4.01,4.01,4.01,4.01,5.36,5.37,5.37,5.38,5.39,5.40,5.40,5.41,5.42,5.74,70.85,0.00,0.00,1.00,0.00,0.00,0.00,-1.00,0,None,0,aggregation
160,166.54,remora7,remora0,17.80,18.36,18.36,18.54,18.54,19.05,19.05,19.50,20.14,20.14,10.62,11.35,11.35,11.58,11.58,12.24,12.24,12.82,13.66,13.66,4.00,4.00,3.99,3.98,3.98,3.98,3.98,3.98,3.98,3.99,5.75,5.76,5.76,5.77,5.78,5.78,5.79,5.80,5.81,5.82,79.39,0.00,0.00,1.00,0.00,0.00,0.00,-1.00,0,None,0,aggregation
160,167.54,remora7,remora0,20.14,20.19,20.31,20.31,20.31,21.11,21.11,21.19,21.44,21.44,13.66,13.72,13.88,13.88,13.88,14.94,14.94,15.05,15.38,15.38,3.99,3.98,3.98,3.99,3.99,4.00,4.00,4.00,4.00,4.01,5.83,5.83,5.84,5.85,5.86,5.87,5.88,5.88,5.89,5.90,91.68,0.00,0.00,1.00,0.00,0.00,0.00,-1.00,0,None,0,aggregation
160,168.54,remora7,remora0,21.44,21.75,21.75,22.28,22.28,22.32,22.32,22.22,22.22,22.90,15.38,15.79,15.79,16.50,16.50,16.55,16.55,16.42,16.42,17.34,4.01,4.02,4.03,4.03,4.04,4.06,4.06,4.07,4.08,4.09,5.91,5.91,5.92,5.93,5.94,5.95,5.96,5.97,5.98,5.99,105.48,0.00,0.00,1.00,0.00,0.00,0.00,-1.00,0,None,0,aggregation
160,169.54,remora7,remora0,22.90,23.42,23.42,23.39,23.39,24.02,24.59,24.59,24.59,24.83,17.34,18.04,18.04,18.00,18.00,18.86,19.64,19.64,19.64,19.98,4.10,4.11,4.12,4.14,4.15,4.17,4.18,4.19,4.20,4.22,6.00,6.01,6.02,6.03,6.04,6.05,6.06,6.07,6.08,6.09,121.37,0.00,0.00,1.00,0.00,0.00,0.00,-1.00,0,None,0,aggregation
160,170.54,remora7,remora0,24.83,24.85,24.85,25.53,25.53,26.16,26.66,26.66,26.66,27.21,19.98,20.02,20.02,20.97,20.97,21.88,22.61,22.61,22.61,23.45,4.23,4.25,4.26,4.28,4.30,4.32,4.34,4.36,4.39,4.41,6.10,6.11,6.11,6.12,6.13,6.15,6.16,6.17,6.18,6.19,140.67,0.00,0.00,1.00,0.00,0.00,0.00,-1.00,0,None,0,aggregation
160,171.54,remora7,remora0,27.21,27.64,27.96,27.96,27.96,28.26,28.54,28.54,28.80,28.80,23.45,24.11,24.61,24.61,24.61,25.10,25.57,25.57,26.01,26.01,4.43,4.45,4.47,4.49,4.51,4.53,4.56,8.81,8.81,8.82,6.20,6.61,6.62,6.63,6.65,6.66,6.68,8.81,8.81,8.82,162.00,0.00,0.00,1.00,0.00,0.00,0.00,-1.00,0,None,0,aggregation
160,172.54,remora7,remora0,28.80,29.04,29.04,29.25,29.25,29.35,29.35,29.54,29.62,29.62,26.01,26.43,26.43,26.84,26.84,27.03,27.03,27.40,27.57,27.57,8.83,8.84,8.85,8.85,8.86,8.87,8.88,8.89,8.90,8.91,8.83,8.84,8.85,8.85,8.86,8.87,8.88,8.89,8.90,8.91,183.45,0.00,0.00,1.00,0.00,0.00,0.00,-1.00,0,None,0,aggregation
160,173.54,remora7,remora0,29.73,29.73,29.73,29.83,29.83,29.89,29.89,29.95,30.00,30.00,27.83,27.83,27.83,28.07,28.07,28.22,28.22,28.37,28.51,28.51,8.92,8.92,8.93,8.94,8.95,8.96,8.97,8.99,9.00,9.01,8.92,8.92,8.93,8.94,8.95,8.96,8.97,8.99,9.00,9.01,204.09,0.00,0.00,1.00,0.00,0.00,0.00,-1.00,0,None,0,aggregation
160,174.54,remora7,remora0,30.00,30.04,0.00,0.00,0.00,30.00,30.00,30.00,30.00,30.00,28.51,28.65,0.00,0.00,0.00,30.00,30.00,30.00,30.00,30.00,9.02,9.03,9.04,9.06,9.08,9.10,9.11,9.12,9.13,9.15,9.02,9.03,9.04,9.06,9.08,9.10,9.11,9.12,9.13,9.15,214.78,0.00,0.00,1.00,0.00,0.00,0.00,-1.00,0,None,0,aggregation
160,175.54,remora7,remora0,30.00,30.00,30.00,30.00,30.00,30.00,30.00,30.00,30.00,30.00,30.00,30.00,30.00,30.00,30.00,30.00,30.00,30.00,30.00,30.00,9.16,9.17,9.18,9.20,9.21,9.22,9.23,9.24,9.26,9.27,9.16,9.17,9.18,9.20,9.21,9.22,9.23,9.24,9.26,9.27,231.92,0.00,0.00,1.00,0.00,0.00,0.00,-1.00,0,None,0,aggregation
160,176.54,remora7,remora0,30.00,30.00,30.00,30.00,30.00,30.00,30.00,30.00,30.00,30.00,30.00,30.00,30.00,30.00,30.00,30.00,30.00,30.00,30.00,30.00,9.28,9.29,9.31,9.32,9.33,9.34,9.36,9.37,9.38,9.39,9.28,9.29,9.31,9.32,9.33,9.34,9.36,9.37,9.38,9.39,246.40,0.00,0.00,1.00,0.00,0.00,0.00,-1.00,0,None,0,aggregation
160,177.54,remora7,remora0,30.00,30.00,30.00,30.00,30.00,30.00,30.00,30.00,30.00,30.00,30.00,30.00,30.00,30.00,30.00,30.00,30.00,30.00,30.00,30.00,9.41,9.42,9.43,9.45,9.46,9.47,9.48,9.50,9.51,9.52,9.41,9.42,9.43,9.45,9.46,9.47,9.48,9.50,9.51,9.52,258.78,0.00,0.00,1.00,0.00,0.00,0.00,-1.00,0,None,0,aggregation
160,178.54,remora7,remora0,30.00,30.00,30.00,30.00,30.00,30.00,30.00,30.00,30.00,30.00,30.00,30.00,30.00,30.00,30.00,30.00,30.00,30.00,30.00,30.00,9.53,9.55,9.56,9.57,9.59,9.60,9.61,9.62,9.64,9.65,9.53,9.55,9.56,9.57,9.59,9.60,9.61,9.62,9.64,9.65,269.55,0.00,0.00,1.00,0.00,0.00,0.00,-1.00,0,None,0,aggregation
160,179.54,remora7,remora0,30.00,30.00,30.00,30.00,30.00,30.00,30.00,30.00,30.00,30.00,30.00,30.00,30.00,30.00,30.00,30.00,30.00,30.00,30.00,30.00,9.66,9.68,9.69,9.70,9.71,9.73,9.74,9.75,9.77,9.78,9.66,9.68,9.69,9.70,9.71,9.73,9.74,9.75,9.77,9.78,278.23,0.00,0.00,1.00,0.00,0.00,0.00,-1.00,0,None,0,aggregation
160,180.54,remora7,remora0,30.00,30.00,30.00,30.00,30.00,30.00,30.00,30.00,30.00,30.00,30.00,30.00,30.00,30.00,30.00,30.00,30.00,30.00,30.00,30.00,9.79,9.80,9.82,9.83,9.84,9.86,9.87,9.88,9.89,9.91,9.79,9.80,9.82,9.83,9.84,9.86,9.87,9.88,9.89,9.91,284.53,0.00,0.00,1.00,0.00,0.00,0.00,-1.00,0,None,0,aggregation
160,181.54,remora7,remora0,30.00,30.00,30.00,30.00,30.00,30.00,30.00,30.00,30.00,30.00,30.00,30.00,30.00,30.00,30.00,30.00,30.00,30.00,30.00,30.00,9.92,9.93,9.95,9.96,9.97,9.99,10.00,10.00,10.00,10.00,9.92,9.93,9.95,9.96,9.97,9.99,10.00,10.00,10.00,10.00,287.96,0.00,0.00,1.00,0.00,0.00,0.00,-1.00,0,None,0,aggregation
160,182.54,remora7,remora0,30.00,30.00,30.00,30.00,30.00,30.00,30.00,30.00,30.00,30.00,30.00,30.00,30.00,30.00,30.00,30.00,30.00,30.00,30.00,30.00,10.00,10.00,10.00,10.00,10.00,10.00,10.00,10.00,10.00,10.00,10.00,10.00,10.00,10.00,10.00,10.00,10.00,10.00,10.00,10.00,289.86,0.00,0.00,1.00,0.00,0.00,0.00,-1.00,0,None,0,aggregation
160,183.54,remora7,remora0,30.00,30.00,30.00,30.00,30.00,30.00,30.00,30.00,30.00,30.00,30.00,30.00,30.00,30.00,30.00,30.00,30.00,30.00,30.00,30.00,10.00,10.00,10.00,10.00,10.00,10.00,10.00,10.00,10.00,10.00,10.00,10.00,10.00,10.00,10.00,10.00,10.00,10.00,10.00,10.00,290.86,0.00,0.00,1.00,0.00,0.00,0.00,-1.00,0,None,0,aggregation
160,184.54,remora7,remora0,30.00,30.00,30.00,30.00,30.00,30.00,30.00,30.00,30.00,30.00,30.00,30.00,30.00,30.00,30.00,30.00,30.00,30.00,30.00,30.00,10.00,10.00,9.98,9.94,9.90,9.87,9.83,9.79,9.75,9.71,10.00,10.00,9.98,9.94,9.90,9.87,9.83,9.79,9.75,9.71,300.00,0.00,0.00,1.00,0.00,0.00,0.00,-1.00,0,None,0,aggregation
160,185.54,remora7,remora0,30.00,30.00,30.00,30.00,30.00,30.00,30.00,30.00,30.00,30.00,30.00,30.00,30.00,30.00,30.00,30.00,30.00,30.00,30.00,30.00,9.67,9.63,9.59,9.55,9.51,9.47,9.43,9.38,9.34,9.30,9.67,9.63,9.59,9.55,9.51,9.47,9.43,9.38,9.34,9.30,300.00,0.00,0.00,1.00,0.00,0.00,0.00,-1.00,0,None,0,aggregation
160,186.54,remora7,remora0,30.00,30.00,30.00,30.00,30.00,30.00,30.00,30.00,30.00,30.00,30.00,30.00,30.00,30.00,30.00,30.00,30.00,30.00,30.00,30.00,9.25,9.21,9.17,9.12,9.08,9.03,8.99,8.94,8.90,8.85,9.25,9.21,9.17,9.12,9.08,9.03,8.99,8.94,8.90,8.85,300.00,0.00,0.00,1.00,0.00,0.00,0.00,-1.00,0,None,0,aggregation
160,187.54,remora7,remora0,30.00,30.00,30.00,30.00,30.00,30.00,30.00,30.00,30.00,30.00,30.00,30.00,30.00,30.00,30.00,30.00,30.00,30.00,30.00,30.00,8.81,8.76,8.72,8.67,8.62,8.58,8.54,8.52,8.49,8.47,8.81,8.76,8.72,8.67,8.62,8.58,8.54,8.52,9.24,9.21,300.00,0.00,0.00,1.00,0.00,0.00,0.00,-1.00,0,None,0,aggregation
160,188.54,remora7,remora0,30.00,30.00,30.00,30.00,30.00,30.00,30.00,30.00,30.00,30.00,30.00,30.00,30.00,30.00,30.00,30.00,30.00,30.00,30.00,30.00,8.45,8.43,8.40,8.38,8.36,8.34,8.31,8.29,8.27,8.25,9.19,9.16,9.13,9.11,9.08,9.06,9.03,9.00,8.98,8.95,300.00,0.00,0.00,1.00,0.00,0.00,0.00,-1.00,0,None,0,aggregation
160,189.54,remora7,remora0,30.00,30.00,30.00,30.00,30.00,30.00,30.00,30.00,30.00,30.00,30.00,30.00,30.00,30.00,30.00,30.00,30.00,30.00,30.00,30.00,8.22,8.20,8.18,8.16,8.14,8.11,8.09,8.07,8.05,8.03,8.93,8.90,8.87,8.85,8.82,8.80,8.77,8.74,8.72,8.69,300.00,0.00,0.00,1.00,0.00,0.00,0.00,-1.00,0,None,0,aggregation
160,190.54,remora7,remora0,30.00,30.00,30.00,30.00,30.00,30.00,30.00,30.00,30.00,30.00,30.00,30.00,30.00,30.00,30.00,30.00,30.00,30.00,30.00,30.00,8.01,7.98,7.96,7.94,7.92,7.90,7.88,7.86,7.83,7.81,8.67,8.64,8.62,8.59,8.56,8.54,8.51,8.49,8.46,8.44,300.00,0.00,0.00,1.00,0.00,0.00,0.00,-1.00,0,None,0,aggregation
160,191.54,remora7,remora0,30.00,30.00,30.00,30.00,30.00,30.00,30.00,30.00,30.00,30.00,30.00,30.00,30.00,30.00,30.00,30.00,30.00,30.00,30.00,30.00,7.79,7.77,7.75,7.73,7.71,7.69,7.67,7.65,7.63,7.61,8.41,8.38,8.36,8.33,8.31,8.28,8.26,8.23,8.21,8.18,300.00,0.00,0.00,1.00,0.00,0.00,0.00,-1.00,0,None,0,aggregation
160,192.54,remora7,remora0,30.00,30.00,30.00,30.00,30.00,30.00,30.00,30.00,30.00,30.00,30.00,30.00,30.00,30.00,30.00,30.00,30.00,30.00,30.00,30.00,7.59,7.57,7.55,7.53,7.51,7.48,7.46,7.45,7.43,7.41,8.16,8.13,9.05,9.02,8.99,8.96,8.94,8.91,8.88,8.85,300.00,0.00,0.00,1.00,0.00,0.00,0.00,-1.00,0,None,0,aggregation
160,193.54,remora7,remora0,30.00,30.00,30.00,30.00,30.00,30.00,30.00,30.00,30.00,30.00,30.00,30.00,30.00,30.00,30.00,30.00,30.00,30.00,30.00,30.00,7.39,7.37,7.35,7.33,7.31,7.29,7.27,7.25,7.23,7.21,8.83,8.80,8.77,8.75,8.72,8.69,8.66,8.64,8.61,8.58,300.00,0.00,0.00,1.00,0.00,0.00,0.00,-1.00,0,None,0,aggregation
160,194.54,remora7,remora0,30.00,30.00,30.00,30.00,30.00,30.00,30.00,30.00,30.00,30.00,30.00,30.00,30.00,30.00,30.00,30.00,30.00,30.00,30.00,30.00,7.19,7.17,7.15,7.14,7.12,7.10,7.08,7.06,7.04,7.02,8.56,8.53,8.50,8.48,8.45,8.42,8.39,8.37,8.34,8.31,300.00,0.00,0.00,1.00,0.00,0.00,0.00,-1.00,0,None,0,aggregation
160,195.54,remora7,remora0,30.00,30.00,30.00,30.00,30.00,30.00,30.00,30.00,30.00,30.00,30.00,30.00,30.00,30.00,30.00,30.00,30.00,30.00,30.00,30.00,7.01,6.99,6.97,6.95,6.93,6.92,6.90,6.88,6.86,6.85,8.29,8.26,8.23,8.21,8.18,8.16,8.13,8.10,8.08,8.05,300.00,0.00,0.00,1.00,0.00,0.00,0.00,-1.00,0,None,0,aggregation
160,196.54,remora7,remora0,30.00,30.00,30.00,30.00,30.00,30.00,30.00,30.00,30.00,30.00,30.00,30.00,30.00,30.00,30.00,30.00,30.00,30.00,30.00,30.00,6.83,6.81,6.79,6.78,6.76,6.74,6.73,6.71,6.69,6.68,8.02,8.00,7.97,7.94,7.92,7.89,7.87,7.84,7.81,7.79,300.00,0.00,0.00,1.00,0.00,0.00,0.00,-1.00,0,None,0,aggregation
160,197.54,remora7,remora0,30.00,30.00,30.00,30.00,30.00,30.00,30.00,30.00,30.00,30.00,30.00,30.00,30.00,30.00,30.00,30.00,30.00,30.00,30.00,30.00,6.66,6.64,6.63,6.61,6.59,6.58,6.56,6.55,6.53,6.52,7.76,7.74,7.71,7.69,7.66,7.63,7.61,7.58,7.56,7.53,300.00,0.00,0.00,1.00,0.00,0.00,0.00,-1.00,0,None,0,aggregation
160,198.54,remora7,remora0,30.00,30.00,30.00,30.00,30.00,30.00,30.00,30.00,30.00,30.00,30.00,30.00,30.00,30.00,30.00,30.00,30.00,30.00,30.00,30.00,6.50,6.49,6.47,6.45,6.44,6.42,6.41,6.40,6.38,6.37,7.51,7.48,7.46,7.43,7.40,7.38,7.35,7.33,7.30,7.28,300.00,0.00,0.00,1.00,0.00,0.00,0.00,-1.00,0,None,0,aggregation
160,199.54,remora7,remora0,30.00,30.00,30.00,30.00,30.00,30.00,30.00,30.00,30.00,30.00,30.00,30.00,30.00,30.00,30.00,30.00,30.00,30.00,30.00,30.00,6.35,6.34,6.32,6.31,6.29,6.28,6.27,6.25,6.24,6.23,7.25,7.23,7.20,7.18,7.15,7.13,7.10,7.08,7.05,7.03,300.00,0.00,0.00,1.00,0.00,0.00,0.00,-1.00,0,None,0,aggregation
160,200.54,remora7,remora0,30.00,30.00,30.00,30.00,30.00,30.00,30.00,30.00,30.00,30.00,30.00,30.00,30.00,30.00,30.00,30.00,30.00,30.00,30.00,30.00,6.21,6.20,6.19,6.17,6.16,6.15,6.14,6.12,6.09,6.06,7.01,6.98,6.96,6.93,6.91,6.88,6.86,6.83,6.81,6.79,300.00,0.00,0.00,1.00,0.00,0.00,0.00,-1.00,0,None,0,aggregation
160,201.54,remora7,remora0,30.00,30.00,30.00,30.00,30.00,30.00,30.00,30.00,30.00,30.00,30.00,30.00,30.00,30.00,30.00,30.00,30.00,30.00,30.00,30.00,6.03,6.00,5.97,5.94,5.91,5.88,5.85,5.82,5.79,5.76,6.76,6.74,6.71,6.69,6.67,6.64,6.62,6.59,6.57,6.55,300.00,0.00,0.00,1.00,0.00,0.00,0.00,-1.00,0,None,0,aggregation
160,202.54,remora7,remora0,30.00,30.00,30.00,30.00,30.00,30.00,30.00,30.00,30.00,30.00,30.00,30.00,30.00,30.00,30.00,30.00,30.00,30.00,30.00,30.00,5.73,5.70,5.66,5.60,5.55,5.49,5.43,5.38,5.32,5.26,6.52,6.50,6.47,6.45,6.43,6.40,6.38,6.36,6.33,6.31,300.00,0.00,0.00,1.00,0.00,0.00,0.00,-1.00,0,None,0,aggregation
160,203.54,remora7,remora0,30.00,30.00,30.00,0.00,0.00,30.07,30.07,30.07,30.07,30.07,30.00,30.00,30.00,0.00,0.00,29.91,29.91,29.91,29.91,29.91,5.21,5.15,5.09,5.05,5.02,4.99,4.94,4.88,4.83,4.77,6.29,6.27,6.24,6.23,6.23,6.23,6.21,6.20,6.18,6.16,294.00,0.00,0.00,1.00,0.00,0.00,0.00,-1.00,0,None,0,aggregation
160,204.54,remora7,remora0,30.07,30.07,30.07,30.07,30.07,30.07,30.07,30.07,30.07,30.06,29.91,29.91,29.91,29.91,29.91,29.91,29.91,29.91,29.91,29.93,4.72,4.67,4.62,4.57,4.52,4.47,4.42,4.37,4.33,4.28,6.15,6.13,6.11,6.10,6.08,6.07,6.05,6.03,6.02,6.00,293.99,0.00,0.00,1.00,0.00,0.00,0.00,-1.00,0,None,0,aggregation
160,205.54,remora7,remora0,30.06,30.06,30.06,30.06,30.06,30.06,30.06,30.04,30.04,30.04,29.93,29.93,29.93,29.93,29.93,29.93,29.93,29.96,29.96,29.96,4.24,4.20,4.16,4.12,4.08,4.04,4.00,3.96,3.93,3.90,5.99,5.97,5.96,5.94,5.93,5.91,5.90,5.88,5.87,5.86,293.98,0.00,0.00,1.00,0.00,0.00,0.00,-1.00,0,None,0,aggregation
160,206.54,remora7,remora0,30.04,30.04,30.04,30.04,30.04,30.04,30.04,30.04,30.04,30.04,29.96,29.96,29.96,29.96,29.96,29.96,29.96,29.96,29.96,29.96,3.87,3.84,3.81,3.78,3.75,3.72,3.70,3.67,3.65,3.62,5.84,5.83,5.82,5.80,5.79,5.78,5.77,5.75,5.74,5.73,293.98,0.00,0.00,1.00,0.00,0.00,0.00,-1.00,0,None,0,aggregation
160,207.54,remora7,remora0,30.04,30.07,30.07,30.09,30.09,30.10,30.13,30.13,30.14,30.14,29.96,29.91,29.91,29.88,29.88,29.85,29.79,29.79,29.76,29.76,3.60,3.57,3.55,3.53,3.50,3.48,3.46,3.44,3.41,3.39,5.72,5.70,5.69,5.68,5.67,5.66,5.65,5.63,5.62,5.61,293.96,0.00,0.00,1.00,0.00,0.00,0.00,-1.00,0,None,0,aggregation
160,208.54,remora7,remora0,30.14,30.17,30.18,30.18,30.18,30.18,30.18,30.18,30.18,30.18,29.76,29.66,29.57,29.57,29.57,29.49,29.49,29.39,29.39,29.29,3.37,3.35,3.33,3.31,3.29,3.26,3.24,3.22,3.20,3.18,5.60,5.59,5.58,5.57,5.56,5.55,5.54,5.54,5.53,5.52,293.80,0.00,0.00,1.00,0.00,0.00,0.00,-1.00,0,None,0,aggregation
160,209.54,remora7,remora0,30.17,30.17,30.17,30.14,30.14,30.11,30.11,30.08,30.08,30.04,29.19,29.19,29.19,29.02,29.02,28.90,28.90,28.78,28.78,28.65,3.16,3.14,3.12,3.10,3.08,3.07,3.05,3.03,3.01,2.99,5.51,5.50,5.50,5.49,5.48,5.48,5.47,5.47,5.46,5.46,293.34,0.00,0.00,1.00,0.00,0.00,0.00,-1.00,0,None,0,aggregation
160,210.54,remora7,remora0,30.04,30.00,30.00,29.95,29.95,29.92,29.87,29.87,29.80,29.80,28.65,28.51,28.51,28.37,28.37,28.29,28.14,28.14,27.99,27.99,2.98,2.96,2.94,2.93,2.91,2.90,2.88,2.87,2.85,2.84,5.46,5.45,5.45,5.45,5.44,5.44,5.44,5.44,5.44,5.44,292.45,0.00,1.00,1.00,0.00,0.00,0.00,-1.00,0,None,0,aggregation
160,211.54,remora7,remora0,29.77,29.77,29.77,29.73,29.73,29.66,29.66,29.58,29.58,29.58,27.91,27.91,27.91,27.83,27.83,27.66,27.66,27.49,27.49,27.49,2.83,2.81,2.80,2.79,2.78,2.77,2.76,2.75,2.74,2.73,5.44,5.44,5.44,5.44,5.44,5.44,5.44,5.44,5.45,5.45,291.15,0.00,1.00,1.00,0.00,0.00,0.00,-1.00,0,None,0,aggregation
160,212.54,remora7,remora0,29.58,29.49,29.49,29.45,29.45,29.40,29.35,29.35,29.35,29.30,27.49,27.31,27.31,27.22,27.22,27.12,27.03,27.03,27.03,26.93,2.72,2.71,2.71,2.70,2.69,2.69,2.68,2.68,2.67,2.67,5.45,5.44,5.44,5.44,5.44,5.44,5.44,5.44,5.44,5.43,289.45,0.00,1.00,1.00,0.00,0.00,0.00,-1.00,0,None,0,aggregation
160,213.54,remora7,remora0,29.30,29.25,29.20,29.20,29.20,29.20,29.20,29.26,29.26,29.32,26.93,26.84,26.74,26.74,26.74,26.74,26.74,26.85,26.85,26.96,2.67,2.67,2.66,2.66,2.66,2.66,2.66,2.66,2.66,2.66,5.43,5.43,5.43,5.44,5.44,5.44,5.44,5.44,5.45,5.45,293.48,0.00,1.00,1.00,0.00,0.00,0.00,-1.00,0,None,0,aggregation
160,214.54,remora7,remora0,29.32,29.37,29.44,29.44,29.44,29.50,29.50,29.59,29.65,29.65,26.96,27.06,27.21,27.21,27.21,27.32,27.32,27.52,27.64,27.64,2.66,2.66,2.66,2.66,2.66,2.66,2.66,2.67,2.67,2.67,5.45,5.46,5.46,5.46,5.47,5.47,5.47,5.48,5.48,5.49,291.88,0.00,1.00,1.00,0.00,0.00,0.00,-1.00,0,None,0,aggregation
160,215.54,remora7,remora0,29.65,29.74,29.74,29.79,29.86,29.86,29.86,29.92,29.92,29.96,27.64,27.84,27.84,27.95,28.13,28.13,28.13,28.28,28.28,28.39,2.67,2.67,2.68,2.68,2.68,2.68,2.68,2.69,2.69,2.69,5.49,5.50,5.50,5.51,5.52,5.52,5.53,5.53,5.54,5.55,290.83,0.00,1.00,1.00,0.00,0.00,0.00,-1.00,0,None,0,aggregation
160,216.54,remora7,remora0,29.96,29.98,30.03,30.03,30.03,30.07,30.07,30.09,30.09,30.09,28.39,28.46,28.62,28.62,28.62,28.74,28.74,28.82,28.82,28.81,2.69,2.70,2.70,2.70,2.71,2.71,2.71,2.71,2.72,2.72,5.55,5.56,5.57,5.58,5.59,5.59,5.60,5.61,5.62,5.63,290.19,0.00,1.00,1.00,0.00,0.00,0.00,-1.00,0,None,0,aggregation
160,217.54,remora7,remora0,30.09,30.13,30.15,30.15,30.15,30.16,30.16,30.16,30.18,30.18,28.81,29.00,29.10,29.10,29.10,29.12,29.12,29.15,29.29,29.29,2.72,2.73,2.73,2.73,2.73,2.74,2.74,2.74,4.42,4.41,5.64,5.64,5.65,5.66,5.67,5.68,5.69,5.70,6.70,6.71,289.84,0.00,1.00,1.00,0.00,0.00,0.00,-1.00,0,None,0,aggregation
160,218.54,remora7,remora0,30.18,30.18,30.18,30.18,30.18,30.19,30.19,30.18,30.18,30.18,29.29,29.32,29.32,29.31,29.31,29.45,29.45,29.48,29.50,29.50,4.40,4.39,4.38,4.36,4.35,4.34,4.33,4.33,4.32,4.31,6.45,6.45,6.46,6.47,6.47,6.48,6.49,6.50,6.50,6.51,289.78,0.00,0.00,1.00,0.00,0.00,0.00,-1.00,0,None,0,aggregation
160,219.54,remora7,remora0,30.18,30.18,30.18,30.18,30.18,30.18,30.18,30.18,30.17,30.17,29.50,29.56,29.56,29.52,29.52,29.52,29.52,29.60,29.61,29.61,4.30,4.29,4.28,4.28,4.27,4.26,4.25,4.24,4.24,4.23,6.52,6.53,6.54,6.55,6.55,6.56,6.57,6.58,6.59,6.60,290.11,0.00,0.00,1.00,0.00,0.00,0.00,-1.00,0,None,0,aggregation
160,220.54,remora7,remora0,30.17,30.17,30.17,30.17,30.17,30.17,30.17,30.18,30.18,30.18,29.66,29.66,29.66,29.66,29.66,29.66,29.66,29.55,29.55,29.41,4.23,4.22,4.22,4.22,4.21,4.21,4.20,4.19,4.19,4.19,6.61,6.62,6.63,6.65,6.66,6.67,6.68,6.69,6.70,6.72,290.89,0.00,0.00,1.00,0.00,0.00,0.00,-1.00,0,None,0,aggregation
160,221.54,remora7,remora0,30.18,30.18,30.18,30.17,30.17,30.16,30.16,30.13,30.13,30.08,29.41,29.38,29.38,29.21,29.21,29.16,29.16,28.98,28.98,28.79,4.19,4.19,4.18,4.18,4.18,4.17,4.17,4.17,4.17,4.17,6.73,6.74,6.75,6.77,5.70,5.71,5.72,5.73,5.74,5.75,291.86,0.00,0.00,1.00,0.00,0.00,0.00,-1.00,0,None,0,aggregation
160,222.54,remora7,remora0,30.08,30.05,30.05,29.99,29.99,29.94,29.94,29.82,29.82,29.70,28.79,28.68,28.68,28.47,28.47,28.33,28.33,28.03,28.03,27.74,4.18,4.18,4.18,4.19,4.19,4.19,4.19,4.19,4.20,4.20,5.76,5.77,5.78,5.79,5.81,5.82,5.83,5.84,5.85,5.86,292.71,0.00,0.00,1.00,0.00,0.00,0.00,-1.00,0,None,0,aggregation
160,223.54,remora7,remora0,29.70,29.61,29.61,29.46,29.46,29.38,29.28,29.28,29.28,29.12,27.74,27.56,27.56,27.25,27.25,27.08,26.89,26.89,26.89,26.58,4.21,4.21,4.22,4.23,4.24,4.24,4.25,4.25,4.26,4.27,5.88,5.89,5.90,5.92,5.93,5.94,5.96,5.97,5.99,6.00,292.98,0.00,0.00,1.00,0.00,0.00,0.00,-1.00,0,None,0,aggregation
160,224.54,remora7,remora0,29.12,28.80,28.80,28.49,28.22,28.22,28.22,27.81,27.81,27.50,26.58,26.00,26.00,25.48,25.03,25.03,25.03,24.37,24.37,23.88,4.28,4.29,4.30,4.30,4.31,4.33,4.34,4.35,4.37,4.38,6.02,6.03,6.05,6.06,6.08,6.09,6.11,6.13,6.14,6.16,291.31,0.00,0.00,1.00,0.00,0.00,0.00,-1.00,0,None,0,aggregation
160,225.54,remora7,remora0,27.50,27.12,26.68,26.68,26.29,26.29,26.29,26.07,26.07,25.72,23.88,23.31,22.64,22.64,22.07,22.07,22.07,21.75,21.75,21.25,4.40,4.41,4.41,4.42,4.44,4.45,4.47,4.49,4.50,4.52,6.18,6.19,6.21,6.22,6.24,6.26,6.28,6.29,6.31,6.33,286.78,0.00,0.00,1.00,0.00,0.00,0.00,-1.00,0,None,0,aggregation
160,226.54,remora7,remora0,25.72,25.52,25.33,25.33,25.33,25.15,25.15,24.99,25.26,25.26,21.25,20.95,20.70,20.70,20.70,20.44,20.44,20.21,20.59,20.59,4.54,4.55,4.57,4.59,4.61,4.63,4.64,4.66,4.67,4.69,6.35,6.36,6.38,6.40,6.42,6.44,6.45,6.47,6.49,6.51,280.40,0.00,0.00,1.00,0.00,0.00,0.00,-1.00,0,None,0,aggregation
160,227.54,remora7,remora0,25.26,25.40,25.40,25.55,25.48,25.48,25.42,25.42,25.40,25.40,20.59,20.79,20.79,21.01,20.90,20.90,20.82,20.82,20.78,20.78,4.71,4.73,4.75,4.77,4.80,4.82,4.84,4.87,4.90,4.93,6.52,6.54,6.56,6.58,6.60,6.62,6.65,6.67,6.69,6.71,273.89,0.00,0.00,1.00,0.00,0.00,0.00,-1.00,0,None,0,aggregation
160,290.54,remora7,remora0,0.00,0.00,0.00,0.00,0.00,0.00,0.00,0.00,0.00,0.00,0.00,0.00,0.00,0.00,0.00,0.00,0.00,0.00,0.00,0.00,1.63,1.63,1.63,1.63,1.63,1.63,1.63,1.63,1.63,1.63,5.53,5.53,5.53,5.54,5.54,5.54,5.54,5.55,5.55,5.55,0.00,0.00,1.00,0.00,0.00,0.00,0.00,-1.00,0,None,0,aggregation
160,291.54,remora7,remora0,0.00,0.00,0.00,0.00,0.00,0.00,0.00,0.00,0.00,0.00,0.00,0.00,0.00,0.00,0.00,0.00,0.00,0.00,0.00,0.00,1.63,1.63,1.63,1.63,1.63,1.63,1.63,1.63,1.63,1.63,5.55,5.55,5.55,5.55,5.55,5.55,5.55,5.55,5.55,5.55,0.00,0.00,1.00,0.00,0.00,0.00,0.00,-1.00,0,None,0,aggregation
160,292.54,remora7,remora0,0.00,0.00,0.00,0.00,0.00,0.00,0.00,0.00,0.00,0.00,0.00,0.00,0.00,0.00,0.00,0.00,0.00,0.00,0.00,0.00,1.63,1.63,1.63,1.63,1.63,1.63,1.63,1.63,1.63,1.63,5.55,5.54,5.54,5.54,5.53,5.53,5.52,5.52,5.51,5.51,0.00,0.00,1.00,0.00,0.00,0.00,0.00,-1.00,0,None,0,aggregation
160,293.54,remora7,remora0,0.00,0.00,0.00,0.00,0.00,0.00,0.00,0.00,0.00,0.00,0.00,0.00,0.00,0.00,0.00,0.00,0.00,0.00,0.00,0.00,1.63,1.63,1.63,1.63,1.63,1.63,1.63,1.63,1.63,1.63,5.50,5.49,5.48,5.48,5.47,5.46,5.45,5.44,5.43,5.42,0.00,0.00,1.00,0.00,0.00,0.00,0.00,-1.00,0,None,0,aggregation
160,294.54,remora7,remora0,0.00,0.00,0.00,0.00,0.00,0.00,0.00,0.00,0.00,0.00,0.00,0.00,0.00,0.00,0.00,0.00,0.00,0.00,0.00,0.00,1.63,1.63,1.63,1.63,1.63,1.63,1.63,1.63,1.63,1.63,5.41,5.40,5.39,5.38,5.37,5.36,5.35,5.34,5.33,5.31,0.00,0.00,1.00,0.00,0.00,0.00,0.00,-1.00,0,None,0,aggregation
160,295.54,remora7,remora0,0.00,0.00,0.00,0.00,0.00,0.00,0.00,0.00,0.00,0.00,0.00,0.00,0.00,0.00,0.00,0.00,0.00,0.00,0.00,0.00,1.63,1.63,1.63,1.63,1.63,1.63,1.63,1.63,1.63,1.63,5.30,5.29,5.28,5.27,5.25,5.24,5.23,5.22,5.21,5.19,0.00,0.00,1.00,0.00,0.00,0.00,0.00,-1.00,0,None,0,aggregation
160,296.54,remora7,remora0,0.00,0.00,0.00,0.00,0.00,0.00,0.00,0.00,0.00,0.00,0.00,0.00,0.00,0.00,0.00,0.00,0.00,0.00,0.00,0.00,1.63,1.63,1.63,1.63,1.63,1.63,1.63,1.63,1.63,1.63,5.18,5.17,5.15,5.14,5.13,5.12,5.10,5.09,5.08,5.07,0.00,0.00,1.00,0.00,0.00,0.00,0.00,-1.00,0,None,0,aggregation
160,297.54,remora7,remora0,0.00,0.00,0.00,0.00,0.00,0.00,0.00,0.00,0.00,0.00,0.00,0.00,0.00,0.00,0.00,0.00,0.00,0.00,0.00,0.00,1.63,1.63,1.63,1.63,1.63,1.63,1.63,1.63,1.63,1.63,5.05,5.04,5.03,5.02,5.00,4.99,4.98,4.97,4.95,4.94,0.00,0.00,1.00,0.00,0.00,0.00,0.00,-1.00,0,None,0,aggregation
160,298.54,remora7,remora0,0.00,0.00,0.00,0.00,0.00,0.00,0.00,0.00,0.00,0.00,0.00,0.00,0.00,0.00,0.00,0.00,0.00,0.00,0.00,0.00,1.63,1.63,1.63,1.63,1.63,1.63,1.63,1.63,1.63,1.63,4.93,4.92,4.90,4.89,4.88,4.87,4.85,4.84,4.83,4.82,0.00,0.00,1.00,0.00,0.00,0.00,0.00,-1.00,0,None,0,aggregation
160,299.54,remora7,remora0,0.00,0.00,0.00,0.00,0.00,0.00,0.00,0.00,0.00,0.00,0.00,0.00,0.00,0.00,0.00,0.00,0.00,0.00,0.00,0.00,1.63,1.63,1.63,1.63,1.63,1.63,1.63,1.63,1.63,1.63,4.81,4.79,4.78,4.77,4.76,4.75,4.73,4.72,4.71,4.70,0.00,0.00,1.00,0.00,0.00,0.00,0.00,-1.00,0,None,0,aggregation
160,300.54,remora7,remora0,0.00,0.00,0.00,0.00,0.00,0.00,0.00,0.00,0.00,0.00,0.00,0.00,0.00,0.00,0.00,0.00,0.00,0.00,0.00,0.00,1.63,1.63,1.63,1.63,1.63,1.63,1.63,1.63,1.63,1.63,4.69,4.68,4.67,4.65,4.64,4.63,4.62,4.61,4.60,4.59,0.00,0.00,1.00,0.00,0.00,0.00,0.00,-1.00,0,None,0,aggregation
160,301.54,remora7,remora0,0.00,0.00,0.00,0.00,0.00,0.00,0.00,0.00,0.00,0.00,0.00,0.00,0.00,0.00,0.00,0.00,0.00,0.00,0.00,0.00,1.63,1.63,1.63,1.63,1.63,1.63,1.63,1.63,1.63,1.63,4.58,4.57,4.56,4.55,4.54,4.52,4.51,4.50,4.49,4.48,0.00,0.00,1.00,0.00,0.00,0.00,0.00,-1.00,0,None,0,aggregation
160,302.54,remora7,remora0,0.00,0.00,0.00,0.00,0.00,0.00,0.00,0.00,0.00,0.00,0.00,0.00,0.00,0.00,0.00,0.00,0.00,0.00,0.00,0.00,1.63,1.63,1.63,1.63,1.63,1.63,1.63,1.63,1.63,1.63,4.47,4.46,4.45,4.44,4.43,4.42,4.58,4.58,4.57,4.38,0.00,0.00,1.00,0.00,0.00,0.00,0.00,-1.00,0,None,0,aggregation
160,303.54,remora7,remora0,0.00,0.00,0.00,15.72,15.72,16.58,16.58,17.56,17.56,18.74,0.00,0.00,0.00,21.70,21.70,22.34,22.34,23.07,23.07,23.93,1.63,1.63,1.63,1.64,1.65,1.66,1.68,1.69,1.70,1.72,4.37,4.36,4.36,4.35,4.36,4.37,4.37,4.38,4.39,4.40,13.83,0.00,1.00,0.00,0.00,0.00,0.00,-1.00,0,None,0,aggregation
160,304.54,remora7,remora0,19.48,19.48,19.48,20.53,20.53,21.36,21.36,22.00,22.00,22.62,24.47,24.47,24.47,25.22,25.22,25.80,25.80,26.24,26.24,26.66,1.73,1.75,1.77,1.79,1.80,1.82,1.84,1.86,1.88,1.90,4.53,4.53,4.53,4.53,4.53,4.53,4.53,4.53,4.53,4.53,37.00,0.00,1.00,0.00,0.00,0.00,0.00,-1.00,0,None,0,aggregation
160,305.54,remora7,remora0,22.62,23.26,23.26,23.64,23.64,24.13,24.13,24.45,24.45,24.59,26.66,27.09,27.09,27.34,27.34,27.66,27.66,27.86,27.86,27.95,1.92,1.94,1.97,1.99,2.01,2.03,2.06,2.08,2.11,2.13,4.53,4.54,4.54,4.54,4.54,4.55,4.55,4.55,4.56,4.56,62.63,0.00,1.00,1.00,0.00,0.00,0.00,-1.00,0,None,0,aggregation
160,306.54,remora7,remora0,24.59,24.87,24.97,24.97,24.97,25.04,25.04,25.26,2.40,2.40,27.95,28.12,28.18,28.18,28.18,28.23,28.23,28.36,-13.30,-13.30,2.16,2.18,2.21,2.23,2.26,2.28,2.31,2.33,2.36,2.36,4.56,4.57,4.57,4.58,4.58,4.59,4.59,4.59,4.60,4.60,84.98,0.00,1.00,1.00,0.00,0.00,0.00,-1.00,0,None,0,aggregation
160,307.54,remora7,remora0,2.40,2.93,2.93,3.82,3.82,4.77,5.75,5.75,5.75,14.95,-13.30,-12.77,-12.77,-11.87,-11.87,-10.92,-9.95,-9.95,-9.95,21.12,2.36,2.35,2.35,2.34,2.34,2.34,2.33,2.33,2.33,2.33,4.59,4.58,4.58,4.57,4.56,4.56,4.55,4.55,4.54,4.54,90.05,0.00,1.00,1.00,1.00,1.00,0.00,-1.00,0,None,0,aggregation
160,308.54,remora7,remora0,14.95,13.89,13.89,14.66,14.66,15.70,15.70,6.00,6.00,15.15,21.12,20.31,20.31,20.90,20.90,21.69,21.69,-9.69,-9.69,21.27,2.34,2.36,2.37,2.38,2.40,2.41,2.43,2.43,2.43,2.44,4.75,4.76,4.77,4.78,4.79,4.80,4.81,4.81,4.81,4.81,104.76,0.00,1.00,1.00,1.00,1.00,0.00,-1.00,0,None,0,aggregation
160,309.54,remora7,remora0,15.15,14.76,14.76,6.23,6.23,14.00,14.00,13.07,13.07,13.93,21.27,20.97,20.97,-9.47,-9.47,20.40,20.40,19.69,19.69,20.35,2.45,2.47,2.48,2.49,2.49,2.49,2.51,2.52,2.53,2.55,4.82,4.83,4.84,4.84,4.84,4.84,4.84,4.85,4.86,4.87,118.91,0.00,1.00,1.00,1.00,1.00,0.00,-1.00,0,None,0,aggregation
160,310.54,remora7,remora0,13.93,6.01,13.56,13.56,13.56,13.33,6.06,6.06,6.06,6.53,20.35,-9.69,20.06,20.06,20.06,19.89,-9.64,-9.64,-9.64,-9.17,2.56,2.57,2.57,2.57,2.59,2.60,2.62,2.62,2.62,2.62,4.88,4.89,4.88,4.88,4.89,4.90,4.91,4.91,4.91,4.90,128.18,0.00,1.00,1.00,1.00,1.00,0.00,-1.00,0,None,0,aggregation
160,311.54,remora7,remora0,9.28,9.28,8.97,8.97,8.97,10.19,11.15,11.15,11.66,11.66,16.76,16.76,16.51,16.51,16.51,17.47,18.21,18.21,18.60,18.60,2.62,2.62,2.63,2.64,2.65,2.66,2.67,2.69,2.70,2.71,4.89,4.90,4.90,4.91,4.91,4.92,4.93,4.94,4.94,4.95,141.95,0.00,1.00,1.00,1.00,1.00,0.00,-1.00,0,None,0,aggregation
160,312.54,remora7,remora0,11.66,12.43,12.43,13.51,13.51,4.92,4.92,5.24,5.24,9.36,18.60,19.19,19.19,20.02,20.02,-10.77,-10.77,-10.45,-10.45,16.82,2.72,2.74,2.75,2.77,2.78,2.79,2.79,2.78,2.78,2.78,4.96,4.97,4.98,4.99,5.00,5.01,5.00,4.99,4.99,4.99,152.39,0.00,1.00,1.00,1.00,1.00,0.00,-1.00,0,None,0,aggregation
160,313.54,remora7,remora0,9.36,8.61,8.61,8.92,8.92,9.79,5.03,5.03,5.03,9.15,16.82,16.23,16.23,16.47,16.47,17.16,-10.67,-10.67,-10.67,16.66,2.79,2.81,2.82,2.83,2.84,2.85,2.86,2.87,2.86,2.87,4.99,5.00,5.01,5.01,5.02,5.03,5.04,5.04,5.03,5.03,148.38,0.00,1.00,1.00,1.00,1.00,0.00,-1.00,0,None,0,aggregation
160,314.54,remora7,remora0,9.15,8.26,8.26,5.14,5.14,5.36,5.36,4.38,4.38,4.06,16.66,15.96,15.96,-10.56,-10.56,-10.34,-10.34,12.90,12.90,12.64,2.88,2.89,2.90,2.91,2.91,2.90,2.90,2.90,2.91,2.92,5.04,5.05,5.05,5.05,5.05,5.04,5.04,5.03,5.04,5.04,132.52,0.00,1.00,1.00,1.00,1.00,0.00,-1.00,0,None,0,aggregation
160,315.54,remora7,remora0,4.06,5.05,5.91,5.91,4.94,4.94,4.94,5.22,5.22,4.60,12.64,13.43,14.11,14.11,-10.76,-10.76,-10.76,13.56,13.56,13.07,2.92,2.93,2.94,2.95,2.96,2.96,2.96,2.96,2.97,2.98,5.04,5.05,5.05,5.06,5.06,5.06,5.05,5.05,5.06,5.06,114.29,0.00,1.00,1.00,1.00,1.00,0.00,-1.00,0,None,0,aggregation
160,316.54,remora7,remora0,5.41,5.41,4.50,4.50,4.92,4.92,4.92,1.76,0.64,0.64,13.72,13.72,-11.19,-11.19,-10.78,-10.78,-10.78,10.81,9.93,9.93,2.98,2.99,3.00,3.00,3.00,3.00,2.99,2.99,3.00,3.00,5.07,5.07,5.08,5.07,5.07,5.06,5.05,5.05,5.05,5.05,97.09,0.00,1.00,1.00,1.00,1.00,0.00,-1.00,0,None,0,aggregation
160,317.54,remora7,remora0,0.64,2.33,2.33,3.55,4.97,4.97,4.97,3.94,3.94,4.13,9.93,11.27,11.27,12.24,13.37,13.37,13.37,-11.75,-11.75,-11.57,3.01,3.01,3.02,3.03,3.03,3.04,3.05,3.06,3.05,3.05,5.05,5.05,5.06,5.06,5.06,5.07,5.07,5.07,5.07,5.06,98.60,0.00,0.00,1.00,0.00,0.00,0.00,-1.00,0,None,0,aggregation
160,318.54,remora7,remora0,4.13,1.62,0.43,0.43,0.43,2.00,2.00,2.68,2.68,3.58,-11.57,10.70,9.76,9.76,9.76,11.01,11.01,11.55,11.55,12.26,3.04,3.04,3.05,3.05,3.06,3.06,3.07,3.07,3.08,3.09,5.05,5.05,5.05,5.05,5.05,5.05,5.05,5.06,5.06,5.06,89.92,0.00,0.00,1.00,1.00,0.00,1.00,-1.00,0,None,0,aggregation
160,319.54,remora7,remora0,3.36,3.36,3.36,3.81,3.81,0.35,0.35,-0.08,-0.08,1.31,-12.34,-12.34,-12.34,-11.89,-11.89,9.69,9.69,9.35,9.35,10.46,3.10,3.09,3.09,3.09,3.08,3.08,3.09,3.09,3.09,3.10,5.07,5.06,5.06,5.05,5.04,5.04,5.04,5.04,5.04,5.04,80.45,0.00,0.00,1.00,1.00,0.00,1.00,-1.00,0,None,0,aggregation
160,320.54,remora7,remora0,1.31,2.23,2.23,3.81,3.81,2.82,2.92,2.92,2.92,1.72,10.46,11.20,11.20,12.45,12.45,-12.88,-12.78,-12.78,-12.78,10.79,3.11,3.11,3.12,3.13,3.13,3.14,3.13,3.13,3.12,3.13,5.04,5.04,5.05,5.05,5.06,5.06,5.05,5.04,5.03,5.03,77.34,0.00,0.00,1.00,1.00,0.00,1.00,-1.00,0,None,0,aggregation
160,321.54,remora7,remora0,1.72,0.48,0.48,1.58,1.58,2.84,2.84,2.85,0.25,0.25,10.79,9.80,9.80,10.68,10.68,-12.86,-12.86,-12.84,9.62,9.62,3.13,3.14,3.14,3.15,3.15,3.16,3.15,3.15,3.14,3.15,5.03,5.04,5.04,5.04,5.04,5.04,5.04,5.03,5.02,5.02,68.94,0.00,0.00,1.00,1.00,0.00,1.00,-1.00,0,None,0,aggregation
160,322.54,remora7,remora0,0.25,0.13,1.88,1.88,1.88,2.68,2.83,2.83,2.83,-0.84,9.62,9.52,10.91,10.91,10.91,-13.02,-12.86,-12.86,-12.86,8.75,3.15,3.15,3.16,3.16,3.17,3.17,3.17,3.16,3.16,3.16,5.02,5.02,5.02,5.03,5.03,5.03,5.02,5.01,5.00,5.00,63.81,0.00,0.00,1.00,0.00,0.00,0.00,-1.00,0,None,0,aggregation
160,131.54,remora7,remora4,-9.47,-9.47,13.69,13.69,13.02,13.02,14.60,14.60,16.48,16.48,6.23,6.23,5.38,5.38,4.53,4.53,6.54,6.54,8.92,8.92,3.89,3.86,3.84,3.82,3.80,3.78,3.76,3.74,3.72,3.70,6.21,6.20,6.18,6.17,6.16,6.15,6.14,6.14,6.13,6.12,62.04,0.00,0.00,1.00,0.00,0.00,0.00,-1.00,0,None,0,aggregation
160,132.54,remora7,remora4,18.01,18.01,-10.19,-10.19,-9.74,-9.74,16.57,16.57,16.35,16.35,10.90,10.90,5.51,5.51,5.96,5.96,9.05,9.05,8.76,8.76,3.69,3.67,3.65,3.62,3.60,3.57,3.55,3.53,3.51,3.50,6.11,6.11,6.10,6.09,6.08,6.07,6.06,6.05,6.04,6.04,64.47,0.00,0.00,1.00,1.00,0.00,1.00,-1.00,0,None,0,aggregation
160,133.54,remora7,remora4,17.80,17.80,19.20,19.20,-9.82,-9.82,19.70,19.70,19.65,-9.60,10.63,10.63,12.44,12.44,5.88,5.88,13.08,13.08,13.03,6.10,3.48,3.47,3.46,3.45,3.43,3.41,3.39,3.38,3.37,3.37,6.03,6.02,6.02,6.01,6.00,5.99,5.99,5.98,5.98,5.97,70.87,0.00,0.00,1.00,1.00,0.00,1.00,-1.00,0,None,0,aggregation
160,134.54,remora7,remora4,-9.60,-9.60,-8.98,-8.98,-8.98,-8.98,15.68,15.68,16.05,16.05,6.10,6.10,6.72,6.72,6.72,6.72,7.91,7.91,8.38,8.38,3.35,3.33,3.30,3.28,3.26,3.24,3.23,3.22,3.21,3.20,5.97,5.96,5.95,5.95,5.94,5.93,5.93,5.92,5.92,5.91,70.84,0.00,0.00,1.00,0.00,0.00,0.00,-1.00,0,None,0,aggregation
160,135.54,remora7,remora4,17.29,17.29,18.90,18.90,19.98,19.98,21.05,21.05,22.06,22.06,9.97,9.97,12.05,12.05,13.46,13.46,14.86,14.86,16.20,16.20,3.20,3.19,3.19,3.18,3.18,3.18,3.18,3.19,3.19,3.19,5.91,5.90,5.90,5.89,5.89,5.89,5.88,5.88,5.88,5.88,82.58,0.00,0.00,1.00,0.00,0.00,0.00,-1.00,0,None,0,aggregation
160,136.54,remora7,remora4,23.00,23.00,23.86,23.86,24.52,24.52,-10.55,-10.55,-10.06,-10.06,17.46,17.46,18.64,18.64,19.56,19.56,5.14,5.14,5.64,5.64,3.20,3.21,3.21,3.22,3.23,3.24,3.24,3.23,3.22,3.21,5.88,5.88,5.88,5.88,5.88,5.88,5.88,5.88,5.87,5.87,90.30,0.00,0.00,1.00,1.00,0.00,1.00,-1.00,0,None,0,aggregation
160,137.54,remora7,remora4,-9.06,-9.06,21.24,21.24,21.05,21.05,21.90,21.90,22.72,22.72,6.63,6.63,15.11,15.11,14.86,14.86,15.99,15.99,17.08,17.08,3.20,3.19,3.19,3.20,3.21,3.22,3.24,3.25,3.26,3.28,5.86,5.86,5.86,5.86,5.86,5.86,5.86,5.86,5.86,5.86,98.89,0.00,0.00,1.00,0.00,0.00,0.00,-1.00,0,None,0,aggregation
160,138.54,remora7,remora4,23.63,23.63,24.22,24.22,-9.74,-9.74,-9.24,-9.24,22.21,22.21,18.32,18.32,19.14,19.14,5.96,5.96,6.46,6.46,16.41,16.41,3.30,3.32,3.33,3.36,3.36,3.36,3.36,3.36,3.37,3.39,5.87,5.87,5.88,5.88,5.88,5.88,5.88,5.88,5.88,5.89,106.54,0.00,0.00,1.00,1.00,0.00,1.00,-1.00,0,None,0,aggregation
160,139.54,remora7,remora4,21.99,21.99,22.67,22.67,23.35,23.35,24.00,24.00,24.45,24.45,16.10,16.10,17.02,17.02,17.94,17.94,18.83,18.83,19.45,19.45,3.41,3.43,3.46,3.48,3.51,3.53,3.56,3.59,3.62,3.65,5.89,5.90,5.90,5.91,5.92,5.92,5.93,5.94,5.95,5.96,120.82,0.00,0.00,1.00,0.00,0.00,0.00,-1.00,0,None,0,aggregation
160,140.54,remora7,remora4,-9.70,-9.70,-9.32,-9.32,-8.32,-8.32,20.33,20.33,19.89,19.89,6.00,6.00,6.38,6.38,7.37,7.37,13.91,13.91,13.33,13.33,3.67,3.68,3.69,3.70,3.71,3.72,3.74,3.77,3.80,3.83,5.96,5.97,5.97,5.98,5.98,5.98,5.99,6.00,6.67,6.67,121.19,0.00,0.00,1.00,1.00,0.00,1.00,-1.00,0,None,0,aggregation
160,141.54,remora7,remora4,20.30,20.30,20.82,20.82,21.13,21.13,21.57,21.57,21.74,21.87,13.88,13.88,14.55,14.55,14.96,14.96,15.55,15.55,15.77,15.95,3.86,3.90,3.93,3.96,3.96,3.96,3.95,3.95,3.94,3.93,6.67,6.67,6.68,6.68,6.68,6.69,6.69,6.70,6.70,6.71,130.59,0.00,0.00,1.00,0.00,0.00,0.00,-1.00,0,None,0,aggregation
160,142.54,remora7,remora4,21.87,21.87,21.80,21.80,22.02,22.02,-10.73,-10.73,-10.25,-10.25,15.95,15.95,15.86,15.86,16.15,16.15,4.97,4.97,5.44,5.44,3.93,3.92,3.92,3.91,3.91,3.90,3.90,3.89,3.88,3.87,6.71,6.72,6.72,6.73,6.74,6.74,6.75,6.75,6.75,6.75,134.20,0.00,0.00,1.00,1.00,0.00,1.00,-1.00,0,None,0,aggregation
160,143.54,remora7,remora4,17.22,17.22,16.11,16.11,-9.66,-9.66,14.16,14.16,13.20,13.20,9.87,9.87,8.46,8.46,6.04,6.04,5.98,5.98,4.76,4.76,3.87,3.86,3.85,3.84,3.83,3.82,3.82,3.81,3.80,3.79,6.75,6.76,6.76,6.77,6.77,6.77,6.77,6.78,6.78,6.79,132.05,0.00,0.00,1.00,1.00,0.00,1.00,-1.00,0,None,0,aggregation
160,144.54,remora7,remora4,13.58,13.58,-10.22,-10.22,12.60,12.60,10.88,10.88,12.12,12.12,5.24,5.24,5.47,5.47,4.00,4.00,1.84,1.84,3.39,3.39,3.79,3.78,3.77,3.77,3.76,3.76,3.75,3.75,3.74,3.74,6.79,6.80,6.80,6.80,6.80,6.81,6.81,6.81,6.81,6.81,133.29,0.00,0.00,1.00,1.00,0.00,1.00,-1.00,0,None,0,aggregation
160,145.54,remora7,remora4,-10.74,-10.74,-10.41,-10.41,10.99,10.99,10.97,10.97,12.61,12.61,4.96,4.96,5.29,5.29,1.98,1.98,1.95,1.95,4.01,4.01,3.74,3.73,3.73,3.73,3.72,3.72,3.72,3.72,3.72,3.72,6.81,6.81,6.81,6.81,6.80,6.80,6.81,6.81,6.81,6.81,122.05,0.00,0.00,1.00,1.00,0.00,1.00,-1.00,0,None,0,aggregation
160,146.54,remora7,remora4,14.14,14.14,-10.89,-10.48,-10.48,-10.48,12.00,12.00,12.02,12.02,5.95,5.95,4.81,5.22,5.22,5.22,3.25,3.25,3.27,3.27,3.73,3.73,3.73,3.74,3.74,3.74,3.74,3.75,3.75,3.76,6.82,6.82,6.83,6.83,6.83,6.84,6.84,6.85,6.86,6.86,114.52,0.00,0.00,1.00,1.00,0.00,1.00,-1.00,0,None,0,aggregation
160,147.54,remora7,remora4,13.62,13.62,15.24,15.24,-10.98,-10.98,-10.63,-10.63,12.96,12.96,5.29,5.29,7.35,7.35,4.72,4.72,5.06,5.06,4.45,4.45,3.77,3.78,3.78,3.79,3.80,3.81,3.81,3.82,3.82,3.83,6.87,6.88,6.89,6.90,6.90,6.91,6.91,6.92,6.92,6.93,106.35,0.00,0.00,1.00,1.00,0.00,1.00,-1.00,0,None,0,aggregation
160,148.54,remora7,remora4,12.31,12.31,13.46,13.46,-10.53,-10.53,-10.12,-10.12,11.50,11.50,3.64,3.64,5.08,5.08,5.16,5.16,5.58,5.58,2.61,2.61,3.84,3.85,3.85,3.86,3.86,3.86,3.87,3.87,3.87,3.87,6.93,6.94,6.95,6.96,6.96,6.96,6.97,6.97,6.97,6.97,99.15,0.00,0.00,1.00,1.00,0.00,1.00,-1.00,0,None,0,aggregation
160,149.54,remora7,remora4,11.68,11.68,13.28,14.68,14.68,-10.71,-10.71,-10.71,15.02,15.02,2.84,2.84,4.86,6.63,6.63,4.98,4.98,4.98,7.07,7.07,3.88,3.88,3.88,3.88,3.89,3.89,3.90,3.90,3.90,3.91,6.97,6.97,6.97,6.98,6.99,7.01,7.01,6.41,6.41,6.42,86.13,0.00,0.00,1.00,1.00,0.00,1.00,-1.00,0,None,0,aggregation
160,150.54,remora7,remora4,14.50,14.50,-10.52,-10.52,-10.09,-10.09,12.39,12.39,11.86,11.86,6.41,6.41,5.18,5.18,5.61,5.61,3.74,3.74,3.07,3.07,3.92,3.92,3.93,3.93,3.94,3.94,3.95,3.96,3.97,3.98,6.43,6.44,6.45,6.45,6.45,6.45,6.45,6.45,6.45,6.45,84.80,0.00,0.00,1.00,1.00,0.00,1.00,-1.00,0,None,0,aggregation
160,151.54,remora7,remora4,13.46,13.46,15.02,15.02,-10.51,-10.51,-10.16,-10.16,12.93,12.93,5.08,5.08,7.07,7.07,5.18,5.18,5.54,5.54,4.42,4.42,3.99,4.00,4.01,4.02,4.03,4.03,4.04,4.04,4.05,4.06,6.46,6.47,6.47,6.48,6.49,6.49,6.49,6.49,6.49,6.49,73.55,0.00,0.00,1.00,1.00,0.00,1.00,-1.00,0,None,0,aggregation
160,152.54,remora7,remora4,11.68,11.68,13.10,13.10,14.68,14.68,16.04,-10.77,-10.77,-10.77,2.84,2.84,4.64,4.64,6.63,6.63,8.36,4.93,4.93,4.93,4.07,4.08,4.09,4.10,4.11,4.12,4.14,4.15,4.15,4.16,6.50,6.50,6.51,6.51,6.52,6.53,6.54,6.54,6.55,6.55,68.58,0.00,0.00,1.00,1.00,0.00,1.00,-1.00,0,None,0,aggregation
160,153.54,remora7,remora4,-10.27,-10.27,13.28,12.93,12.93,12.93,14.33,14.33,-10.15,-10.15,5.43,5.43,4.86,4.42,4.42,4.42,6.19,6.19,5.55,5.55,4.16,4.17,4.18,4.19,4.20,4.21,4.23,4.24,4.25,4.25,6.56,6.57,6.57,6.58,6.59,6.60,6.61,6.62,6.63,6.64,65.75,0.00,0.00,1.00,1.00,0.00,1.00,-1.00,0,None,0,aggregation
160,154.54,remora7,remora4,14.33,14.33,14.33,14.33,-10.19,-10.19,-9.76,-9.76,11.11,11.11,6.19,6.19,6.19,6.19,5.51,5.51,5.94,5.94,2.12,2.12,4.26,4.27,4.29,4.30,4.30,4.31,4.31,4.32,4.33,4.33,6.65,6.66,6.67,5.84,5.85,5.85,5.85,5.85,5.85,5.85,65.19,0.00,0.00,1.00,1.00,0.00,1.00,-1.00,0,None,0,aggregation
160,155.54,remora7,remora4,10.62,10.62,11.66,11.66,13.09,13.09,14.34,14.34,-10.94,-10.88,1.51,1.51,2.82,2.82,4.62,4.62,6.21,6.21,4.76,4.82,4.34,4.34,4.35,4.35,4.36,4.36,4.37,4.37,4.38,4.38,5.85,5.86,5.86,5.87,5.87,5.88,5.88,5.89,5.90,5.90,66.94,0.00,0.00,1.00,1.00,0.00,1.00,-1.00,0,None,0,aggregation
160,156.54,remora7,remora4,-10.88,-10.88,11.75,11.75,11.02,11.02,11.97,11.97,-10.93,-10.93,4.82,4.82,2.93,2.93,2.01,2.01,3.21,3.21,4.77,4.77,4.38,4.38,4.38,4.38,4.39,4.39,4.39,4.39,4.39,4.39,5.90,5.90,5.89,5.89,5.89,5.89,5.90,5.90,5.91,5.91,66.30,0.00,0.00,1.00,1.00,0.00,1.00,-1.00,0,None,0,aggregation
160,157.54,remora7,remora4,-10.52,-10.52,9.10,9.10,8.82,8.82,9.94,9.94,9.94,11.83,5.18,5.18,-0.40,-0.40,-0.74,-0.74,0.66,0.66,0.66,3.03,4.39,4.39,4.39,4.39,4.38,4.38,4.38,4.38,4.39,4.39,5.91,5.91,5.92,5.92,5.92,5.92,5.92,5.92,5.92,5.92,63.77,0.00,0.00,1.00,0.00,0.00,0.00,-1.00,0,None,0,aggregation
160,158.54,remora7,remora4,12.72,12.72,-11.81,-11.81,-11.49,-11.49,10.06,10.06,9.94,9.94,4.15,4.15,3.89,3.89,4.21,4.21,0.81,0.81,0.66,0.66,4.39,4.39,4.39,4.38,4.38,4.37,4.37,4.37,4.37,4.37,5.93,5.94,5.94,5.94,5.95,5.95,5.95,5.96,5.96,5.96,63.28,0.00,0.00,1.00,0.00,0.00,0.00,-1.00,0,None,0,aggregation
160,159.54,remora7,remora4,11.39,11.39,-11.58,-11.58,11.40,11.40,10.75,10.75,-11.64,-11.64,2.48,2.48,4.12,4.12,2.49,2.49,1.67,1.67,4.06,4.06,4.36,4.36,4.36,4.35,4.35,4.35,4.34,4.34,4.34,4.33,5.96,5.96,5.96,5.97,5.97,5.98,5.99,6.00,6.00,6.00,61.24,0.00,0.00,1.00,0.00,0.00,0.00,-1.00,0,None,0,aggregation
160,160.54,remora7,remora4,-11.25,-11.25,8.43,8.42,8.42,8.42,9.98,9.98,11.53,11.53,4.45,4.45,-1.23,-1.24,-1.24,-1.24,0.70,0.70,2.65,2.65,4.33,4.32,4.32,4.31,4.31,4.31,4.30,4.30,4.30,4.30,5.99,5.99,5.99,5.99,5.99,5.99,5.99,5.99,6.00,6.01,59.66,0.00,0.00,1.00,0.00,0.00,0.00,-1.00,0,None,0,aggregation
160,161.54,remora7,remora4,12.58,12.58,-12.52,-12.52,-12.14,-12.14,10.41,10.41,10.37,10.37,3.98,3.98,3.17,3.17,3.55,3.55,1.25,1.25,1.19,1.19,4.30,4.29,4.29,4.28,4.27,4.26,4.26,4.25,4.25,4.25,6.01,6.02,6.02,6.03,6.03,6.04,6.04,6.05,6.05,6.06,58.64,0.00,0.00,1.00,0.00,0.00,0.00,-1.00,0,None,0,aggregation
160,162.54,remora7,remora4,11.62,11.62,-12.29,-11.98,-11.98,-11.98,9.98,9.98,9.40,9.40,2.76,2.76,3.41,3.72,3.72,3.72,0.70,0.70,-0.02,-0.02,4.24,4.24,4.23,4.23,4.22,4.21,4.20,4.19,4.19,4.18,6.07,6.08,6.08,6.09,6.09,6.10,6.10,6.11,6.12,6.13,56.32,0.00,0.00,1.00,0.00,0.00,0.00,-1.00,0,None,0,aggregation
160,163.54,remora7,remora4,10.51,10.51,12.42,12.42,-12.52,-12.52,-12.21,-12.21,10.60,10.60,1.37,1.37,3.78,3.78,3.18,3.18,3.49,3.49,1.48,1.48,4.18,4.17,4.17,4.16,4.16,4.15,4.14,4.13,4.12,4.11,6.14,6.14,6.15,6.16,6.17,6.18,6.19,6.19,6.20,6.21,55.63,0.00,0.00,1.00,0.00,0.00,0.00,-1.00,0,None,0,aggregation
160,164.54,remora7,remora4,10.53,10.53,12.14,12.14,-12.34,-12.34,-12.10,-12.10,10.56,10.56,1.40,1.40,3.43,3.43,3.36,3.36,3.60,3.60,1.43,1.43,4.11,4.10,4.10,4.09,4.09,4.08,4.07,4.06,4.05,4.05,6.22,6.23,6.24,6.24,6.25,6.26,6.26,6.27,6.27,6.28,55.05,0.00,0.00,1.00,0.00,0.00,0.00,-1.00,0,None,0,aggregation
160,165.54,remora7,remora4,10.19,10.19,11.56,11.56,-12.09,-12.09,12.47,12.47,12.37,-12.19,0.98,0.98,2.70,2.70,3.61,3.61,3.84,3.84,3.72,3.51,4.04,4.04,4.03,4.03,4.02,4.02,4.01,4.01,4.01,4.01,6.29,6.29,6.30,6.31,6.32,6.32,6.33,6.34,6.35,6.93,54.21,0.00,0.00,1.00,0.00,0.00,0.00,-1.00,0,None,0,aggregation
160,166.54,remora7,remora4,-12.19,-12.19,-11.73,-11.73,10.22,10.22,10.43,10.43,11.80,11.80,3.51,3.51,3.97,3.97,1.01,1.01,1.27,1.27,2.99,2.99,4.00,4.00,3.99,3.98,3.98,3.98,3.98,3.98,3.98,3.99,6.94,6.95,6.96,6.96,6.97,6.98,6.99,7.01,7.02,7.03,54.12,0.00,0.00,1.00,0.00,0.00,0.00,-1.00,0,None,0,aggregation
160,167.54,remora7,remora4,-11.79,-11.79,12.53,12.53,12.04,12.04,-11.81,-11.81,-11.42,10.05,3.91,3.91,3.92,3.92,3.30,3.30,3.88,3.88,4.27,0.79,3.99,3.98,3.98,3.99,3.99,4.00,4.00,4.00,4.00,4.01,7.04,7.05,7.06,7.07,7.09,7.10,7.11,7.12,7.13,7.13,55.23,0.00,0.00,1.00,1.00,0.00,1.00,-1.00,0,None,0,aggregation
160,168.54,remora7,remora4,10.05,10.05,10.45,10.45,11.72,11.72,-11.64,-11.64,12.14,12.14,0.79,0.79,1.30,1.30,2.89,2.89,4.06,4.06,3.42,3.42,4.01,4.02,4.03,4.03,4.04,4.06,4.06,4.07,4.08,4.09,7.14,7.16,7.17,7.18,7.19,7.21,7.22,7.23,7.24,7.25,55.91,0.00,0.00,1.00,1.00,0.00,1.00,-1.00,0,None,0,aggregation
160,169.54,remora7,remora4,-11.22,-11.22,11.03,10.98,10.98,-11.34,-11.34,-11.34,-10.88,-10.88,4.48,4.48,2.02,1.97,1.97,4.35,4.35,4.35,4.82,4.82,4.10,4.11,4.12,4.14,4.15,4.17,4.18,4.19,4.20,4.22,7.27,7.28,7.29,7.32,7.34,7.36,7.38,7.39,7.40,7.41,54.67,0.00,0.00,1.00,0.00,0.00,0.00,-1.00,0,None,0,aggregation
160,170.54,remora7,remora4,7.77,7.77,7.58,7.58,9.02,9.02,10.17,10.17,11.55,11.55,-2.05,-2.05,-2.30,-2.30,-0.49,-0.49,0.94,0.94,2.68,2.68,4.23,4.25,4.26,4.28,4.30,4.32,4.34,4.36,4.39,4.41,7.42,7.43,6.16,6.16,6.16,6.17,6.18,6.18,6.19,6.19,54.55,0.00,0.00,1.00,0.00,0.00,0.00,-1.00,0,None,0,aggregation
160,225.54,remora7,remora4,30.00,30.00,30.00,30.00,30.00,30.00,30.00,30.00,30.00,30.00,30.00,30.00,30.00,30.00,30.00,30.00,30.00,30.00,30.00,30.00,7.29,7.26,7.24,7.21,7.19,7.16,7.14,7.11,7.09,7.07,7.29,7.26,7.24,7.21,8.59,8.57,8.55,8.53,8.51,8.49,300.00,0.00,0.00,1.00,0.00,0.00,0.00,-1.00,0,None,0,aggregation
160,226.54,remora7,remora4,30.00,30.00,30.00,30.00,30.00,30.00,30.00,30.00,30.00,30.00,30.00,30.00,30.00,30.00,30.00,30.00,30.00,30.00,30.00,30.00,7.05,7.03,7.01,6.99,6.97,6.95,6.94,6.92,6.90,6.88,8.47,8.46,8.44,8.42,8.40,8.39,8.37,8.36,8.34,8.32,300.00,0.00,0.00,1.00,0.00,0.00,0.00,-1.00,0,None,0,aggregation
160,227.54,remora7,remora4,30.00,30.00,30.00,30.00,30.00,30.00,30.00,30.00,30.00,30.00,30.00,30.00,30.00,30.00,30.00,30.00,30.00,30.00,30.00,30.00,6.87,6.85,6.84,6.82,6.80,6.79,6.77,6.76,6.74,6.72,8.31,8.29,8.28,8.26,8.25,8.23,8.22,8.20,8.19,8.17,300.00,0.00,0.00,1.00,0.00,0.00,0.00,-1.00,0,None,0,aggregation
160,228.54,remora7,remora4,30.00,30.00,30.00,30.00,30.00,30.00,30.00,30.00,30.00,30.00,30.00,30.00,30.00,30.00,30.00,30.00,30.00,30.00,30.00,30.00,6.70,6.69,6.67,6.65,6.63,6.61,6.59,6.57,6.55,6.53,8.16,8.14,8.13,8.12,8.10,8.09,8.08,8.07,8.06,8.04,300.00,0.00,0.00,1.00,0.00,0.00,0.00,-1.00,0,None,0,aggregation
160,229.54,remora7,remora4,30.00,30.00,30.00,30.00,30.00,30.00,30.00,30.00,30.00,30.00,30.00,30.00,30.00,30.00,30.00,30.00,30.00,30.00,30.00,30.00,6.50,6.48,6.46,6.43,6.41,6.38,6.35,6.33,6.30,6.27,8.03,8.01,8.00,7.98,7.97,7.95,7.93,7.91,7.89,7.87,300.00,0.00,0.00,1.00,0.00,0.00,0.00,-1.00,0,None,0,aggregation
160,230.54,remora7,remora4,30.00,30.00,30.00,30.00,30.00,30.00,30.00,30.00,30.00,30.00,30.00,30.00,30.00,30.00,30.00,30.00,30.00,30.00,30.00,30.00,6.24,6.21,6.18,6.15,6.11,6.08,6.05,6.01,5.98,5.95,7.85,7.83,7.81,7.79,7.77,7.75,7.73,7.70,7.68,7.66,300.00,0.00,0.00,1.00,0.00,0.00,0.00,-1.00,0,None,0,aggregation
160,231.54,remora7,remora4,30.00,30.00,30.00,30.00,30.00,30.00,30.00,30.00,30.00,30.00,30.00,30.00,30.00,30.00,30.00,30.00,30.00,30.00,30.00,30.00,5.91,5.87,5.84,5.80,5.76,5.73,5.69,5.65,5.61,5.57,7.64,7.61,7.59,7.57,7.54,7.52,7.50,7.48,7.45,7.43,300.00,0.00,0.00,1.00,0.00,0.00,0.00,-1.00,0,None,0,aggregation
160,232.54,remora7,remora4,30.00,30.00,30.00,30.00,30.00,30.00,30.00,30.00,30.00,30.00,30.00,30.00,30.00,30.00,30.00,30.00,30.00,30.00,30.00,30.00,5.53,5.49,5.45,5.41,5.37,5.33,5.29,5.25,5.21,5.17,7.41,7.39,7.37,7.34,7.32,7.30,7.28,7.26,7.24,7.22,300.00,0.00,0.00,1.00,0.00,0.00,0.00,-1.00,0,None,0,aggregation
160,233.54,remora7,remora4,30.00,30.00,0.00,0.00,18.01,18.65,18.65,18.65,19.58,19.58,30.00,30.00,0.00,0.00,10.89,11.72,11.72,11.72,12.93,12.93,5.13,5.09,5.06,5.03,5.00,4.97,4.94,4.90,4.87,4.84,7.21,7.19,7.18,7.17,7.16,7.15,7.14,7.13,7.12,7.11,285.25,0.00,0.00,1.00,0.00,0.00,0.00,-1.00,0,None,0,aggregation
160,234.54,remora7,remora4,20.48,21.21,21.21,21.21,22.05,22.05,22.86,22.86,23.39,23.39,14.11,15.07,15.07,15.07,16.19,16.19,17.28,17.28,17.99,17.99,4.80,4.77,4.73,4.70,4.67,4.63,4.59,4.56,4.52,4.49,7.09,7.08,7.07,7.06,7.05,7.04,7.02,7.01,7.00,6.99,274.40,0.00,0.00,1.00,0.00,0.00,0.00,-1.00,0,None,0,aggregation
160,235.54,remora7,remora4,24.02,24.02,24.62,24.62,25.08,25.08,25.53,25.53,25.95,25.95,18.85,18.85,19.69,19.69,20.34,20.34,20.97,20.97,21.58,21.58,4.45,4.42,4.38,4.35,4.32,4.28,4.25,4.22,4.18,4.15,6.97,6.96,6.95,6.93,6.92,6.91,6.89,6.88,6.87,6.85,267.06,0.00,0.00,1.00,0.00,0.00,0.00,-1.00,0,None,0,aggregation
160,236.54,remora7,remora4,26.26,26.26,26.66,26.66,27.03,27.03,27.30,27.30,27.56,27.56,22.03,22.03,22.61,22.61,23.17,23.17,23.58,23.58,23.98,23.98,4.12,4.09,4.06,4.03,4.00,3.97,3.94,3.91,3.88,3.85,6.84,6.82,6.81,6.80,6.78,6.77,6.75,6.74,6.72,6.71,262.08,0.00,0.00,1.00,0.00,0.00,0.00,-1.00,0,None,0,aggregation
160,237.54,remora7,remora4,27.81,27.81,27.96,27.96,28.19,28.19,28.41,28.41,28.54,28.68,24.36,24.36,24.61,24.61,24.98,24.98,25.34,25.34,25.57,25.79,3.82,3.79,3.77,3.74,3.71,3.68,3.66,3.63,3.60,3.57,6.69,6.68,6.66,6.65,6.63,6.61,6.60,6.58,6.56,7.70,258.67,0.00,0.00,1.00,0.00,0.00,0.00,-1.00,0,None,0,aggregation
160,238.54,remora7,remora4,28.68,28.68,28.80,28.80,28.98,28.98,29.09,29.09,29.20,29.20,25.79,25.79,26.01,26.01,26.33,26.33,26.54,26.54,26.74,26.74,3.55,3.52,3.49,3.46,3.43,3.41,3.38,3.35,3.32,3.29,7.67,7.65,7.63,7.60,7.58,7.56,7.53,7.51,7.48,7.46,256.29,0.00,0.00,1.00,0.00,0.00,0.00,-1.00,0,None,0,aggregation
160,239.54,remora7,remora4,29.30,29.30,29.40,29.40,29.49,29.49,29.62,29.70,29.70,29.70,26.93,26.93,27.12,27.12,27.31,27.31,27.57,27.74,27.74,27.74,3.26,3.24,3.21,3.18,3.15,3.12,3.10,3.07,3.04,3.01,7.43,7.41,7.38,7.36,7.33,7.30,7.28,7.25,7.23,7.20,254.72,0.00,0.00,1.00,0.00,0.00,0.00,-1.00,0,None,0,aggregation
160,240.54,remora7,remora4,29.77,29.77,29.83,29.83,29.89,29.89,29.97,29.97,30.02,30.02,27.91,27.91,28.07,28.07,28.22,28.22,28.44,28.44,28.58,28.58,2.99,2.96,2.93,2.91,2.88,2.86,2.83,2.81,2.78,2.76,7.17,7.15,7.12,7.09,7.07,7.04,7.02,6.99,6.96,6.94,253.79,0.00,1.00,1.00,0.00,0.00,0.00,-1.00,0,None,0,aggregation
160,241.54,remora7,remora4,30.08,30.08,30.13,30.13,30.15,30.15,30.17,30.17,30.18,30.18,28.78,28.78,28.96,28.96,29.08,29.08,29.19,29.19,29.34,29.34,2.74,2.71,2.69,2.67,2.65,2.63,2.61,2.59,2.57,2.55,6.91,6.88,6.86,6.83,6.80,6.78,6.75,6.72,6.70,6.67,253.40,0.00,1.00,1.00,0.00,0.00,0.00,-1.00,0,None,0,aggregation
160,242.54,remora7,remora4,30.19,30.19,30.18,30.18,30.15,30.15,30.13,30.13,30.11,30.11,29.44,29.44,29.53,29.53,29.72,29.72,29.79,29.79,29.85,29.85,2.53,2.52,2.50,2.49,2.47,2.46,2.44,2.43,2.42,2.40,6.64,6.62,6.59,6.57,6.54,6.51,6.49,6.46,6.44,6.41,253.31,0.00,1.00,1.00,0.00,0.00,0.00,-1.00,0,None,0,aggregation
160,243.54,remora7,remora4,30.06,30.06,30.02,30.02,29.98,29.98,29.93,29.93,29.88,29.88,29.93,29.93,29.98,29.98,30.02,30.02,30.06,30.06,30.09,30.09,2.39,2.38,2.37,2.36,2.35,2.34,2.34,2.33,2.32,2.31,7.29,7.26,7.24,7.21,7.18,7.16,7.13,7.11,7.08,7.06,268.05,0.00,1.00,1.00,0.00,0.00,0.00,-1.00,0,None,0,aggregation
160,244.54,remora7,remora4,29.82,29.82,29.75,29.75,29.68,29.68,29.61,29.61,29.62,29.62,30.12,30.12,30.14,30.14,30.16,30.16,30.17,30.17,30.17,30.17,2.31,2.30,2.30,2.29,2.29,2.28,2.28,2.27,2.27,2.27,7.03,7.00,6.98,6.95,6.92,6.90,6.87,6.85,6.83,6.80,278.83,0.00,1.00,1.00,0.00,0.00,0.00,-1.00,0,None,0,aggregation
160,245.54,remora7,remora4,29.61,29.61,29.67,29.67,29.68,29.68,29.76,29.76,29.88,29.88,30.17,30.17,30.16,30.16,30.16,30.16,30.14,30.14,30.09,30.09,2.26,2.26,2.26,2.26,2.25,2.25,2.24,2.20,2.17,2.13,6.78,6.75,6.73,6.70,6.67,6.65,6.62,6.59,6.56,6.53,286.10,0.00,1.00,1.00,0.00,0.00,0.00,-1.00,0,None,0,aggregation
160,246.54,remora7,remora4,29.90,29.90,29.96,29.96,29.96,29.96,30.03,30.03,30.05,30.05,30.08,30.08,30.03,30.03,30.04,30.04,29.97,29.97,29.94,29.94,2.09,2.05,2.02,1.98,1.94,1.91,1.88,1.87,1.86,1.82,6.49,6.45,6.42,6.39,6.35,6.32,6.29,6.27,6.24,6.20,291.08,0.00,1.00,1.00,0.00,0.00,0.00,-1.00,0,None,0,aggregation
160,247.54,remora7,remora4,30.07,30.07,30.09,30.09,30.06,30.06,0.00,0.00,0.00,0.00,29.92,29.92,29.88,29.88,29.92,29.92,0.00,0.00,0.00,0.00,1.79,1.76,1.72,1.69,1.66,1.62,1.61,1.62,1.64,1.65,6.17,6.13,6.10,6.06,6.03,6.00,5.97,5.97,5.96,5.96,282.48,0.00,1.00,1.00,0.00,0.00,0.00,-1.00,0,None,0,aggregation
160,248.54,remora7,remora4,0.00,0.00,0.00,0.00,0.00,0.00,0.00,0.00,0.00,0.00,0.00,0.00,0.00,0.00,0.00,0.00,0.00,0.00,0.00,0.00,1.66,1.66,1.66,1.66,1.66,1.67,1.68,1.69,1.71,1.72,5.95,5.95,5.94,5.94,5.93,5.93,5.93,5.92,5.92,5.91,254.86,0.00,1.00,1.00,0.00,0.00,0.00,-1.00,0,None,0,aggregation
160,249.54,remora7,remora4,0.00,0.00,0.00,0.00,0.00,0.00,0.00,0.00,0.00,0.00,0.00,0.00,0.00,0.00,0.00,0.00,0.00,0.00,0.00,0.00,1.73,1.75,1.76,1.78,1.79,1.81,1.83,1.85,1.86,1.88,5.91,5.91,5.90,5.90,5.90,5.89,5.89,5.90,5.90,5.90,226.43,0.00,1.00,1.00,0.00,0.00,0.00,-1.00,0,None,0,aggregation
160,250.54,remora7,remora4,0.00,0.00,0.00,0.00,0.00,0.00,0.00,0.00,0.00,0.00,0.00,0.00,0.00,0.00,0.00,0.00,0.00,0.00,0.00,0.00,1.90,1.90,1.89,1.89,1.90,1.91,1.93,1.94,1.96,1.97,5.89,5.89,5.88,5.88,5.88,5.88,6.70,6.70,6.69,6.69,197.36,0.00,1.00,1.00,0.00,0.00,0.00,-1.00,0,None,0,aggregation
160,251.54,remora7,remora4,0.00,0.00,0.00,0.00,0.00,0.00,0.00,0.00,0.00,0.00,0.00,0.00,0.00,0.00,0.00,0.00,0.00,0.00,0.00,0.00,1.99,2.01,2.03,2.04,2.06,2.08,2.10,2.09,2.09,2.09,6.68,6.68,6.67,6.67,6.66,6.66,6.65,6.64,6.63,6.62,167.75,0.00,1.00,1.00,0.00,0.00,0.00,-1.00,0,None,0,aggregation
160,252.54,remora7,remora4,0.00,0.00,0.00,0.00,0.00,0.00,0.00,0.00,0.00,0.00,0.00,0.00,0.00,0.00,0.00,0.00,0.00,0.00,0.00,0.00,2.09,2.10,2.12,2.14,2.15,2.17,2.18,2.20,2.22,2.23,6.62,6.61,6.60,6.60,6.59,6.59,6.58,6.58,6.58,6.58,137.84,0.00,1.00,1.00,0.00,0.00,0.00,-1.00,0,None,0,aggregation
160,253.54,remora7,remora4,0.00,0.00,0.00,0.00,0.00,0.00,0.00,0.00,0.00,0.00,0.00,0.00,0.00,0.00,0.00,0.00,0.00,0.00,0.00,0.00,2.25,2.27,2.28,2.27,2.28,2.29,2.31,2.33,2.34,2.34,6.58,6.58,6.57,6.56,6.56,6.56,6.55,6.55,6.55,6.54,107.85,0.00,1.00,1.00,0.00,0.00,0.00,-1.00,0,None,0,aggregation
160,254.54,remora7,remora4,0.00,0.00,0.00,0.00,0.00,0.00,0.00,0.00,0.00,0.00,0.00,0.00,0.00,0.00,0.00,0.00,0.00,0.00,0.00,0.00,2.34,2.33,2.33,2.34,2.35,2.36,2.37,2.39,2.40,2.41,6.53,6.53,6.52,6.52,6.51,6.51,6.51,6.50,6.50,6.49,77.92,0.00,1.00,1.00,0.00,0.00,0.00,-1.00,0,None,0,aggregation
160,255.54,remora7,remora4,0.00,0.00,0.00,0.00,0.00,0.00,0.00,0.00,0.00,0.00,0.00,0.00,0.00,0.00,0.00,0.00,0.00,0.00,0.00,0.00,2.42,2.43,2.45,2.46,2.47,2.49,2.50,2.51,2.52,2.52,6.49,6.48,6.48,6.47,6.47,6.47,6.47,6.47,6.47,6.46,47.99,0.00,1.00,1.00,0.00,0.00,0.00,-1.00,0,None,0,aggregation
160,256.54,remora7,remora4,0.00,0.00,0.00,0.00,0.00,0.00,0.00,0.00,0.00,0.00,0.00,0.00,0.00,0.00,0.00,0.00,0.00,0.00,0.00,0.00,2.51,2.51,2.51,2.52,2.53,2.54,2.55,2.55,2.56,2.57,6.45,6.45,6.44,6.43,6.43,6.42,6.42,6.42,6.41,6.41,17.99,0.00,1.00,0.00,0.00,0.00,0.00,-1.00,0,None,0,aggregation
160,257.54,remora7,remora4,0.00,0.00,0.00,0.00,0.00,0.00,0.00,0.00,0.00,0.00,0.00,0.00,0.00,0.00,0.00,0.00,0.00,0.00,0.00,0.00,2.58,2.59,2.60,2.60,2.60,2.59,2.59,2.60,2.61,2.61,6.40,6.40,6.39,6.39,6.38,6.37,6.37,6.36,6.36,6.35,0.00,0.00,1.00,0.00,0.00,0.00,0.00,-1.00,0,None,0,aggregation
160,258.54,remora7,remora4,0.00,0.00,0.00,0.00,0.00,0.00,0.00,0.00,0.00,0.00,0.00,0.00,0.00,0.00,0.00,0.00,0.00,0.00,0.00,0.00,2.62,2.63,2.64,2.64,2.65,2.65,2.64,2.64,2.64,2.64,6.35,6.34,6.34,6.33,6.33,6.32,6.32,6.31,6.31,6.30,0.00,0.00,1.00,0.00,0.00,0.00,0.00,-1.00,0,None,0,aggregation
160,259.54,remora7,remora4,0.00,0.00,0.00,0.00,0.00,0.00,0.00,0.00,0.00,0.00,0.00,0.00,0.00,0.00,0.00,0.00,0.00,0.00,0.00,0.00,2.65,2.66,2.66,2.67,2.67,2.68,2.68,2.68,2.68,2.67,6.30,6.29,6.28,6.28,6.27,6.27,6.26,6.26,6.25,6.25,0.00,0.00,1.00,0.00,0.00,0.00,0.00,-1.00,0,None,0,aggregation
160,260.54,remora7,remora4,0.00,0.00,0.00,0.00,0.00,0.00,0.00,0.00,0.00,0.00,0.00,0.00,0.00,0.00,0.00,0.00,0.00,0.00,0.00,0.00,2.67,2.68,2.68,2.69,2.69,2.70,2.70,2.71,2.71,2.71,6.24,6.23,6.23,6.22,6.22,6.21,6.21,6.20,6.20,6.19,0.00,0.00,1.00,0.00,0.00,0.00,0.00,-1.00,0,None,0,aggregation
160,261.54,remora7,remora4,0.00,0.00,0.00,0.00,0.00,0.00,0.00,0.00,0.00,0.00,0.00,0.00,0.00,0.00,0.00,0.00,0.00,0.00,0.00,0.00,2.71,2.71,2.72,2.73,2.73,2.73,2.72,2.72,2.72,2.72,6.19,6.18,6.18,6.18,6.17,6.16,6.16,6.15,6.14,6.14,0.00,0.00,1.00,0.00,0.00,0.00,0.00,-1.00,0,None,0,aggregation
160,262.54,remora7,remora4,0.00,0.00,0.00,0.00,0.00,0.00,0.00,0.00,0.00,0.00,0.00,0.00,0.00,0.00,0.00,0.00,0.00,0.00,0.00,0.00,2.73,2.73,2.73,2.74,2.75,2.75,2.75,2.75,2.75,2.74,6.14,6.13,6.13,6.12,6.12,6.11,6.11,6.10,6.10,6.09,0.00,0.00,1.00,0.00,0.00,0.00,0.00,-1.00,0,None,0,aggregation
160,263.54,remora7,remora4,0.00,0.00,0.00,0.00,0.00,0.00,0.00,0.00,0.00,0.00,0.00,0.00,0.00,0.00,0.00,0.00,0.00,0.00,0.00,0.00,2.74,2.74,2.74,2.75,2.75,2.76,2.76,2.77,2.77,2.77,6.08,6.08,6.08,6.08,6.08,6.08,6.09,6.09,6.09,6.09,0.00,0.00,1.00,0.00,0.00,0.00,0.00,-1.00,0,None,0,aggregation
160,264.54,remora7,remora4,0.00,0.00,0.00,0.00,0.00,0.00,0.00,0.00,0.00,0.00,0.00,0.00,0.00,0.00,0.00,0.00,0.00,0.00,0.00,0.00,2.76,2.76,2.76,2.76,2.76,2.77,2.77,2.78,2.78,2.79,6.09,6.09,6.09,6.09,6.09,6.09,6.09,6.09,6.09,6.09,0.00,0.00,1.00,0.00,0.00,0.00,0.00,-1.00,0,None,0,aggregation
160,265.54,remora7,remora4,0.00,0.00,0.00,0.00,0.00,0.00,0.00,0.00,0.00,0.00,0.00,0.00,0.00,0.00,0.00,0.00,0.00,0.00,0.00,0.00,2.79,2.79,2.78,2.79,2.80,2.80,2.81,2.80,2.80,2.79,6.10,6.10,6.10,6.10,6.10,6.10,6.10,6.09,6.09,6.09,0.00,0.00,1.00,0.00,0.00,0.00,0.00,-1.00,0,None,0,aggregation
160,266.54,remora7,remora4,0.00,0.00,0.00,0.00,0.00,0.00,0.00,0.00,0.00,0.00,0.00,0.00,0.00,0.00,0.00,0.00,0.00,0.00,0.00,0.00,2.79,2.79,2.79,2.80,2.80,2.80,2.81,2.81,2.82,2.83,6.09,6.08,6.08,6.08,6.08,6.08,6.08,6.08,6.08,6.08,0.00,0.00,1.00,0.00,0.00,0.00,0.00,-1.00,0,None,0,aggregation
160,267.54,remora7,remora4,0.00,0.00,0.00,0.00,0.00,0.00,0.00,0.00,0.00,0.00,0.00,0.00,0.00,0.00,0.00,0.00,0.00,0.00,0.00,0.00,2.83,2.83,2.82,2.81,2.81,2.82,2.82,2.83,2.83,2.84,6.07,6.07,6.07,6.06,6.06,6.06,6.06,6.06,6.05,6.05,0.00,0.00,1.00,0.00,0.00,0.00,0.00,-1.00,0,None,0,aggregation
160,268.54,remora7,remora4,-34.70,-34.70,-34.49,-34.49,-34.01,-34.01,-33.42,-33.42,-32.64,-32.64,-24.24,-24.24,-24.02,-24.02,-23.55,-23.55,-22.96,-22.96,-22.17,-22.17,2.85,2.89,2.92,2.94,2.96,2.98,3.01,3.04,3.07,3.09,6.06,6.07,6.09,6.10,6.11,6.13,6.14,6.16,6.17,6.19,28.62,0.00,1.00,0.00,0.00,0.00,0.00,-1.00,0,None,0,aggregation
160,269.54,remora7,remora4,-31.82,-31.82,-30.89,-30.89,-29.87,-29.87,-28.74,-28.74,-27.53,-27.53,-21.35,-21.35,-20.43,-20.43,-19.40,-19.40,-18.28,-18.28,-17.06,-17.06,3.12,3.15,3.18,3.20,3.23,3.26,3.28,3.31,3.34,3.36,6.20,6.22,6.23,6.24,6.26,6.27,6.28,6.30,6.31,6.32,53.16,0.00,0.00,1.00,0.00,0.00,0.00,-1.00,0,None,0,aggregation
160,270.54,remora7,remora4,-26.37,-26.37,-24.84,-24.84,-23.37,-23.37,-21.49,-21.49,-19.39,-19.39,-15.91,-15.91,-14.37,-14.37,-12.91,-12.91,-11.03,-11.03,-8.92,-8.92,3.38,3.39,3.40,3.41,3.43,3.44,3.46,3.47,3.49,3.50,6.33,5.42,5.42,5.42,5.42,5.43,5.43,5.43,5.44,5.44,71.02,0.00,0.00,1.00,0.00,0.00,0.00,-1.00,0,None,0,aggregation
160,271.54,remora7,remora4,-17.61,-17.61,-15.47,-15.47,-13.30,-13.30,-11.18,-11.18,-9.18,-9.18,-7.14,-7.14,-5.01,-5.01,-2.84,-2.84,-0.71,-0.71,1.28,1.28,3.52,3.53,3.54,3.56,3.57,3.58,3.59,3.59,3.59,3.58,5.45,5.45,5.45,5.46,5.46,5.46,5.46,5.46,5.46,5.46,79.13,0.00,0.00,1.00,0.00,0.00,0.00,-1.00,0,None,0,aggregation
160,272.54,remora7,remora4,-6.97,-6.97,-4.80,-4.80,-2.12,-2.12,-0.56,-0.56,1.59,1.59,3.50,3.50,5.58,5.58,7.72,7.72,8.97,8.97,10.68,10.68,3.58,3.59,3.59,3.60,3.61,3.61,3.62,3.63,3.63,3.63,5.46,5.46,5.46,5.47,5.47,5.47,5.48,5.48,5.48,5.49,82.18,0.00,0.00,1.00,0.00,0.00,0.00,-1.00,0,None,0,aggregation
160,273.54,remora7,remora4,3.55,3.55,5.27,5.27,6.81,6.81,7.95,7.95,9.01,9.01,12.24,12.24,13.61,13.61,14.82,14.82,15.71,15.71,16.54,16.54,3.62,3.62,3.62,3.63,3.63,3.64,3.65,3.66,3.66,3.66,5.49,5.49,5.50,5.51,5.51,5.52,5.53,5.54,5.55,5.56,92.73,0.00,0.00,1.00,0.00,0.00,0.00,-1.00,0,None,0,aggregation
160,274.54,remora7,remora4,11.10,11.10,12.73,12.73,13.91,13.91,15.45,15.45,16.92,16.92,18.17,18.17,19.42,19.42,20.33,20.33,21.49,21.49,22.60,22.60,3.67,3.68,3.69,3.70,3.71,3.71,3.72,3.73,3.75,3.77,5.57,5.58,5.59,5.61,5.62,5.63,5.65,5.66,5.68,5.70,109.95,0.00,0.00,1.00,0.00,0.00,0.00,-1.00,0,None,0,aggregation
160,275.54,remora7,remora4,17.99,17.99,19.19,19.19,20.18,20.18,21.28,21.28,22.18,22.18,23.39,23.39,24.26,24.26,24.97,24.97,25.74,25.74,26.36,26.36,3.78,3.80,3.82,3.82,3.83,3.84,3.86,3.88,3.90,3.92,5.72,5.74,5.76,5.78,5.80,5.82,5.84,5.86,5.88,5.91,132.50,0.00,0.00,1.00,0.00,0.00,0.00,-1.00,0,None,0,aggregation
160,276.54,remora7,remora4,22.89,22.89,23.58,23.58,24.24,24.24,24.74,24.74,25.22,25.22,26.85,26.85,27.30,27.30,27.72,27.72,28.04,28.04,28.34,28.34,3.94,3.96,3.99,4.01,4.04,4.06,4.09,4.11,4.12,4.14,5.93,5.96,5.99,6.01,6.04,6.07,6.09,6.12,6.14,6.17,158.39,0.00,0.00,1.00,0.00,0.00,0.00,-1.00,0,None,0,aggregation
160,277.54,remora7,remora4,25.90,25.90,26.33,26.33,26.54,26.54,26.93,26.93,27.22,27.22,28.74,28.74,28.98,28.98,29.09,29.09,29.30,29.30,29.45,29.45,4.16,4.19,4.22,4.24,4.27,4.30,4.33,4.36,4.39,4.42,6.20,6.23,6.26,6.28,6.31,6.34,6.37,6.40,6.44,6.47,186.24,0.00,0.00,1.00,0.00,0.00,0.00,-1.00,0,None,0,aggregation
160,278.54,remora7,remora4,27.49,27.49,27.74,27.74,27.99,27.99,28.22,28.22,28.37,28.37,29.58,29.58,29.70,29.70,29.80,29.80,29.89,29.89,29.95,29.95,4.44,4.47,4.49,4.51,4.54,4.57,4.60,4.63,4.66,4.69,6.50,6.53,6.56,6.59,6.62,6.65,6.68,6.71,6.75,6.78,186.49,0.00,0.00,1.00,0.00,0.00,0.00,-1.00,0,None,0,aggregation
160,131.54,remora7,remora6,0.00,0.00,0.00,0.00,0.00,0.00,0.00,0.00,0.00,0.00,0.00,0.00,0.00,0.00,0.00,0.00,0.00,0.00,0.00,0.00,3.51,3.54,3.57,3.59,3.62,3.65,3.67,3.70,3.73,3.75,6.41,6.41,6.41,6.42,6.42,6.43,6.43,6.44,6.45,6.45,106.06,0.00,0.00,1.00,0.00,0.00,0.00,-1.00,0,None,0,aggregation
160,132.54,remora7,remora6,0.00,0.00,0.00,0.00,0.00,0.00,0.00,0.00,0.00,0.00,0.00,0.00,0.00,0.00,0.00,0.00,0.00,0.00,0.00,0.00,3.78,3.81,3.83,3.86,3.89,3.91,3.94,3.96,3.99,4.01,6.46,6.46,6.47,6.47,6.48,6.48,6.48,6.49,6.50,6.50,76.69,0.00,0.00,1.00,0.00,0.00,0.00,-1.00,0,None,0,aggregation
160,133.54,remora7,remora6,0.00,0.00,0.00,0.00,0.00,0.00,0.00,0.00,0.00,0.00,0.00,0.00,0.00,0.00,0.00,0.00,0.00,0.00,0.00,0.00,4.04,4.06,4.09,4.11,4.13,4.16,4.18,4.20,4.23,4.25,6.51,6.51,6.52,6.53,6.53,6.54,6.54,6.55,6.56,6.57,47.23,0.00,0.00,1.00,0.00,0.00,0.00,-1.00,0,None,0,aggregation
160,134.54,remora7,remora6,0.00,0.00,0.00,0.00,0.00,0.00,0.00,0.00,0.00,0.00,0.00,0.00,0.00,0.00,0.00,0.00,0.00,0.00,0.00,0.00,4.27,4.29,4.31,4.34,4.36,4.38,4.40,4.42,4.44,4.46,6.57,6.57,6.58,6.58,6.59,6.59,6.60,6.60,6.61,6.62,17.74,0.00,0.00,0.00,0.00,0.00,0.00,-1.00,0,None,0,aggregation
160,135.54,remora7,remora6,0.00,0.00,0.00,0.00,0.00,0.00,0.00,0.00,0.00,0.00,0.00,0.00,0.00,0.00,0.00,0.00,0.00,0.00,0.00,0.00,4.47,4.49,4.51,4.53,4.55,4.56,4.58,4.60,4.62,4.63,6.62,6.63,6.64,6.64,6.65,6.66,6.66,6.67,6.68,6.69,0.00,0.00,0.00,0.00,0.00,0.00,0.00,-1.00,0,None,0,aggregation
160,136.54,remora7,remora6,0.00,0.00,0.00,0.00,0.00,0.00,0.00,0.00,0.00,0.00,0.00,0.00,0.00,0.00,0.00,0.00,0.00,0.00,0.00,0.00,4.65,4.67,4.68,4.70,4.71,4.73,4.75,4.76,4.78,4.79,6.69,6.70,6.71,6.72,6.73,6.73,6.74,6.74,6.75,6.75,0.00,0.00,0.00,0.00,0.00,0.00,0.00,-1.00,0,None,0,aggregation
160,137.54,remora7,remora6,0.00,0.00,0.00,0.00,0.00,0.00,0.00,0.00,0.00,0.00,0.00,0.00,0.00,0.00,0.00,0.00,0.00,0.00,0.00,0.00,4.81,4.82,4.84,4.85,4.86,4.88,4.89,4.90,4.92,4.93,6.75,6.76,6.76,6.77,6.77,6.78,6.78,6.79,6.80,6.80,0.00,0.00,0.00,0.00,0.00,0.00,0.00,-1.00,0,None,0,aggregation
160,138.54,remora7,remora6,0.00,0.00,0.00,0.00,0.00,0.00,0.00,0.00,0.00,0.00,0.00,0.00,0.00,0.00,0.00,0.00,0.00,0.00,0.00,0.00,4.94,4.96,4.97,4.98,5.00,5.01,5.02,5.03,5.04,5.06,6.81,6.81,6.82,6.83,6.83,6.83,6.83,6.84,6.84,6.85,0.00,0.00,0.00,0.00,0.00,0.00,0.00,-1.00,0,None,0,aggregation
160,139.54,remora7,remora6,0.00,0.00,0.00,0.00,0.00,0.00,0.00,0.00,0.00,0.00,0.00,0.00,0.00,0.00,0.00,0.00,0.00,0.00,0.00,0.00,5.07,5.08,5.09,5.10,5.11,5.12,5.13,5.14,5.15,5.16,6.85,6.86,6.86,6.87,6.87,6.88,6.89,6.89,6.90,6.91,0.00,0.00,0.00,0.00,0.00,0.00,0.00,-1.00,0,None,0,aggregation
160,140.54,remora7,remora6,0.00,0.00,0.00,0.00,0.00,0.00,0.00,0.00,0.00,0.00,0.00,0.00,0.00,0.00,0.00,0.00,0.00,0.00,0.00,0.00,5.17,5.18,5.19,5.20,5.21,5.22,5.23,5.24,5.25,5.26,6.91,6.91,6.92,6.92,6.92,6.93,6.93,6.94,6.94,6.95,0.00,0.00,0.00,0.00,0.00,0.00,0.00,-1.00,0,None,0,aggregation
160,141.54,remora7,remora6,0.00,0.00,0.00,0.00,0.00,0.00,0.00,0.00,0.00,0.00,0.00,0.00,0.00,0.00,0.00,0.00,0.00,0.00,0.00,0.00,5.26,5.27,5.28,5.29,5.30,5.31,5.31,5.32,5.33,5.33,6.96,6.96,7.47,7.48,7.48,7.48,7.48,7.48,7.48,7.49,0.00,0.00,0.00,0.00,0.00,0.00,0.00,-1.00,0,None,0,aggregation
160,142.54,remora7,remora6,0.00,0.00,0.00,0.00,0.00,0.00,0.00,0.00,0.00,0.00,0.00,0.00,0.00,0.00,0.00,0.00,0.00,0.00,0.00,0.00,5.32,5.32,5.31,5.30,5.29,5.29,5.28,5.28,5.27,5.27,7.49,7.49,7.49,7.49,7.50,7.50,7.50,7.50,7.50,7.50,0.00,0.00,0.00,0.00,0.00,0.00,0.00,-1.00,0,None,0,aggregation
160,143.54,remora7,remora6,0.00,0.00,0.00,0.00,0.00,0.00,0.00,0.00,0.00,0.00,0.00,0.00,0.00,0.00,0.00,0.00,0.00,0.00,0.00,0.00,5.26,5.26,5.25,5.25,5.25,5.25,5.25,5.24,5.24,5.24,7.50,7.50,7.50,7.50,7.50,7.50,7.50,7.50,7.50,7.50,0.00,0.00,0.00,0.00,0.00,0.00,0.00,-1.00,0,None,0,aggregation
160,144.54,remora7,remora6,0.00,0.00,0.00,0.00,0.00,0.00,0.00,0.00,0.00,0.00,0.00,0.00,0.00,0.00,0.00,0.00,0.00,0.00,0.00,0.00,5.24,5.24,5.24,5.24,5.25,5.25,5.25,5.25,5.25,5.26,7.50,7.50,7.50,7.50,7.50,7.50,7.50,7.50,7.16,7.15,0.00,0.00,0.00,0.00,0.00,0.00,0.00,-1.00,0,None,0,aggregation
160,145.54,remora7,remora6,0.00,0.00,0.00,0.00,0.00,0.00,0.00,0.00,0.00,0.00,0.00,0.00,0.00,0.00,0.00,0.00,0.00,0.00,0.00,0.00,5.26,5.26,5.27,5.27,5.27,5.28,5.28,5.29,5.29,5.30,7.15,7.14,7.13,7.12,7.12,7.11,7.11,7.10,7.09,7.09,0.00,0.00,0.00,0.00,0.00,0.00,0.00,-1.00,0,None,0,aggregation
160,146.54,remora7,remora6,-35.22,-35.22,-35.16,-35.16,-34.91,-34.91,-34.49,-34.49,-33.95,-33.95,-24.75,-24.75,-24.69,-24.69,-24.45,-24.45,-24.02,-24.02,-23.49,-23.49,5.31,5.33,5.35,5.37,5.39,5.41,5.43,5.46,5.48,5.50,7.09,7.11,7.12,7.14,7.15,7.17,7.19,7.21,7.22,7.24,29.51,0.00,0.00,0.00,0.00,0.00,0.00,-1.00,0,None,0,aggregation
160,147.54,remora7,remora6,-33.20,-33.20,-32.38,-32.38,-31.52,-31.52,-30.45,-30.45,-29.25,-29.25,-22.74,-22.74,-21.91,-21.91,-21.06,-21.06,-19.98,-19.98,-18.79,-18.79,5.52,5.55,5.57,5.59,5.62,5.64,5.66,5.69,5.71,5.73,7.26,7.28,7.29,7.31,7.33,7.34,7.36,7.37,7.38,7.40,55.64,0.00,0.00,1.00,0.00,0.00,0.00,-1.00,0,None,0,aggregation
160,148.54,remora7,remora6,-28.08,-28.08,-26.67,-26.67,-25.31,-25.31,-23.87,-23.87,-22.35,-22.35,-17.61,-17.61,-16.20,-16.20,-14.84,-14.84,-13.40,-13.40,-11.89,-11.89,5.75,5.75,5.75,5.75,5.75,5.75,5.75,5.75,5.75,5.75,7.41,7.43,7.44,7.46,7.47,7.48,7.49,7.50,7.51,7.52,75.66,0.00,0.00,1.00,0.00,0.00,0.00,-1.00,0,None,0,aggregation
160,149.54,remora7,remora6,-20.59,-20.59,-19.13,-19.13,-17.24,-17.24,-15.49,-15.49,-13.70,-13.70,-10.13,-10.13,-8.67,-8.67,-6.78,-6.78,-5.03,-5.03,-3.24,-3.24,5.75,5.75,5.75,5.74,5.74,5.73,5.72,5.72,5.71,5.71,7.53,7.54,7.55,7.56,7.57,7.58,7.59,7.59,7.60,7.60,87.66,0.00,0.00,1.00,0.00,0.00,0.00,-1.00,0,None,0,aggregation
160,150.54,remora7,remora6,-11.67,-11.67,-9.82,-9.82,-7.74,-7.74,-5.86,-5.86,-3.60,-3.60,-1.21,-1.21,0.64,0.64,2.72,2.72,4.60,4.60,6.54,6.54,5.70,5.69,5.69,5.68,5.68,5.67,5.67,5.67,5.67,5.67,7.61,7.61,7.62,7.62,7.62,7.62,7.62,7.62,7.62,7.62,90.79,0.00,0.00,1.00,0.00,0.00,0.00,-1.00,0,None,0,aggregation
160,151.54,remora7,remora6,-1.29,-1.29,0.79,0.79,2.84,2.84,4.86,4.86,6.63,6.63,8.39,8.39,10.04,10.04,11.68,11.68,13.28,13.28,14.68,14.68,5.67,5.66,5.66,5.66,5.66,5.67,5.67,5.68,5.69,5.69,7.62,7.62,7.62,7.62,7.62,7.62,7.62,7.63,7.63,7.63,97.98,0.00,0.00,1.00,0.00,0.00,0.00,-1.00,0,None,0,aggregation
160,152.54,remora7,remora6,8.58,8.58,10.27,10.27,11.72,11.72,13.32,13.32,14.88,14.88,16.21,16.21,17.53,17.53,18.65,18.65,19.88,19.88,21.06,21.06,5.70,5.70,5.71,5.72,5.73,5.74,5.75,5.76,5.78,5.80,7.63,7.63,7.63,7.64,7.64,7.64,7.65,7.66,7.66,7.67,113.19,0.00,0.00,1.00,0.00,0.00,0.00,-1.00,0,None,0,aggregation
160,153.54,remora7,remora6,16.01,16.01,17.10,17.10,18.51,18.51,19.52,19.52,20.34,20.34,21.91,21.91,22.73,22.73,23.77,23.77,24.50,24.50,25.08,25.08,5.81,5.83,5.84,5.86,5.87,5.89,5.89,5.88,5.87,5.86,7.68,7.69,7.70,7.71,7.71,7.72,7.73,7.75,7.76,7.77,134.14,0.00,0.00,1.00,0.00,0.00,0.00,-1.00,0,None,0,aggregation
160,154.54,remora7,remora6,21.12,21.12,22.03,22.03,22.75,22.75,23.45,23.45,23.98,23.98,25.64,25.64,26.26,26.26,26.75,26.75,27.21,27.21,27.56,27.56,5.85,5.84,5.83,5.82,5.81,5.80,5.79,5.78,5.77,5.76,7.78,7.79,7.81,7.27,7.28,7.29,7.30,7.32,7.33,7.34,158.81,0.00,0.00,1.00,0.00,0.00,0.00,-1.00,0,None,0,aggregation
160,155.54,remora7,remora6,24.49,24.49,24.98,24.98,25.45,25.45,25.79,25.79,26.23,26.23,27.89,27.89,28.19,28.19,28.48,28.48,28.68,28.68,28.92,28.92,5.76,5.75,5.74,5.74,5.73,5.72,5.72,5.71,5.71,5.70,7.35,7.37,7.38,7.39,7.40,7.42,7.43,7.44,7.46,7.47,185.72,0.00,0.00,1.00,0.00,0.00,0.00,-1.00,0,None,0,aggregation
160,156.54,remora7,remora6,26.43,26.43,26.64,26.64,27.03,27.03,27.22,27.22,27.40,27.40,29.04,29.04,29.15,29.15,29.35,29.35,29.45,29.45,29.54,29.54,5.70,5.69,5.69,5.68,5.68,5.67,5.67,5.67,5.66,5.66,7.49,7.50,7.52,7.54,7.55,7.57,7.58,7.60,7.62,7.63,184.33,0.00,0.00,1.00,0.00,0.00,0.00,-1.00,0,None,0,aggregation
160,157.54,remora7,remora6,27.57,27.57,27.74,27.74,27.91,27.91,28.07,28.07,28.07,28.14,29.62,29.62,29.70,29.70,29.77,29.77,29.83,29.83,29.83,29.87,5.66,5.66,5.65,5.65,5.65,5.65,5.65,5.65,5.65,5.65,7.65,7.66,7.68,7.70,7.72,7.74,7.75,7.77,7.05,7.07,187.02,0.00,0.00,1.00,0.00,0.00,0.00,-1.00,0,None,0,aggregation
160,158.54,remora7,remora6,28.22,28.22,28.37,28.37,28.44,28.44,28.51,28.51,28.65,28.65,29.89,29.89,29.95,29.95,29.97,29.97,30.00,30.00,30.04,30.04,5.65,5.65,5.65,5.65,5.65,5.65,5.65,5.65,5.65,5.65,7.08,7.10,7.12,7.14,7.15,7.17,7.19,7.21,7.22,7.24,196.20,0.00,0.00,1.00,0.00,0.00,0.00,-1.00,0,None,0,aggregation
160,159.54,remora7,remora6,28.71,28.71,28.78,28.78,28.84,28.84,28.96,28.96,28.96,28.96,30.06,30.06,30.08,30.08,30.10,30.10,30.13,30.13,30.13,30.13,5.65,5.65,5.66,5.66,5.66,5.66,5.66,5.67,5.67,5.67,7.26,7.28,7.30,7.32,7.33,7.35,7.37,7.38,7.40,7.42,213.68,0.00,0.00,1.00,0.00,0.00,0.00,-1.00,0,None,0,aggregation
160,160.54,remora7,remora6,29.08,29.08,29.08,29.08,29.14,29.14,29.19,29.19,29.24,29.24,30.15,30.15,30.15,30.15,30.16,30.16,30.17,30.17,30.17,30.17,5.67,5.68,5.68,5.68,5.69,5.69,5.69,5.70,5.70,5.71,7.44,7.46,7.48,7.50,7.52,7.54,7.55,7.57,7.58,7.60,240.20,0.00,0.00,1.00,0.00,0.00,0.00,-1.00,0,None,0,aggregation
160,161.54,remora7,remora6,29.29,29.29,29.34,29.34,29.34,29.34,29.44,29.44,29.44,29.44,30.18,30.18,30.18,30.18,30.18,30.18,30.19,30.19,30.19,30.19,5.71,5.71,5.72,5.72,5.73,5.73,5.74,5.74,5.75,5.75,7.61,7.62,7.64,7.65,7.66,7.68,7.69,7.70,7.71,6.58,262.79,0.00,0.00,1.00,0.00,0.00,0.00,-1.00,0,None,0,aggregation
160,162.54,remora7,remora6,29.44,29.44,29.53,29.53,29.53,29.53,29.53,29.53,29.62,29.62,30.19,30.19,30.18,30.18,30.18,30.18,30.18,30.18,30.17,30.17,5.76,5.76,5.77,5.77,5.78,5.78,5.79,5.80,5.80,5.81,6.59,6.59,6.59,6.60,6.60,6.61,6.61,6.61,6.62,6.62,277.44,0.00,0.00,1.00,0.00,0.00,0.00,-1.00,0,None,0,aggregation
160,163.54,remora7,remora6,29.62,29.62,0.00,0.00,30.00,30.00,30.00,30.00,30.00,30.00,30.17,30.17,0.00,0.00,30.00,30.00,30.00,30.00,30.00,30.00,5.81,5.82,5.82,5.82,5.83,5.83,5.84,5.85,5.85,5.86,6.63,6.63,6.63,6.62,6.62,6.62,6.63,6.63,6.64,6.64,280.47,0.00,0.00,1.00,0.00,0.00,0.00,-1.00,0,None,0,aggregation
160,164.54,remora7,remora6,30.00,30.00,30.00,30.00,30.00,30.00,30.00,30.00,30.00,30.00,30.00,30.00,30.00,30.00,30.00,30.00,30.00,30.00,30.00,30.00,5.86,5.87,5.88,5.88,5.89,5.90,5.90,5.91,5.92,5.92,6.64,6.65,6.65,6.66,6.66,6.67,6.67,6.67,6.68,6.68,285.79,0.00,0.00,1.00,0.00,0.00,0.00,-1.00,0,None,0,aggregation
160,165.54,remora7,remora6,30.00,30.00,30.00,30.00,30.00,30.00,30.00,30.00,30.00,30.00,30.00,30.00,30.00,30.00,30.00,30.00,30.00,30.00,30.00,30.00,5.93,5.94,5.94,5.95,5.96,5.96,5.97,5.98,5.98,5.99,6.69,6.69,6.69,6.70,6.70,6.71,6.71,6.72,6.72,6.72,288.88,0.00,0.00,1.00,0.00,0.00,0.00,-1.00,0,None,0,aggregation
160,166.54,remora7,remora6,30.00,30.00,30.00,30.00,30.00,30.00,30.00,30.00,30.00,30.00,30.00,30.00,30.00,30.00,30.00,30.00,30.00,30.00,30.00,30.00,6.00,6.00,6.01,6.01,6.02,6.03,6.03,6.04,6.05,6.05,6.73,6.73,6.74,6.74,6.75,6.75,6.75,6.76,6.76,6.77,290.76,0.00,0.00,1.00,0.00,0.00,0.00,-1.00,0,None,0,aggregation
160,167.54,remora7,remora6,30.00,30.00,30.00,30.00,30.00,30.00,30.00,30.00,30.00,30.00,30.00,30.00,30.00,30.00,30.00,30.00,30.00,30.00,30.00,30.00,6.06,6.07,6.07,6.08,6.09,6.09,6.10,6.11,6.11,6.12,6.77,6.78,6.78,6.78,6.79,6.79,6.80,6.80,6.81,6.81,291.94,0.00,0.00,1.00,0.00,0.00,0.00,-1.00,0,None,0,aggregation
160,168.54,remora7,remora6,30.00,30.00,30.00,30.00,30.00,30.00,30.00,30.00,30.00,30.00,30.00,30.00,30.00,30.00,30.00,30.00,30.00,30.00,30.00,30.00,6.13,6.13,6.14,6.15,6.15,6.16,6.17,6.17,6.18,6.19,6.81,6.82,6.82,6.83,6.83,6.84,6.84,6.84,6.85,6.85,292.74,0.00,0.00,1.00,0.00,0.00,0.00,-1.00,0,None,0,aggregation
160,169.54,remora7,remora6,30.00,30.00,30.00,30.00,30.00,30.00,30.00,30.00,30.00,30.00,30.00,30.00,30.00,30.00,30.00,30.00,30.00,30.00,30.00,30.00,6.19,6.20,6.21,6.21,6.22,6.23,6.23,6.24,6.25,6.25,6.86,6.86,6.87,6.87,6.87,6.88,6.88,6.89,6.89,6.90,293.26,0.00,0.00,1.00,0.00,0.00,0.00,-1.00,0,None,0,aggregation
160,170.54,remora7,remora6,30.00,30.00,30.00,30.00,30.00,30.00,30.00,30.00,30.00,30.00,30.00,30.00,30.00,30.00,30.00,30.00,30.00,30.00,30.00,30.00,6.26,6.27,6.27,6.28,6.29,6.29,6.30,6.31,6.31,6.32,6.90,6.90,6.91,6.91,6.92,6.92,6.92,6.93,6.93,6.94,293.61,0.00,0.00,1.00,0.00,0.00,0.00,-1.00,0,None,0,aggregation
160,171.54,remora7,remora6,30.00,30.00,30.00,30.00,30.00,30.00,30.00,30.00,30.00,30.00,30.00,30.00,30.00,30.00,30.00,30.00,30.00,30.00,30.00,30.00,6.33,6.33,6.34,6.34,6.35,6.36,6.36,6.37,6.38,6.38,6.94,6.95,6.95,6.95,6.96,6.96,6.97,6.97,6.98,6.98,293.83,0.00,0.00,1.00,0.00,0.00,0.00,-1.00,0,None,0,aggregation
160,172.54,remora7,remora6,30.00,30.00,30.00,30.00,30.00,30.00,30.00,30.00,30.00,30.00,30.00,30.00,30.00,30.00,30.00,30.00,30.00,30.00,30.00,30.00,6.39,6.40,6.40,6.41,6.42,6.42,6.43,6.44,6.44,6.45,6.98,6.99,6.99,7.00,7.00,7.01,7.01,7.01,7.02,7.02,293.98,0.00,0.00,1.00,0.00,0.00,0.00,-1.00,0,None,0,aggregation
160,173.54,remora7,remora6,30.00,30.00,30.00,30.00,30.00,30.00,30.00,30.00,30.00,30.00,30.00,30.00,30.00,30.00,30.00,30.00,30.00,30.00,30.00,30.00,6.46,6.46,6.47,6.48,6.48,6.49,6.50,6.50,6.51,6.52,7.03,7.03,7.04,7.04,7.04,7.05,7.05,7.06,7.06,7.07,300.00,0.00,0.00,1.00,0.00,0.00,0.00,-1.00,0,None,0,aggregation
160,174.54,remora7,remora6,30.00,30.00,30.00,30.00,30.00,30.00,30.00,30.00,30.00,30.00,30.00,30.00,30.00,30.00,30.00,30.00,30.00,30.00,30.00,30.00,6.52,6.53,6.54,6.54,6.55,6.56,6.56,6.57,6.58,6.58,7.07,7.07,7.08,7.08,7.09,7.09,7.10,7.10,7.10,7.11,300.00,0.00,0.00,1.00,0.00,0.00,0.00,-1.00,0,None,0,aggregation
160,175.54,remora7,remora6,30.00,30.00,30.00,30.00,30.00,30.00,30.00,30.00,30.00,30.00,30.00,30.00,30.00,30.00,30.00,30.00,30.00,30.00,30.00,30.00,6.59,6.60,6.60,6.61,6.62,6.62,6.63,6.64,6.64,6.65,7.11,7.12,7.12,7.13,7.13,7.13,7.14,7.14,7.15,7.15,300.00,0.00,0.00,1.00,0.00,0.00,0.00,-1.00,0,None,0,aggregation
160,176.54,remora7,remora6,30.00,30.00,30.00,30.00,30.00,30.00,30.00,30.00,30.00,30.00,30.00,30.00,30.00,30.00,30.00,30.00,30.00,30.00,30.00,30.00,6.65,6.66,6.67,6.67,6.68,6.69,6.69,6.70,6.71,6.71,7.15,7.16,7.16,7.17,7.17,7.17,7.18,7.18,7.19,7.19,300.00,0.00,0.00,1.00,0.00,0.00,0.00,-1.00,0,None,0,aggregation
160,177.54,remora7,remora6,30.00,30.00,30.00,30.00,30.00,30.00,30.00,30.00,-1.26,-1.26,30.00,30.00,30.00,30.00,30.00,30.00,30.00,30.00,-16.96,-16.96,6.72,6.73,6.73,6.74,6.74,6.75,6.76,6.76,6.77,6.77,7.20,7.20,7.20,7.21,7.21,7.22,7.22,7.22,7.22,7.21,295.82,0.00,0.00,1.00,0.00,0.00,0.00,-1.00,0,None,0,aggregation
160,178.54,remora7,remora6,-1.07,-1.07,-0.57,-0.57,0.02,0.02,0.69,0.69,1.45,1.45,-16.77,-16.77,-16.27,-16.27,-15.68,-15.68,-15.00,-15.00,-14.25,-14.25,6.77,6.77,6.76,6.77,6.77,6.77,6.77,6.77,6.77,6.77,7.20,7.19,7.17,7.16,7.15,7.14,7.13,7.12,7.16,7.14,273.57,0.00,0.00,1.00,0.00,0.00,0.00,-1.00,0,None,0,aggregation
160,179.54,remora7,remora6,2.26,2.26,-19.76,-19.76,-18.15,-18.15,-16.64,-16.64,-15.15,-15.15,-13.43,-13.43,-30.22,-30.22,-28.61,-28.61,-27.10,-27.10,-25.62,-25.62,6.78,6.78,6.78,6.80,6.81,6.83,6.84,6.86,6.87,6.89,7.13,7.12,7.11,7.10,7.09,7.08,7.07,7.07,7.06,7.05,262.81,0.00,0.00,1.00,0.00,0.00,0.00,-1.00,0,None,0,aggregation
160,180.54,remora7,remora6,-13.57,-13.57,-11.72,-11.72,-9.95,-9.95,-8.11,-8.11,-6.01,-6.01,-24.03,-24.03,-22.18,-22.18,-20.41,-20.41,-18.57,-18.57,-16.47,-16.47,6.91,6.92,6.94,6.93,6.89,6.86,6.83,6.80,6.77,6.74,7.05,7.04,7.03,7.03,7.02,7.01,7.01,7.00,7.00,6.99,247.91,0.00,0.00,1.00,0.00,0.00,0.00,-1.00,0,None,0,aggregation
160,181.54,remora7,remora6,-3.84,-3.84,-1.82,-1.82,0.23,0.23,2.31,2.31,4.39,4.39,-14.30,-14.30,-12.29,-12.29,-10.24,-10.24,-8.16,-8.16,-6.07,-6.07,6.71,6.69,6.66,6.64,6.62,6.59,6.57,6.55,6.54,6.52,6.98,6.98,6.97,6.96,6.96,6.95,6.94,6.94,6.93,6.92,222.89,0.00,0.00,1.00,0.00,0.00,0.00,-1.00,0,None,0,aggregation
160,182.54,remora7,remora6,6.35,6.35,8.20,8.20,9.86,9.86,11.32,11.32,12.93,12.93,-3.84,-3.84,-1.52,-1.52,0.56,0.56,2.39,2.39,4.42,4.42,6.50,6.49,6.47,6.46,6.44,6.43,6.42,6.41,6.40,6.39,6.92,6.91,6.91,6.90,6.89,6.89,6.88,6.87,6.86,6.86,197.95,0.00,0.00,1.00,0.00,0.00,0.00,-1.00,0,None,0,aggregation
160,183.54,remora7,remora6,14.16,14.16,15.36,15.36,16.54,16.54,17.69,17.69,18.65,18.65,5.97,5.97,7.50,7.50,9.01,9.01,10.48,10.48,11.72,11.72,6.38,6.37,6.37,6.36,6.35,6.34,6.34,6.33,6.33,6.32,6.85,6.84,6.83,6.82,6.81,6.81,6.80,6.79,6.78,6.77,180.66,0.00,0.00,1.00,0.00,0.00,0.00,-1.00,0,None,0,aggregation
160,184.54,remora7,remora6,19.42,19.42,20.03,20.03,20.92,20.92,21.49,21.49,22.05,22.05,12.73,12.73,13.52,13.52,14.69,14.69,15.45,15.45,16.19,16.19,6.32,6.31,6.31,6.30,6.30,6.29,6.29,6.28,6.28,6.28,6.76,6.75,7.55,7.53,7.52,7.50,7.48,7.47,7.45,7.43,168.31,0.00,0.00,1.00,0.00,0.00,0.00,-1.00,0,None,0,aggregation
160,185.54,remora7,remora6,22.46,22.46,23.00,23.00,23.39,23.39,23.89,23.89,24.14,24.14,16.74,16.74,17.46,17.46,17.99,17.99,18.68,18.68,19.02,19.02,6.27,6.27,6.26,6.26,6.26,6.25,6.25,6.25,6.24,6.24,7.42,7.40,7.38,7.37,7.35,7.34,7.32,7.30,7.29,7.27,158.99,0.00,0.00,1.00,0.00,0.00,0.00,-1.00,0,None,0,aggregation
160,186.54,remora7,remora6,24.50,24.50,24.62,24.62,24.85,24.85,25.08,25.08,25.20,25.20,19.52,19.52,19.69,19.69,20.02,20.02,20.34,20.34,20.50,20.50,6.24,6.23,6.23,6.23,6.22,6.22,6.22,6.21,6.21,6.22,7.25,7.24,7.22,7.21,7.19,7.18,7.16,7.15,7.13,7.12,151.42,0.00,0.00,1.00,0.00,0.00,0.00,-1.00,0,None,0,aggregation
160,187.54,remora7,remora6,25.31,25.31,25.42,25.42,25.53,25.53,0.00,0.00,0.00,0.00,20.66,20.66,20.81,20.81,20.97,20.97,0.00,0.00,0.00,0.00,6.22,6.23,6.23,6.24,6.24,6.25,6.24,6.23,6.21,6.20,7.11,7.10,7.08,7.07,7.06,7.05,7.04,7.03,7.02,7.01,139.47,0.00,0.00,1.00,0.00,0.00,0.00,-1.00,0,None,0,aggregation
160,188.54,remora7,remora6,0.00,0.00,0.00,0.00,0.00,0.00,0.00,0.00,0.00,0.00,0.00,0.00,0.00,0.00,0.00,0.00,0.00,0.00,0.00,0.00,6.19,6.19,6.20,6.20,6.21,6.21,6.21,6.22,6.22,6.22,7.00,6.99,6.99,6.98,6.98,6.97,6.97,6.96,6.96,6.95,131.72,0.00,0.00,1.00,0.00,0.00,0.00,-1.00,0,None,0,aggregation
160,189.54,remora7,remora6,0.00,0.00,0.00,0.00,0.00,0.00,0.00,0.00,0.00,0.00,0.00,0.00,0.00,0.00,0.00,0.00,0.00,0.00,0.00,0.00,6.23,6.23,6.23,6.23,6.24,6.24,6.24,6.24,6.24,6.24,6.95,6.94,6.94,6.93,6.93,6.92,6.92,6.91,6.91,6.90,112.48,0.00,0.00,1.00,0.00,0.00,0.00,-1.00,0,None,0,aggregation
160,190.54,remora7,remora6,0.00,0.00,0.00,0.00,0.00,0.00,0.00,0.00,0.00,0.00,0.00,0.00,0.00,0.00,0.00,0.00,0.00,0.00,0.00,0.00,6.24,6.24,6.23,6.23,6.23,6.23,6.22,6.19,6.16,6.13,6.89,6.89,6.88,6.88,6.87,6.86,6.86,6.84,6.83,6.82,97.38,0.00,0.00,1.00,0.00,0.00,0.00,-1.00,0,None,0,aggregation
160,191.54,remora7,remora6,0.00,0.00,0.00,0.00,0.00,0.00,0.00,0.00,0.00,0.00,0.00,0.00,0.00,0.00,0.00,0.00,0.00,0.00,0.00,0.00,6.11,6.08,6.06,6.05,6.05,6.02,6.00,5.97,5.94,5.91,6.81,6.79,6.78,6.78,6.77,6.76,6.75,6.74,6.72,6.71,92.40,0.00,0.00,1.00,0.00,0.00,0.00,-1.00,0,None,0,aggregation
160,192.54,remora7,remora6,0.00,0.00,0.00,0.00,0.00,0.00,0.00,0.00,0.00,0.00,0.00,0.00,0.00,0.00,0.00,0.00,0.00,0.00,0.00,0.00,5.89,5.86,5.83,5.80,5.78,5.75,5.72,5.69,5.67,5.64,6.70,6.69,6.67,6.66,6.65,6.64,6.63,6.61,6.60,6.59,87.33,0.00,0.00,1.00,0.00,0.00,0.00,-1.00,0,None,0,aggregation
160,193.54,remora7,remora6,0.00,0.00,0.00,0.00,0.00,0.00,0.00,0.00,0.00,0.00,0.00,0.00,0.00,0.00,0.00,0.00,0.00,0.00,0.00,0.00,5.61,5.58,5.56,5.53,5.50,5.47,5.44,5.42,5.39,5.36,6.58,6.57,6.55,6.54,6.53,6.52,6.51,6.50,6.48,6.47,74.63,0.00,0.00,1.00,0.00,0.00,0.00,-1.00,0,None,0,aggregation
160,194.54,remora7,remora6,0.00,0.00,0.00,0.00,0.00,0.00,0.00,0.00,0.00,0.00,0.00,0.00,0.00,0.00,0.00,0.00,0.00,0.00,0.00,0.00,5.33,5.31,5.28,5.25,5.22,5.20,5.17,5.14,5.11,5.09,6.46,6.45,6.44,6.43,6.41,6.40,6.39,6.38,6.37,6.36,56.98,0.00,0.00,1.00,0.00,0.00,0.00,-1.00,0,None,0,aggregation
160,195.54,remora7,remora6,0.00,0.00,0.00,0.00,0.00,0.00,0.00,0.00,0.00,0.00,0.00,0.00,0.00,0.00,0.00,0.00,0.00,0.00,0.00,0.00,5.06,5.03,5.00,4.98,4.95,4.92,4.89,4.87,4.84,4.81,6.34,6.33,6.32,6.31,6.30,6.29,6.28,6.26,6.25,6.24,36.30,0.00,0.00,0.00,0.00,0.00,0.00,-1.00,0,None,0,aggregation
160,196.54,remora7,remora6,0.00,0.00,0.00,0.00,0.00,0.00,0.00,0.00,0.00,0.00,0.00,0.00,0.00,0.00,0.00,0.00,0.00,0.00,0.00,0.00,4.78,4.76,4.73,4.70,4.67,4.65,4.62,4.59,4.56,4.54,6.23,6.22,6.21,6.20,6.19,6.17,6.16,6.15,6.14,6.13,13.87,0.00,0.00,0.00,0.00,0.00,0.00,-1.00,0,None,0,aggregation
160,197.54,remora7,remora6,0.00,0.00,0.00,0.00,0.00,0.00,0.00,0.00,0.00,0.00,0.00,0.00,0.00,0.00,0.00,0.00,0.00,0.00,0.00,0.00,4.51,4.48,4.45,4.43,4.40,4.37,4.34,4.32,4.29,4.26,6.12,6.11,6.10,6.09,6.07,6.06,6.05,6.04,6.03,6.02,0.00,0.00,0.00,0.00,0.00,0.00,0.00,-1.00,0,None,0,aggregation
160,198.54,remora7,remora6,0.00,0.00,0.00,0.00,0.00,0.00,0.00,0.00,0.00,0.00,0.00,0.00,0.00,0.00,0.00,0.00,0.00,0.00,0.00,0.00,4.23,4.21,4.18,4.15,4.12,4.10,4.07,4.04,4.01,3.99,6.01,6.00,5.99,5.98,5.97,5.96,5.95,5.93,5.92,5.91,0.00,0.00,0.00,0.00,0.00,0.00,0.00,-1.00,0,None,0,aggregation
160,199.54,remora7,remora6,0.00,0.00,0.00,0.00,0.00,0.00,0.00,0.00,0.00,0.00,0.00,0.00,0.00,0.00,0.00,0.00,0.00,0.00,0.00,0.00,3.96,3.93,3.90,3.88,3.85,3.82,3.79,3.77,3.74,3.71,5.90,5.89,5.88,5.87,5.86,5.85,5.84,5.83,5.82,5.81,0.00,0.00,0.00,0.00,0.00,0.00,0.00,-1.00,0,None,0,aggregation
160,200.54,remora7,remora6,0.00,0.00,0.00,0.00,0.00,0.00,0.00,0.00,0.00,0.00,0.00,0.00,0.00,0.00,0.00,0.00,0.00,0.00,0.00,0.00,3.69,3.66,3.63,3.60,3.58,3.55,3.52,3.49,3.47,3.44,5.80,5.79,5.78,5.77,5.76,5.75,5.74,5.73,5.72,5.71,0.00,0.00,0.00,0.00,0.00,0.00,0.00,-1.00,0,None,0,aggregation
160,201.54,remora7,remora6,0.00,0.00,0.00,0.00,0.00,0.00,0.00,0.00,0.00,0.00,0.00,0.00,0.00,0.00,0.00,0.00,0.00,0.00,0.00,0.00,3.41,3.38,3.36,3.33,3.30,3.27,3.25,3.22,3.19,3.17,5.70,5.69,5.68,5.67,5.66,5.65,5.64,5.63,5.62,5.61,0.00,0.00,0.00,0.00,0.00,0.00,0.00,-1.00,0,None,0,aggregation
160,202.54,remora7,remora6,0.00,0.00,0.00,0.00,0.00,0.00,0.00,0.00,0.00,0.00,0.00,0.00,0.00,0.00,0.00,0.00,0.00,0.00,0.00,0.00,3.14,3.11,3.08,3.06,3.03,3.00,2.97,2.95,2.92,2.89,5.60,5.59,5.58,5.57,5.57,5.56,5.55,5.55,5.54,5.53,0.00,0.00,0.00,0.00,0.00,0.00,0.00,-1.00,0,None,0,aggregation
160,203.54,remora7,remora6,0.00,0.00,0.00,0.00,0.00,0.00,0.00,0.00,0.00,0.00,0.00,0.00,0.00,0.00,0.00,0.00,0.00,0.00,0.00,0.00,2.87,2.84,2.82,2.82,2.82,2.82,2.82,2.82,2.82,2.82,5.52,5.52,5.51,5.51,5.51,5.52,5.52,5.52,5.51,5.51,0.00,0.00,1.00,0.00,0.00,0.00,0.00,-1.00,0,None,0,aggregation
160,204.54,remora7,remora6,0.00,0.00,0.00,0.00,0.00,0.00,0.00,0.00,0.00,0.00,0.00,0.00,0.00,0.00,0.00,0.00,0.00,0.00,0.00,0.00,2.82,2.82,2.82,2.82,2.82,2.82,2.82,2.82,2.82,2.82,5.51,5.51,5.51,5.51,5.51,5.51,5.51,5.51,5.51,5.51,0.00,0.00,1.00,0.00,0.00,0.00,0.00,-1.00,0,None,0,aggregation
160,205.54,remora7,remora6,0.00,0.00,0.00,0.00,0.00,0.00,0.00,0.00,0.00,0.00,0.00,0.00,0.00,0.00,0.00,0.00,0.00,0.00,0.00,0.00,2.82,2.82,2.82,2.82,2.82,2.82,2.82,2.82,2.82,2.82,5.51,5.51,5.51,5.51,5.51,5.51,5.51,5.51,5.51,5.51,0.00,0.00,1.00,0.00,0.00,0.00,0.00,-1.00,0,None,0,aggregation
160,206.54,remora7,remora6,0.00,0.00,0.00,0.00,0.00,0.00,0.00,0.00,0.00,0.00,0.00,0.00,0.00,0.00,0.00,0.00,0.00,0.00,0.00,0.00,2.82,2.82,2.82,2.82,2.82,2.82,2.82,2.82,2.82,2.82,5.51,5.52,5.52,5.52,5.52,5.52,5.52,5.53,5.53,5.53,0.00,0.00,1.00,0.00,0.00,0.00,0.00,-1.00,0,None,0,aggregation
160,207.54,remora7,remora6,0.00,0.00,0.00,0.00,0.00,0.00,0.00,0.00,0.00,0.00,0.00,0.00,0.00,0.00,0.00,0.00,0.00,0.00,0.00,0.00,2.82,2.82,2.82,2.82,2.82,2.82,2.82,2.82,2.82,2.82,5.53,5.54,5.54,5.54,5.54,5.55,5.55,5.56,5.56,5.56,0.00,0.00,1.00,0.00,0.00,0.00,0.00,-1.00,0,None,0,aggregation
160,208.54,remora7,remora6,0.00,0.00,0.00,0.00,0.00,0.00,0.00,0.00,0.00,0.00,0.00,0.00,0.00,0.00,0.00,0.00,0.00,0.00,0.00,0.00,2.82,2.82,2.82,2.82,2.82,2.82,2.82,2.82,2.82,2.82,5.57,5.57,5.58,5.58,5.58,5.59,5.59,5.60,5.60,5.61,0.00,0.00,1.00,0.00,0.00,0.00,0.00,-1.00,0,None,0,aggregation
160,209.54,remora7,remora6,0.00,0.00,0.00,0.00,0.00,0.00,0.00,0.00,0.00,0.00,0.00,0.00,0.00,0.00,0.00,0.00,0.00,0.00,0.00,0.00,2.82,2.82,2.82,2.82,2.82,2.82,2.82,2.82,2.82,2.82,5.61,5.62,5.62,5.63,5.63,5.64,5.64,5.65,5.65,5.66,0.00,0.00,1.00,0.00,0.00,0.00,0.00,-1.00,0,None,0,aggregation
160,210.54,remora7,remora6,0.00,0.00,0.00,0.00,0.00,0.00,0.00,0.00,0.00,0.00,0.00,0.00,0.00,0.00,0.00,0.00,0.00,0.00,0.00,0.00,2.82,2.82,2.82,2.82,2.82,2.82,2.82,2.82,2.82,2.83,5.66,5.67,5.68,5.68,5.69,5.70,5.70,5.71,5.72,5.72,0.00,0.00,1.00,0.00,0.00,0.00,0.00,-1.00,0,None,0,aggregation
160,211.54,remora7,remora6,0.00,0.00,0.00,0.00,0.00,0.00,0.00,0.00,0.00,0.00,0.00,0.00,0.00,0.00,0.00,0.00,0.00,0.00,0.00,0.00,2.83,2.83,2.83,2.83,2.83,2.83,2.83,2.83,2.83,2.83,5.73,5.74,5.74,5.75,5.76,5.77,5.78,5.78,5.79,5.80,0.00,0.00,1.00,0.00,0.00,0.00,0.00,-1.00,0,None,0,aggregation
160,212.54,remora7,remora6,0.00,0.00,0.00,0.00,0.00,0.00,0.00,0.00,0.00,0.00,0.00,0.00,0.00,0.00,0.00,0.00,0.00,0.00,0.00,0.00,2.83,2.83,2.83,2.83,2.83,2.83,2.83,2.83,2.83,2.83,5.81,5.82,5.83,5.84,5.84,5.85,5.86,5.87,5.88,5.89,0.00,0.00,1.00,0.00,0.00,0.00,0.00,-1.00,0,None,0,aggregation
160,213.54,remora7,remora6,0.00,0.00,0.00,0.00,0.00,0.00,0.00,0.00,0.00,0.00,0.00,0.00,0.00,0.00,0.00,0.00,0.00,0.00,0.00,0.00,2.83,2.83,2.83,2.83,2.83,2.83,2.83,2.83,2.83,2.83,5.90,5.91,5.92,5.93,5.94,5.95,5.96,5.97,5.98,5.99,0.00,0.00,1.00,0.00,0.00,0.00,0.00,-1.00,0,None,0,aggregation
160,214.54,remora7,remora6,0.00,0.00,0.00,0.00,0.00,0.00,0.00,0.00,0.00,0.00,0.00,0.00,0.00,0.00,0.00,0.00,0.00,0.00,0.00,0.00,2.83,2.83,2.83,2.83,2.83,2.83,2.83,2.83,2.83,2.83,6.00,6.01,6.02,6.03,6.04,6.05,6.06,6.07,6.08,6.10,0.00,0.00,1.00,0.00,0.00,0.00,0.00,-1.00,0,None,0,aggregation
160,215.54,remora7,remora6,0.00,0.00,0.00,0.00,0.00,0.00,0.00,0.00,0.00,0.00,0.00,0.00,0.00,0.00,0.00,0.00,0.00,0.00,0.00,0.00,2.83,2.83,2.83,2.83,2.83,2.83,2.83,2.83,2.83,2.83,6.11,6.12,6.13,6.13,6.15,6.16,6.17,6.18,6.20,6.21,0.00,0.00,1.00,0.00,0.00,0.00,0.00,-1.00,0,None,0,aggregation
160,216.54,remora7,remora6,0.00,0.00,0.00,0.00,0.00,0.00,0.00,0.00,0.00,0.00,0.00,0.00,0.00,0.00,0.00,0.00,0.00,0.00,0.00,0.00,2.83,2.83,2.83,2.83,2.83,2.83,2.83,2.83,2.83,2.83,6.22,6.23,6.24,6.25,6.26,6.27,6.29,6.30,6.31,6.33,0.00,0.00,1.00,0.00,0.00,0.00,0.00,-1.00,0,None,0,aggregation
160,217.54,remora7,remora6,0.00,0.00,0.00,0.00,0.00,0.00,0.00,0.00,0.00,0.00,0.00,0.00,0.00,0.00,0.00,0.00,0.00,0.00,0.00,0.00,2.83,2.83,2.83,2.83,2.83,2.83,2.83,2.83,2.83,2.83,6.34,6.35,6.36,6.38,6.39,6.40,6.41,6.42,5.46,5.47,0.00,0.00,1.00,0.00,0.00,0.00,0.00,-1.00,0,None,0,aggregation
160,218.54,remora7,remora6,0.00,0.00,0.00,0.00,0.00,0.00,0.00,0.00,0.00,0.00,0.00,0.00,0.00,0.00,0.00,0.00,0.00,0.00,0.00,0.00,2.83,2.83,2.83,2.83,2.83,2.83,2.83,2.83,2.83,2.83,5.48,5.49,5.49,5.50,5.51,5.52,5.52,5.53,5.54,5.54,0.00,0.00,1.00,0.00,0.00,0.00,0.00,-1.00,0,None,0,aggregation
160,219.54,remora7,remora6,0.00,0.00,0.00,0.00,0.00,0.00,0.00,0.00,0.00,0.00,0.00,0.00,0.00,0.00,0.00,0.00,0.00,0.00,0.00,0.00,2.83,2.83,2.83,2.83,2.83,2.83,2.83,2.83,2.83,2.83,5.55,6.67,6.66,6.66,6.66,6.66,6.66,6.66,6.65,6.65,0.00,0.00,1.00,0.00,0.00,0.00,0.00,-1.00,0,None,0,aggregation
160,220.54,remora7,remora6,0.00,0.00,0.00,0.00,0.00,0.00,0.00,0.00,0.00,0.00,0.00,0.00,0.00,0.00,0.00,0.00,0.00,0.00,0.00,0.00,2.83,2.83,2.83,2.83,2.83,2.83,2.83,2.83,2.83,2.83,6.65,6.65,6.64,6.64,6.64,6.64,6.64,6.64,6.64,6.63,0.00,0.00,1.00,0.00,0.00,0.00,0.00,-1.00,0,None,0,aggregation
160,221.54,remora7,remora6,0.00,0.00,0.00,0.00,0.00,0.00,0.00,0.00,0.00,0.00,0.00,0.00,0.00,0.00,0.00,0.00,0.00,0.00,0.00,0.00,2.83,2.83,2.83,2.83,2.83,2.83,2.83,2.83,2.84,2.84,6.63,6.63,6.63,6.63,6.63,6.62,6.62,6.62,6.62,6.62,0.00,0.00,1.00,0.00,0.00,0.00,0.00,-1.00,0,None,0,aggregation
160,222.54,remora7,remora6,0.00,0.00,0.00,0.00,0.00,0.00,0.00,0.00,0.00,0.00,0.00,0.00,0.00,0.00,0.00,0.00,0.00,0.00,0.00,0.00,2.84,2.84,2.84,2.84,2.84,2.84,2.84,2.84,2.84,2.84,6.61,6.61,6.61,6.60,6.60,6.60,6.60,6.60,6.60,6.60,0.00,0.00,1.00,0.00,0.00,0.00,0.00,-1.00,0,None,0,aggregation
160,223.54,remora7,remora6,0.00,0.00,0.00,0.00,0.00,0.00,0.00,0.00,0.00,0.00,0.00,0.00,0.00,0.00,0.00,0.00,0.00,0.00,0.00,0.00,2.84,2.84,2.84,2.84,2.84,2.84,2.84,2.87,2.90,2.92,6.59,6.59,6.59,6.58,6.58,6.58,6.58,6.59,6.59,6.60,0.00,0.00,1.00,0.00,0.00,0.00,0.00,-1.00,0,None,0,aggregation
160,224.54,remora7,remora6,0.00,0.00,0.00,0.00,0.00,0.00,0.00,0.00,0.00,0.00,0.00,0.00,0.00,0.00,0.00,0.00,0.00,0.00,0.00,0.00,2.95,2.98,3.00,3.03,3.05,3.08,3.10,3.13,3.15,3.17,6.60,6.60,6.61,6.61,6.62,6.62,6.62,6.63,6.63,6.63,0.00,0.00,0.00,0.00,0.00,0.00,0.00,-1.00,0,None,0,aggregation
160,225.54,remora7,remora6,0.00,0.00,0.00,0.00,0.00,0.00,0.00,0.00,0.00,0.00,0.00,0.00,0.00,0.00,0.00,0.00,0.00,0.00,0.00,0.00,3.20,3.22,3.24,3.26,3.28,3.30,3.31,3.33,3.35,3.36,6.63,6.64,6.64,6.64,7.31,7.31,7.31,7.31,7.30,7.30,0.00,0.00,0.00,0.00,0.00,0.00,0.00,-1.00,0,None,0,aggregation
160,226.54,remora7,remora6,0.00,0.00,0.00,0.00,0.00,0.00,0.00,0.00,0.00,0.00,0.00,0.00,0.00,0.00,0.00,0.00,0.00,0.00,0.00,0.00,3.38,3.39,3.40,3.41,3.42,3.43,3.44,3.45,3.46,3.47,7.30,7.29,7.29,7.29,7.28,7.28,7.27,7.27,7.27,7.27,0.00,0.00,0.00,0.00,0.00,0.00,0.00,-1.00,0,None,0,aggregation
160,227.54,remora7,remora6,0.00,0.00,0.00,0.00,0.00,0.00,0.00,0.00,0.00,0.00,0.00,0.00,0.00,0.00,0.00,0.00,0.00,0.00,0.00,0.00,3.47,3.48,3.48,3.49,3.49,3.50,3.50,3.50,3.50,3.51,7.26,7.26,7.25,7.25,7.24,7.23,7.23,7.22,7.21,7.21,0.00,0.00,0.00,0.00,0.00,0.00,0.00,-1.00,0,None,0,aggregation
160,228.54,remora7,remora6,0.00,0.00,-23.45,-23.45,-22.74,-22.74,-21.53,-21.53,-20.28,-20.28,0.00,0.00,-12.98,-12.98,-12.28,-12.28,-11.06,-11.06,-9.82,-9.82,3.51,3.51,3.51,3.52,3.52,3.52,3.53,3.53,3.54,3.54,7.20,7.19,7.19,7.19,6.67,6.66,6.66,6.65,6.64,6.63,13.41,0.00,0.00,0.00,0.00,0.00,0.00,-1.00,0,None,0,aggregation
160,229.54,remora7,remora6,-18.63,-18.63,-17.06,-17.06,-15.43,-15.43,-13.65,-13.65,-11.72,-11.72,-8.16,-8.16,-6.59,-6.59,-4.97,-4.97,-3.19,-3.19,-1.26,-1.26,3.55,3.55,3.56,3.56,3.57,3.57,3.58,3.58,3.59,3.60,6.62,6.61,6.60,6.59,6.59,6.57,6.56,6.56,6.55,6.55,23.48,0.00,0.00,0.00,0.00,0.00,0.00,-1.00,0,None,0,aggregation
160,230.54,remora7,remora6,-9.93,-9.93,-7.99,-7.99,-6.07,-6.07,-4.04,-4.04,-1.79,-1.79,0.54,0.54,2.47,2.47,4.40,4.40,6.19,6.19,7.99,7.99,3.61,3.62,3.63,3.64,3.65,3.66,3.68,3.69,3.71,3.73,6.54,6.53,6.53,6.52,6.51,6.50,6.50,6.49,6.48,6.47,25.97,0.00,0.00,0.00,0.00,0.00,0.00,-1.00,0,None,0,aggregation
160,231.54,remora7,remora6,0.28,0.28,2.28,2.28,4.08,4.08,5.86,5.86,7.56,7.56,9.64,9.64,11.23,11.23,12.66,12.66,14.07,14.07,15.41,15.41,3.74,3.76,3.78,3.81,3.83,3.85,3.88,3.91,3.93,3.96,6.46,6.45,6.44,6.42,6.41,6.40,6.38,6.37,6.36,6.35,34.28,0.00,0.00,0.00,0.00,0.00,0.00,-1.00,0,None,0,aggregation
160,232.54,remora7,remora6,9.08,9.08,10.41,10.41,11.83,11.83,13.03,13.03,14.26,14.26,16.60,16.60,17.63,17.63,18.74,18.74,19.66,19.66,20.60,20.60,3.99,4.02,4.06,4.09,4.13,4.16,4.20,4.24,4.28,4.32,6.33,6.32,6.31,6.30,6.28,6.27,6.26,6.25,6.24,6.23,49.46,0.00,0.00,1.00,0.00,0.00,0.00,-1.00,0,None,0,aggregation
160,233.54,remora7,remora6,15.13,15.13,16.20,16.20,16.99,16.99,17.46,17.46,17.84,17.84,21.25,21.25,22.06,22.06,22.65,22.65,23.00,23.00,23.28,23.28,4.36,4.40,4.44,4.48,4.53,4.57,4.61,4.66,4.70,4.75,6.22,6.21,6.20,6.19,6.19,6.18,6.17,6.17,6.17,6.16,69.05,0.00,0.00,1.00,0.00,0.00,0.00,-1.00,0,None,0,aggregation
160,234.54,remora7,remora6,18.10,18.10,18.26,18.26,18.31,18.31,18.01,18.01,17.84,17.84,23.47,23.47,23.58,23.58,23.62,23.62,23.40,23.40,23.27,23.27,4.80,4.84,4.84,4.79,4.75,4.70,4.65,4.61,4.56,4.51,6.16,6.16,6.16,6.15,6.14,6.14,6.13,6.12,6.12,6.11,89.83,0.00,0.00,1.00,0.00,0.00,0.00,-1.00,0,None,0,aggregation
160,235.54,remora7,remora6,17.03,17.03,16.84,16.84,16.31,16.31,15.83,15.83,15.10,15.10,22.68,22.68,22.54,22.54,22.14,22.14,21.79,21.79,21.23,21.23,4.46,4.42,4.37,4.32,4.28,4.23,4.18,4.14,4.09,4.04,6.10,6.09,6.09,6.08,6.07,6.06,6.05,6.05,6.04,6.64,108.98,0.00,0.00,1.00,0.00,0.00,0.00,-1.00,0,None,0,aggregation
160,236.54,remora7,remora6,14.80,14.80,13.88,13.88,13.12,13.12,12.70,12.70,12.19,12.19,21.01,21.01,20.31,20.31,19.73,19.73,19.41,19.41,19.01,19.01,4.00,3.95,3.91,3.86,3.82,3.77,3.73,3.68,3.64,3.59,6.63,6.62,6.61,6.60,6.58,6.57,6.56,6.55,6.54,6.53,125.60,0.00,0.00,1.00,0.00,0.00,0.00,-1.00,0,None,0,aggregation
160,237.54,remora7,remora6,11.59,11.59,11.18,11.18,10.98,10.98,10.89,10.89,10.68,10.68,18.55,18.55,18.23,18.23,18.08,18.08,18.00,18.00,17.84,17.84,3.55,3.51,3.46,3.42,3.38,3.34,3.29,3.25,3.21,3.17,6.52,6.51,6.50,6.49,6.47,6.46,6.45,6.44,6.43,6.42,140.20,0.00,0.00,1.00,0.00,0.00,0.00,-1.00,0,None,0,aggregation
160,238.54,remora7,remora6,10.58,10.58,10.49,10.49,10.72,10.72,11.07,11.07,11.18,11.18,17.77,17.77,17.69,17.69,17.87,17.87,18.15,18.15,18.23,18.23,3.13,3.09,3.05,3.00,2.96,2.92,2.88,2.84,2.80,2.76,6.41,6.40,6.39,6.39,6.38,6.37,6.36,6.35,6.34,6.33,141.16,0.00,1.00,1.00,0.00,0.00,0.00,-1.00,0,None,0,aggregation
160,239.54,remora7,remora6,11.56,11.56,11.89,11.89,12.14,12.14,12.63,12.63,13.16,13.16,18.52,18.52,18.78,18.78,18.97,18.97,19.35,19.35,19.76,19.76,2.72,2.69,2.65,2.61,2.57,2.53,2.49,2.46,2.42,2.38,6.33,6.32,6.31,6.30,6.30,6.29,6.28,6.28,6.27,6.26,146.77,0.00,1.00,1.00,0.00,0.00,0.00,-1.00,0,None,0,aggregation
160,240.54,remora7,remora6,13.67,13.67,14.28,14.28,14.91,14.91,15.59,15.59,16.32,16.32,20.15,20.15,20.61,20.61,21.09,21.09,21.60,21.60,22.15,22.15,2.35,2.31,2.28,2.24,2.21,2.17,2.14,2.11,2.08,2.05,6.26,6.25,6.25,6.24,6.24,6.23,6.23,6.23,6.22,6.22,162.32,0.00,1.00,1.00,0.00,0.00,0.00,-1.00,0,None,0,aggregation
160,241.54,remora7,remora6,17.19,17.19,17.77,17.77,18.62,18.62,19.51,19.51,20.23,20.23,22.80,22.80,23.22,23.22,23.84,23.84,24.49,24.49,25.00,25.00,2.02,1.99,1.96,1.93,1.91,1.88,1.86,1.83,1.81,1.79,6.22,6.21,6.21,6.21,6.20,6.20,6.20,6.20,6.20,6.20,175.28,0.00,1.00,1.00,0.00,0.00,0.00,-1.00,0,None,0,aggregation
160,242.54,remora7,remora6,20.92,20.92,21.86,21.86,22.63,22.63,23.44,23.44,24.22,24.22,25.49,25.49,26.15,26.15,26.67,26.67,27.21,27.21,27.72,27.72,1.77,1.75,1.73,1.72,1.70,1.69,1.68,1.67,1.67,1.68,6.20,5.35,5.34,5.34,5.33,5.32,5.31,5.30,5.30,5.29,184.72,0.00,1.00,1.00,0.00,0.00,0.00,-1.00,0,None,0,aggregation
160,243.54,remora7,remora6,24.82,24.82,25.26,25.26,-17.72,-17.72,-17.60,-17.60,-17.31,-17.31,28.09,28.09,28.36,28.36,-2.02,-2.02,-1.90,-1.90,-1.61,-1.61,1.69,1.71,1.73,1.74,1.75,1.74,1.73,1.73,1.72,1.71,5.29,5.29,5.29,5.28,5.28,5.26,5.24,5.22,5.21,5.19,181.61,0.00,1.00,1.00,1.00,1.00,0.00,-1.00,0,None,0,aggregation
160,244.54,remora7,remora6,-16.93,-16.93,29.64,29.64,-16.17,-16.17,-15.84,-15.84,-15.19,-15.19,-1.23,-1.23,30.17,30.17,-0.48,-0.48,-0.15,-0.15,0.51,0.51,1.70,1.69,1.70,1.73,1.74,1.74,1.73,1.72,1.71,1.71,5.17,5.15,5.14,5.13,5.12,5.10,5.08,5.07,5.05,5.04,173.35,0.00,1.00,1.00,1.00,1.00,0.00,-1.00,0,None,0,aggregation
160,245.54,remora7,remora6,-14.45,-14.45,29.26,29.26,-13.15,-13.15,-12.72,-12.72,-11.80,-11.80,1.25,1.25,26.85,26.85,2.55,2.55,2.98,2.98,3.90,3.90,1.70,1.69,1.69,1.71,1.73,1.73,1.72,1.72,1.71,1.71,5.02,5.01,4.99,4.97,4.95,4.94,4.93,4.92,4.91,4.90,163.96,0.00,1.00,1.00,1.00,1.00,0.00,-1.00,0,None,0,aggregation
160,246.54,remora7,remora6,25.09,25.09,-10.50,-10.50,-10.03,-10.03,-9.02,-9.02,18.77,18.77,20.35,20.35,5.19,5.19,5.67,5.67,6.68,6.68,11.87,11.87,1.71,1.73,1.74,1.74,1.74,1.74,1.73,1.73,1.74,1.75,4.88,4.87,4.86,4.85,4.84,4.83,4.82,4.80,4.78,4.77,156.15,0.00,1.00,1.00,1.00,1.00,0.00,-1.00,0,None,0,aggregation
160,247.54,remora7,remora6,17.94,17.94,18.77,18.77,19.69,19.69,20.45,20.45,21.28,21.28,10.81,10.81,11.88,11.88,13.07,13.07,14.07,14.07,15.16,15.16,1.76,1.77,1.78,1.79,1.81,1.82,1.83,1.85,1.86,1.88,4.75,4.73,4.72,4.70,4.69,4.67,4.66,4.64,4.63,4.61,157.86,0.00,1.00,1.00,0.00,0.00,0.00,-1.00,0,None,0,aggregation
160,248.54,remora7,remora6,-9.79,-9.79,-9.37,-9.37,18.39,18.39,17.26,17.26,18.17,18.17,5.91,5.91,6.33,6.33,11.39,11.39,9.92,9.92,11.10,11.10,1.89,1.89,1.88,1.88,1.88,1.90,1.91,1.92,1.93,1.94,4.60,4.59,4.59,4.59,4.58,4.57,4.55,4.54,4.53,4.51,152.80,0.00,1.00,1.00,1.00,1.00,0.00,-1.00,0,None,0,aggregation
160,249.54,remora7,remora6,19.05,19.05,19.93,19.93,20.59,20.59,-10.13,-10.13,20.08,20.08,12.24,12.24,13.38,13.38,14.26,14.26,5.57,5.57,13.59,13.59,1.96,1.97,1.98,2.00,2.01,2.03,2.03,2.03,2.04,2.05,4.50,4.48,4.47,4.45,4.44,4.42,4.41,4.40,4.39,4.37,150.89,0.00,1.00,1.00,1.00,1.00,0.00,-1.00,0,None,0,aggregation
160,250.54,remora7,remora6,19.24,19.24,-9.82,-9.82,-9.48,-9.48,-8.48,-8.48,13.50,13.50,12.48,12.48,5.88,5.88,6.21,6.21,7.21,7.21,5.14,5.14,2.07,2.08,2.09,2.09,2.09,2.09,2.08,2.08,2.08,2.09,4.35,4.34,4.34,4.33,4.32,4.32,4.31,4.30,4.28,4.27,138.74,0.00,1.00,1.00,1.00,1.00,0.00,-1.00,0,None,0,aggregation
160,251.54,remora7,remora6,12.39,12.39,13.58,13.58,14.62,14.62,15.38,15.38,16.16,16.16,3.74,3.74,5.25,5.25,6.56,6.56,7.52,7.52,8.52,8.52,2.10,2.11,2.11,2.12,2.13,2.14,2.15,2.16,2.17,2.18,4.26,4.24,4.23,4.21,4.20,4.18,4.17,4.16,4.15,4.14,127.84,0.00,1.00,1.00,0.00,0.00,0.00,-1.00,0,None,0,aggregation
160,252.54,remora7,remora6,16.83,16.83,17.58,17.58,18.22,18.22,-11.17,-11.17,-10.87,-10.87,9.38,9.38,10.33,10.33,11.16,11.16,4.53,4.53,4.83,4.83,2.19,2.20,2.19,2.16,2.13,2.10,2.07,2.04,2.02,1.99,4.12,4.11,4.09,4.08,4.06,4.05,4.03,4.02,4.01,4.00,112.83,0.00,1.00,1.00,1.00,1.00,0.00,-1.00,0,None,0,aggregation
160,253.54,remora7,remora6,-9.91,-9.91,10.86,10.86,10.53,10.53,11.31,11.31,12.26,12.26,5.79,5.79,1.81,1.81,1.40,1.40,2.38,2.38,3.57,3.57,1.97,1.94,1.91,1.88,1.85,1.83,1.80,1.77,1.74,1.71,3.99,3.98,3.97,3.96,3.95,3.94,3.92,3.91,3.90,3.89,102.19,0.00,1.00,1.00,0.00,0.00,0.00,-1.00,0,None,0,aggregation
160,254.54,remora7,remora6,13.12,13.12,-11.11,-11.11,-11.00,-11.00,10.65,10.65,10.08,10.08,4.66,4.66,4.59,4.59,4.70,4.70,1.54,1.54,0.83,0.83,1.68,1.65,1.62,1.61,1.61,1.61,1.61,1.61,1.60,1.60,3.88,3.87,3.86,3.85,3.85,3.85,3.85,3.84,3.83,3.83,95.03,0.00,1.00,1.00,1.00,1.00,0.00,-1.00,0,None,0,aggregation
160,255.54,remora7,remora6,11.40,11.40,12.64,12.64,-11.55,-11.55,-11.22,-11.22,10.24,10.24,2.49,2.49,4.06,4.06,4.15,4.15,4.48,4.48,1.03,1.03,1.60,1.59,1.59,1.59,1.59,1.59,1.59,1.59,1.58,1.58,3.82,3.82,3.81,3.80,3.80,3.80,3.79,3.79,3.79,3.79,90.87,0.00,1.00,1.00,1.00,1.00,0.00,-1.00,0,None,0,aggregation
160,256.54,remora7,remora6,9.61,9.61,11.19,11.19,12.48,12.48,-11.77,-11.77,12.96,12.96,0.25,0.25,2.23,2.23,3.85,3.85,3.93,3.93,4.46,4.46,1.58,1.58,1.57,1.57,1.57,1.57,1.56,1.56,1.56,1.56,3.78,3.78,3.78,3.78,3.77,3.77,3.76,3.76,3.76,3.75,88.55,0.00,1.00,1.00,1.00,1.00,0.00,-1.00,0,None,0,aggregation
160,257.54,remora7,remora6,12.29,12.29,-11.79,-11.79,-11.54,-11.54,10.24,10.24,9.59,9.59,3.62,3.62,3.91,3.91,4.16,4.16,1.03,1.03,0.22,0.22,1.56,1.55,1.55,1.55,1.55,1.55,1.55,1.55,1.55,1.54,3.75,3.74,3.74,3.74,3.74,3.74,3.74,3.74,3.73,3.73,77.46,0.00,1.00,1.00,0.00,0.00,0.00,-1.00,0,None,0,aggregation
160,258.54,remora7,remora6,11.04,11.04,-11.48,-11.48,-11.31,-11.31,9.10,9.10,8.41,8.41,2.04,2.04,4.21,4.21,4.39,4.39,-0.40,-0.40,-1.26,-1.26,1.54,1.54,1.54,1.54,1.54,1.54,1.54,1.53,1.53,1.53,3.73,3.72,3.72,3.72,3.72,3.72,3.72,3.72,3.71,3.71,72.46,0.00,1.00,1.00,0.00,0.00,0.00,-1.00,0,None,0,aggregation
160,259.54,remora7,remora6,9.97,9.97,11.35,11.35,12.94,12.94,-12.28,-12.28,-12.10,-12.10,0.70,0.70,2.43,2.43,4.44,4.44,3.42,3.42,3.60,3.60,1.53,1.53,1.52,1.52,1.52,1.52,1.52,1.52,1.52,1.52,3.71,3.71,3.70,3.70,3.70,3.69,3.69,3.69,3.69,3.69,64.61,0.00,1.00,1.00,0.00,0.00,0.00,-1.00,0,None,0,aggregation
160,260.54,remora7,remora6,11.15,11.15,10.78,10.78,12.08,12.08,-12.08,-12.08,-11.69,-11.69,2.18,2.18,1.71,1.71,3.34,3.34,3.62,3.62,4.01,4.01,1.52,1.51,1.51,1.51,1.51,1.50,1.50,1.50,1.50,1.50,3.69,3.69,3.68,3.68,3.68,3.67,3.67,3.67,3.67,3.67,64.47,0.00,1.00,1.00,0.00,0.00,0.00,-1.00,0,None,0,aggregation
160,261.54,remora7,remora6,9.92,9.92,9.07,9.07,10.84,10.84,12.28,12.28,-12.24,-12.24,0.63,0.63,-0.43,-0.43,1.78,1.78,3.59,3.59,3.46,3.46,1.50,1.50,1.50,1.50,1.49,1.49,1.49,1.49,1.49,1.49,3.67,3.67,3.66,3.66,3.66,3.66,3.66,3.66,3.65,3.65,59.74,1.00,1.00,1.00,0.00,0.00,0.00,-1.00,0,None,0,aggregation
160,262.54,remora7,remora6,-11.93,-11.93,10.34,10.34,9.73,9.73,11.12,11.12,12.78,12.78,3.77,3.77,1.16,1.16,0.40,0.40,2.14,2.14,4.24,4.24,1.49,1.49,1.48,1.48,1.48,1.48,1.48,1.48,1.47,1.47,3.65,3.65,3.65,3.65,3.64,3.64,3.64,3.64,3.64,3.64,56.13,1.00,1.00,1.00,0.00,0.00,0.00,-1.00,0,None,0,aggregation
160,263.54,remora7,remora6,-12.45,-12.45,-12.14,-12.14,10.45,10.45,9.05,9.05,10.35,10.35,3.25,3.25,3.56,3.56,1.29,1.29,-0.46,-0.46,1.17,1.17,1.47,1.47,1.47,1.47,1.47,1.47,1.46,1.46,1.46,1.46,3.64,3.63,3.64,3.64,3.65,3.65,4.92,4.92,4.92,4.91,55.27,1.00,1.00,1.00,0.00,0.00,0.00,-1.00,0,None,0,aggregation
160,264.54,remora7,remora6,11.73,11.73,-12.46,-12.46,11.93,11.93,11.30,11.30,-12.51,-12.51,2.91,2.91,3.24,3.24,3.16,3.16,2.36,2.36,3.19,3.19,1.46,1.46,1.46,1.46,1.45,1.45,1.45,1.45,1.45,1.45,4.91,4.91,4.91,4.91,4.90,4.90,4.89,4.89,4.88,4.88,56.09,1.00,1.00,1.00,0.00,0.00,0.00,-1.00,0,None,0,aggregation
160,265.54,remora7,remora6,-12.14,-12.14,8.07,8.07,7.51,7.51,9.12,9.12,10.23,10.23,3.56,3.56,-1.68,-1.68,-2.39,-2.39,-0.37,-0.37,1.02,1.02,1.45,1.45,1.45,1.44,1.44,1.44,1.44,1.44,1.44,1.44,4.88,4.88,4.87,4.87,4.86,4.86,4.85,4.85,4.84,4.84,54.50,1.00,0.00,1.00,0.00,0.00,0.00,-1.00,0,None,0,aggregation
160,266.54,remora7,remora6,11.90,11.90,-13.26,-13.26,-13.10,-13.10,9.97,9.97,9.90,9.90,3.12,3.12,2.44,2.44,2.60,2.60,0.70,0.70,0.60,0.60,1.44,1.44,1.44,1.44,1.43,1.43,1.43,1.43,1.43,1.43,4.84,4.83,4.82,4.82,4.81,4.81,4.80,4.79,4.79,4.78,53.76,1.00,0.00,1.00,0.00,0.00,0.00,-1.00,0,None,0,aggregation
160,267.54,remora7,remora6,11.09,11.09,-13.19,-13.19,-12.90,-12.90,9.05,9.05,8.51,8.51,2.10,2.10,2.51,2.51,2.80,2.80,-0.46,-0.46,-1.14,-1.14,1.43,1.43,1.43,1.43,1.42,1.42,1.42,1.42,1.42,1.42,4.77,4.77,4.76,4.76,4.75,4.75,4.74,4.73,4.72,4.72,53.53,1.00,0.00,1.00,0.00,0.00,0.00,-1.00,0,None,0,aggregation
160,268.54,remora7,remora6,9.96,9.96,11.43,11.43,13.09,13.09,-13.84,-13.84,-13.62,-13.62,0.68,0.68,2.53,2.53,4.63,4.63,1.86,1.86,2.08,2.08,1.42,1.42,1.42,1.42,1.42,1.42,1.42,1.42,1.41,1.41,4.71,4.71,4.71,4.71,4.71,4.71,4.71,4.71,4.71,4.71,55.80,1.00,0.00,1.00,0.00,0.00,0.00,-1.00,0,None,0,aggregation
160,269.54,remora7,remora6,11.06,11.06,10.64,10.64,-13.19,-13.19,-12.97,-12.97,8.38,8.38,2.06,2.06,1.54,1.54,2.51,2.51,2.73,2.73,-1.29,-1.29,1.41,1.41,1.41,1.41,1.41,1.41,1.40,1.40,1.40,1.40,4.71,4.70,4.70,4.70,4.70,4.70,4.70,4.70,4.70,4.70,55.22,1.00,0.00,1.00,0.00,0.00,0.00,-1.00,0,None,0,aggregation
160,270.54,remora7,remora6,8.06,8.06,9.52,9.52,11.10,11.10,12.27,12.27,-14.07,-14.07,-1.69,-1.69,0.14,0.14,2.11,2.11,3.59,3.59,1.63,1.63,1.40,1.40,1.40,1.40,1.40,1.40,1.40,1.40,1.40,1.40,4.70,4.70,4.70,4.70,4.70,4.70,4.70,4.69,4.69,4.69,55.23,1.00,0.00,1.00,0.00,0.00,0.00,-1.00,0,None,0,aggregation
160,271.54,remora7,remora6,-13.91,-13.91,10.00,10.00,8.95,8.95,10.32,10.32,-13.88,-13.88,1.78,1.78,0.73,0.73,-0.58,-0.58,1.13,1.13,1.81,1.81,1.40,1.39,1.39,1.39,1.39,1.39,1.39,1.39,1.39,1.39,4.69,4.69,4.69,4.69,4.69,4.69,4.68,4.68,4.68,4.68,55.06,1.00,0.00,1.00,0.00,0.00,0.00,-1.00,0,None,0,aggregation
160,272.54,remora7,remora6,-13.93,-13.93,8.75,8.75,7.55,7.55,8.93,8.93,10.42,10.42,1.77,1.77,-0.84,-0.84,-2.33,-2.33,-0.61,-0.61,1.26,1.26,1.39,1.38,1.38,1.38,1.38,1.38,1.38,1.38,1.38,1.38,4.68,4.68,4.68,4.68,4.68,4.68,4.68,4.68,4.68,4.68,53.58,1.00,0.00,1.00,0.00,0.00,0.00,-1.00,0,None,0,aggregation
160,273.54,remora7,remora6,11.58,11.58,-14.85,-14.85,-14.61,-14.61,8.55,8.55,7.95,7.95,2.71,2.71,0.85,0.85,1.09,1.09,-1.08,-1.08,-1.83,-1.83,1.38,1.38,1.38,1.38,1.38,1.37,1.37,1.37,1.37,1.37,4.68,4.68,4.68,4.68,4.68,4.68,4.68,4.68,4.68,4.69,54.16,1.00,0.00,1.00,0.00,0.00,0.00,-1.00,0,None,0,aggregation
160,274.54,remora7,remora6,9.18,9.18,10.58,10.58,11.66,11.66,-15.49,-15.49,-15.32,-15.32,-0.30,-0.30,1.46,1.46,2.82,2.82,0.21,0.21,0.38,0.38,1.37,1.37,1.37,1.37,1.38,1.38,1.38,1.38,1.37,1.37,4.69,4.69,4.69,4.69,4.70,4.70,4.70,4.71,4.71,4.71,54.53,1.00,0.00,1.00,0.00,0.00,0.00,-1.00,0,None,0,aggregation
160,275.54,remora7,remora6,9.06,9.06,8.14,8.14,9.40,9.40,10.80,10.80,-15.76,-15.76,-0.45,-0.45,-1.59,-1.59,-0.02,-0.02,1.74,1.74,-0.06,-0.06,1.36,1.36,1.36,1.36,1.37,1.37,1.37,1.37,1.37,1.37,4.71,4.72,4.72,4.72,4.73,4.73,4.74,4.75,4.75,4.75,55.81,1.00,0.00,1.00,0.00,0.00,0.00,-1.00,0,None,0,aggregation
160,276.54,remora7,remora6,-15.74,-15.74,8.76,8.76,8.37,8.37,9.85,9.85,11.38,11.38,-0.04,-0.04,-0.82,-0.82,-1.30,-1.30,0.54,0.54,2.47,2.47,1.36,1.36,1.36,1.36,1.36,1.36,1.36,1.36,1.36,1.37,4.76,4.76,4.77,4.77,4.78,4.78,4.79,4.79,4.79,4.80,55.56,1.00,0.00,1.00,0.00,0.00,0.00,-1.00,0,None,0,aggregation
160,277.54,remora7,remora6,-16.19,-16.19,12.44,12.44,12.03,12.03,-16.26,-16.26,-16.15,-16.15,-0.49,-0.49,3.81,3.81,3.29,3.29,-0.56,-0.56,-0.45,-0.45,1.36,1.36,1.36,1.36,1.36,1.37,1.37,1.36,1.36,1.35,4.81,4.81,4.82,4.82,4.83,4.84,4.85,4.85,4.86,4.86,58.74,1.00,0.00,1.00,1.00,1.00,0.00,-1.00,0,None,0,aggregation
160,278.54,remora7,remora6,10.44,10.44,9.93,9.93,11.70,11.70,-16.16,-16.16,-15.97,-15.97,1.29,1.29,0.65,0.65,2.87,2.87,-0.46,-0.46,-0.27,-0.27,1.35,1.35,1.35,1.35,1.36,1.36,1.36,1.35,1.35,1.34,4.87,4.88,4.88,4.89,4.90,4.91,4.92,4.92,4.93,4.93,59.13,1.00,0.00,1.00,1.00,1.00,0.00,-1.00,0,None,0,aggregation
160,279.54,remora7,remora6,9.65,9.65,8.91,8.91,10.58,10.58,12.19,12.19,-16.26,-16.26,0.29,0.29,-0.63,-0.63,1.46,1.46,3.49,3.49,-0.57,-0.57,1.34,1.34,1.34,1.34,1.34,1.34,1.35,1.35,1.35,1.35,4.94,4.95,4.95,4.96,4.97,4.18,4.19,4.19,4.20,4.20,60.07,1.00,0.00,1.00,1.00,1.00,0.00,-1.00,0,None,0,aggregation
160,280.54,remora7,remora6,-16.07,-16.07,10.31,10.31,9.56,9.56,11.17,11.17,12.87,12.87,-0.37,-0.37,1.12,1.12,0.19,0.19,2.20,2.20,4.34,4.34,1.34,1.33,1.33,1.33,1.33,1.33,1.34,1.34,1.34,1.35,4.20,4.20,4.20,4.20,4.21,4.21,4.21,4.22,4.23,4.24,61.13,1.00,0.00,1.00,0.00,0.00,0.00,-1.00,0,None,0,aggregation
160,281.54,remora7,remora6,-16.35,-16.35,-16.28,-16.28,11.54,11.54,10.54,10.54,12.02,12.02,-0.65,-0.65,-0.58,-0.58,2.67,2.67,1.41,1.41,3.27,3.27,1.35,1.34,1.34,1.33,1.33,1.33,1.33,1.33,1.34,1.34,4.25,4.25,4.25,4.25,4.25,4.25,4.25,4.26,4.26,4.27,63.19,1.00,0.00,1.00,1.00,1.00,0.00,-1.00,0,None,0,aggregation
160,282.54,remora7,remora6,-16.14,-16.14,12.73,12.73,12.11,12.11,-16.11,-16.11,-16.00,-16.00,-0.44,-0.44,4.16,4.16,3.38,3.38,-0.41,-0.41,-0.30,-0.30,1.34,1.33,1.33,1.33,1.34,1.34,1.34,1.34,1.33,1.32,4.27,4.27,4.28,4.29,4.30,4.32,4.32,4.32,4.32,4.33,66.84,1.00,0.00,1.00,1.00,1.00,0.00,-1.00,0,None,0,aggregation
160,283.54,remora7,remora6,10.89,10.89,10.24,10.24,11.90,11.90,-15.99,-15.99,12.82,12.82,1.85,1.85,1.03,1.03,3.12,3.12,-0.29,-0.29,4.28,4.28,1.32,1.32,1.32,1.33,1.33,1.33,1.33,1.33,1.32,1.33,4.33,4.33,4.34,4.34,4.35,4.36,4.36,4.36,4.37,4.38,68.54,1.00,0.00,1.00,1.00,1.00,0.00,-1.00,0,None,0,aggregation
160,284.54,remora7,remora6,12.49,12.49,-16.05,-16.05,-15.84,-15.84,10.39,10.39,9.74,9.74,3.86,3.86,-0.35,-0.35,-0.15,-0.15,1.23,1.23,0.41,0.41,1.33,1.34,1.34,1.33,1.32,1.32,1.31,1.32,1.32,1.32,4.38,4.39,4.40,4.40,4.40,4.40,4.41,4.41,4.42,4.43,69.03,1.00,0.00,1.00,1.00,1.00,0.00,-1.00,0,None,0,aggregation
160,285.54,remora7,remora6,11.50,11.50,13.10,13.10,-16.08,-16.08,-15.92,-15.92,12.37,12.37,2.62,2.62,4.63,4.63,-0.38,-0.38,-0.22,-0.22,3.71,3.71,1.32,1.32,1.33,1.33,1.33,1.33,1.32,1.32,1.31,1.31,4.44,4.45,4.47,4.48,4.49,4.49,4.50,4.51,4.51,4.53,71.79,1.00,0.00,1.00,1.00,1.00,0.00,-1.00,0,None,0,aggregation
160,286.54,remora7,remora6,11.67,11.67,13.31,13.31,-15.73,-15.55,-15.55,-15.55,12.31,12.31,2.83,2.83,4.90,4.90,-0.03,0.15,0.15,0.15,3.64,3.64,1.32,1.32,1.32,1.33,1.33,1.32,1.32,1.31,1.31,1.31,4.54,4.55,4.56,4.58,4.59,4.60,4.60,4.61,4.62,4.63,74.26,1.00,0.00,1.00,1.00,1.00,0.00,-1.00,0,None,0,aggregation
160,287.54,remora7,remora6,12.61,12.61,-15.18,-15.18,-14.99,-14.99,11.64,11.64,11.24,11.24,4.01,4.01,0.52,0.52,0.71,0.71,2.79,2.79,2.29,2.29,1.31,1.32,1.32,1.31,1.31,1.30,1.30,1.30,1.30,1.30,4.65,4.66,4.67,4.68,4.69,4.70,4.71,4.72,4.74,4.75,73.44,1.00,0.00,1.00,1.00,1.00,0.00,-1.00,0,None,0,aggregation
160,288.54,remora7,remora6,13.32,13.32,15.01,15.01,-15.25,-15.25,-15.00,-15.00,14.12,14.12,4.91,4.91,7.05,7.05,0.45,0.45,0.70,0.70,5.92,5.92,1.31,1.31,1.31,1.32,1.32,1.32,1.31,1.31,1.30,1.31,4.77,4.78,4.80,4.81,4.83,4.84,4.84,4.85,5.08,5.09,75.41,1.00,0.00,1.00,1.00,1.00,0.00,-1.00,0,None,0,aggregation
160,289.54,remora7,remora6,14.01,14.01,-14.50,-14.50,-14.28,-14.28,13.25,13.25,13.10,13.10,5.78,5.78,1.20,1.20,1.42,1.42,4.83,4.83,4.63,4.63,1.31,1.31,1.31,1.31,1.31,1.30,1.30,1.30,1.30,1.31,5.10,5.12,5.13,5.13,5.13,5.13,5.14,5.15,5.16,5.16,77.31,1.00,0.00,1.00,1.00,1.00,0.00,-1.00,0,None,0,aggregation
160,290.54,remora7,remora6,-13.75,-13.75,-13.58,-13.58,12.53,12.53,12.13,12.13,13.92,13.92,1.95,1.95,2.11,2.11,3.91,3.91,3.41,3.41,5.67,5.67,1.31,1.30,1.30,1.30,1.29,1.30,1.30,1.30,1.30,1.30,5.16,5.15,5.14,5.13,5.12,5.11,5.11,5.11,5.11,5.11,77.98,1.00,0.00,1.00,1.00,1.00,0.00,-1.00,0,None,0,aggregation
160,291.54,remora7,remora6,-13.36,-13.36,-12.99,-12.99,12.34,12.34,12.38,12.38,-12.56,-12.56,2.33,2.33,2.70,2.70,3.67,3.67,3.73,3.73,3.14,3.14,1.30,1.30,1.30,1.29,1.29,1.29,1.30,1.30,1.30,1.29,5.11,5.10,5.09,5.08,5.08,5.08,5.08,5.08,5.08,5.08,76.73,1.00,0.00,1.00,1.00,1.00,0.00,-1.00,0,None,0,aggregation
160,292.54,remora7,remora6,13.39,13.39,-12.22,-12.22,12.35,12.35,12.05,12.05,-12.14,-12.14,5.01,5.01,3.48,3.48,3.69,3.69,3.31,3.31,3.55,3.55,1.29,1.30,1.30,1.29,1.29,1.29,1.29,1.30,1.30,1.29,5.07,5.08,5.08,5.07,5.07,5.07,5.08,5.08,5.08,5.08,75.27,1.00,0.00,1.00,1.00,1.00,0.00,-1.00,0,None,0,aggregation
160,293.54,remora7,remora6,-11.82,-11.82,10.53,10.53,9.72,9.72,11.61,11.61,13.29,13.29,3.87,3.87,1.39,1.39,0.39,0.39,2.76,2.76,4.88,4.88,1.29,1.29,1.29,1.29,1.29,1.29,1.29,1.29,1.29,1.29,5.07,5.07,5.07,5.07,5.07,5.07,5.07,5.08,5.08,5.08,74.28,1.00,0.00,1.00,0.00,0.00,0.00,-1.00,0,None,0,aggregation
160,294.54,remora7,remora6,-12.17,-12.17,-11.77,-11.77,11.67,11.67,11.29,11.29,12.99,12.99,3.53,3.53,3.92,3.92,2.83,2.83,2.35,2.35,4.49,4.49,1.29,1.29,1.29,1.29,1.29,1.29,1.29,1.29,1.30,1.33,5.08,5.08,5.07,5.07,5.07,5.07,5.07,5.07,5.07,5.09,73.43,1.00,0.00,1.00,1.00,1.00,0.00,-1.00,0,None,0,aggregation
160,295.54,remora7,remora6,-11.64,-11.64,-11.24,-11.24,10.71,10.71,10.26,10.26,11.96,11.96,4.06,4.06,4.46,4.46,1.63,1.63,1.06,1.06,3.20,3.20,1.35,1.38,1.41,1.43,1.46,1.49,1.51,1.54,1.57,1.59,5.09,5.10,5.10,5.10,5.11,5.12,5.12,5.13,5.14,5.15,70.70,1.00,0.00,1.00,1.00,1.00,0.00,-1.00,0,None,0,aggregation
160,296.54,remora7,remora6,13.68,13.68,-11.72,-11.72,-11.46,-11.46,12.29,12.29,11.71,11.71,5.37,5.37,3.98,3.98,4.24,4.24,3.61,3.61,2.89,2.89,1.62,1.65,1.67,1.69,1.71,1.73,1.75,1.76,1.78,1.80,5.16,5.17,5.17,5.17,5.17,5.17,5.17,5.17,5.18,5.18,69.18,0.00,1.00,1.00,1.00,1.00,0.00,-1.00,0,None,0,aggregation
160,297.54,remora7,remora6,13.34,13.34,-11.24,-11.24,-11.11,-11.11,12.67,12.67,12.79,12.79,4.93,4.93,4.46,4.46,4.59,4.59,4.10,4.10,4.24,4.24,1.81,1.83,1.84,1.85,1.86,1.86,1.87,1.87,1.88,1.88,5.18,5.19,5.19,5.18,5.18,5.17,5.17,5.17,5.17,5.16,68.37,0.00,1.00,1.00,1.00,1.00,0.00,-1.00,0,None,0,aggregation
160,298.54,remora7,remora6,14.32,14.32,-11.16,-11.16,-10.82,-10.82,12.62,12.62,11.88,11.88,6.18,6.18,4.54,4.54,4.88,4.88,4.03,4.03,3.10,3.10,1.89,1.89,1.89,1.89,1.89,1.89,1.88,1.88,1.88,1.87,5.16,5.16,5.16,5.15,5.14,5.13,5.12,5.11,5.11,5.10,65.89,0.00,1.00,1.00,1.00,1.00,0.00,-1.00,0,None,0,aggregation
160,299.54,remora7,remora6,13.45,13.45,14.90,14.90,-11.08,-11.08,-10.80,-10.80,-9.83,-9.83,5.07,5.07,6.91,6.91,4.62,4.62,4.90,4.90,5.87,5.87,1.87,1.87,1.86,1.86,1.85,1.85,1.84,1.83,1.83,1.82,5.10,5.09,5.09,5.08,2.61,2.59,5.05,5.04,5.02,5.01,63.38,0.00,1.00,1.00,1.00,1.00,0.00,-1.00,0,None,0,aggregation
160,300.54,remora7,remora6,10.07,10.07,9.62,9.62,11.00,11.00,12.32,12.32,13.42,13.42,0.82,0.82,0.26,0.26,1.99,1.99,3.64,3.64,5.04,5.04,1.81,1.81,1.80,1.80,1.79,1.79,1.79,1.78,1.78,1.78,5.00,4.99,4.98,2.46,2.45,2.43,2.42,2.41,2.40,2.38,62.71,0.00,1.00,1.00,0.00,0.00,0.00,-1.00,0,None,0,aggregation
160,131.54,remora7,remora5,0.00,0.00,0.00,0.00,0.00,0.00,0.00,0.00,0.00,0.00,0.00,0.00,0.00,0.00,0.00,0.00,0.00,0.00,0.00,0.00,2.68,2.70,2.73,2.76,2.78,2.81,2.84,2.86,2.89,2.92,6.38,6.39,6.40,6.42,6.43,6.44,6.45,6.46,6.47,6.49,0.00,0.00,1.00,0.00,0.00,0.00,0.00,-1.00,0,None,0,aggregation
160,132.54,remora7,remora5,0.00,0.00,0.00,0.00,0.00,0.00,0.00,0.00,0.00,0.00,0.00,0.00,0.00,0.00,0.00,0.00,0.00,0.00,0.00,0.00,2.94,2.97,2.99,3.02,3.05,3.07,3.10,3.12,3.15,3.17,6.50,6.51,6.52,6.53,6.54,6.55,6.56,6.58,6.59,6.60,0.00,0.00,0.00,0.00,0.00,0.00,0.00,-1.00,0,None,0,aggregation
160,133.54,remora7,remora5,0.00,0.00,0.00,0.00,0.00,0.00,0.00,0.00,0.00,0.00,0.00,0.00,0.00,0.00,0.00,0.00,0.00,0.00,0.00,0.00,3.20,3.22,3.25,3.27,3.30,3.32,3.34,3.37,3.39,3.42,6.61,6.62,6.64,6.65,6.66,6.67,6.68,6.70,6.71,6.72,0.00,0.00,0.00,0.00,0.00,0.00,0.00,-1.00,0,None,0,aggregation
160,134.54,remora7,remora5,0.00,0.00,0.00,0.00,0.00,0.00,0.00,0.00,0.00,0.00,0.00,0.00,0.00,0.00,0.00,0.00,0.00,0.00,0.00,0.00,3.44,3.46,3.49,3.51,3.53,3.56,3.58,3.60,3.63,3.65,6.73,6.74,6.75,6.77,6.78,6.79,6.80,6.82,6.83,6.84,0.00,0.00,0.00,0.00,0.00,0.00,0.00,-1.00,0,None,0,aggregation
160,135.54,remora7,remora5,0.00,0.00,0.00,0.00,0.00,0.00,0.00,0.00,0.00,0.00,0.00,0.00,0.00,0.00,0.00,0.00,0.00,0.00,0.00,0.00,3.67,3.70,3.72,3.74,3.77,3.79,3.81,3.83,3.86,3.88,6.85,6.87,6.88,6.89,6.90,6.14,6.16,6.17,6.18,6.20,0.00,0.00,0.00,0.00,0.00,0.00,0.00,-1.00,0,None,0,aggregation
160,136.54,remora7,remora5,0.00,0.00,0.00,0.00,0.00,0.00,0.00,0.00,0.00,0.00,0.00,0.00,0.00,0.00,0.00,0.00,0.00,0.00,0.00,0.00,3.90,3.92,3.95,3.97,1.80,1.77,1.74,1.71,1.68,1.65,6.21,6.22,6.24,6.25,5.37,5.37,5.38,5.38,5.39,5.39,0.00,0.00,1.00,0.00,0.00,0.00,0.00,-1.00,0,None,0,aggregation
160,137.54,remora7,remora5,0.00,0.00,0.00,0.00,0.00,0.00,0.00,0.00,0.00,0.00,0.00,0.00,0.00,0.00,0.00,0.00,0.00,0.00,0.00,0.00,1.63,1.62,1.62,1.62,1.62,1.62,1.62,1.62,1.62,1.62,5.40,5.41,5.42,5.43,5.44,5.45,5.46,5.47,5.48,5.49,0.00,0.00,1.00,0.00,0.00,0.00,0.00,-1.00,0,None,0,aggregation
160,138.54,remora7,remora5,0.00,0.00,0.00,0.00,0.00,0.00,0.00,0.00,0.00,0.00,0.00,0.00,0.00,0.00,0.00,0.00,0.00,0.00,0.00,0.00,1.62,1.62,1.62,1.62,1.62,1.62,1.62,1.62,1.62,1.62,5.49,5.50,5.51,5.52,5.53,5.54,5.55,5.56,5.57,4.47,0.00,0.00,1.00,0.00,0.00,0.00,0.00,-1.00,0,None,0,aggregation
160,139.54,remora7,remora5,0.00,0.00,0.00,0.00,0.00,0.00,0.00,0.00,0.00,0.00,0.00,0.00,0.00,0.00,0.00,0.00,0.00,0.00,0.00,0.00,1.62,1.62,1.62,1.62,1.62,1.62,1.62,1.62,1.62,1.62,4.47,4.47,4.47,4.47,4.48,4.48,4.49,4.49,4.49,4.50,0.00,0.00,1.00,0.00,0.00,0.00,0.00,-1.00,0,None,0,aggregation
160,140.54,remora7,remora5,0.00,0.00,0.00,0.00,0.00,0.00,21.25,21.25,21.53,21.53,0.00,0.00,0.00,0.00,0.00,0.00,25.72,25.72,25.92,25.92,1.62,1.62,1.62,1.62,1.62,1.62,1.62,1.64,1.66,1.68,4.50,4.51,4.51,4.51,4.51,4.51,4.51,4.51,5.60,5.59,9.44,0.00,1.00,0.00,0.00,0.00,0.00,-1.00,0,None,0,aggregation
160,141.54,remora7,remora5,22.41,22.41,23.09,23.09,23.85,23.85,24.21,24.21,24.49,24.49,26.52,26.52,26.98,26.98,27.48,27.48,27.71,27.71,27.88,27.88,1.70,1.72,1.74,1.76,1.79,1.81,1.83,1.86,1.88,1.90,5.59,5.58,6.31,6.29,6.28,6.27,6.25,6.24,6.23,6.22,34.91,0.00,1.00,0.00,0.00,0.00,0.00,-1.00,0,None,0,aggregation
160,142.54,remora7,remora5,25.01,25.01,25.31,25.31,25.53,25.53,25.84,25.84,25.96,25.96,28.21,28.21,28.39,28.39,28.52,28.52,28.71,28.71,28.77,28.77,1.93,1.95,1.98,2.00,2.03,2.05,2.08,2.11,2.13,2.16,6.21,6.20,6.19,6.17,6.16,6.15,6.14,6.13,6.12,6.11,61.93,0.00,1.00,1.00,0.00,0.00,0.00,-1.00,0,None,0,aggregation
160,143.54,remora7,remora5,26.14,26.14,26.30,26.30,26.48,26.48,26.44,26.44,26.49,26.49,28.87,28.87,28.97,28.97,29.06,29.06,29.04,29.04,29.07,29.07,2.18,2.21,2.24,2.27,2.29,2.32,2.35,2.37,2.40,2.43,6.10,6.08,6.07,6.06,6.05,6.04,6.03,6.02,6.01,6.00,89.62,0.00,1.00,1.00,0.00,0.00,0.00,-1.00,0,None,0,aggregation
160,144.54,remora7,remora5,26.63,26.63,26.70,26.70,26.65,26.65,26.75,26.75,26.73,26.73,29.14,29.14,29.18,29.18,29.16,29.16,29.21,29.21,29.20,29.20,2.46,2.48,2.51,2.54,2.57,2.60,2.62,2.65,2.68,2.71,5.99,5.98,5.97,5.96,5.95,5.94,5.93,5.92,5.91,5.90,117.55,0.00,1.00,1.00,0.00,0.00,0.00,-1.00,0,None,0,aggregation
160,145.54,remora7,remora5,26.68,26.68,26.69,26.69,26.61,26.61,26.54,26.54,26.72,26.72,29.17,29.17,29.18,29.18,29.13,29.13,29.09,29.09,29.19,29.19,2.73,2.76,2.79,2.82,2.85,2.87,2.90,2.93,2.96,2.99,5.89,5.88,5.87,5.86,5.85,5.84,5.84,5.83,5.82,5.81,145.45,0.00,1.00,1.00,0.00,0.00,0.00,-1.00,0,None,0,aggregation
160,146.54,remora7,remora5,26.87,26.87,26.99,26.99,26.91,26.91,26.98,26.98,26.95,26.95,29.27,29.27,29.33,29.33,29.29,29.29,29.33,29.33,29.31,29.31,3.01,3.04,3.07,3.10,3.13,3.15,3.18,3.21,3.24,3.27,5.80,5.79,5.79,5.79,5.79,5.78,5.78,5.77,5.77,5.77,173.57,0.00,0.00,1.00,0.00,0.00,0.00,-1.00,0,None,0,aggregation
160,147.54,remora7,remora5,27.17,27.17,26.97,26.97,26.90,26.90,27.49,27.49,27.00,27.00,29.42,29.42,29.32,29.32,29.29,29.29,29.58,29.58,29.34,29.34,3.29,3.32,3.35,3.38,3.41,3.43,3.46,3.49,3.52,3.55,5.76,5.76,5.76,5.76,5.76,5.75,5.75,5.75,5.74,5.74,201.82,0.00,0.00,1.00,0.00,0.00,0.00,-1.00,0,None,0,aggregation
160,148.54,remora7,remora5,27.27,27.27,26.94,26.94,27.17,27.17,27.28,27.28,27.44,27.44,29.48,29.48,29.31,29.31,29.43,29.43,29.48,29.48,29.56,29.56,3.57,3.60,3.63,3.66,3.68,3.71,3.74,3.77,3.79,3.82,5.74,5.74,5.74,5.74,5.74,5.73,5.73,5.73,5.73,5.73,230.16,0.00,0.00,1.00,0.00,0.00,0.00,-1.00,0,None,0,aggregation
160,149.54,remora7,remora5,25.01,25.01,-4.90,-4.90,-35.18,-35.18,27.73,27.73,6.00,6.00,28.21,28.21,5.50,5.50,-24.72,-24.72,24.25,24.25,-4.27,-4.27,3.85,3.88,3.89,3.89,3.88,3.86,3.85,3.87,3.89,3.89,5.73,6.34,6.34,6.35,5.76,5.77,5.78,5.78,5.78,5.79,246.90,0.00,0.00,1.00,1.00,0.00,1.00,-1.00,0,None,0,aggregation
160,150.54,remora7,remora5,-18.39,-18.39,-3.85,-3.85,7.37,7.37,12.74,12.74,8.14,8.14,-28.85,-28.85,-14.32,-14.32,-2.56,-2.56,4.18,4.18,-1.60,-1.60,3.88,3.86,3.84,3.83,3.83,3.83,3.84,3.85,3.85,3.86,5.80,5.81,5.82,5.83,5.83,5.84,5.84,5.84,5.85,5.85,246.83,0.00,0.00,1.00,0.00,0.00,0.00,-1.00,0,None,0,aggregation
160,151.54,remora7,remora5,9.95,9.95,6.81,6.81,0.90,0.90,0.59,0.59,3.15,3.15,0.67,0.67,-3.25,-3.25,-9.57,-9.57,-9.88,-9.88,-7.31,-7.31,3.86,3.86,3.87,3.87,3.87,3.87,3.86,3.86,3.86,3.85,5.85,5.85,5.85,5.85,5.86,5.86,5.87,5.88,5.88,5.89,224.99,0.00,0.00,1.00,0.00,0.00,0.00,-1.00,0,None,0,aggregation
160,152.54,remora7,remora5,6.09,6.09,7.37,7.37,19.00,19.00,-8.29,-8.29,-12.77,-12.77,-4.16,-4.16,-2.56,-2.56,12.18,12.18,-18.76,-18.76,-23.23,-23.23,3.85,3.85,3.85,3.86,3.86,3.88,3.88,3.87,3.86,3.84,5.89,5.90,5.90,5.91,5.91,5.90,5.91,5.92,5.93,5.94,208.07,0.00,0.00,1.00,0.00,0.00,0.00,-1.00,0,None,0,aggregation
160,153.54,remora7,remora5,-18.94,-18.94,-2.56,-2.56,8.83,8.83,-23.00,-23.00,-18.77,-18.77,-29.41,-29.41,7.37,7.37,16.41,16.41,-12.53,-12.53,-8.30,-8.30,3.82,3.80,3.79,3.79,3.79,3.80,3.80,3.78,3.77,3.76,5.95,5.96,5.97,5.97,5.97,5.97,5.98,5.99,6.00,6.01,194.48,0.00,0.00,1.00,1.00,0.00,1.00,-1.00,0,None,0,aggregation
160,154.54,remora7,remora5,1.36,1.36,0.35,0.35,-9.24,-9.24,-19.10,-19.10,-3.14,-3.14,10.50,10.50,9.70,9.70,1.23,1.23,-8.64,-8.64,6.90,6.90,3.75,3.76,3.76,3.77,3.77,3.77,3.76,3.75,3.74,3.74,6.02,6.02,6.03,6.03,6.03,6.04,6.05,6.06,6.07,6.07,172.69,0.00,0.00,1.00,0.00,0.00,0.00,-1.00,0,None,0,aggregation
160,155.54,remora7,remora5,-4.11,-4.11,-2.16,-2.16,-7.39,-7.39,-13.14,-13.14,-4.13,-4.13,6.13,6.13,7.69,7.69,3.08,3.08,-2.68,-2.68,6.12,6.12,3.75,3.75,3.74,3.74,3.73,3.72,3.72,3.72,3.72,3.72,6.08,6.08,6.09,6.09,6.10,6.10,6.11,6.12,6.13,6.14,147.76,0.00,0.00,1.00,0.00,0.00,0.00,-1.00,0,None,0,aggregation
160,156.54,remora7,remora5,1.83,1.83,1.96,1.96,-8.27,-8.27,-6.52,-6.52,-3.49,-3.49,10.88,10.88,10.98,10.98,2.20,2.20,3.95,3.95,6.63,6.63,3.71,3.70,3.69,3.68,3.67,3.67,3.67,3.67,3.66,3.66,6.15,6.15,6.16,6.16,6.17,6.18,6.19,6.20,6.20,6.21,123.38,0.00,0.00,1.00,0.00,0.00,0.00,-1.00,0,None,0,aggregation
160,157.54,remora7,remora5,-4.84,-4.84,-3.88,-3.88,-2.10,-2.10,-5.63,-5.63,-5.63,-9.89,5.55,5.55,6.31,6.31,7.73,7.73,4.83,4.83,4.83,0.57,3.65,3.65,3.65,3.64,3.64,3.63,3.63,3.63,3.63,3.63,6.21,6.22,6.23,6.24,6.25,6.26,6.28,6.29,5.56,5.57,96.59,0.00,0.00,1.00,0.00,0.00,0.00,-1.00,0,None,0,aggregation
160,158.54,remora7,remora5,-12.87,-12.87,-12.76,-12.76,-12.04,-12.04,-12.60,-12.60,-11.01,-11.01,-2.41,-2.41,-2.30,-2.30,-1.57,-1.57,-2.13,-2.13,-0.55,-0.55,3.63,3.63,3.64,3.64,3.65,3.65,3.65,3.66,3.66,3.66,5.59,5.60,5.61,5.63,5.64,5.65,5.67,5.68,5.69,5.70,75.28,0.00,0.00,1.00,0.00,0.00,0.00,-1.00,0,None,0,aggregation
160,159.54,remora7,remora5,-10.11,-10.11,-8.44,-8.44,-7.86,-7.86,-6.07,-6.07,-3.41,-3.41,0.36,0.36,2.02,2.02,2.60,2.60,4.39,4.39,6.69,6.69,3.67,3.67,3.67,3.68,3.68,3.68,3.69,3.69,3.69,3.70,5.72,5.73,5.74,5.75,5.77,5.78,5.79,5.80,5.81,5.82,61.17,0.00,0.00,1.00,0.00,0.00,0.00,-1.00,0,None,0,aggregation
160,160.54,remora7,remora5,-1.91,-1.91,0.32,0.32,2.94,2.94,4.58,4.58,6.99,6.99,7.89,7.89,9.67,9.67,11.76,11.76,13.06,13.06,14.96,14.96,3.70,3.70,3.70,3.71,3.71,3.71,3.72,3.72,3.73,3.73,5.83,5.84,5.85,5.86,5.87,5.88,5.89,5.90,5.91,5.92,58.83,0.00,0.00,1.00,0.00,0.00,0.00,-1.00,0,None,0,aggregation
160,161.54,remora7,remora5,9.56,9.56,11.57,11.57,13.10,13.10,14.77,14.77,17.16,17.16,16.97,16.97,18.53,18.53,19.71,19.71,20.98,20.98,22.77,22.77,3.74,3.75,3.75,3.76,3.77,3.78,3.79,3.81,3.82,3.83,5.93,5.94,5.95,5.96,5.97,5.98,5.99,6.00,6.01,6.02,71.71,0.00,0.00,1.00,0.00,0.00,0.00,-1.00,0,None,0,aggregation
160,162.54,remora7,remora5,18.80,18.80,20.68,20.68,22.19,22.19,24.35,24.35,25.44,25.44,23.98,23.98,25.32,25.32,26.37,26.37,27.80,27.80,28.47,28.47,3.85,3.86,3.88,3.90,3.92,3.94,3.96,3.98,4.00,4.03,6.04,6.05,6.06,6.07,6.08,6.09,6.11,6.12,6.13,6.15,85.95,0.00,0.00,1.00,0.00,0.00,0.00,-1.00,0,None,0,aggregation
160,163.54,remora7,remora5,27.44,27.44,29.02,29.02,30.06,30.06,30.13,30.13,28.70,28.70,29.56,29.56,30.14,30.14,29.92,29.92,28.98,28.98,25.83,25.83,4.05,4.08,4.10,4.13,4.16,4.19,4.22,4.25,4.28,4.31,6.16,6.18,6.20,6.21,6.23,6.24,6.26,6.27,6.29,6.81,100.83,0.00,0.00,1.00,0.00,0.00,0.00,-1.00,0,None,0,aggregation
160,164.54,remora7,remora5,25.98,25.98,22.70,22.70,20.04,20.04,17.28,17.28,16.56,16.56,21.62,21.62,17.07,17.07,13.53,13.53,9.95,9.95,9.03,9.03,4.34,4.36,4.39,4.41,4.44,4.46,4.48,4.50,4.53,4.54,6.83,6.85,6.87,6.90,6.91,6.93,6.95,6.97,6.98,6.00,112.07,0.00,0.00,1.00,0.00,0.00,0.00,-1.00,0,None,0,aggregation
160,165.54,remora7,remora5,16.70,16.70,15.57,15.57,14.64,14.64,14.97,14.97,14.76,14.76,9.22,9.22,7.76,7.76,6.58,6.58,7.00,7.00,6.73,6.73,4.56,4.59,4.61,4.62,4.64,4.66,4.68,4.70,4.72,4.74,6.01,6.01,6.02,6.03,6.03,6.04,6.05,6.06,6.06,6.43,120.49,0.00,0.00,1.00,0.00,0.00,0.00,-1.00,0,None,0,aggregation
160,166.54,remora7,remora5,15.33,15.33,15.88,15.88,15.59,15.59,15.84,15.84,16.80,16.80,7.46,7.46,8.16,8.16,7.79,7.79,8.11,8.11,9.34,9.34,4.76,4.78,4.80,4.82,4.83,4.85,4.87,4.89,4.91,4.92,6.44,6.45,6.46,6.47,6.48,6.49,6.50,6.51,6.52,6.53,128.78,0.00,0.00,1.00,0.00,0.00,0.00,-1.00,0,None,0,aggregation
160,167.54,remora7,remora5,16.86,16.86,18.55,18.55,18.01,18.01,18.32,18.32,19.92,19.92,9.41,9.41,11.59,11.59,10.90,10.90,11.29,11.29,13.38,13.38,4.94,4.96,4.98,4.99,5.01,5.03,5.04,5.06,5.08,5.09,6.54,6.55,6.55,6.56,6.57,6.58,6.58,6.59,6.60,6.60,142.14,0.00,0.00,1.00,0.00,0.00,0.00,-1.00,0,None,0,aggregation
160,168.54,remora7,remora5,20.13,20.13,21.10,21.10,21.31,21.31,21.89,21.89,16.30,16.30,13.65,13.65,14.93,14.93,15.20,15.20,15.97,15.97,8.70,8.70,5.11,5.12,5.14,5.15,5.16,5.18,5.19,5.20,5.22,5.23,6.61,6.61,6.62,6.62,6.62,6.63,6.63,6.63,6.64,6.64,152.03,0.00,0.00,1.00,0.00,0.00,0.00,-1.00,0,None,0,aggregation
160,169.54,remora7,remora5,4.90,4.90,-23.91,-23.91,-33.20,-33.20,23.26,23.26,0.00,0.00,-5.56,-5.56,-34.37,-34.37,-22.74,-22.74,17.82,17.82,0.00,0.00,5.24,5.25,5.27,5.28,5.30,5.31,5.33,5.33,5.34,5.35,6.64,6.65,6.66,6.68,6.69,6.71,6.72,6.72,6.72,6.73,164.99,0.00,0.00,1.00,1.00,0.00,1.00,-1.00,0,None,0,aggregation
160,170.54,remora7,remora5,30.00,30.00,30.00,30.00,0.00,0.00,29.15,29.15,29.20,29.20,30.00,30.00,30.00,30.00,0.00,0.00,26.64,26.64,26.74,26.74,5.36,5.36,5.37,5.37,5.38,5.39,5.39,5.40,5.40,5.41,6.73,6.72,6.71,6.70,6.70,6.71,6.71,6.70,6.69,6.69,181.13,0.00,0.00,1.00,0.00,0.00,0.00,-1.00,0,None,0,aggregation
160,264.54,remora7,remora5,30.00,30.00,30.00,30.00,30.00,30.00,30.00,30.00,30.00,30.00,30.00,30.00,30.00,30.00,30.00,30.00,30.00,30.00,30.00,30.00,10.00,10.00,10.00,10.00,10.00,10.00,10.00,10.00,10.00,10.00,10.00,10.00,10.00,10.00,10.00,10.00,10.00,10.00,10.00,10.00,300.00,0.00,0.00,1.00,0.00,0.00,0.00,-1.00,0,None,0,aggregation
160,265.54,remora7,remora5,30.00,30.00,30.00,30.00,30.00,30.00,30.00,30.00,30.00,30.00,30.00,30.00,30.00,30.00,30.00,30.00,30.00,30.00,30.00,30.00,10.00,10.00,10.00,10.00,10.00,10.00,10.00,10.00,10.00,10.00,10.00,10.00,10.00,10.00,10.00,10.00,10.00,10.00,10.00,10.00,300.00,0.00,0.00,1.00,0.00,0.00,0.00,-1.00,0,None,0,aggregation
160,266.54,remora7,remora5,30.00,30.00,30.00,30.00,30.00,30.00,30.00,30.00,30.00,30.00,30.00,30.00,30.00,30.00,30.00,30.00,30.00,30.00,30.00,30.00,10.00,10.00,10.00,10.00,10.00,10.00,10.00,10.00,10.00,10.00,10.00,10.00,10.00,10.00,10.00,10.00,10.00,10.00,10.00,10.00,300.00,0.00,0.00,1.00,0.00,0.00,0.00,-1.00,0,None,0,aggregation
160,267.54,remora7,remora5,30.00,30.00,30.00,30.00,30.00,30.00,30.00,30.00,30.00,30.00,30.00,30.00,30.00,30.00,30.00,30.00,30.00,30.00,30.00,30.00,10.00,10.00,10.00,10.00,10.00,10.00,10.00,10.00,10.00,10.00,10.00,10.00,10.00,10.00,10.00,10.00,10.00,10.00,10.00,10.00,300.00,0.00,0.00,1.00,0.00,0.00,0.00,-1.00,0,None,0,aggregation
160,268.54,remora7,remora5,30.00,30.00,30.00,30.00,30.00,30.00,30.00,30.00,0.00,0.00,30.00,30.00,30.00,30.00,30.00,30.00,30.00,30.00,0.00,0.00,10.00,10.00,10.00,10.00,10.00,10.00,10.00,10.00,10.00,9.99,10.00,10.00,10.00,10.00,10.00,10.00,10.00,10.00,10.00,9.99,294.00,0.00,0.00,1.00,0.00,0.00,0.00,-1.00,0,None,0,aggregation
160,269.54,remora7,remora5,19.88,19.88,20.18,20.18,20.92,20.92,21.63,21.63,22.33,22.33,13.32,13.32,13.72,13.72,14.69,14.69,15.63,15.63,16.56,16.56,9.98,9.97,9.96,9.95,9.95,9.94,9.93,9.92,9.92,9.91,9.98,9.97,9.96,9.95,9.95,9.94,9.93,9.92,9.92,9.91,281.89,0.00,0.00,1.00,0.00,0.00,0.00,-1.00,0,None,0,aggregation
160,270.54,remora7,remora5,23.00,23.00,23.51,23.51,24.02,24.02,24.50,24.50,24.97,24.97,17.46,17.46,18.17,18.17,18.85,18.85,19.52,19.52,20.18,20.18,9.90,9.90,9.89,9.89,9.88,9.88,9.87,9.87,9.87,9.86,9.90,9.90,9.89,9.89,9.88,9.88,9.87,9.87,9.87,9.86,273.30,0.00,0.00,1.00,0.00,0.00,0.00,-1.00,0,None,0,aggregation
160,271.54,remora7,remora5,25.42,25.42,25.74,25.74,26.16,26.16,26.46,26.46,26.75,26.75,20.81,20.81,21.28,21.28,21.88,21.88,22.32,22.32,22.75,22.75,9.86,9.86,9.86,9.85,9.85,9.85,9.85,9.85,9.85,9.85,9.86,9.86,9.86,9.85,9.85,9.85,9.85,9.85,9.85,9.85,267.26,0.00,0.00,1.00,0.00,0.00,0.00,-1.00,0,None,0,aggregation
160,272.54,remora7,remora5,27.12,27.12,27.30,27.30,27.47,27.47,27.81,27.81,27.96,27.96,23.31,23.31,23.58,23.58,23.85,23.85,24.36,24.36,24.61,24.61,9.85,9.85,9.85,9.86,9.86,9.86,9.86,9.86,9.85,9.83,9.85,9.85,9.92,9.91,9.90,9.89,9.88,9.87,9.86,9.85,263.00,0.00,0.00,1.00,0.00,0.00,0.00,-1.00,0,None,0,aggregation
160,273.54,remora7,remora5,28.12,28.12,28.26,28.26,28.48,28.48,28.61,28.61,28.74,28.74,24.86,24.86,25.10,25.10,25.45,25.45,25.68,25.68,25.90,25.90,9.81,9.79,9.77,9.75,9.73,9.71,9.70,9.68,9.66,9.64,9.84,9.83,9.83,9.82,9.81,9.80,9.80,9.79,9.79,9.78,259.92,0.00,0.00,1.00,0.00,0.00,0.00,-1.00,0,None,0,aggregation
160,274.54,remora7,remora5,28.86,28.86,28.98,28.98,29.09,29.09,29.20,29.20,29.20,29.20,26.12,26.12,26.33,26.33,26.54,26.54,26.74,26.74,26.74,26.74,9.63,9.61,9.60,9.58,9.57,9.55,9.54,9.53,9.51,9.50,9.77,9.77,9.77,9.76,9.76,9.75,9.75,9.75,9.74,9.74,257.70,0.00,0.00,1.00,0.00,0.00,0.00,-1.00,0,None,0,aggregation
160,275.54,remora7,remora5,29.30,29.30,29.40,29.40,29.49,29.49,29.54,29.54,29.58,29.58,26.93,26.93,27.12,27.12,27.31,27.31,27.40,27.40,27.49,27.49,9.49,9.48,9.46,9.45,9.44,9.43,9.42,9.41,9.40,9.39,9.74,9.73,9.46,9.45,9.44,9.43,9.42,9.41,9.40,9.39,256.06,0.00,0.00,1.00,0.00,0.00,0.00,-1.00,0,None,0,aggregation
160,276.54,remora7,remora5,29.62,29.62,29.70,29.70,29.77,29.77,29.77,29.77,29.83,29.83,27.57,27.57,27.74,27.74,27.91,27.91,27.91,27.91,28.07,28.07,9.38,9.37,9.37,9.36,9.35,9.34,9.34,9.35,9.35,9.34,9.38,9.37,9.37,9.36,9.35,9.34,9.34,9.35,9.35,9.34,254.85,0.00,0.00,1.00,0.00,0.00,0.00,-1.00,0,None,0,aggregation
160,277.54,remora7,remora5,29.83,29.83,29.89,29.89,29.92,29.92,29.92,29.92,29.97,29.97,28.07,28.07,28.22,28.22,28.29,28.29,28.29,28.29,28.44,28.44,9.34,9.33,9.32,9.32,9.31,9.31,9.30,9.30,9.29,9.29,9.34,9.33,9.32,9.32,9.31,9.31,9.30,9.30,9.29,9.29,253.93,0.00,0.00,1.00,0.00,0.00,0.00,-1.00,0,None,0,aggregation
160,278.54,remora7,remora5,29.97,29.97,30.00,30.00,30.02,30.02,30.04,30.04,30.04,30.04,28.44,28.44,28.51,28.51,28.58,28.58,28.65,28.65,28.65,28.65,9.28,9.28,9.28,9.27,9.27,9.26,9.26,9.26,9.26,9.25,9.28,9.28,9.28,9.27,9.27,9.26,9.26,9.26,9.26,9.25,259.22,0.00,0.00,1.00,0.00,0.00,0.00,-1.00,0,None,0,aggregation
160,279.54,remora7,remora5,30.08,30.08,30.08,30.08,30.10,30.10,30.10,30.10,30.10,30.10,28.78,28.78,28.78,28.78,28.84,28.84,28.84,28.84,28.84,28.84,9.25,9.25,9.24,9.24,9.24,9.24,9.24,9.23,9.23,9.23,9.25,9.25,9.24,9.24,9.24,9.24,9.24,9.23,9.23,9.23,270.79,0.00,0.00,1.00,0.00,0.00,0.00,-1.00,0,None,0,aggregation
160,280.54,remora7,remora5,30.13,30.13,30.13,30.13,30.14,30.14,30.14,30.14,30.14,30.14,28.96,28.96,28.96,28.96,29.02,29.02,29.02,29.02,29.02,29.02,9.23,9.23,9.23,9.23,9.22,9.22,9.22,9.22,9.22,2.37,9.23,9.23,9.23,9.23,9.22,9.22,9.22,9.22,9.22,5.79,278.94,0.00,0.00,1.00,0.00,0.00,0.00,-1.00,0,None,0,aggregation
160,281.54,remora7,remora5,30.15,30.15,30.15,30.15,30.16,30.16,30.16,30.16,30.16,30.16,29.08,29.08,29.08,29.08,29.14,29.14,29.14,29.14,29.14,29.14,2.34,2.31,2.28,2.25,2.22,2.19,2.16,2.13,2.10,2.07,5.78,5.76,5.75,5.74,5.72,5.71,5.69,5.68,5.66,5.65,284.61,0.00,1.00,1.00,0.00,0.00,0.00,-1.00,0,None,0,aggregation
160,282.54,remora7,remora5,30.17,30.17,30.17,30.17,30.17,30.17,30.17,30.17,30.17,30.17,29.19,29.19,29.19,29.19,29.24,29.24,29.24,29.24,29.24,29.24,2.04,2.02,1.99,1.96,1.93,1.90,1.87,1.84,1.81,1.78,5.63,5.62,5.61,5.59,5.58,5.56,5.55,5.54,5.52,5.51,288.57,0.00,1.00,1.00,0.00,0.00,0.00,-1.00,0,None,0,aggregation
160,283.54,remora7,remora5,30.17,30.17,30.17,30.17,0.00,0.00,0.00,0.00,0.00,0.00,29.24,29.24,29.24,29.24,0.00,0.00,0.00,0.00,0.00,0.00,1.75,1.72,1.69,1.66,1.65,1.64,1.64,1.64,1.64,1.64,5.49,5.48,5.47,5.45,5.44,5.43,5.43,5.42,5.41,5.41,273.53,0.00,1.00,1.00,0.00,0.00,0.00,-1.00,0,None,0,aggregation
160,284.54,remora7,remora5,0.00,0.00,0.00,0.00,0.00,0.00,0.00,0.00,0.00,0.00,0.00,0.00,0.00,0.00,0.00,0.00,0.00,0.00,0.00,0.00,1.64,1.64,1.64,1.64,1.64,1.64,1.64,1.64,1.64,1.64,5.40,5.39,5.38,5.38,5.37,5.36,5.36,5.35,5.34,5.34,245.75,0.00,1.00,1.00,0.00,0.00,0.00,-1.00,0,None,0,aggregation
160,285.54,remora7,remora5,0.00,0.00,0.00,0.00,0.00,0.00,0.00,0.00,0.00,0.00,0.00,0.00,0.00,0.00,0.00,0.00,0.00,0.00,0.00,0.00,1.64,1.64,1.64,1.64,1.64,1.64,1.64,1.64,1.64,1.64,5.33,5.32,5.32,5.31,5.30,5.30,5.29,5.29,5.28,5.27,217.40,0.00,1.00,1.00,0.00,0.00,0.00,-1.00,0,None,0,aggregation
160,286.54,remora7,remora5,0.00,0.00,0.00,0.00,0.00,0.00,0.00,0.00,0.00,0.00,0.00,0.00,0.00,0.00,0.00,0.00,0.00,0.00,0.00,0.00,1.64,1.64,1.64,1.64,1.64,1.64,1.64,1.63,1.63,1.63,5.27,5.26,5.26,5.25,5.24,5.24,5.23,5.23,5.22,5.21,188.61,0.00,1.00,1.00,0.00,0.00,0.00,-1.00,0,None,0,aggregation
160,287.54,remora7,remora5,0.00,0.00,0.00,0.00,0.00,0.00,0.00,0.00,0.00,0.00,0.00,0.00,0.00,0.00,0.00,0.00,0.00,0.00,0.00,0.00,1.63,1.63,1.63,1.63,1.63,1.63,1.63,1.63,1.63,1.63,5.21,5.20,5.20,5.19,5.19,5.18,5.18,5.17,5.17,5.16,159.52,0.00,1.00,1.00,0.00,0.00,0.00,-1.00,0,None,0,aggregation
160,288.54,remora7,remora5,0.00,0.00,0.00,0.00,0.00,0.00,0.00,0.00,0.00,0.00,0.00,0.00,0.00,0.00,0.00,0.00,0.00,0.00,0.00,0.00,1.63,1.63,1.63,1.63,1.63,1.63,1.63,1.63,1.63,1.63,5.15,5.15,5.14,5.14,6.76,6.75,6.74,6.74,6.73,6.72,130.23,0.00,1.00,1.00,0.00,0.00,0.00,-1.00,0,None,0,aggregation
160,289.54,remora7,remora5,0.00,0.00,0.00,0.00,0.00,0.00,0.00,0.00,0.00,0.00,0.00,0.00,0.00,0.00,0.00,0.00,0.00,0.00,0.00,0.00,1.63,1.63,1.63,1.63,1.63,1.63,1.63,1.63,1.63,1.63,6.72,6.71,6.71,6.70,6.70,6.69,6.69,6.68,6.68,6.68,100.78,0.00,1.00,1.00,0.00,0.00,0.00,-1.00,0,None,0,aggregation
160,290.54,remora7,remora5,0.00,0.00,0.00,0.00,0.00,0.00,0.00,0.00,0.00,0.00,0.00,0.00,0.00,0.00,0.00,0.00,0.00,0.00,0.00,0.00,1.63,1.63,1.63,1.63,1.63,1.63,1.63,1.63,1.63,1.63,6.68,6.68,6.68,6.68,6.68,6.68,6.68,6.68,6.68,6.68,71.21,0.00,1.00,1.00,0.00,0.00,0.00,-1.00,0,None,0,aggregation
160,291.54,remora7,remora5,0.00,0.00,0.00,0.00,0.00,0.00,0.00,0.00,0.00,0.00,0.00,0.00,0.00,0.00,0.00,0.00,0.00,0.00,0.00,0.00,1.63,1.63,1.63,1.63,1.63,1.63,1.63,1.63,1.63,1.63,6.68,6.68,6.68,6.68,6.68,6.68,6.68,6.68,6.68,6.68,41.58,0.00,1.00,0.00,0.00,0.00,0.00,-1.00,0,None,0,aggregation
160,292.54,remora7,remora5,0.00,0.00,0.00,0.00,0.00,0.00,0.00,0.00,0.00,0.00,0.00,0.00,0.00,0.00,0.00,0.00,0.00,0.00,0.00,0.00,1.63,1.63,1.63,1.63,1.63,1.63,1.63,1.63,1.63,1.63,6.68,6.68,6.68,6.68,6.68,6.68,6.67,6.67,6.67,6.67,11.88,0.00,1.00,0.00,0.00,0.00,0.00,-1.00,0,None,0,aggregation
160,293.54,remora7,remora5,0.00,0.00,0.00,0.00,0.00,0.00,0.00,0.00,0.00,0.00,0.00,0.00,0.00,0.00,0.00,0.00,0.00,0.00,0.00,0.00,1.63,1.63,1.63,1.63,1.63,1.63,1.63,1.63,1.63,1.63,6.67,6.66,6.66,6.66,6.66,6.65,6.65,6.65,6.65,4.96,0.00,0.00,1.00,0.00,0.00,0.00,0.00,-1.00,0,None,0,aggregation
160,294.54,remora7,remora5,0.00,0.00,0.00,0.00,0.00,0.00,0.00,0.00,0.00,0.00,0.00,0.00,0.00,0.00,0.00,0.00,0.00,0.00,0.00,0.00,1.63,1.63,1.63,1.63,1.63,1.63,1.63,1.63,1.63,1.63,4.96,4.95,4.94,4.92,4.91,4.90,4.89,4.88,4.87,4.86,0.00,0.00,1.00,0.00,0.00,0.00,0.00,-1.00,0,None,0,aggregation
160,295.54,remora7,remora5,0.00,0.00,0.00,0.00,0.00,0.00,0.00,0.00,0.00,0.00,0.00,0.00,0.00,0.00,0.00,0.00,0.00,0.00,0.00,0.00,1.63,1.63,1.63,1.63,1.63,1.63,1.63,1.63,1.63,1.63,4.85,4.83,4.82,4.81,4.80,4.79,4.77,4.76,4.75,4.73,0.00,0.00,1.00,0.00,0.00,0.00,0.00,-1.00,0,None,0,aggregation
160,296.54,remora7,remora5,0.00,0.00,0.00,0.00,0.00,0.00,0.00,0.00,0.00,0.00,0.00,0.00,0.00,0.00,0.00,0.00,0.00,0.00,0.00,0.00,1.63,1.63,1.63,1.63,1.63,1.63,1.63,1.63,1.63,1.63,4.72,4.71,4.70,4.68,4.67,4.66,4.64,4.63,4.62,4.60,0.00,0.00,1.00,0.00,0.00,0.00,0.00,-1.00,0,None,0,aggregation
160,297.54,remora7,remora5,0.00,0.00,0.00,0.00,0.00,0.00,0.00,0.00,0.00,0.00,0.00,0.00,0.00,0.00,0.00,0.00,0.00,0.00,0.00,0.00,1.63,1.63,1.63,1.63,1.63,1.63,1.63,1.63,1.63,1.63,4.59,4.58,4.56,4.55,4.54,4.52,4.51,4.50,4.48,4.47,0.00,0.00,1.00,0.00,0.00,0.00,0.00,-1.00,0,None,0,aggregation
160,298.54,remora7,remora5,0.00,0.00,0.00,0.00,0.00,0.00,0.00,0.00,0.00,0.00,0.00,0.00,0.00,0.00,0.00,0.00,0.00,0.00,0.00,0.00,1.63,1.63,1.63,1.63,1.63,1.63,1.63,1.63,1.63,1.63,4.46,4.44,4.43,4.42,4.40,4.39,4.38,4.36,4.35,4.34,0.00,0.00,1.00,0.00,0.00,0.00,0.00,-1.00,0,None,0,aggregation
160,299.54,remora7,remora5,0.00,0.00,0.00,0.00,0.00,0.00,0.00,0.00,0.00,0.00,0.00,0.00,0.00,0.00,0.00,0.00,0.00,0.00,0.00,0.00,1.63,1.63,1.63,1.63,1.63,1.63,1.63,1.63,1.63,1.63,4.32,4.31,4.30,4.28,4.27,4.26,4.24,4.23,4.22,4.20,0.00,0.00,1.00,0.00,0.00,0.00,0.00,-1.00,0,None,0,aggregation
160,300.54,remora7,remora5,0.00,0.00,0.00,0.00,0.00,0.00,0.00,0.00,0.00,0.00,0.00,0.00,0.00,0.00,0.00,0.00,0.00,0.00,0.00,0.00,1.63,1.63,1.63,1.63,1.63,1.63,1.63,1.63,1.63,1.63,4.19,4.18,4.17,4.15,4.14,4.13,4.11,4.10,4.09,4.08,0.00,0.00,1.00,0.00,0.00,0.00,0.00,-1.00,0,None,0,aggregation
160,301.54,remora7,remora5,0.00,0.00,0.00,0.00,0.00,0.00,0.00,0.00,0.00,0.00,0.00,0.00,0.00,0.00,0.00,0.00,0.00,0.00,0.00,0.00,1.63,1.63,1.63,1.63,1.63,1.63,1.63,1.63,1.63,1.63,4.06,4.05,4.04,4.03,4.02,4.00,3.99,3.98,3.97,3.95,0.00,0.00,1.00,0.00,0.00,0.00,0.00,-1.00,0,None,0,aggregation
160,302.54,remora7,remora5,0.00,0.00,0.00,0.00,0.00,0.00,0.00,0.00,0.00,0.00,0.00,0.00,0.00,0.00,0.00,0.00,0.00,0.00,0.00,0.00,1.63,1.63,1.63,1.63,1.63,1.63,1.63,1.63,1.63,1.63,3.94,3.93,3.92,3.91,3.89,3.88,4.61,4.60,4.59,3.84,0.00,0.00,1.00,0.00,0.00,0.00,0.00,-1.00,0,None,0,aggregation
160,303.54,remora7,remora5,0.00,0.00,0.00,0.00,0.00,0.00,0.00,0.00,0.00,0.00,0.00,0.00,0.00,0.00,0.00,0.00,0.00,0.00,0.00,0.00,1.63,1.63,1.63,1.64,1.65,1.66,1.68,1.69,1.70,1.72,3.82,3.81,3.80,3.79,3.79,3.78,3.78,3.77,3.77,3.77,0.00,0.00,1.00,0.00,0.00,0.00,0.00,-1.00,0,None,0,aggregation
160,304.54,remora7,remora5,0.00,0.00,0.00,0.00,0.00,0.00,0.00,0.00,0.00,0.00,0.00,0.00,0.00,0.00,0.00,0.00,0.00,0.00,0.00,0.00,1.73,1.75,1.77,1.79,1.80,1.82,1.84,1.86,1.88,1.90,4.54,4.53,4.53,4.53,4.53,4.53,4.53,4.53,4.53,4.53,0.00,0.00,1.00,0.00,0.00,0.00,0.00,-1.00,0,None,0,aggregation
160,305.54,remora7,remora5,0.00,0.00,0.00,0.00,0.00,0.00,0.00,0.00,0.00,0.00,0.00,0.00,0.00,0.00,0.00,0.00,0.00,0.00,0.00,0.00,1.92,1.94,1.97,1.99,2.01,2.03,2.06,2.08,2.11,2.13,4.53,4.53,4.53,4.53,4.53,4.53,4.53,4.53,4.54,4.54,0.00,0.00,1.00,0.00,0.00,0.00,0.00,-1.00,0,None,0,aggregation
160,306.54,remora7,remora5,0.00,0.00,0.00,0.00,0.00,0.00,0.00,0.00,0.00,0.00,0.00,0.00,0.00,0.00,0.00,0.00,0.00,0.00,0.00,0.00,2.16,2.18,2.21,2.23,2.26,2.28,2.31,2.33,2.36,2.36,4.54,4.54,4.54,4.54,4.55,4.55,4.55,4.55,4.56,4.55,0.00,0.00,1.00,0.00,0.00,0.00,0.00,-1.00,0,None,0,aggregation
160,307.54,remora7,remora5,0.00,0.00,0.00,0.00,0.00,0.00,0.00,0.00,0.00,0.00,0.00,0.00,0.00,0.00,0.00,0.00,0.00,0.00,0.00,0.00,2.36,2.35,2.35,2.34,2.34,2.34,2.33,2.33,2.33,2.33,4.54,4.54,4.53,4.52,4.52,4.51,4.50,4.49,4.49,4.48,0.00,0.00,1.00,0.00,0.00,0.00,0.00,-1.00,0,None,0,aggregation
160,308.54,remora7,remora5,0.00,0.00,0.00,0.00,0.00,0.00,0.00,0.00,0.00,0.00,0.00,0.00,0.00,0.00,0.00,0.00,0.00,0.00,0.00,0.00,2.34,2.36,2.37,2.38,2.40,2.41,2.43,2.43,2.43,2.44,3.68,3.68,3.68,3.68,3.68,3.68,3.68,3.67,3.67,3.66,0.00,0.00,1.00,0.00,0.00,0.00,0.00,-1.00,0,None,0,aggregation
160,309.54,remora7,remora5,0.00,0.00,0.00,0.00,0.00,0.00,0.00,0.00,0.00,0.00,0.00,0.00,0.00,0.00,0.00,0.00,0.00,0.00,0.00,0.00,2.45,2.47,2.48,2.49,2.49,2.49,2.51,2.52,2.53,2.55,3.66,3.66,3.66,3.66,3.65,3.65,3.65,3.65,3.65,3.65,0.00,0.00,1.00,0.00,0.00,0.00,0.00,-1.00,0,None,0,aggregation
160,310.54,remora7,remora5,0.00,0.00,0.00,0.00,0.00,0.00,0.00,0.00,0.00,0.00,0.00,0.00,0.00,0.00,0.00,0.00,0.00,0.00,0.00,0.00,2.56,2.57,2.57,2.57,2.59,2.60,2.62,2.62,2.62,2.62,3.65,3.64,3.64,3.63,3.64,3.64,3.64,3.63,3.63,3.62,0.00,0.00,1.00,0.00,0.00,0.00,0.00,-1.00,0,None,0,aggregation
160,311.54,remora7,remora5,0.00,0.00,0.00,0.00,0.00,0.00,0.00,0.00,0.00,0.00,0.00,0.00,0.00,0.00,0.00,0.00,0.00,0.00,0.00,0.00,2.62,2.62,2.63,2.64,2.65,2.66,2.67,2.69,2.70,2.71,3.61,3.61,3.61,3.61,3.61,3.61,3.61,3.61,3.61,3.61,0.00,0.00,1.00,0.00,0.00,0.00,0.00,-1.00,0,None,0,aggregation
160,312.54,remora7,remora5,0.00,0.00,0.00,0.00,0.00,0.00,0.00,0.00,0.00,0.00,0.00,0.00,0.00,0.00,0.00,0.00,0.00,0.00,0.00,0.00,2.72,2.74,2.75,2.77,2.78,2.79,2.79,2.78,2.78,2.78,3.61,3.61,3.62,3.62,3.62,3.62,3.61,3.61,3.60,3.60,0.00,0.00,1.00,0.00,0.00,0.00,0.00,-1.00,0,None,0,aggregation
160,313.54,remora7,remora5,0.00,0.00,0.00,0.00,0.00,0.00,0.00,0.00,0.00,0.00,0.00,0.00,0.00,0.00,0.00,0.00,0.00,0.00,0.00,0.00,2.79,2.81,2.82,2.83,2.84,2.85,2.86,2.87,2.86,2.87,3.60,3.60,3.60,3.60,3.60,3.61,3.61,3.60,3.60,3.60,0.00,0.00,1.00,0.00,0.00,0.00,0.00,-1.00,0,None,0,aggregation
160,314.54,remora7,remora5,0.00,0.00,0.00,0.00,0.00,0.00,0.00,0.00,0.00,0.00,0.00,0.00,0.00,0.00,0.00,0.00,0.00,0.00,0.00,0.00,2.88,2.89,2.90,2.91,2.91,2.90,2.90,2.90,2.91,2.92,3.60,3.60,3.60,3.60,3.60,3.59,3.59,3.58,3.58,3.58,0.00,0.00,1.00,0.00,0.00,0.00,0.00,-1.00,0,None,0,aggregation
160,315.54,remora7,remora5,0.00,0.00,0.00,0.00,0.00,0.00,0.00,0.00,0.00,0.00,0.00,0.00,0.00,0.00,0.00,0.00,0.00,0.00,0.00,0.00,2.92,2.93,2.94,2.95,2.96,2.96,2.96,2.96,2.97,2.98,3.58,3.59,3.59,3.59,3.59,3.59,3.58,3.58,3.58,3.58,0.00,0.00,1.00,0.00,0.00,0.00,0.00,-1.00,0,None,0,aggregation
160,316.54,remora7,remora5,0.00,0.00,0.00,0.00,0.00,0.00,0.00,0.00,0.00,0.00,0.00,0.00,0.00,0.00,0.00,0.00,0.00,0.00,0.00,0.00,2.98,2.99,3.00,3.00,3.00,3.00,2.99,2.99,3.00,3.00,3.58,3.59,3.59,3.59,3.58,3.58,3.57,3.57,3.57,3.57,0.00,0.00,1.00,0.00,0.00,0.00,0.00,-1.00,0,None,0,aggregation
160,317.54,remora7,remora5,0.00,0.00,0.00,0.00,0.00,0.00,0.00,0.00,0.00,0.00,0.00,0.00,0.00,0.00,0.00,0.00,0.00,0.00,0.00,0.00,3.01,3.01,3.02,3.03,3.03,3.04,3.05,3.06,3.05,3.05,3.57,3.57,3.57,3.58,3.58,3.58,3.58,3.58,3.58,3.58,0.00,0.00,0.00,0.00,0.00,0.00,0.00,-1.00,0,None,0,aggregation
160,318.54,remora7,remora5,0.00,0.00,0.00,0.00,0.00,0.00,0.00,0.00,0.00,0.00,0.00,0.00,0.00,0.00,0.00,0.00,0.00,0.00,0.00,0.00,3.04,3.04,3.05,3.05,3.06,3.06,3.07,3.07,3.08,3.09,3.57,3.57,3.57,3.57,3.57,3.58,3.58,3.58,3.58,3.59,0.00,0.00,0.00,0.00,0.00,0.00,0.00,-1.00,0,None,0,aggregation
160,319.54,remora7,remora5,0.00,0.00,0.00,0.00,0.00,0.00,0.00,0.00,0.00,0.00,0.00,0.00,0.00,0.00,0.00,0.00,0.00,0.00,0.00,0.00,3.10,3.09,3.09,3.09,3.08,3.08,3.09,3.09,3.09,3.10,3.59,3.59,3.58,3.58,3.58,3.58,3.58,3.58,3.58,3.59,0.00,0.00,0.00,0.00,0.00,0.00,0.00,-1.00,0,None,0,aggregation
160,320.54,remora7,remora5,0.00,0.00,0.00,0.00,0.00,0.00,0.00,0.00,0.00,0.00,0.00,0.00,0.00,0.00,0.00,0.00,0.00,0.00,0.00,0.00,3.11,3.11,3.12,3.13,3.13,3.14,3.13,3.13,3.12,3.13,3.59,3.59,3.59,3.60,3.60,3.60,3.60,3.60,3.60,3.60,0.00,0.00,0.00,0.00,0.00,0.00,0.00,-1.00,0,None,0,aggregation
160,321.54,remora7,remora5,0.00,0.00,0.00,0.00,0.00,0.00,0.00,0.00,0.00,0.00,0.00,0.00,0.00,0.00,0.00,0.00,0.00,0.00,0.00,0.00,3.13,3.14,3.14,3.15,3.15,3.16,3.15,3.15,3.14,3.15,3.60,3.61,3.61,3.61,3.62,3.62,3.62,3.62,3.61,3.62,0.00,0.00,0.00,0.00,0.00,0.00,0.00,-1.00,0,None,0,aggregation
160,322.54,remora7,remora5,0.00,0.00,0.00,0.00,0.00,0.00,0.00,0.00,0.00,0.00,0.00,0.00,0.00,0.00,0.00,0.00,0.00,0.00,0.00,0.00,3.15,3.15,3.16,3.16,3.17,3.17,3.17,3.16,3.16,3.16,3.62,3.62,3.63,3.63,3.63,3.64,3.64,3.63,3.63,3.63,0.00,0.00,0.00,0.00,0.00,0.00,0.00,-1.00,0,None,0,aggregation
160,323.54,remora7,remora5,0.00,0.00,0.00,0.00,0.00,0.00,0.00,0.00,0.00,0.00,0.00,0.00,0.00,0.00,0.00,0.00,0.00,0.00,0.00,0.00,3.16,3.16,3.17,3.17,3.17,3.18,4.13,4.14,4.14,4.15,3.64,3.64,3.64,3.65,3.65,3.66,4.13,4.14,4.14,4.15,0.00,0.00,0.00,0.00,0.00,0.00,0.00,-1.00,0,None,0,aggregation
160,324.54,remora7,remora5,-19.08,-19.08,-18.24,-18.24,-15.66,-15.66,-13.43,-13.43,-10.86,-10.86,-8.62,-8.62,-7.78,-7.78,-5.20,-5.20,-2.96,-2.96,-0.40,-0.40,4.15,4.14,4.13,4.12,4.11,4.10,4.10,4.09,4.09,4.09,4.15,4.14,4.13,4.12,4.11,4.10,4.10,4.09,4.09,4.09,10.22,0.00,0.00,0.00,0.00,0.00,0.00,-1.00,0,None,0,aggregation
160,325.54,remora7,remora5,-8.34,-8.34,-5.90,-5.90,-3.92,-3.92,-1.67,-1.67,0.62,0.62,2.13,2.13,4.56,4.56,6.28,6.28,8.08,8.08,9.91,9.91,4.08,4.08,4.08,4.08,4.08,4.09,4.09,4.09,4.10,4.10,4.08,4.08,4.08,4.08,4.08,4.09,4.09,4.09,4.10,4.10,12.91,0.00,0.00,0.00,0.00,0.00,0.00,-1.00,0,None,0,aggregation
160,326.54,remora7,remora5,2.76,2.76,4.62,4.62,6.11,6.11,7.63,7.63,9.30,9.30,11.61,11.61,13.09,13.09,14.27,14.27,15.46,15.46,16.77,16.77,4.11,4.11,4.12,4.13,4.13,4.14,4.15,4.16,4.17,4.18,4.11,4.11,4.12,4.13,4.13,4.14,4.15,4.16,4.17,4.18,23.07,0.00,0.00,0.00,0.00,0.00,0.00,-1.00,0,None,0,aggregation
160,327.54,remora7,remora5,10.49,10.49,11.79,11.79,13.10,13.10,14.51,14.51,15.82,15.82,17.70,17.70,18.70,18.70,19.71,19.71,20.78,20.78,21.77,21.77,4.19,4.19,4.20,4.21,4.22,4.23,4.24,4.25,4.26,4.27,4.19,4.19,4.20,4.21,4.22,4.23,4.24,4.25,4.26,4.27,39.51,0.00,0.00,0.00,0.00,0.00,0.00,-1.00,0,None,0,aggregation
160,328.54,remora7,remora5,16.91,16.91,17.66,17.66,18.85,18.85,19.98,19.98,20.91,20.91,22.59,22.59,23.14,23.14,24.01,24.01,24.83,24.83,25.48,25.48,4.28,4.29,4.30,4.30,4.31,4.32,4.33,4.34,4.35,4.35,4.28,4.29,4.30,4.30,4.31,4.32,4.33,4.34,4.35,4.35,60.94,0.00,0.00,1.00,0.00,0.00,0.00,-1.00,0,None,0,aggregation
160,329.54,remora7,remora5,21.72,21.72,22.39,22.39,23.20,23.20,23.98,23.98,24.83,24.83,26.05,26.05,26.51,26.51,27.05,27.05,27.56,27.56,28.10,28.10,4.36,4.37,4.37,4.38,4.39,4.39,4.40,4.40,4.41,4.42,4.36,4.37,4.37,4.38,4.39,4.39,4.40,4.40,4.41,4.42,86.08,0.00,0.00,1.00,0.00,0.00,0.00,-1.00,0,None,0,aggregation
160,146.54,remora7,remora8,0.00,0.00,0.00,0.00,0.00,0.00,0.00,0.00,0.00,0.00,0.00,0.00,0.00,0.00,0.00,0.00,0.00,0.00,0.00,0.00,3.01,3.04,3.07,3.10,3.13,3.15,3.18,3.21,3.24,3.27,6.05,6.06,6.07,6.08,6.09,6.10,6.11,6.12,6.13,6.13,0.00,0.00,1.00,0.00,0.00,0.00,0.00,-1.00,0,None,0,aggregation
160,147.54,remora7,remora8,0.00,0.00,0.00,0.00,0.00,0.00,0.00,0.00,0.00,0.00,0.00,0.00,0.00,0.00,0.00,0.00,0.00,0.00,0.00,0.00,3.29,3.32,3.35,3.38,3.41,3.43,3.46,3.49,3.52,3.55,6.14,6.15,6.17,6.18,6.19,6.19,6.20,6.21,6.22,6.23,0.00,0.00,0.00,0.00,0.00,0.00,0.00,-1.00,0,None,0,aggregation
160,148.54,remora7,remora8,0.00,0.00,0.00,0.00,0.00,0.00,0.00,0.00,0.00,0.00,0.00,0.00,0.00,0.00,0.00,0.00,0.00,0.00,0.00,0.00,3.57,3.60,3.63,3.66,3.68,3.71,3.74,3.77,3.79,3.82,6.24,6.25,6.26,6.27,6.28,6.29,6.30,6.31,6.32,6.33,0.00,0.00,0.00,0.00,0.00,0.00,0.00,-1.00,0,None,0,aggregation
160,149.54,remora7,remora8,0.00,0.00,0.00,0.00,0.00,0.00,0.00,0.00,0.00,0.00,0.00,0.00,0.00,0.00,0.00,0.00,0.00,0.00,0.00,0.00,3.85,3.88,3.89,3.89,3.88,3.86,3.85,3.87,3.89,3.89,6.34,6.36,6.37,6.37,6.38,6.38,6.38,6.40,6.40,6.41,0.00,0.00,0.00,0.00,0.00,0.00,0.00,-1.00,0,None,0,aggregation
160,150.54,remora7,remora8,0.00,0.00,0.00,0.00,0.00,0.00,0.00,0.00,0.00,0.00,0.00,0.00,0.00,0.00,0.00,0.00,0.00,0.00,0.00,0.00,3.88,3.86,3.84,3.83,3.83,3.83,3.84,3.85,3.85,3.86,6.41,6.40,6.40,6.41,6.41,6.42,6.43,6.43,6.44,6.44,0.00,0.00,0.00,0.00,0.00,0.00,0.00,-1.00,0,None,0,aggregation
160,151.54,remora7,remora8,0.00,0.00,0.00,0.00,0.00,0.00,0.00,0.00,0.00,0.00,0.00,0.00,0.00,0.00,0.00,0.00,0.00,0.00,0.00,0.00,3.86,3.86,3.87,3.87,3.87,3.87,3.86,3.86,3.86,3.85,6.44,6.45,6.45,6.45,6.46,6.46,6.47,6.47,6.48,6.48,0.00,0.00,0.00,0.00,0.00,0.00,0.00,-1.00,0,None,0,aggregation
160,152.54,remora7,remora8,0.00,0.00,0.00,0.00,0.00,0.00,0.00,0.00,0.00,0.00,0.00,0.00,0.00,0.00,0.00,0.00,0.00,0.00,0.00,0.00,3.85,3.85,3.85,3.86,3.86,3.88,3.88,3.87,3.86,3.84,6.49,6.50,6.50,6.51,6.51,6.52,6.53,6.53,6.53,6.53,0.00,0.00,0.00,0.00,0.00,0.00,0.00,-1.00,0,None,0,aggregation
160,153.54,remora7,remora8,0.00,0.00,0.00,0.00,0.00,0.00,0.00,0.00,0.00,0.00,0.00,0.00,0.00,0.00,0.00,0.00,0.00,0.00,0.00,0.00,3.82,3.80,3.79,3.79,3.79,3.80,3.80,3.78,3.77,3.76,6.53,6.53,6.53,6.53,6.54,6.54,6.55,6.55,6.55,6.55,0.00,0.00,0.00,0.00,0.00,0.00,0.00,-1.00,0,None,0,aggregation
160,154.54,remora7,remora8,0.00,0.00,0.00,0.00,0.00,0.00,0.00,0.00,0.00,0.00,0.00,0.00,0.00,0.00,0.00,0.00,0.00,0.00,0.00,0.00,3.75,3.76,3.76,3.77,3.77,3.77,3.76,3.75,3.74,3.74,6.55,6.56,6.57,6.57,6.58,6.58,6.58,6.58,6.59,6.59,0.00,0.00,0.00,0.00,0.00,0.00,0.00,-1.00,0,None,0,aggregation
160,155.54,remora7,remora8,0.00,0.00,0.00,0.00,0.00,0.00,0.00,0.00,0.00,0.00,0.00,0.00,0.00,0.00,0.00,0.00,0.00,0.00,0.00,0.00,3.75,3.75,3.75,3.75,3.75,3.75,3.74,3.74,3.73,3.73,6.60,6.60,6.61,6.61,6.61,6.62,6.62,6.63,6.63,6.64,0.00,0.00,0.00,0.00,0.00,0.00,0.00,-1.00,0,None,0,aggregation
160,156.54,remora7,remora8,0.00,0.00,0.00,0.00,0.00,0.00,0.00,0.00,0.00,0.00,0.00,0.00,0.00,0.00,0.00,0.00,0.00,0.00,0.00,0.00,3.73,3.74,3.74,3.75,3.75,3.75,3.75,3.75,3.75,3.75,6.64,6.65,6.66,6.67,6.68,6.68,6.69,6.69,6.70,6.70,0.00,0.00,0.00,0.00,0.00,0.00,0.00,-1.00,0,None,0,aggregation
160,157.54,remora7,remora8,0.00,0.00,0.00,0.00,-35.16,-35.16,-35.07,-35.07,-35.07,-34.81,0.00,0.00,0.00,0.00,-24.69,-24.69,-24.60,-24.60,-24.60,-24.35,3.75,3.75,3.75,3.75,3.76,3.79,3.82,3.85,3.88,3.90,6.70,6.71,6.72,6.73,6.74,6.77,6.80,6.83,6.86,6.89,17.89,0.00,0.00,0.00,0.00,0.00,0.00,-1.00,0,None,0,aggregation
160,158.54,remora7,remora8,-34.39,-34.39,-33.83,-33.83,-33.20,-33.20,-32.38,-32.38,-31.42,-31.42,-23.93,-23.93,-23.36,-23.36,-22.74,-22.74,-21.91,-21.91,-20.96,-20.96,3.93,3.95,3.98,4.00,4.03,4.05,4.07,4.09,4.12,4.14,6.92,6.95,6.97,7.00,7.03,7.05,7.08,7.11,7.13,7.16,45.71,0.00,0.00,1.00,0.00,0.00,0.00,-1.00,0,None,0,aggregation
160,159.54,remora7,remora8,-30.34,-30.34,-29.13,-29.13,-28.08,-28.08,-26.67,-26.67,-25.31,-25.31,-19.87,-19.87,-18.66,-18.66,-17.61,-17.61,-16.20,-16.20,-14.84,-14.84,4.16,4.18,4.20,4.22,4.24,4.26,4.28,4.30,4.32,4.33,7.18,7.21,7.23,7.26,7.28,7.30,7.32,7.34,7.36,7.38,68.38,0.00,0.00,1.00,0.00,0.00,0.00,-1.00,0,None,0,aggregation
160,160.54,remora7,remora8,-23.87,-23.87,-22.35,-22.35,-20.77,-20.77,-19.13,-19.13,-17.63,-17.63,-13.40,-13.40,-11.89,-11.89,-10.31,-10.31,-8.67,-8.67,-7.16,-7.16,4.35,4.36,4.38,4.39,4.40,4.42,4.43,4.44,4.44,4.45,7.40,7.42,7.44,7.46,7.47,7.48,7.50,7.51,7.53,7.54,83.89,0.00,0.00,1.00,0.00,0.00,0.00,-1.00,0,None,0,aggregation
160,161.54,remora7,remora8,-15.89,-15.89,-14.10,-14.10,-12.49,-12.49,-10.65,-10.65,-8.99,-8.99,-5.42,-5.42,-3.64,-3.64,-2.03,-2.03,-0.18,-0.18,1.47,1.47,4.46,4.46,4.47,4.47,4.47,4.47,4.47,4.47,4.47,4.47,7.55,7.56,7.58,7.59,7.60,7.61,7.61,7.62,7.63,7.64,91.09,0.00,0.00,1.00,0.00,0.00,0.00,-1.00,0,None,0,aggregation
160,162.54,remora7,remora8,-7.12,-7.12,-5.44,-5.44,-3.37,-3.37,-1.52,-1.52,0.33,0.33,3.35,3.35,5.02,5.02,6.72,6.72,8.20,8.20,9.68,9.68,4.47,4.46,4.46,4.45,4.44,4.44,4.43,4.42,4.41,4.40,7.65,7.66,7.66,7.67,7.67,7.68,7.69,7.70,7.71,7.71,93.51,0.00,0.00,1.00,0.00,0.00,0.00,-1.00,0,None,0,aggregation
160,227.54,remora7,remora8,30.00,30.00,30.00,30.00,30.00,30.00,30.00,30.00,30.00,30.00,30.00,30.00,30.00,30.00,30.00,30.00,30.00,30.00,30.00,30.00,5.91,5.93,5.94,5.96,5.97,5.98,6.00,6.01,6.03,6.04,7.89,7.88,7.87,7.85,7.84,7.83,7.81,7.80,7.78,7.77,300.00,0.00,0.00,1.00,0.00,0.00,0.00,-1.00,0,None,0,aggregation
160,228.54,remora7,remora8,30.00,30.00,30.00,30.00,30.00,30.00,30.00,30.00,30.00,30.00,30.00,30.00,30.00,30.00,30.00,30.00,30.00,30.00,30.00,30.00,6.06,6.07,6.09,6.10,7.27,7.26,7.24,7.22,7.21,7.19,7.75,7.74,7.73,7.72,8.23,8.21,8.19,8.17,8.15,8.13,300.00,0.00,0.00,1.00,0.00,0.00,0.00,-1.00,0,None,0,aggregation
160,229.54,remora7,remora8,30.00,30.00,30.00,30.00,30.00,30.00,30.00,30.00,30.00,30.00,30.00,30.00,30.00,30.00,30.00,30.00,30.00,30.00,30.00,30.00,7.17,7.16,7.14,7.12,7.10,7.08,7.06,7.04,7.02,7.00,8.10,8.08,8.06,8.04,8.02,7.99,7.97,7.95,7.92,7.90,300.00,0.00,0.00,1.00,0.00,0.00,0.00,-1.00,0,None,0,aggregation
160,230.54,remora7,remora8,30.00,30.00,30.00,30.00,30.00,30.00,30.00,30.00,30.00,30.00,30.00,30.00,30.00,30.00,30.00,30.00,30.00,30.00,30.00,30.00,6.97,6.95,6.92,6.90,6.87,6.84,6.81,6.78,6.75,6.72,7.88,7.86,7.83,7.81,7.79,7.76,7.74,7.72,7.69,7.67,300.00,0.00,0.00,1.00,0.00,0.00,0.00,-1.00,0,None,0,aggregation
160,231.54,remora7,remora8,30.00,30.00,30.00,30.00,30.00,30.00,30.00,30.00,30.00,30.00,30.00,30.00,30.00,30.00,30.00,30.00,30.00,30.00,30.00,30.00,6.69,6.66,6.62,6.59,6.55,6.52,6.48,6.44,6.40,6.37,7.64,7.61,7.58,7.55,7.51,7.48,7.45,7.42,7.39,7.36,300.00,0.00,0.00,1.00,0.00,0.00,0.00,-1.00,0,None,0,aggregation
160,232.54,remora7,remora8,30.00,30.00,30.00,30.00,30.00,30.00,30.00,30.00,30.00,30.00,30.00,30.00,30.00,30.00,30.00,30.00,30.00,30.00,30.00,30.00,6.33,6.29,6.25,6.21,6.17,6.12,6.08,6.04,6.00,5.96,7.32,7.29,7.26,7.23,7.20,7.17,7.13,7.10,7.07,7.04,300.00,0.00,0.00,1.00,0.00,0.00,0.00,-1.00,0,None,0,aggregation
160,233.54,remora7,remora8,30.00,30.00,30.00,30.00,30.00,30.00,30.00,30.00,30.00,30.00,30.00,30.00,30.00,30.00,30.00,30.00,30.00,30.00,30.00,30.00,5.92,5.88,5.83,5.79,5.75,5.71,5.67,5.63,5.59,5.55,7.01,6.98,6.95,6.92,6.89,6.86,6.83,6.81,6.79,6.76,300.00,0.00,0.00,1.00,0.00,0.00,0.00,-1.00,0,None,0,aggregation
160,234.54,remora7,remora8,0.00,0.00,29.80,29.80,29.80,29.80,29.80,29.80,29.86,29.86,0.00,0.00,30.13,30.13,30.13,30.13,30.13,30.13,30.10,30.10,5.52,5.50,5.49,5.45,5.42,5.38,5.34,5.31,5.27,5.23,6.74,6.73,6.72,6.70,6.67,6.64,6.62,6.59,6.56,6.54,293.97,0.00,0.00,1.00,0.00,0.00,0.00,-1.00,0,None,0,aggregation
160,235.54,remora7,remora8,29.86,29.86,29.98,29.98,30.06,30.06,30.13,30.13,30.16,30.16,30.10,30.10,30.02,30.02,29.93,29.93,29.80,29.80,29.71,29.71,5.20,5.17,5.13,5.10,5.07,5.04,5.00,4.97,4.94,4.91,6.51,6.48,6.46,6.43,6.40,6.38,6.35,6.33,6.30,6.44,293.95,0.00,0.00,1.00,0.00,0.00,0.00,-1.00,0,None,0,aggregation
160,236.54,remora7,remora8,30.15,30.15,30.16,30.16,30.17,30.17,30.17,30.17,30.18,30.18,29.74,29.74,29.68,29.68,29.62,29.62,29.64,29.64,29.58,29.58,4.89,4.86,4.83,4.80,4.78,4.75,4.72,4.70,4.67,4.65,6.42,6.40,6.38,6.36,6.35,6.33,6.31,6.29,6.28,6.26,293.86,0.00,0.00,1.00,0.00,0.00,0.00,-1.00,0,None,0,aggregation
160,237.54,remora7,remora8,30.18,30.18,30.18,30.18,30.18,30.18,30.18,30.18,30.17,30.17,29.60,29.60,29.60,29.60,29.60,29.60,29.59,29.59,29.65,29.65,4.63,4.60,4.58,4.56,4.54,4.52,4.50,4.48,4.46,4.44,6.24,6.22,6.21,6.19,6.17,6.16,6.14,6.13,6.11,6.88,293.75,0.00,0.00,1.00,0.00,0.00,0.00,-1.00,0,None,0,aggregation
160,238.54,remora7,remora8,30.17,30.17,30.17,30.17,30.15,30.15,30.18,30.18,30.18,30.18,29.66,29.66,29.66,29.66,29.72,29.72,29.60,29.60,29.58,29.58,4.42,4.40,4.38,4.36,4.35,4.33,4.32,4.30,4.29,4.27,6.86,6.84,6.82,6.80,6.78,6.77,6.75,6.73,6.71,6.70,293.65,0.00,0.00,1.00,0.00,0.00,0.00,-1.00,0,None,0,aggregation
160,239.54,remora7,remora8,30.18,30.18,30.18,30.18,30.19,30.19,30.18,30.18,30.18,30.18,29.54,29.54,29.49,29.49,29.43,29.43,29.38,29.38,29.41,29.41,4.26,4.24,4.23,4.22,4.21,4.20,4.19,4.18,4.17,4.16,6.68,6.66,6.65,6.63,6.61,6.60,6.58,6.57,6.55,6.54,293.47,0.00,0.00,1.00,0.00,0.00,0.00,-1.00,0,None,0,aggregation
160,240.54,remora7,remora8,30.18,30.18,30.19,30.19,30.18,30.18,30.18,30.18,30.18,30.18,29.41,29.41,29.43,29.43,29.49,29.49,29.55,29.55,29.54,29.54,4.15,4.14,4.13,4.13,4.12,4.11,4.11,4.10,4.10,4.10,6.52,6.51,6.50,6.48,6.47,6.46,6.44,6.43,6.42,6.40,293.31,0.00,0.00,1.00,0.00,0.00,0.00,-1.00,0,None,0,aggregation
160,241.54,remora7,remora8,30.18,30.18,30.16,30.16,30.15,30.15,30.14,30.14,30.13,30.13,29.60,29.60,29.67,29.67,29.73,29.73,29.75,29.75,29.80,29.80,4.09,4.09,4.09,4.09,4.08,4.08,4.08,4.08,4.08,4.07,6.39,6.38,6.37,6.35,6.34,6.33,6.32,6.31,6.29,6.28,293.24,0.00,0.00,1.00,0.00,0.00,0.00,-1.00,0,None,0,aggregation
160,242.54,remora7,remora8,30.11,30.11,30.08,30.08,30.06,30.06,30.05,30.05,30.01,30.01,29.85,29.85,29.89,29.89,29.93,29.93,29.95,29.95,29.99,29.99,4.04,4.01,3.98,3.95,3.92,3.89,3.86,3.83,3.81,3.79,6.27,5.83,5.80,5.78,5.76,5.74,5.72,5.70,5.68,5.66,293.23,0.00,0.00,1.00,0.00,0.00,0.00,-1.00,0,None,0,aggregation
160,243.54,remora7,remora8,29.95,29.95,29.90,29.90,29.83,29.83,29.86,29.86,29.87,29.87,30.04,30.04,30.08,30.08,30.12,30.12,30.10,30.10,30.10,30.10,3.78,3.77,3.76,3.75,3.74,3.73,3.72,3.71,3.70,3.69,5.64,5.62,5.61,5.59,5.57,5.55,5.52,5.50,5.47,5.45,293.21,0.00,0.00,1.00,0.00,0.00,0.00,-1.00,0,None,0,aggregation
160,244.54,remora7,remora8,29.93,29.93,29.99,29.99,29.98,29.98,30.03,30.03,30.10,30.10,30.06,30.06,30.01,30.01,30.02,30.02,29.97,29.97,29.87,29.87,3.68,3.67,3.67,3.66,3.65,3.64,3.64,3.63,3.62,3.62,5.42,5.40,5.37,5.35,5.33,5.31,5.29,5.26,5.24,5.21,299.23,0.00,0.00,1.00,0.00,0.00,0.00,-1.00,0,None,0,aggregation
160,245.54,remora7,remora8,30.15,30.15,30.18,30.18,30.19,30.19,30.18,30.18,30.12,30.12,29.73,29.73,29.60,29.60,29.45,29.45,29.31,29.31,28.94,28.94,3.61,3.60,3.60,3.59,3.59,3.58,3.58,3.57,3.57,3.56,5.19,5.17,5.14,5.12,5.10,5.08,5.05,5.03,5.01,4.99,299.04,0.00,0.00,1.00,0.00,0.00,0.00,-1.00,0,None,0,aggregation
160,246.54,remora7,remora8,30.05,30.05,29.92,29.92,29.66,29.66,29.48,29.48,29.12,29.12,28.67,28.67,28.29,28.29,27.67,27.67,27.27,27.27,26.59,26.59,3.56,3.55,3.53,3.52,3.50,3.48,3.47,3.45,3.43,3.41,4.96,4.94,4.92,4.90,4.87,4.85,4.83,4.81,4.78,4.76,297.81,0.00,0.00,1.00,0.00,0.00,0.00,-1.00,0,None,0,aggregation
160,247.54,remora7,remora8,28.64,28.64,28.24,28.24,27.63,27.63,27.14,27.14,26.59,26.59,25.74,25.74,25.06,25.06,24.09,24.09,23.33,23.33,22.51,22.51,3.39,3.36,3.34,3.32,3.30,3.28,3.25,3.23,3.21,3.19,4.74,4.72,4.70,4.67,4.65,4.63,4.61,4.59,4.57,4.55,293.81,0.00,0.00,1.00,0.00,0.00,0.00,-1.00,0,None,0,aggregation
160,248.54,remora7,remora8,26.34,26.34,25.87,25.87,25.32,25.32,24.91,24.91,24.47,24.47,22.14,22.14,21.46,21.46,20.68,20.68,20.10,20.10,19.48,19.48,3.17,3.16,3.14,3.12,3.11,3.09,3.06,3.04,3.02,3.00,4.54,4.52,4.51,4.50,4.48,4.46,4.44,4.43,4.41,4.39,286.98,0.00,0.00,1.00,0.00,0.00,0.00,-1.00,0,None,0,aggregation
160,249.54,remora7,remora8,24.64,24.64,24.96,24.96,25.35,25.35,25.86,25.86,26.00,26.00,19.72,19.72,20.16,20.16,20.72,20.72,21.44,21.44,21.65,21.65,2.98,2.96,2.93,2.91,2.89,2.86,2.84,2.83,2.80,2.78,4.37,4.35,4.34,4.32,4.30,4.28,4.26,4.25,4.23,4.21,280.22,0.00,1.00,1.00,0.00,0.00,0.00,-1.00,0,None,0,aggregation
160,250.54,remora7,remora8,26.27,26.27,26.63,26.63,26.69,26.69,26.80,26.80,27.00,27.00,22.04,22.04,22.57,22.57,22.67,22.67,22.82,22.82,23.12,23.12,2.75,2.73,2.71,2.69,2.67,2.64,2.62,2.60,2.58,2.55,4.19,4.18,4.17,4.15,4.14,4.12,4.11,4.09,4.07,4.06,275.04,0.00,1.00,1.00,0.00,0.00,0.00,-1.00,0,None,0,aggregation
160,251.54,remora7,remora8,27.24,27.24,27.46,27.46,27.63,27.63,27.86,27.86,28.02,28.02,23.49,23.49,23.83,23.83,24.09,24.09,24.45,24.45,24.71,24.71,2.53,2.50,2.48,2.45,2.42,2.39,2.36,2.34,2.31,2.28,4.04,4.02,4.00,3.99,3.97,3.95,3.94,3.92,3.91,3.90,270.99,0.00,1.00,1.00,0.00,0.00,0.00,-1.00,0,None,0,aggregation
160,252.54,remora7,remora8,28.22,28.22,28.24,28.24,28.53,28.53,28.69,28.69,28.80,28.80,25.04,25.04,25.06,25.06,25.55,25.55,25.82,25.82,26.01,26.01,2.25,2.22,2.19,2.16,2.13,2.10,2.07,2.04,2.02,1.99,3.88,3.87,3.85,3.84,3.82,3.80,3.79,3.77,3.76,3.75,268.00,0.00,1.00,1.00,0.00,0.00,0.00,-1.00,0,None,0,aggregation
160,253.54,remora7,remora8,28.91,28.91,28.93,28.93,28.99,28.99,28.99,28.99,29.14,29.14,26.19,26.19,26.23,26.23,26.35,26.35,26.34,26.34,26.63,26.63,1.97,1.94,1.91,1.88,1.85,1.83,1.80,1.77,1.74,1.71,3.73,3.72,3.71,3.70,3.68,3.67,3.66,3.64,3.63,3.62,265.68,0.00,1.00,1.00,0.00,0.00,0.00,-1.00,0,None,0,aggregation
160,254.54,remora7,remora8,29.22,29.22,0.00,0.00,0.00,0.00,0.00,0.00,0.00,0.00,26.78,26.78,0.00,0.00,0.00,0.00,0.00,0.00,0.00,0.00,1.68,1.65,1.62,1.61,1.61,1.61,1.61,1.61,1.60,1.60,3.61,3.60,3.60,3.59,3.59,3.59,3.58,3.58,3.57,3.57,241.29,0.00,1.00,1.00,0.00,0.00,0.00,-1.00,0,None,0,aggregation
160,255.54,remora7,remora8,0.00,0.00,0.00,0.00,0.00,0.00,0.00,0.00,0.00,0.00,0.00,0.00,0.00,0.00,0.00,0.00,0.00,0.00,0.00,0.00,1.60,1.59,1.59,1.59,1.59,1.59,1.59,1.59,1.58,1.58,3.57,3.56,3.56,3.55,3.55,3.55,3.54,3.54,3.54,3.54,211.50,0.00,1.00,1.00,0.00,0.00,0.00,-1.00,0,None,0,aggregation
160,256.54,remora7,remora8,0.00,0.00,0.00,0.00,0.00,0.00,0.00,0.00,0.00,0.00,0.00,0.00,0.00,0.00,0.00,0.00,0.00,0.00,0.00,0.00,1.58,1.58,1.57,1.57,1.57,1.57,1.56,1.56,1.56,1.56,3.54,3.54,3.53,3.53,3.53,3.53,3.52,3.52,3.52,3.51,182.83,0.00,1.00,1.00,0.00,0.00,0.00,-1.00,0,None,0,aggregation
160,257.54,remora7,remora8,0.00,0.00,0.00,0.00,0.00,0.00,0.00,0.00,0.00,0.00,0.00,0.00,0.00,0.00,0.00,0.00,0.00,0.00,0.00,0.00,1.56,1.55,1.55,1.55,1.55,1.55,1.55,1.55,1.55,1.54,3.51,3.51,3.51,3.51,3.51,3.51,3.51,3.50,3.50,3.50,156.93,0.00,1.00,1.00,0.00,0.00,0.00,-1.00,0,None,0,aggregation
160,258.54,remora7,remora8,0.00,0.00,0.00,0.00,0.00,0.00,0.00,0.00,0.00,0.00,0.00,0.00,0.00,0.00,0.00,0.00,0.00,0.00,0.00,0.00,1.54,1.54,1.54,1.54,1.54,1.54,1.54,1.53,1.53,1.53,3.50,3.49,3.49,3.49,3.49,3.49,3.49,4.79,4.78,4.77,133.86,0.00,1.00,1.00,0.00,0.00,0.00,-1.00,0,None,0,aggregation
160,259.54,remora7,remora8,0.00,0.00,0.00,0.00,0.00,0.00,0.00,0.00,0.00,0.00,0.00,0.00,0.00,0.00,0.00,0.00,0.00,0.00,0.00,0.00,1.53,1.53,1.52,1.52,1.52,1.52,1.52,1.52,1.52,1.52,4.77,4.76,4.75,4.75,4.74,4.73,4.72,4.72,4.71,4.71,110.80,0.00,1.00,1.00,0.00,0.00,0.00,-1.00,0,None,0,aggregation
160,260.54,remora7,remora8,0.00,0.00,0.00,0.00,0.00,0.00,0.00,0.00,0.00,0.00,0.00,0.00,0.00,0.00,0.00,0.00,0.00,0.00,0.00,0.00,1.52,1.51,1.51,1.51,1.51,1.50,1.50,1.50,1.50,1.50,4.70,4.69,4.69,4.68,4.67,4.67,4.66,4.65,4.65,4.64,86.14,0.00,1.00,1.00,0.00,0.00,0.00,-1.00,0,None,0,aggregation
160,261.54,remora7,remora8,0.00,0.00,0.00,0.00,0.00,0.00,0.00,0.00,0.00,0.00,0.00,0.00,0.00,0.00,0.00,0.00,0.00,0.00,0.00,0.00,1.50,1.50,1.50,1.50,1.49,1.49,1.49,1.49,1.49,1.49,4.63,4.63,4.62,4.61,4.60,4.60,4.59,4.59,4.58,4.57,60.27,1.00,0.00,1.00,0.00,0.00,0.00,-1.00,0,None,0,aggregation
160,262.54,remora7,remora8,0.00,0.00,0.00,0.00,0.00,0.00,0.00,0.00,0.00,0.00,0.00,0.00,0.00,0.00,0.00,0.00,0.00,0.00,0.00,0.00,1.49,1.49,1.48,1.48,1.48,1.48,1.48,1.48,1.47,1.47,4.57,4.56,4.55,4.55,4.54,4.53,4.53,4.52,4.51,4.51,33.27,1.00,0.00,0.00,0.00,0.00,0.00,-1.00,0,None,0,aggregation
160,263.54,remora7,remora8,0.00,0.00,0.00,0.00,0.00,0.00,0.00,0.00,0.00,0.00,0.00,0.00,0.00,0.00,0.00,0.00,0.00,0.00,0.00,0.00,1.47,1.47,1.47,1.47,1.47,1.47,1.46,1.46,1.46,1.46,4.50,4.50,4.49,4.49,4.49,4.49,4.49,4.49,4.49,4.48,5.60,1.00,0.00,0.00,0.00,0.00,0.00,-1.00,0,None,0,aggregation
160,264.54,remora7,remora8,0.00,0.00,0.00,0.00,0.00,0.00,0.00,0.00,0.00,0.00,0.00,0.00,0.00,0.00,0.00,0.00,0.00,0.00,0.00,0.00,1.46,1.46,1.46,1.46,1.45,1.45,1.45,1.45,1.45,1.45,4.48,4.48,4.48,4.48,4.48,4.48,4.48,4.47,4.47,4.47,0.00,1.00,0.00,0.00,0.00,0.00,0.00,-1.00,0,None,0,aggregation
160,265.54,remora7,remora8,0.00,0.00,0.00,0.00,0.00,0.00,0.00,0.00,0.00,0.00,0.00,0.00,0.00,0.00,0.00,0.00,0.00,0.00,0.00,0.00,1.45,1.45,1.45,1.44,1.44,1.44,1.44,1.44,1.44,1.44,4.47,4.47,4.46,4.46,4.46,4.45,4.45,4.45,4.45,4.44,0.00,1.00,0.00,0.00,0.00,0.00,0.00,-1.00,0,None,0,aggregation
160,266.54,remora7,remora8,0.00,0.00,0.00,0.00,0.00,0.00,0.00,0.00,0.00,0.00,0.00,0.00,0.00,0.00,0.00,0.00,0.00,0.00,0.00,0.00,1.44,1.44,1.44,1.44,1.43,1.43,1.43,1.43,1.43,1.43,4.44,4.44,4.43,4.43,4.42,4.42,4.41,4.41,4.40,4.40,0.00,1.00,0.00,0.00,0.00,0.00,0.00,-1.00,0,None,0,aggregation
160,267.54,remora7,remora8,0.00,0.00,0.00,0.00,0.00,0.00,0.00,0.00,0.00,0.00,0.00,0.00,0.00,0.00,0.00,0.00,0.00,0.00,0.00,0.00,1.43,1.43,1.43,1.43,1.42,1.42,1.42,1.42,1.42,1.42,4.39,4.39,4.38,4.38,4.37,4.36,4.36,4.35,4.35,4.34,0.00,1.00,0.00,0.00,0.00,0.00,0.00,-1.00,0,None,0,aggregation
160,268.54,remora7,remora8,0.00,0.00,0.00,0.00,0.00,0.00,0.00,0.00,0.00,0.00,0.00,0.00,0.00,0.00,0.00,0.00,0.00,0.00,0.00,0.00,1.42,1.42,1.42,1.42,1.42,1.42,1.42,1.42,1.41,1.41,4.33,4.33,4.33,4.33,4.33,4.33,4.33,4.33,4.32,4.32,0.00,1.00,0.00,0.00,0.00,0.00,0.00,-1.00,0,None,0,aggregation
160,269.54,remora7,remora8,0.00,0.00,0.00,0.00,0.00,0.00,0.00,0.00,0.00,0.00,0.00,0.00,0.00,0.00,0.00,0.00,0.00,0.00,0.00,0.00,1.41,1.41,1.41,1.41,1.41,1.41,1.40,1.40,1.40,1.40,4.32,4.32,4.32,4.32,4.31,4.31,4.31,4.31,4.31,4.30,0.00,1.00,0.00,0.00,0.00,0.00,0.00,-1.00,0,None,0,aggregation
160,270.54,remora7,remora8,0.00,0.00,0.00,0.00,0.00,0.00,0.00,0.00,0.00,0.00,0.00,0.00,0.00,0.00,0.00,0.00,0.00,0.00,0.00,0.00,1.40,1.40,1.40,1.40,1.40,1.40,1.40,1.40,1.40,1.40,4.30,4.30,4.30,4.30,4.30,4.29,4.29,4.29,4.29,4.29,0.00,1.00,0.00,0.00,0.00,0.00,0.00,-1.00,0,None,0,aggregation
160,271.54,remora7,remora8,0.00,0.00,0.00,0.00,0.00,0.00,0.00,0.00,0.00,0.00,0.00,0.00,0.00,0.00,0.00,0.00,0.00,0.00,0.00,0.00,1.40,1.39,1.39,1.39,1.39,1.39,1.39,1.39,1.39,1.39,4.28,4.28,4.28,4.28,4.28,4.28,4.27,4.27,4.27,4.27,0.00,1.00,0.00,0.00,0.00,0.00,0.00,-1.00,0,None,0,aggregation
160,272.54,remora7,remora8,0.00,0.00,0.00,0.00,0.00,0.00,0.00,0.00,0.00,0.00,0.00,0.00,0.00,0.00,0.00,0.00,0.00,0.00,0.00,0.00,1.39,1.38,1.38,1.38,1.38,1.38,1.38,1.38,1.38,1.38,4.27,4.27,4.26,4.26,4.26,4.26,4.26,4.26,4.26,4.26,0.00,1.00,0.00,0.00,0.00,0.00,0.00,-1.00,0,None,0,aggregation
160,273.54,remora7,remora8,0.00,0.00,0.00,0.00,0.00,0.00,0.00,0.00,0.00,0.00,0.00,0.00,0.00,0.00,0.00,0.00,0.00,0.00,0.00,0.00,1.38,1.38,1.38,1.38,1.38,1.37,1.37,1.37,1.37,1.37,4.26,4.26,4.26,4.26,4.26,4.26,4.26,4.26,4.26,4.27,0.00,1.00,0.00,0.00,0.00,0.00,0.00,-1.00,0,None,0,aggregation
160,274.54,remora7,remora8,0.00,0.00,0.00,0.00,0.00,0.00,0.00,0.00,0.00,0.00,0.00,0.00,0.00,0.00,0.00,0.00,0.00,0.00,0.00,0.00,1.37,1.37,1.37,1.37,1.38,1.38,1.38,1.38,1.37,1.37,4.27,4.27,4.27,4.28,4.28,4.28,4.29,4.29,4.29,4.29,0.00,1.00,0.00,0.00,0.00,0.00,0.00,-1.00,0,None,0,aggregation
160,275.54,remora7,remora8,0.00,0.00,0.00,0.00,0.00,0.00,0.00,0.00,0.00,0.00,0.00,0.00,0.00,0.00,0.00,0.00,0.00,0.00,0.00,0.00,1.36,1.36,1.36,1.36,1.37,1.37,1.37,1.37,1.37,1.37,4.30,4.30,4.31,4.31,4.31,4.32,4.33,4.33,4.34,4.34,0.00,1.00,0.00,0.00,0.00,0.00,0.00,-1.00,0,None,0,aggregation
160,276.54,remora7,remora8,0.00,0.00,0.00,0.00,0.00,0.00,0.00,0.00,0.00,0.00,0.00,0.00,0.00,0.00,0.00,0.00,0.00,0.00,0.00,0.00,1.36,1.36,1.36,1.36,1.36,1.36,1.36,1.36,1.36,1.37,4.35,4.35,4.36,4.36,4.37,4.38,4.38,4.38,4.38,4.39,0.00,1.00,0.00,0.00,0.00,0.00,0.00,-1.00,0,None,0,aggregation
160,277.54,remora7,remora8,0.00,0.00,0.00,0.00,0.00,0.00,0.00,0.00,0.00,0.00,0.00,0.00,0.00,0.00,0.00,0.00,0.00,0.00,0.00,0.00,1.36,1.36,1.36,1.36,1.36,1.37,1.37,1.36,1.36,1.35,4.40,4.40,4.41,4.42,4.42,4.43,4.44,4.45,4.45,4.46,0.00,1.00,0.00,0.00,0.00,0.00,0.00,-1.00,0,None,0,aggregation
160,278.54,remora7,remora8,0.00,0.00,0.00,0.00,0.00,0.00,0.00,0.00,0.00,0.00,0.00,0.00,0.00,0.00,0.00,0.00,0.00,0.00,0.00,0.00,1.35,1.35,1.35,1.35,1.36,1.36,1.36,1.35,1.35,1.34,4.46,4.47,4.48,4.49,4.49,4.50,4.51,4.52,4.52,4.53,0.00,1.00,0.00,0.00,0.00,0.00,0.00,-1.00,0,None,0,aggregation
160,279.54,remora7,remora8,0.00,0.00,0.00,0.00,0.00,0.00,0.00,0.00,0.00,0.00,0.00,0.00,0.00,0.00,0.00,0.00,0.00,0.00,0.00,0.00,1.34,1.34,1.34,1.34,1.34,1.34,1.35,1.35,1.35,1.35,4.54,4.55,4.55,4.56,4.57,3.82,3.82,3.82,3.83,3.83,0.00,1.00,0.00,0.00,0.00,0.00,0.00,-1.00,0,None,0,aggregation
160,280.54,remora7,remora8,0.00,0.00,0.00,0.00,0.00,0.00,0.00,0.00,0.00,0.00,0.00,0.00,0.00,0.00,0.00,0.00,0.00,0.00,0.00,0.00,1.34,1.33,1.33,1.33,1.33,1.33,1.34,1.34,1.34,1.35,3.83,3.84,3.84,3.84,3.84,3.84,3.85,3.86,3.86,3.87,0.00,1.00,0.00,0.00,0.00,0.00,0.00,-1.00,0,None,0,aggregation
160,281.54,remora7,remora8,0.00,0.00,0.00,0.00,0.00,0.00,0.00,0.00,0.00,0.00,0.00,0.00,0.00,0.00,0.00,0.00,0.00,0.00,0.00,0.00,1.35,1.34,1.34,1.33,1.33,1.33,1.33,1.33,1.34,1.34,3.88,3.88,3.88,3.88,3.88,3.89,3.89,3.89,3.90,3.90,0.00,1.00,0.00,0.00,0.00,0.00,0.00,-1.00,0,None,0,aggregation
160,282.54,remora7,remora8,0.00,0.00,0.00,0.00,0.00,0.00,0.00,0.00,0.00,0.00,0.00,0.00,0.00,0.00,0.00,0.00,0.00,0.00,0.00,0.00,1.34,1.33,1.33,1.33,1.34,1.34,1.34,1.34,1.33,1.32,3.90,3.90,3.91,3.92,3.93,3.95,3.95,3.96,3.96,3.96,0.00,1.00,0.00,0.00,0.00,0.00,0.00,-1.00,0,None,0,aggregation
160,283.54,remora7,remora8,0.00,0.00,0.00,0.00,0.00,0.00,0.00,0.00,0.00,0.00,0.00,0.00,0.00,0.00,0.00,0.00,0.00,0.00,0.00,0.00,1.32,1.32,1.32,1.33,1.33,1.33,1.33,1.33,1.32,1.33,3.96,3.97,3.97,3.98,3.98,3.99,3.99,4.00,4.00,4.01,0.00,1.00,0.00,0.00,0.00,0.00,0.00,-1.00,0,None,0,aggregation
160,284.54,remora7,remora8,0.00,0.00,0.00,0.00,0.00,0.00,0.00,0.00,0.00,0.00,0.00,0.00,0.00,0.00,0.00,0.00,0.00,0.00,0.00,0.00,1.33,1.34,1.34,1.33,1.32,1.32,1.31,1.32,1.32,1.32,4.02,4.02,4.03,4.03,4.04,4.04,4.05,4.05,4.06,4.07,0.00,1.00,0.00,0.00,0.00,0.00,0.00,-1.00,0,None,0,aggregation
160,285.54,remora7,remora8,0.00,0.00,0.00,0.00,0.00,0.00,0.00,0.00,0.00,0.00,0.00,0.00,0.00,0.00,0.00,0.00,0.00,0.00,0.00,0.00,1.32,1.32,1.33,1.33,1.33,1.33,1.32,1.32,1.31,1.31,4.08,4.08,4.09,4.10,4.11,4.12,4.13,4.13,4.14,4.15,0.00,1.00,0.00,0.00,0.00,0.00,0.00,-1.00,0,None,0,aggregation
160,286.54,remora7,remora8,0.00,0.00,0.00,0.00,0.00,0.00,0.00,0.00,0.00,0.00,0.00,0.00,0.00,0.00,0.00,0.00,0.00,0.00,0.00,0.00,1.32,1.32,1.32,1.33,1.33,1.32,1.32,1.31,1.31,1.31,4.16,4.17,4.18,4.19,4.20,4.21,4.22,4.23,4.24,4.25,0.00,1.00,0.00,0.00,0.00,0.00,0.00,-1.00,0,None,0,aggregation
160,287.54,remora7,remora8,0.00,0.00,0.00,0.00,0.00,0.00,0.00,0.00,0.00,0.00,0.00,0.00,0.00,0.00,0.00,0.00,0.00,0.00,0.00,0.00,1.31,1.32,1.32,1.31,1.31,1.30,1.30,1.30,1.30,1.30,4.26,4.27,4.29,4.30,4.31,4.32,4.33,4.34,4.35,4.36,0.00,1.00,0.00,0.00,0.00,0.00,0.00,-1.00,0,None,0,aggregation
160,288.54,remora7,remora8,0.00,0.00,0.00,0.00,0.00,0.00,0.00,0.00,0.00,0.00,0.00,0.00,0.00,0.00,0.00,0.00,0.00,0.00,0.00,0.00,1.31,1.31,1.31,1.32,1.32,1.32,1.31,1.31,1.30,1.31,4.38,4.39,4.40,4.42,4.43,4.44,4.45,4.46,4.61,4.61,0.00,1.00,0.00,0.00,0.00,0.00,0.00,-1.00,0,None,0,aggregation
160,289.54,remora7,remora8,0.00,0.00,0.00,0.00,0.00,0.00,0.00,0.00,0.00,0.00,0.00,0.00,0.00,0.00,0.00,0.00,0.00,0.00,0.00,0.00,1.31,1.31,1.31,1.31,1.31,1.30,1.30,1.30,1.30,1.31,4.62,4.63,4.64,4.65,4.66,4.66,4.67,4.68,4.68,4.69,0.00,1.00,0.00,0.00,0.00,0.00,0.00,-1.00,0,None,0,aggregation
160,290.54,remora7,remora8,0.00,0.00,0.00,0.00,0.00,0.00,0.00,0.00,0.00,0.00,0.00,0.00,0.00,0.00,0.00,0.00,0.00,0.00,0.00,0.00,1.31,1.30,1.30,1.30,1.29,1.30,1.30,1.30,1.30,1.30,4.68,4.67,4.67,4.66,4.65,4.65,4.64,4.64,4.63,4.63,0.00,1.00,0.00,0.00,0.00,0.00,0.00,-1.00,0,None,0,aggregation
160,291.54,remora7,remora8,0.00,0.00,0.00,0.00,0.00,0.00,0.00,0.00,0.00,0.00,0.00,0.00,0.00,0.00,0.00,0.00,0.00,0.00,0.00,0.00,1.30,1.30,1.30,1.29,1.29,1.29,1.30,1.30,1.30,1.29,4.63,4.62,4.62,4.61,4.61,4.61,4.61,4.61,4.60,4.60,0.00,1.00,0.00,0.00,0.00,0.00,0.00,-1.00,0,None,0,aggregation
160,292.54,remora7,remora8,0.00,0.00,0.00,0.00,0.00,0.00,0.00,0.00,0.00,0.00,0.00,0.00,0.00,0.00,0.00,0.00,0.00,0.00,0.00,0.00,1.29,1.30,1.30,1.29,1.29,1.29,1.29,1.30,1.30,1.29,4.60,4.60,4.60,4.60,4.60,4.60,4.60,4.60,4.60,4.60,0.00,1.00,0.00,0.00,0.00,0.00,0.00,-1.00,0,None,0,aggregation
160,293.54,remora7,remora8,0.00,0.00,0.00,0.00,0.00,0.00,0.00,0.00,0.00,0.00,0.00,0.00,0.00,0.00,0.00,0.00,0.00,0.00,0.00,0.00,1.29,1.29,1.29,1.29,1.29,1.29,1.29,1.29,1.29,1.29,4.60,4.60,4.59,4.59,4.59,4.59,4.59,4.59,4.59,4.59,0.00,1.00,0.00,0.00,0.00,0.00,0.00,-1.00,0,None,0,aggregation
160,294.54,remora7,remora8,0.00,0.00,0.00,0.00,0.00,0.00,0.00,0.00,-35.23,-35.23,0.00,0.00,0.00,0.00,0.00,0.00,0.00,0.00,-24.76,-24.76,1.29,1.29,1.29,1.29,1.29,1.29,1.29,1.29,1.30,1.33,4.59,4.59,4.59,4.58,4.58,4.58,4.58,4.58,4.57,4.58,6.00,1.00,0.00,0.00,0.00,0.00,0.00,-1.00,0,None,0,aggregation
160,295.54,remora7,remora8,-35.17,-35.17,-34.60,-34.60,-33.57,-33.57,-32.24,-32.24,-30.77,-30.77,-24.70,-24.70,-24.14,-24.14,-23.10,-23.10,-21.77,-21.77,-20.31,-20.31,1.35,1.38,1.41,1.43,1.46,1.49,1.51,1.54,1.57,1.59,4.58,4.58,4.58,4.58,4.58,4.59,4.59,4.59,4.59,4.59,34.04,1.00,0.00,0.00,0.00,0.00,0.00,-1.00,0,None,0,aggregation
160,296.54,remora7,remora8,-28.91,-28.91,-26.90,-26.90,-24.43,-24.43,-21.70,-21.70,-19.28,-19.28,-18.44,-18.44,-16.44,-16.44,-13.97,-13.97,-11.24,-11.24,-8.82,-8.82,1.62,1.65,1.67,1.69,1.71,1.73,1.75,1.76,1.78,1.80,4.59,4.58,4.58,4.58,4.58,4.57,4.57,4.56,4.56,4.55,53.05,0.00,1.00,1.00,0.00,0.00,0.00,-1.00,0,None,0,aggregation
160,297.54,remora7,remora8,-16.85,-16.85,-14.52,-14.52,-12.04,-12.04,-9.61,-9.61,-7.33,-7.33,-6.38,-6.38,-4.05,-4.05,-1.58,-1.58,0.85,0.85,3.13,3.13,1.81,1.83,1.84,1.85,1.86,1.86,1.87,1.87,1.88,1.88,4.55,4.54,4.54,4.53,4.53,4.52,4.51,4.51,4.50,4.50,59.89,0.00,1.00,1.00,0.00,0.00,0.00,-1.00,0,None,0,aggregation
160,298.54,remora7,remora8,-5.15,-5.15,-2.84,-2.84,-0.60,-0.60,1.74,1.74,3.80,3.80,5.29,5.29,7.15,7.15,8.93,8.93,10.80,10.80,12.44,12.44,1.89,1.89,1.89,1.89,1.89,1.89,1.88,1.88,1.88,1.87,4.49,4.48,4.48,4.47,4.47,4.46,4.46,4.45,4.45,4.44,64.04,0.00,1.00,1.00,0.00,0.00,0.00,-1.00,0,None,0,aggregation
160,299.54,remora7,remora8,5.48,5.48,7.25,7.25,8.49,8.49,9.72,9.72,11.15,11.15,13.77,13.77,15.16,15.16,16.14,16.14,17.10,17.10,18.21,18.21,1.87,1.87,1.86,1.86,1.85,1.85,1.84,1.83,1.83,1.82,4.44,4.44,4.43,4.43,4.43,4.43,4.42,4.42,4.42,4.42,76.29,0.00,1.00,1.00,0.00,0.00,0.00,-1.00,0,None,0,aggregation
160,300.54,remora7,remora8,12.54,12.54,13.82,13.82,14.83,14.83,15.58,15.58,16.24,16.24,19.28,19.28,20.26,20.26,21.02,21.02,21.60,21.60,22.09,22.09,1.81,1.81,1.80,1.80,1.79,1.79,1.79,1.78,1.78,1.78,4.42,4.42,4.42,4.42,4.42,4.42,4.43,4.43,4.43,4.43,94.02,0.00,1.00,1.00,0.00,0.00,0.00,-1.00,0,None,0,aggregation
160,301.54,remora7,remora8,16.95,16.95,17.70,17.70,18.63,18.63,19.53,19.53,19.93,19.93,22.62,22.62,23.17,23.17,23.85,23.85,24.50,24.50,24.79,24.79,1.78,1.78,1.78,1.78,1.78,1.78,1.78,1.78,1.78,2.15,4.44,4.44,4.45,4.45,4.45,4.46,4.46,4.47,4.48,5.83,115.18,0.00,1.00,1.00,0.00,0.00,0.00,-1.00,0,None,0,aggregation
160,302.54,remora7,remora8,20.21,20.21,20.57,20.57,20.66,20.66,20.89,20.89,21.30,21.30,24.99,24.99,25.25,25.25,25.31,25.31,25.47,25.47,25.76,25.76,2.16,2.16,2.16,2.16,2.16,2.16,2.17,2.17,2.17,2.17,5.84,5.85,5.85,5.86,5.87,5.88,5.89,5.89,5.90,5.91,138.22,0.00,1.00,1.00,0.00,0.00,0.00,-1.00,0,None,0,aggregation
160,303.54,remora7,remora8,21.68,21.68,22.01,22.01,22.16,22.16,22.48,22.48,22.77,22.77,26.02,26.02,26.25,26.25,26.35,26.35,26.57,26.57,26.76,26.76,2.18,2.18,2.18,2.19,2.19,2.19,2.20,2.20,2.21,2.21,5.92,5.92,5.93,5.94,5.95,5.96,5.96,5.97,5.98,5.99,162.53,0.00,1.00,1.00,0.00,0.00,0.00,-1.00,0,None,0,aggregation
160,304.54,remora7,remora8,22.74,22.74,22.87,22.87,23.23,23.23,23.41,23.41,23.46,23.46,26.74,26.74,26.83,26.83,27.07,27.07,27.19,27.19,27.22,27.22,2.21,2.22,2.22,2.23,2.23,2.24,2.24,2.25,2.26,2.26,5.99,6.00,6.01,6.02,6.02,6.03,6.04,6.05,6.05,6.06,181.61,0.00,1.00,1.00,0.00,0.00,0.00,-1.00,0,None,0,aggregation
160,305.54,remora7,remora8,23.45,23.45,23.61,23.61,23.59,23.59,23.72,23.72,23.80,23.80,27.22,27.22,27.32,27.32,27.31,27.31,27.40,27.40,27.44,27.44,2.27,2.27,2.28,2.29,2.29,2.30,2.31,2.32,2.32,2.33,6.07,6.08,6.08,6.09,6.10,6.10,6.11,6.12,6.12,6.13,179.05,0.00,1.00,1.00,0.00,0.00,0.00,-1.00,0,None,0,aggregation
160,306.54,remora7,remora8,23.90,23.90,23.98,23.98,23.90,23.90,23.90,23.90,24.14,24.14,27.51,27.51,27.56,27.56,27.51,27.51,27.51,27.51,27.66,27.66,2.35,2.37,2.40,2.42,2.45,2.47,2.50,2.52,2.55,2.57,6.14,6.16,6.17,6.18,6.20,6.21,6.23,6.24,6.26,6.27,185.80,0.00,1.00,1.00,0.00,0.00,0.00,-1.00,0,None,0,aggregation
160,307.54,remora7,remora8,24.22,24.22,24.26,24.26,24.31,24.31,24.32,24.32,24.46,24.46,27.72,27.72,27.74,27.74,27.77,27.77,27.78,27.78,27.87,27.87,2.60,2.62,2.65,2.67,2.70,2.72,2.74,2.77,2.79,2.82,6.28,6.30,6.31,6.32,6.33,6.35,6.36,6.37,6.38,6.39,205.01,0.00,1.00,1.00,0.00,0.00,0.00,-1.00,0,None,0,aggregation
160,308.54,remora7,remora8,24.50,24.50,24.61,24.61,24.83,24.83,24.86,24.86,25.03,25.03,27.89,27.89,27.96,27.96,28.10,28.10,28.12,28.12,28.22,28.22,2.84,2.86,2.89,2.91,2.94,2.96,2.98,3.01,3.03,3.06,6.40,6.41,6.43,6.44,6.45,6.46,6.47,6.48,6.49,6.50,227.26,0.00,1.00,1.00,0.00,0.00,0.00,-1.00,0,None,0,aggregation
160,309.54,remora7,remora8,25.09,25.09,25.22,25.22,25.32,25.32,25.49,25.49,25.63,25.63,28.26,28.26,28.34,28.34,28.39,28.39,28.50,28.50,28.58,28.58,3.08,3.10,3.13,3.15,3.17,3.20,3.22,3.24,3.27,3.29,6.51,6.51,6.52,6.53,6.54,6.55,6.56,6.57,6.57,6.58,241.90,0.00,0.00,1.00,0.00,0.00,0.00,-1.00,0,None,0,aggregation
160,310.54,remora7,remora8,25.85,25.85,26.11,26.11,26.13,26.13,26.25,26.25,26.45,26.45,28.71,28.71,28.86,28.86,28.87,28.87,28.93,28.93,29.05,29.05,3.31,3.34,3.36,3.38,3.41,3.43,3.45,3.48,3.50,3.52,6.59,6.60,6.61,6.61,6.62,6.63,6.63,6.64,6.65,6.65,251.69,0.00,0.00,1.00,0.00,0.00,0.00,-1.00,0,None,0,aggregation
160,311.54,remora7,remora8,26.59,26.59,26.73,26.73,26.90,26.90,26.98,26.98,27.18,27.18,29.12,29.12,29.20,29.20,29.29,29.29,29.33,29.33,29.43,29.43,3.54,3.57,3.59,3.61,3.64,3.66,3.68,3.70,3.73,3.75,6.66,6.67,6.67,6.68,6.68,6.69,6.70,6.70,6.71,6.71,258.60,0.00,0.00,1.00,0.00,0.00,0.00,-1.00,0,None,0,aggregation
160,312.54,remora7,remora8,27.24,27.24,27.35,27.35,27.45,27.45,27.59,27.59,27.67,27.67,29.46,29.46,29.51,29.51,29.56,29.56,29.63,29.63,29.66,29.66,3.77,3.80,3.82,3.84,3.86,3.89,3.91,3.93,3.95,3.98,6.72,6.72,6.73,6.73,6.74,6.74,6.75,6.75,6.75,6.76,264.07,0.00,0.00,1.00,0.00,0.00,0.00,-1.00,0,None,0,aggregation
160,313.54,remora7,remora8,27.80,27.80,27.92,27.92,28.02,28.02,28.08,28.08,28.18,28.18,29.72,29.72,29.77,29.77,29.82,29.82,29.84,29.84,29.88,29.88,4.00,4.02,4.04,4.06,4.09,4.11,4.13,4.15,4.18,4.20,6.76,6.77,6.77,6.77,6.78,6.78,6.79,6.79,6.79,6.80,268.67,0.00,0.00,1.00,0.00,0.00,0.00,-1.00,0,None,0,aggregation
160,314.54,remora7,remora8,28.20,28.20,28.32,28.32,28.26,28.26,28.29,28.29,28.48,28.48,29.89,29.89,29.93,29.93,29.91,29.91,29.92,29.92,29.99,29.99,4.22,4.24,4.27,4.29,4.31,4.33,4.35,4.38,4.40,4.42,6.80,6.80,6.81,6.81,6.81,6.82,6.82,6.82,6.83,6.83,272.71,0.00,0.00,1.00,0.00,0.00,0.00,-1.00,0,None,0,aggregation
160,315.54,remora7,remora8,28.44,28.44,28.51,28.51,28.53,28.53,28.38,28.38,28.42,28.42,29.97,29.97,30.00,30.00,30.01,30.01,29.95,29.95,29.97,29.97,4.44,4.46,4.49,4.51,4.53,4.55,4.57,4.60,4.62,4.64,6.83,6.83,6.84,6.84,6.84,6.85,6.85,6.85,6.85,6.86,276.44,0.00,0.00,1.00,0.00,0.00,0.00,-1.00,0,None,0,aggregation
160,316.54,remora7,remora8,28.45,28.45,28.36,28.36,28.30,28.30,28.14,28.14,28.07,28.07,29.98,29.98,29.95,29.95,29.92,29.92,29.86,29.86,29.84,29.84,4.66,4.68,4.71,4.73,4.75,4.77,4.79,4.81,4.84,4.86,6.86,6.86,6.86,6.87,6.87,6.87,6.87,6.87,6.88,6.88,279.77,0.00,0.00,1.00,0.00,0.00,0.00,-1.00,0,None,0,aggregation
160,317.54,remora7,remora8,27.96,27.96,27.70,27.70,27.28,27.28,27.24,27.24,26.72,26.72,29.79,29.79,29.68,29.68,29.48,29.48,29.46,29.46,29.19,29.19,4.88,4.90,4.92,4.94,4.96,4.98,5.00,5.03,5.05,5.07,6.88,6.88,6.88,6.89,6.89,6.89,6.89,6.89,6.89,6.90,282.18,0.00,0.00,1.00,0.00,0.00,0.00,-1.00,0,None,0,aggregation
160,318.54,remora7,remora8,26.74,26.74,26.31,26.31,25.80,25.80,25.58,25.58,25.10,25.10,29.21,29.21,28.97,28.97,28.68,28.68,28.55,28.55,28.26,28.26,5.09,5.11,5.13,5.15,5.17,5.19,5.21,5.22,5.24,5.26,6.90,6.90,6.90,6.90,6.90,6.90,6.90,6.90,6.91,6.91,283.09,0.00,0.00,1.00,0.00,0.00,0.00,-1.00,0,None,0,aggregation
160,319.54,remora7,remora8,25.57,25.57,26.01,26.01,26.23,26.23,26.64,26.64,26.93,26.93,28.54,28.54,28.80,28.80,28.92,28.92,29.15,29.15,29.30,29.30,5.28,5.30,5.32,5.34,5.36,5.38,5.39,5.41,5.43,5.45,6.91,6.91,6.91,6.91,6.91,6.91,6.91,6.91,6.91,6.91,283.81,0.00,0.00,1.00,0.00,0.00,0.00,-1.00,0,None,0,aggregation
160,320.54,remora7,remora8,27.22,27.22,27.49,27.49,27.74,27.74,27.99,27.99,28.07,28.07,29.45,29.45,29.58,29.58,29.70,29.70,29.80,29.80,29.83,29.83,5.47,5.49,5.51,5.52,5.54,5.56,5.58,5.60,5.62,5.63,6.91,6.90,6.90,6.90,6.90,6.90,6.90,6.90,6.90,6.90,284.98,0.00,0.00,1.00,0.00,0.00,0.00,-1.00,0,None,0,aggregation
160,321.54,remora7,remora8,0.00,0.00,30.00,30.00,30.00,30.00,30.00,30.00,30.00,30.00,0.00,0.00,30.00,30.00,30.00,30.00,30.00,30.00,30.00,30.00,5.65,5.65,5.66,5.68,5.69,5.71,5.73,5.75,5.77,5.79,6.90,6.90,6.90,6.90,6.89,6.89,6.89,6.89,6.89,6.89,280.90,0.00,0.00,1.00,0.00,0.00,0.00,-1.00,0,None,0,aggregation
160,322.54,remora7,remora8,30.00,30.00,30.00,30.00,30.00,30.00,30.00,30.00,30.00,30.00,30.00,30.00,30.00,30.00,30.00,30.00,30.00,30.00,30.00,30.00,5.81,5.82,5.84,5.86,5.88,5.90,5.92,5.94,5.96,5.98,6.89,6.88,6.88,6.88,6.88,6.88,6.88,6.88,6.88,6.88,282.39,0.00,0.00,1.00,0.00,0.00,0.00,-1.00,0,None,0,aggregation
160,323.54,remora7,remora8,30.00,30.00,30.00,30.00,30.00,30.00,30.00,30.00,30.00,30.00,30.00,30.00,30.00,30.00,30.00,30.00,30.00,30.00,30.00,30.00,5.99,6.01,6.03,6.05,6.07,6.09,6.11,6.13,6.15,6.17,6.88,6.88,6.88,6.88,6.88,6.88,6.88,6.88,6.88,6.88,283.49,0.00,0.00,1.00,0.00,0.00,0.00,-1.00,0,None,0,aggregation
160,324.54,remora7,remora8,0.00,0.00,29.66,29.66,29.69,29.69,29.77,29.77,29.86,29.86,0.00,0.00,30.17,30.17,30.16,30.16,30.14,30.14,30.10,30.10,6.19,6.19,6.20,6.22,6.24,6.26,6.28,6.30,6.32,6.34,6.88,6.88,6.88,6.88,6.88,6.88,6.88,6.89,6.89,6.89,278.33,0.00,0.00,1.00,0.00,0.00,0.00,-1.00,0,None,0,aggregation
160,325.54,remora7,remora8,29.91,29.91,29.96,29.96,30.00,30.00,30.04,30.04,30.07,30.07,30.07,30.07,30.04,30.04,30.00,30.00,29.96,29.96,29.91,29.91,6.36,7.40,7.38,7.36,7.34,7.32,7.30,7.28,7.26,7.24,6.89,7.40,7.38,7.36,7.34,7.32,7.30,7.28,7.26,7.24,279.10,0.00,0.00,1.00,0.00,0.00,0.00,-1.00,0,None,0,aggregation
160,326.54,remora7,remora8,30.09,30.09,30.10,30.10,30.14,30.14,30.15,30.15,30.16,30.16,29.88,29.88,29.86,29.86,29.77,29.77,29.73,29.73,29.69,29.69,7.22,7.20,7.19,7.17,7.15,7.13,7.12,7.10,7.08,7.07,7.22,7.20,7.19,7.17,7.15,7.13,7.12,7.10,7.08,7.07,279.97,0.00,0.00,1.00,0.00,0.00,0.00,-1.00,0,None,0,aggregation
160,327.54,remora7,remora8,30.17,30.17,30.17,30.17,30.18,30.18,30.18,30.18,30.18,30.18,29.66,29.66,29.62,29.62,29.57,29.57,29.53,29.53,29.49,29.49,7.05,7.04,7.03,7.01,7.00,6.99,6.97,6.96,6.95,6.94,7.05,7.04,7.03,7.01,7.00,6.99,6.97,6.96,6.95,6.94,281.40,0.00,0.00,1.00,0.00,0.00,0.00,-1.00,0,None,0,aggregation
160,328.54,remora7,remora8,30.19,30.19,30.18,30.18,30.18,30.18,30.18,30.18,30.18,30.18,29.44,29.44,29.39,29.39,29.39,29.39,29.34,29.34,29.29,29.29,6.93,6.92,6.91,6.90,6.89,6.89,6.88,6.87,6.86,6.86,6.93,6.92,6.91,6.90,6.89,6.89,6.88,6.87,6.86,6.86,283.86,0.00,0.00,1.00,0.00,0.00,0.00,-1.00,0,None,0,aggregation
160,329.54,remora7,remora8,30.17,30.17,30.17,30.17,30.16,30.16,30.16,30.16,30.16,30.16,29.24,29.24,29.24,29.24,29.14,29.14,29.14,29.14,29.14,29.14,6.85,6.85,6.84,6.84,6.84,6.83,6.83,6.83,6.83,6.83,6.85,6.85,6.84,6.84,6.90,6.83,6.83,6.83,6.83,6.83,285.92,0.00,0.00,1.00,0.00,0.00,0.00,-1.00,0,None,0,aggregation
160,330.54,remora7,remora8,30.14,30.14,30.14,30.14,30.14,30.14,30.13,30.13,30.11,30.11,29.02,29.02,29.02,29.02,29.02,29.02,28.96,28.96,28.90,28.90,6.83,6.82,6.82,6.83,6.83,6.83,6.83,6.83,6.83,6.83,6.83,6.82,6.82,6.83,6.83,6.83,6.83,6.83,6.83,6.83,286.79,0.00,0.00,1.00,0.00,0.00,0.00,-1.00,0,None,0,aggregation
160,331.54,remora7,remora8,30.11,30.11,30.11,30.11,30.10,30.10,30.10,30.10,30.10,30.10,28.90,28.90,28.90,28.90,28.84,28.84,28.84,28.84,28.84,28.84,6.84,6.84,6.84,6.85,6.85,6.86,6.86,6.87,6.87,6.88,6.84,6.84,6.84,6.85,6.85,6.86,6.86,6.87,6.87,6.88,292.27,0.00,0.00,1.00,0.00,0.00,0.00,-1.00,0,None,0,aggregation
160,332.54,remora7,remora8,30.10,30.10,30.08,30.08,30.08,30.08,30.08,30.08,30.10,30.10,28.84,28.84,28.78,28.78,28.78,28.78,28.78,28.78,28.84,28.84,6.88,6.89,6.89,6.90,6.91,6.92,6.92,6.93,6.94,6.95,6.88,6.89,6.89,6.90,6.91,6.92,6.92,6.93,6.94,6.95,291.72,0.00,0.00,1.00,0.00,0.00,0.00,-1.00,0,None,0,aggregation
160,333.54,remora7,remora8,30.10,30.10,30.10,30.10,30.10,30.10,30.10,30.10,30.11,30.11,28.84,28.84,28.84,28.84,28.84,28.84,28.84,28.84,28.90,28.90,6.96,6.96,6.97,6.98,6.99,7.00,7.01,7.02,7.03,7.04,6.96,6.96,6.97,6.98,6.99,7.00,7.01,7.02,7.03,7.04,291.19,0.00,0.00,1.00,0.00,0.00,0.00,-1.00,0,None,0,aggregation
160,334.54,remora7,remora8,30.11,30.11,30.11,30.11,30.11,30.11,30.13,30.13,30.13,30.13,28.90,28.90,28.90,28.90,28.90,28.90,28.96,28.96,28.96,28.96,7.05,7.06,7.07,7.09,7.10,7.11,7.12,7.13,7.15,7.16,7.05,7.06,7.07,7.09,7.10,7.11,7.12,7.13,7.15,7.16,296.76,0.00,0.00,1.00,0.00,0.00,0.00,-1.00,0,None,0,aggregation
160,335.54,remora7,remora8,30.14,30.14,30.14,30.14,30.15,30.15,30.15,30.15,30.16,30.16,29.02,29.02,29.02,29.02,29.08,29.08,29.08,29.08,29.14,29.14,7.18,7.19,7.21,7.22,7.24,7.25,7.27,7.29,7.30,7.32,7.18,7.19,7.21,7.22,7.24,7.25,7.27,7.29,7.30,7.32,296.37,0.00,0.00,1.00,0.00,0.00,0.00,-1.00,0,None,0,aggregation
160,131.54,remora6,remora7,0.00,0.00,0.00,0.00,0.00,0.00,0.00,0.00,0.00,0.00,0.00,0.00,0.00,0.00,0.00,0.00,0.00,0.00,0.00,0.00,2.48,2.51,2.53,2.56,2.59,2.61,2.64,2.66,2.69,2.72,5.95,5.95,5.96,5.96,5.97,5.97,5.98,5.98,5.99,5.99,0.00,0.00,1.00,0.00,0.00,0.00,0.00,-1.00,0,None,0,aggregation
160,132.54,remora6,remora7,0.00,0.00,0.00,0.00,0.00,0.00,0.00,0.00,0.00,0.00,0.00,0.00,0.00,0.00,0.00,0.00,0.00,0.00,0.00,0.00,2.74,2.77,2.79,2.82,2.85,2.87,2.90,2.92,2.95,2.98,6.00,6.00,6.01,6.01,6.02,6.02,6.02,6.03,6.04,6.04,0.00,0.00,1.00,0.00,0.00,0.00,0.00,-1.00,0,None,0,aggregation
160,133.54,remora6,remora7,0.00,0.00,0.00,0.00,0.00,0.00,0.00,0.00,0.00,0.00,0.00,0.00,0.00,0.00,0.00,0.00,0.00,0.00,0.00,0.00,3.00,3.03,3.05,3.08,3.10,3.12,3.15,3.17,3.20,3.22,6.05,6.05,6.06,6.07,6.07,6.08,6.08,6.09,6.09,6.10,0.00,0.00,0.00,0.00,0.00,0.00,0.00,-1.00,0,None,0,aggregation
160,134.54,remora6,remora7,0.00,0.00,0.00,0.00,0.00,0.00,0.00,0.00,0.00,0.00,0.00,0.00,0.00,0.00,0.00,0.00,0.00,0.00,0.00,0.00,3.25,3.27,3.29,3.32,3.34,3.36,3.38,3.40,3.43,3.45,6.11,6.11,6.12,6.12,6.13,6.13,6.14,6.14,6.15,6.15,0.00,0.00,0.00,0.00,0.00,0.00,0.00,-1.00,0,None,0,aggregation
160,135.54,remora6,remora7,0.00,0.00,0.00,0.00,0.00,0.00,0.00,0.00,0.00,0.00,0.00,0.00,0.00,0.00,0.00,0.00,0.00,0.00,0.00,0.00,3.47,3.49,3.51,3.53,3.55,3.57,3.59,3.61,3.63,3.65,6.16,6.17,6.17,6.18,6.19,6.19,6.20,6.21,6.21,6.22,0.00,0.00,0.00,0.00,0.00,0.00,0.00,-1.00,0,None,0,aggregation
160,136.54,remora6,remora7,0.00,0.00,0.00,0.00,0.00,0.00,0.00,0.00,0.00,0.00,0.00,0.00,0.00,0.00,0.00,0.00,0.00,0.00,0.00,0.00,3.67,3.69,3.71,3.73,3.74,3.76,3.78,3.80,3.82,3.84,6.23,6.24,6.24,6.25,6.26,6.27,6.27,6.28,6.28,6.29,0.00,0.00,0.00,0.00,0.00,0.00,0.00,-1.00,0,None,0,aggregation
160,137.54,remora6,remora7,0.00,0.00,0.00,0.00,0.00,0.00,0.00,0.00,0.00,0.00,0.00,0.00,0.00,0.00,0.00,0.00,0.00,0.00,0.00,0.00,3.86,3.88,3.89,3.91,3.93,3.95,3.97,3.98,4.00,4.02,6.29,6.29,6.30,6.31,6.31,6.32,6.32,6.33,6.34,6.34,0.00,0.00,0.00,0.00,0.00,0.00,0.00,-1.00,0,None,0,aggregation
160,138.54,remora6,remora7,0.00,0.00,0.00,0.00,0.00,0.00,0.00,0.00,0.00,0.00,0.00,0.00,0.00,0.00,0.00,0.00,0.00,0.00,0.00,0.00,4.04,4.05,4.07,4.09,4.11,4.12,4.14,4.16,4.17,4.19,6.35,6.36,6.36,6.37,6.37,6.38,6.38,6.38,6.39,6.40,0.00,0.00,0.00,0.00,0.00,0.00,0.00,-1.00,0,None,0,aggregation
160,139.54,remora6,remora7,0.00,0.00,0.00,0.00,0.00,0.00,0.00,0.00,0.00,0.00,0.00,0.00,0.00,0.00,0.00,0.00,0.00,0.00,0.00,0.00,4.21,4.23,4.24,4.26,4.27,4.28,4.27,4.25,4.24,4.23,6.40,6.41,6.41,6.42,6.43,6.43,6.44,6.45,6.46,6.46,0.00,0.00,0.00,0.00,0.00,0.00,0.00,-1.00,0,None,0,aggregation
160,140.54,remora6,remora7,0.00,0.00,0.00,0.00,0.00,0.00,0.00,0.00,0.00,0.00,0.00,0.00,0.00,0.00,0.00,0.00,0.00,0.00,0.00,0.00,4.22,4.21,4.20,4.19,4.18,4.17,4.16,4.15,4.14,4.13,6.47,6.47,6.48,6.48,6.49,6.49,6.50,6.50,6.51,6.51,0.00,0.00,0.00,0.00,0.00,0.00,0.00,-1.00,0,None,0,aggregation
160,141.54,remora6,remora7,0.00,0.00,0.00,0.00,0.00,0.00,0.00,0.00,0.00,0.00,0.00,0.00,0.00,0.00,0.00,0.00,0.00,0.00,0.00,0.00,4.13,4.12,4.11,4.11,4.10,4.09,4.09,4.08,4.08,4.08,6.51,6.52,6.52,6.52,6.53,6.53,6.53,6.54,6.54,6.55,0.00,0.00,0.00,0.00,0.00,0.00,0.00,-1.00,0,None,0,aggregation
160,142.54,remora6,remora7,0.00,0.00,0.00,0.00,0.00,0.00,0.00,0.00,0.00,0.00,0.00,0.00,0.00,0.00,0.00,0.00,0.00,0.00,0.00,0.00,4.07,4.07,4.07,4.07,4.06,4.06,4.06,4.06,4.06,4.07,6.55,6.55,6.56,6.56,6.57,6.57,6.58,6.58,6.58,6.58,0.00,0.00,0.00,0.00,0.00,0.00,0.00,-1.00,0,None,0,aggregation
160,143.54,remora6,remora7,0.00,0.00,23.41,23.41,23.75,23.75,24.62,24.62,25.49,25.49,0.00,0.00,27.19,27.19,27.41,27.41,27.96,27.96,28.50,28.50,4.07,4.07,4.07,4.08,4.08,4.09,4.10,4.11,4.12,4.13,6.58,6.59,6.59,6.59,6.58,6.58,6.57,6.57,6.56,6.56,20.83,0.00,0.00,0.00,0.00,0.00,0.00,-1.00,0,None,0,aggregation
160,144.54,remora6,remora7,26.05,26.05,26.63,26.63,27.02,27.02,27.32,27.32,27.60,27.60,28.82,28.82,29.14,29.14,29.35,29.35,29.50,29.50,29.63,29.63,4.14,4.15,4.16,4.18,4.19,4.21,4.23,4.24,4.26,4.28,6.55,6.55,6.55,6.54,6.54,5.83,5.82,5.80,5.78,5.76,48.94,0.00,0.00,1.00,0.00,0.00,0.00,-1.00,0,None,0,aggregation
160,145.54,remora6,remora7,27.68,27.68,27.70,27.70,27.81,27.81,27.90,27.90,27.78,27.78,29.67,29.67,29.68,29.68,29.73,29.73,29.76,29.76,29.71,29.71,4.30,4.32,4.34,4.36,4.38,4.40,4.42,4.44,4.46,4.48,5.74,5.72,5.70,5.68,5.66,5.64,5.62,5.60,5.58,5.56,77.68,0.00,0.00,1.00,0.00,0.00,0.00,-1.00,0,None,0,aggregation
160,146.54,remora6,remora7,27.87,27.87,27.94,27.94,27.87,27.87,27.67,27.67,27.44,27.44,29.75,29.75,29.78,29.78,29.75,29.75,29.66,29.66,29.56,29.56,4.51,4.49,4.47,4.46,4.44,4.42,4.41,4.39,4.38,4.36,5.54,5.52,5.51,5.49,5.47,5.45,5.43,5.41,5.39,5.38,106.41,0.00,0.00,1.00,0.00,0.00,0.00,-1.00,0,None,0,aggregation
160,147.54,remora6,remora7,27.04,27.04,26.33,26.33,25.64,25.64,24.66,24.66,22.66,22.66,29.36,29.36,28.98,28.98,28.58,28.58,27.99,27.99,26.69,26.69,4.35,4.33,4.30,4.26,4.22,4.18,4.14,4.10,4.07,4.03,5.36,5.34,5.33,5.31,5.30,5.28,5.26,5.25,5.23,5.22,133.20,0.00,0.00,1.00,0.00,0.00,0.00,-1.00,0,None,0,aggregation
160,148.54,remora6,remora7,20.99,20.99,17.68,17.68,15.24,15.24,10.20,10.20,7.52,7.52,25.54,25.54,23.16,23.16,21.34,21.34,17.47,17.47,15.37,15.37,4.00,3.97,3.94,3.91,3.89,3.87,3.85,3.83,3.81,3.80,5.21,5.20,5.19,5.18,5.17,5.16,5.15,5.14,5.13,5.13,150.65,0.00,0.00,1.00,0.00,0.00,0.00,-1.00,0,None,0,aggregation
160,149.54,remora6,remora7,3.20,3.20,2.38,2.38,1.35,1.35,2.42,2.42,2.14,2.14,11.96,11.96,11.31,11.31,10.49,10.49,11.34,11.34,11.12,11.12,3.79,3.78,3.77,3.76,3.75,3.74,3.73,3.72,3.71,3.70,5.12,5.12,5.12,5.12,5.12,5.13,5.13,5.13,5.13,5.13,157.43,0.00,0.00,1.00,0.00,0.00,0.00,-1.00,0,None,0,aggregation
160,150.54,remora6,remora7,1.28,1.28,2.36,2.36,2.80,2.80,2.15,2.15,2.33,2.33,10.44,10.44,11.30,11.30,11.64,11.64,11.12,11.12,11.27,11.27,3.70,3.69,3.68,3.67,3.66,3.65,3.64,3.63,3.62,3.61,5.13,5.14,5.14,5.14,5.14,5.14,5.14,5.14,5.14,5.14,164.10,0.00,0.00,1.00,0.00,0.00,0.00,-1.00,0,None,0,aggregation
160,151.54,remora6,remora7,1.94,1.94,0.90,0.90,1.80,1.80,3.44,3.44,2.89,2.89,10.96,10.96,10.13,10.13,10.85,10.85,12.15,12.15,11.72,11.72,3.61,3.60,3.59,3.58,3.58,3.57,3.56,3.56,3.55,3.54,5.14,5.14,5.14,5.14,5.15,5.15,5.15,5.15,5.15,5.15,170.77,0.00,0.00,1.00,0.00,0.00,0.00,-1.00,0,None,0,aggregation
160,152.54,remora6,remora7,2.70,1.74,1.74,1.74,2.13,2.13,1.54,1.54,-0.29,-0.29,11.57,10.80,10.80,10.80,11.11,11.11,10.64,10.64,9.18,9.18,3.54,3.53,3.53,3.52,3.52,3.51,3.51,3.51,3.51,3.50,5.15,5.16,5.16,5.16,5.17,5.17,5.17,5.18,5.18,5.19,176.80,0.00,0.00,1.00,0.00,0.00,0.00,-1.00,0,None,0,aggregation
160,153.54,remora6,remora7,0.22,0.22,-1.11,-1.11,-1.43,-1.43,-0.54,-0.54,0.46,0.46,9.59,9.59,8.53,8.53,8.27,8.27,8.98,8.98,9.78,9.78,3.50,3.50,3.51,3.51,3.51,3.52,3.52,3.53,3.53,3.54,5.19,5.20,5.21,5.21,5.22,5.22,5.23,5.24,5.25,5.26,160.24,0.00,0.00,1.00,0.00,0.00,0.00,-1.00,0,None,0,aggregation
160,154.54,remora6,remora7,0.61,0.61,-0.90,-0.90,-0.36,-0.36,0.30,0.30,2.75,2.75,9.90,9.90,8.70,8.70,9.13,9.13,9.65,9.65,11.60,11.60,3.54,3.55,3.55,3.56,3.57,3.57,3.58,3.59,3.59,3.60,5.27,5.27,5.28,5.29,5.30,5.30,5.31,5.31,5.32,5.32,137.27,0.00,0.00,1.00,0.00,0.00,0.00,-1.00,0,None,0,aggregation
160,155.54,remora6,remora7,4.97,4.97,4.98,4.98,6.45,6.45,7.20,7.20,7.83,7.83,13.36,13.36,13.38,13.38,14.54,14.54,15.13,15.13,15.62,15.62,3.60,3.61,3.62,3.62,3.63,3.63,3.64,3.64,3.65,3.65,5.17,5.18,5.19,5.19,5.20,5.21,5.21,5.22,5.23,5.24,118.88,0.00,0.00,1.00,0.00,0.00,0.00,-1.00,0,None,0,aggregation
160,156.54,remora6,remora7,8.74,8.74,9.89,9.89,11.18,11.18,12.66,12.66,13.45,13.45,16.33,16.33,17.23,17.23,18.23,18.23,19.37,19.37,19.98,19.98,3.66,3.67,3.68,3.69,3.70,3.71,3.72,3.73,3.74,3.76,5.25,5.25,5.25,5.26,5.27,5.27,5.28,5.29,5.30,5.31,104.85,0.00,0.00,1.00,0.00,0.00,0.00,-1.00,0,None,0,aggregation
160,157.54,remora6,remora7,14.89,14.89,15.40,15.40,15.89,15.89,16.67,16.67,16.67,17.96,21.07,21.07,21.46,21.46,21.83,21.83,22.41,22.41,22.41,23.36,3.77,3.78,3.79,3.81,3.82,3.84,3.85,3.87,3.88,3.90,5.31,5.32,5.33,5.34,5.35,5.36,5.36,5.37,5.38,5.39,97.04,0.00,0.00,1.00,0.00,0.00,0.00,-1.00,0,None,0,aggregation
160,158.54,remora6,remora7,18.36,18.36,19.24,19.24,19.79,19.79,20.40,20.40,20.72,20.72,23.66,23.66,24.30,24.30,24.69,24.69,25.13,25.13,25.35,25.35,3.91,3.93,3.95,3.97,3.99,4.01,4.03,4.05,4.07,4.09,5.39,5.40,5.41,5.42,5.44,5.45,5.46,5.47,5.25,5.26,101.75,0.00,0.00,1.00,0.00,0.00,0.00,-1.00,0,None,0,aggregation
160,159.54,remora6,remora7,21.09,21.09,22.10,22.10,23.05,23.05,23.80,23.80,24.50,24.50,25.61,25.61,26.31,26.31,26.95,26.95,27.44,27.44,27.89,27.89,4.11,4.14,4.16,4.18,4.21,4.23,4.26,4.28,4.31,4.34,5.27,5.28,5.29,5.31,5.32,5.34,5.36,5.37,5.39,5.40,119.86,0.00,0.00,1.00,0.00,0.00,0.00,-1.00,0,None,0,aggregation
160,160.54,remora6,remora7,25.01,25.01,25.64,25.64,26.10,26.10,26.46,26.46,26.76,26.76,28.21,28.21,28.59,28.59,28.85,28.85,29.06,29.06,29.22,29.22,4.36,4.39,4.42,4.44,4.47,4.50,4.53,4.55,4.58,4.61,5.41,5.42,5.44,5.45,5.46,5.47,5.49,5.50,5.51,5.52,140.58,0.00,0.00,1.00,0.00,0.00,0.00,-1.00,0,None,0,aggregation
160,161.54,remora6,remora7,27.11,27.11,27.49,27.49,27.55,27.55,27.88,27.88,27.99,27.99,29.40,29.40,29.58,29.58,29.61,29.61,29.76,29.76,29.80,29.80,4.64,4.67,4.70,4.73,4.76,4.79,4.81,4.84,4.87,4.90,5.54,5.55,5.56,5.58,5.59,5.60,5.61,5.63,5.64,5.65,162.52,0.00,0.00,1.00,0.00,0.00,0.00,-1.00,0,None,0,aggregation
160,162.54,remora6,remora7,28.29,28.29,28.31,28.31,28.16,28.16,27.89,27.89,17.45,17.45,29.92,29.92,29.93,29.93,29.87,29.87,29.76,29.76,22.99,22.99,4.93,4.96,4.99,5.52,5.53,5.53,5.53,5.54,5.54,5.54,5.67,5.68,5.69,6.04,6.05,6.05,6.06,6.06,6.07,6.07,183.75,0.00,0.00,1.00,0.00,0.00,0.00,-1.00,0,None,0,aggregation
160,163.54,remora6,remora7,-34.30,-34.30,29.73,29.73,0.00,0.00,30.00,30.00,30.00,30.00,-23.84,-23.84,30.15,30.15,0.00,0.00,30.00,30.00,30.00,30.00,5.55,5.55,5.55,5.55,5.55,5.55,5.55,5.55,5.55,5.55,6.08,6.10,6.11,6.12,6.12,6.14,6.15,6.15,6.15,6.16,203.28,0.00,0.00,1.00,0.00,0.00,0.00,-1.00,0,None,0,aggregation
160,164.54,remora6,remora7,30.00,30.00,30.00,30.00,30.00,30.00,30.00,30.00,30.00,30.00,30.00,30.00,30.00,30.00,30.00,30.00,30.00,30.00,30.00,30.00,5.55,5.55,5.54,5.54,5.54,5.54,5.54,5.53,5.53,5.53,6.16,6.16,6.17,6.17,6.17,6.18,6.18,6.18,6.19,6.19,228.14,0.00,0.00,1.00,0.00,0.00,0.00,-1.00,0,None,0,aggregation
160,165.54,remora6,remora7,30.00,30.00,30.00,30.00,30.00,30.00,30.00,30.00,30.00,30.00,30.00,30.00,30.00,30.00,30.00,30.00,30.00,30.00,30.00,30.00,5.53,5.52,5.52,5.52,5.52,5.52,5.51,5.51,5.51,5.51,6.19,6.20,6.20,6.20,6.21,6.21,6.21,6.22,6.22,6.22,247.79,0.00,0.00,1.00,0.00,0.00,0.00,-1.00,0,None,0,aggregation
160,166.54,remora6,remora7,30.00,30.00,30.00,30.00,30.00,30.00,30.00,30.00,30.00,30.00,30.00,30.00,30.00,30.00,30.00,30.00,30.00,30.00,30.00,30.00,5.51,5.50,5.50,5.50,5.50,5.50,5.49,5.49,5.49,5.49,6.23,6.23,6.23,6.24,6.24,6.24,6.25,6.25,6.25,6.26,263.09,0.00,0.00,1.00,0.00,0.00,0.00,-1.00,0,None,0,aggregation
160,167.54,remora6,remora7,30.00,30.00,30.00,30.00,30.00,30.00,30.00,30.00,30.00,30.00,30.00,30.00,30.00,30.00,30.00,30.00,30.00,30.00,30.00,30.00,5.48,5.48,5.48,5.48,5.48,5.47,5.47,5.47,5.47,5.46,6.26,6.27,6.27,6.27,6.28,6.28,6.28,6.29,6.29,6.29,274.11,0.00,0.00,1.00,0.00,0.00,0.00,-1.00,0,None,0,aggregation
160,168.54,remora6,remora7,30.00,30.00,30.00,30.00,30.00,30.00,30.00,30.00,30.00,30.00,30.00,30.00,30.00,30.00,30.00,30.00,30.00,30.00,30.00,30.00,5.46,5.46,5.46,5.46,5.45,5.45,5.45,5.45,5.44,5.44,6.30,6.30,6.30,6.31,6.31,6.31,6.32,6.32,6.32,6.33,281.94,0.00,0.00,1.00,0.00,0.00,0.00,-1.00,0,None,0,aggregation
160,169.54,remora6,remora7,30.00,30.00,30.00,30.00,30.00,30.00,30.00,30.00,30.00,30.00,30.00,30.00,30.00,30.00,30.00,30.00,30.00,30.00,30.00,30.00,5.44,5.44,5.43,5.43,5.43,5.43,5.43,5.42,5.42,5.42,6.33,6.33,6.34,6.34,6.34,6.35,6.35,6.35,6.36,6.36,287.07,0.00,0.00,1.00,0.00,0.00,0.00,-1.00,0,None,0,aggregation
160,170.54,remora6,remora7,30.00,30.00,30.00,30.00,30.00,30.00,30.00,30.00,30.00,30.00,30.00,30.00,30.00,30.00,30.00,30.00,30.00,30.00,30.00,30.00,5.42,5.41,5.41,5.41,5.41,5.41,5.40,5.40,5.40,5.40,6.36,6.37,6.37,6.37,6.38,6.38,6.38,6.39,6.39,6.39,289.68,0.00,0.00,1.00,0.00,0.00,0.00,-1.00,0,None,0,aggregation
160,171.54,remora6,remora7,30.00,30.00,30.00,30.00,30.00,30.00,30.00,30.00,30.00,30.00,30.00,30.00,30.00,30.00,30.00,30.00,30.00,30.00,30.00,30.00,5.39,5.39,5.39,5.39,5.39,5.38,5.38,5.38,5.38,5.37,6.40,6.40,6.41,6.41,6.41,6.42,6.42,6.42,6.43,6.43,291.06,0.00,0.00,1.00,0.00,0.00,0.00,-1.00,0,None,0,aggregation
160,172.54,remora6,remora7,30.00,30.00,30.00,30.00,30.00,30.00,30.00,30.00,30.00,30.00,30.00,30.00,30.00,30.00,30.00,30.00,30.00,30.00,30.00,30.00,5.37,5.37,5.37,5.36,5.36,5.36,5.36,5.36,5.35,5.35,6.43,6.44,6.44,6.44,6.45,6.45,6.45,6.46,6.46,6.46,293.80,0.00,0.00,1.00,0.00,0.00,0.00,-1.00,0,None,0,aggregation
160,173.54,remora6,remora7,30.00,30.00,30.00,30.00,30.00,30.00,30.00,30.00,30.00,30.00,30.00,30.00,30.00,30.00,30.00,30.00,30.00,30.00,30.00,30.00,5.35,5.35,5.34,5.34,5.34,5.34,5.34,5.33,5.33,5.33,6.47,6.47,6.48,6.48,6.48,6.49,6.49,6.49,6.50,6.50,300.00,0.00,0.00,1.00,0.00,0.00,0.00,-1.00,0,None,0,aggregation
160,174.54,remora6,remora7,30.00,30.00,30.00,30.00,30.00,30.00,30.00,30.00,30.00,30.00,30.00,30.00,30.00,30.00,30.00,30.00,30.00,30.00,30.00,30.00,5.33,5.32,5.32,5.32,5.32,5.32,5.31,5.31,5.31,5.31,6.50,6.51,6.51,6.51,6.52,6.52,6.53,6.53,6.53,6.54,300.00,0.00,0.00,1.00,0.00,0.00,0.00,-1.00,0,None,0,aggregation
160,175.54,remora6,remora7,30.00,30.00,30.00,30.00,30.00,30.00,30.00,30.00,30.00,30.00,30.00,30.00,30.00,30.00,30.00,30.00,30.00,30.00,30.00,30.00,5.30,5.30,5.30,5.30,5.29,5.29,5.29,5.29,5.29,5.28,6.54,6.54,6.55,6.55,6.55,6.54,6.54,6.54,6.55,6.55,300.00,0.00,0.00,1.00,0.00,0.00,0.00,-1.00,0,None,0,aggregation
160,176.54,remora6,remora7,30.00,30.00,30.00,30.00,30.00,30.00,30.00,30.00,30.00,30.00,30.00,30.00,30.00,30.00,30.00,30.00,30.00,30.00,30.00,30.00,5.28,5.28,5.28,5.27,5.27,5.27,5.27,5.27,5.26,5.26,6.56,6.56,6.56,6.57,6.57,6.57,6.58,6.58,6.58,6.59,300.00,0.00,0.00,1.00,0.00,0.00,0.00,-1.00,0,None,0,aggregation
160,177.54,remora6,remora7,30.00,30.00,30.00,30.00,30.00,30.00,30.00,30.00,30.00,30.00,30.00,30.00,30.00,30.00,30.00,30.00,30.00,30.00,30.00,30.00,5.26,5.26,5.25,5.25,5.25,5.25,5.24,5.24,5.24,5.24,6.59,6.59,6.60,6.60,6.60,6.61,6.61,6.62,6.62,6.62,300.00,0.00,0.00,1.00,0.00,0.00,0.00,-1.00,0,None,0,aggregation
160,178.54,remora6,remora7,30.00,30.00,30.00,30.00,0.00,0.00,29.97,29.97,30.00,30.00,30.00,30.00,30.00,30.00,0.00,0.00,28.44,28.44,28.51,28.51,5.24,5.23,5.23,5.23,5.23,5.23,5.23,5.23,5.23,5.23,6.63,6.63,6.63,6.64,6.64,6.65,6.66,6.67,6.67,6.67,293.69,0.00,0.00,1.00,0.00,0.00,0.00,-1.00,0,None,0,aggregation
160,179.54,remora6,remora7,30.02,30.02,30.04,30.04,30.08,30.08,30.10,30.10,30.11,30.11,28.58,28.58,28.65,28.65,28.78,28.78,28.84,28.84,28.90,28.90,5.22,5.22,5.22,5.22,5.22,5.21,5.21,5.21,5.21,5.21,6.68,6.68,6.68,6.69,7.78,7.77,7.76,7.75,7.73,7.72,293.10,0.00,0.00,1.00,0.00,0.00,0.00,-1.00,0,None,0,aggregation
160,180.54,remora6,remora7,30.14,30.14,30.16,30.16,30.17,30.17,30.18,30.18,30.18,30.18,29.02,29.02,29.14,29.14,29.19,29.19,29.29,29.29,29.39,29.39,5.21,5.21,5.21,5.20,5.20,5.20,5.20,5.20,5.20,5.20,7.71,7.70,7.69,7.67,7.66,7.65,7.64,7.62,7.61,7.60,292.79,0.00,0.00,1.00,0.00,0.00,0.00,-1.00,0,None,0,aggregation
160,181.54,remora6,remora7,30.18,30.18,30.18,30.18,30.18,30.18,30.17,30.17,30.18,30.18,29.39,29.39,29.49,29.49,29.49,29.49,29.63,29.63,29.57,29.57,5.20,5.20,5.20,5.20,5.20,5.20,5.20,5.20,5.20,5.20,7.59,7.58,7.56,7.55,7.54,7.53,7.52,7.50,7.49,7.48,292.64,0.00,0.00,1.00,0.00,0.00,0.00,-1.00,0,None,0,aggregation
160,182.54,remora6,remora7,30.17,30.17,30.17,30.17,30.17,30.17,30.17,30.17,30.17,30.17,29.62,29.62,29.62,29.62,29.62,29.62,29.62,29.62,29.62,29.62,5.20,5.21,5.21,5.21,5.21,5.21,5.21,5.21,5.21,5.21,7.47,7.46,7.45,7.44,7.43,7.42,7.41,7.40,7.39,7.38,292.53,0.00,0.00,1.00,0.00,0.00,0.00,-1.00,0,None,0,aggregation
160,183.54,remora6,remora7,30.17,30.17,30.17,30.17,30.18,30.18,30.18,30.18,30.18,30.18,29.62,29.62,29.62,29.62,29.57,29.57,29.57,29.57,29.53,29.53,5.22,5.22,5.22,5.22,5.22,5.22,5.22,5.23,5.23,5.23,7.38,7.37,7.36,7.35,7.34,7.33,7.32,7.31,7.26,7.26,292.41,0.00,0.00,1.00,0.00,0.00,0.00,-1.00,0,None,0,aggregation
160,184.54,remora6,remora7,30.18,30.18,30.19,30.19,30.19,30.19,30.18,30.18,30.18,30.18,29.49,29.49,29.44,29.44,29.44,29.44,29.34,29.34,29.29,29.29,5.23,5.23,5.24,5.24,5.24,5.24,5.24,5.25,5.25,5.25,7.25,7.25,7.24,7.24,7.23,7.23,7.22,7.22,7.21,7.21,292.20,0.00,0.00,1.00,0.00,0.00,0.00,-1.00,0,None,0,aggregation
160,185.54,remora6,remora7,30.17,30.17,30.17,30.17,30.15,30.15,30.14,30.14,30.11,30.11,29.19,29.19,29.19,29.19,29.08,29.08,29.02,29.02,28.90,28.90,5.25,5.26,5.26,5.26,5.27,5.27,5.27,5.27,5.28,5.28,7.20,7.20,7.20,7.19,7.19,7.18,7.18,7.17,7.17,7.16,291.81,0.00,0.00,1.00,0.00,0.00,0.00,-1.00,0,None,0,aggregation
160,186.54,remora6,remora7,30.10,30.10,30.06,30.06,30.04,30.04,30.00,30.00,29.95,29.95,28.84,28.84,28.71,28.71,28.65,28.65,28.51,28.51,28.37,28.37,5.28,5.29,5.29,5.30,5.30,5.30,5.31,5.31,5.31,5.32,7.16,7.15,7.15,7.14,7.14,7.13,7.13,7.13,7.12,7.12,291.14,0.00,0.00,1.00,0.00,0.00,0.00,-1.00,0,None,0,aggregation
160,187.54,remora6,remora7,29.89,29.89,29.83,29.83,29.77,29.77,0.00,0.00,0.00,0.00,28.22,28.22,28.07,28.07,27.91,27.91,0.00,0.00,0.00,0.00,5.32,5.32,5.32,5.33,5.33,5.33,5.33,5.32,5.31,5.30,7.11,7.11,7.10,7.10,7.09,7.09,7.08,7.07,7.07,7.06,278.51,0.00,0.00,1.00,0.00,0.00,0.00,-1.00,0,None,0,aggregation
160,188.54,remora6,remora7,0.00,0.00,0.00,0.00,0.00,0.00,0.00,0.00,0.00,0.00,0.00,0.00,0.00,0.00,0.00,0.00,0.00,0.00,0.00,0.00,5.29,5.29,5.30,5.30,5.30,5.30,5.30,5.31,5.31,5.31,7.05,7.05,7.04,7.04,7.03,7.03,7.03,7.02,7.02,7.01,254.81,0.00,0.00,1.00,0.00,0.00,0.00,-1.00,0,None,0,aggregation
160,189.54,remora6,remora7,0.00,0.00,0.00,0.00,0.00,0.00,0.00,0.00,0.00,0.00,0.00,0.00,0.00,0.00,0.00,0.00,0.00,0.00,0.00,0.00,5.31,5.31,5.32,5.32,5.32,5.32,5.32,5.32,5.32,5.32,7.01,7.01,7.00,7.00,6.99,6.99,6.98,6.98,6.98,6.97,225.40,0.00,0.00,1.00,0.00,0.00,0.00,-1.00,0,None,0,aggregation
160,190.54,remora6,remora7,0.00,0.00,0.00,0.00,0.00,0.00,0.00,0.00,0.00,0.00,0.00,0.00,0.00,0.00,0.00,0.00,0.00,0.00,0.00,0.00,5.32,5.32,5.31,5.31,5.31,5.30,5.29,5.27,5.24,5.21,6.97,6.96,6.96,6.95,6.95,6.94,6.93,6.92,6.91,6.90,195.72,0.00,0.00,1.00,0.00,0.00,0.00,-1.00,0,None,0,aggregation
160,191.54,remora6,remora7,0.00,0.00,0.00,0.00,0.00,0.00,0.00,0.00,0.00,0.00,0.00,0.00,0.00,0.00,0.00,0.00,0.00,0.00,0.00,0.00,5.18,5.15,5.12,5.12,5.11,5.09,5.06,5.03,5.00,4.97,6.89,6.88,6.87,6.86,6.86,6.85,6.83,6.82,6.81,6.80,165.87,0.00,0.00,1.00,0.00,0.00,0.00,-1.00,0,None,0,aggregation
160,192.54,remora6,remora7,0.00,0.00,0.00,0.00,0.00,0.00,0.00,0.00,0.00,0.00,0.00,0.00,0.00,0.00,0.00,0.00,0.00,0.00,0.00,0.00,4.94,4.91,4.88,4.85,4.82,4.79,4.76,4.73,4.70,4.67,6.79,6.78,6.77,6.75,6.74,6.73,6.72,6.71,6.70,6.69,135.98,0.00,0.00,1.00,0.00,0.00,0.00,-1.00,0,None,0,aggregation
160,193.54,remora6,remora7,0.00,0.00,0.00,0.00,0.00,0.00,0.00,0.00,0.00,0.00,0.00,0.00,0.00,0.00,0.00,0.00,0.00,0.00,0.00,0.00,4.64,4.61,4.58,4.55,4.53,4.50,4.47,4.44,4.41,4.38,6.68,6.67,6.65,6.64,6.63,6.62,6.61,6.60,6.59,6.58,106.10,0.00,0.00,1.00,0.00,0.00,0.00,-1.00,0,None,0,aggregation
160,194.54,remora6,remora7,0.00,0.00,0.00,0.00,0.00,0.00,0.00,0.00,0.00,0.00,0.00,0.00,0.00,0.00,0.00,0.00,0.00,0.00,0.00,0.00,4.35,4.32,4.29,4.26,4.23,4.20,4.17,4.14,4.11,4.08,6.57,6.56,6.54,6.53,6.52,6.51,6.50,6.49,6.48,6.47,76.30,0.00,0.00,1.00,0.00,0.00,0.00,-1.00,0,None,0,aggregation
160,195.54,remora6,remora7,0.00,0.00,0.00,0.00,0.00,0.00,0.00,0.00,0.00,0.00,0.00,0.00,0.00,0.00,0.00,0.00,0.00,0.00,0.00,0.00,4.05,4.02,3.99,3.96,3.93,3.90,3.87,3.84,3.81,3.78,6.46,6.45,6.44,6.43,6.42,6.41,6.40,6.39,6.38,6.37,46.69,0.00,0.00,1.00,0.00,0.00,0.00,-1.00,0,None,0,aggregation
160,196.54,remora6,remora7,0.00,0.00,0.00,0.00,0.00,0.00,0.00,0.00,0.00,0.00,0.00,0.00,0.00,0.00,0.00,0.00,0.00,0.00,0.00,0.00,3.75,3.72,3.69,3.66,3.63,3.60,3.57,3.54,3.51,3.48,6.36,6.35,6.34,6.32,6.31,6.30,6.29,6.28,6.27,6.26,17.37,0.00,0.00,0.00,0.00,0.00,0.00,-1.00,0,None,0,aggregation
160,197.54,remora6,remora7,0.00,0.00,0.00,0.00,0.00,0.00,0.00,0.00,0.00,0.00,0.00,0.00,0.00,0.00,0.00,0.00,0.00,0.00,0.00,0.00,3.45,3.42,3.39,3.36,3.33,3.30,3.27,3.24,3.22,3.19,6.25,6.24,6.23,6.22,6.22,6.21,6.20,6.19,6.18,6.17,0.00,0.00,0.00,0.00,0.00,0.00,0.00,-1.00,0,None,0,aggregation
160,198.54,remora6,remora7,0.00,0.00,0.00,0.00,0.00,0.00,0.00,0.00,0.00,0.00,0.00,0.00,0.00,0.00,0.00,0.00,0.00,0.00,0.00,0.00,3.16,3.13,3.10,3.07,3.04,3.01,2.98,2.95,2.92,2.89,6.16,6.15,6.14,6.13,6.12,6.11,6.10,6.09,6.08,6.07,0.00,0.00,0.00,0.00,0.00,0.00,0.00,-1.00,0,None,0,aggregation
160,199.54,remora6,remora7,0.00,0.00,0.00,0.00,0.00,0.00,0.00,0.00,0.00,0.00,0.00,0.00,0.00,0.00,0.00,0.00,0.00,0.00,0.00,0.00,2.86,2.83,2.80,2.77,2.74,2.71,2.68,2.65,2.62,2.59,6.06,6.05,6.04,6.04,6.03,6.02,6.01,6.00,5.99,5.98,0.00,0.00,1.00,0.00,0.00,0.00,0.00,-1.00,0,None,0,aggregation
160,200.54,remora6,remora7,0.00,0.00,0.00,0.00,0.00,0.00,0.00,0.00,0.00,0.00,0.00,0.00,0.00,0.00,0.00,0.00,0.00,0.00,0.00,0.00,2.56,2.53,2.50,2.47,2.44,2.41,2.38,2.35,2.32,2.29,5.97,5.96,5.95,5.95,5.94,5.93,5.92,5.91,5.90,5.89,0.00,0.00,1.00,0.00,0.00,0.00,0.00,-1.00,0,None,0,aggregation
160,201.54,remora6,remora7,0.00,0.00,0.00,0.00,0.00,0.00,0.00,0.00,0.00,0.00,0.00,0.00,0.00,0.00,0.00,0.00,0.00,0.00,0.00,0.00,2.26,2.23,2.20,2.17,2.14,2.11,2.08,2.05,2.02,1.99,5.88,5.88,5.87,5.86,5.85,5.84,5.83,5.83,5.82,5.81,0.00,0.00,1.00,0.00,0.00,0.00,0.00,-1.00,0,None,0,aggregation
160,202.54,remora6,remora7,0.00,0.00,0.00,0.00,0.00,0.00,0.00,0.00,0.00,0.00,0.00,0.00,0.00,0.00,0.00,0.00,0.00,0.00,0.00,0.00,1.96,1.93,1.90,1.87,1.84,1.81,1.78,1.75,1.72,1.69,5.80,5.79,5.79,5.78,5.77,5.77,5.76,5.75,5.75,5.74,0.00,0.00,1.00,0.00,0.00,0.00,0.00,-1.00,0,None,0,aggregation
160,203.54,remora6,remora7,0.00,0.00,0.00,0.00,0.00,0.00,0.00,0.00,0.00,0.00,0.00,0.00,0.00,0.00,0.00,0.00,0.00,0.00,0.00,0.00,1.66,1.63,1.61,1.61,1.61,1.61,1.61,1.61,1.61,1.61,5.74,5.73,5.73,5.73,5.73,5.73,5.73,5.73,5.73,5.73,0.00,0.00,1.00,0.00,0.00,0.00,0.00,-1.00,0,None,0,aggregation
160,204.54,remora6,remora7,0.00,0.00,0.00,0.00,0.00,0.00,0.00,0.00,0.00,0.00,0.00,0.00,0.00,0.00,0.00,0.00,0.00,0.00,0.00,0.00,1.61,1.61,1.61,1.60,1.60,1.60,1.60,1.60,1.60,1.60,5.74,5.74,5.74,5.74,5.74,5.74,5.74,5.75,5.75,5.75,0.00,0.00,1.00,0.00,0.00,0.00,0.00,-1.00,0,None,0,aggregation
160,205.54,remora6,remora7,0.00,0.00,0.00,0.00,0.00,0.00,0.00,0.00,0.00,0.00,0.00,0.00,0.00,0.00,0.00,0.00,0.00,0.00,0.00,0.00,1.60,1.60,1.60,1.60,1.60,1.60,1.60,1.60,1.60,1.60,5.75,5.75,5.75,5.76,5.76,5.76,5.76,5.76,5.77,5.77,0.00,0.00,1.00,0.00,0.00,0.00,0.00,-1.00,0,None,0,aggregation
160,206.54,remora6,remora7,0.00,0.00,0.00,0.00,0.00,0.00,0.00,0.00,0.00,0.00,0.00,0.00,0.00,0.00,0.00,0.00,0.00,0.00,0.00,0.00,1.60,1.60,1.60,1.60,1.60,1.60,1.60,1.60,1.60,1.60,5.77,5.78,5.78,5.78,5.79,5.79,5.79,5.80,5.80,5.81,0.00,0.00,1.00,0.00,0.00,0.00,0.00,-1.00,0,None,0,aggregation
160,207.54,remora6,remora7,0.00,0.00,0.00,0.00,0.00,0.00,0.00,0.00,0.00,0.00,0.00,0.00,0.00,0.00,0.00,0.00,0.00,0.00,0.00,0.00,1.60,1.60,1.60,1.60,1.60,1.60,1.60,1.60,1.60,1.60,5.81,5.82,5.82,5.83,5.83,5.84,5.84,5.85,5.86,5.86,0.00,0.00,1.00,0.00,0.00,0.00,0.00,-1.00,0,None,0,aggregation
160,208.54,remora6,remora7,0.00,0.00,0.00,0.00,0.00,0.00,0.00,0.00,0.00,0.00,0.00,0.00,0.00,0.00,0.00,0.00,0.00,0.00,0.00,0.00,1.60,1.60,1.60,1.60,1.60,1.60,1.60,1.60,1.60,1.60,5.87,5.87,5.88,5.89,5.89,5.90,5.91,5.91,5.92,5.93,0.00,0.00,1.00,0.00,0.00,0.00,0.00,-1.00,0,None,0,aggregation
160,209.54,remora6,remora7,0.00,0.00,0.00,0.00,0.00,0.00,0.00,0.00,0.00,0.00,0.00,0.00,0.00,0.00,0.00,0.00,0.00,0.00,0.00,0.00,1.60,1.60,1.60,1.60,1.60,1.60,1.60,1.60,1.60,1.60,5.93,5.94,5.95,5.95,5.96,5.97,5.98,5.98,5.99,6.00,0.00,0.00,1.00,0.00,0.00,0.00,0.00,-1.00,0,None,0,aggregation
160,210.54,remora6,remora7,0.00,0.00,0.00,0.00,0.00,0.00,0.00,0.00,0.00,0.00,0.00,0.00,0.00,0.00,0.00,0.00,0.00,0.00,0.00,0.00,1.60,1.60,1.60,1.60,1.60,1.60,1.60,1.60,1.60,1.60,6.01,6.01,6.02,6.03,6.04,6.05,6.06,6.07,6.07,6.08,0.00,0.00,1.00,0.00,0.00,0.00,0.00,-1.00,0,None,0,aggregation
160,211.54,remora6,remora7,0.00,0.00,0.00,0.00,0.00,0.00,0.00,0.00,0.00,0.00,0.00,0.00,0.00,0.00,0.00,0.00,0.00,0.00,0.00,0.00,1.60,1.60,1.60,1.60,1.60,1.60,1.60,1.60,1.60,1.60,6.09,6.10,6.11,6.12,6.13,6.14,6.15,6.16,6.17,6.18,0.00,0.00,1.00,0.00,0.00,0.00,0.00,-1.00,0,None,0,aggregation
160,212.54,remora6,remora7,0.00,0.00,0.00,0.00,0.00,0.00,0.00,0.00,0.00,0.00,0.00,0.00,0.00,0.00,0.00,0.00,0.00,0.00,0.00,0.00,1.60,1.60,1.60,1.60,1.60,1.60,1.60,1.60,1.60,1.60,6.19,6.20,6.21,6.22,6.23,6.24,6.25,6.26,6.28,6.29,0.00,0.00,1.00,0.00,0.00,0.00,0.00,-1.00,0,None,0,aggregation
160,213.54,remora6,remora7,0.00,0.00,0.00,0.00,0.00,0.00,0.00,0.00,0.00,0.00,0.00,0.00,0.00,0.00,0.00,0.00,0.00,0.00,0.00,0.00,1.60,1.60,1.60,1.59,1.59,1.59,1.59,1.59,1.59,1.59,6.30,6.31,6.32,6.33,6.34,6.35,6.36,6.38,6.39,6.40,0.00,0.00,1.00,0.00,0.00,0.00,0.00,-1.00,0,None,0,aggregation
160,214.54,remora6,remora7,0.00,0.00,0.00,0.00,0.00,0.00,0.00,0.00,0.00,0.00,0.00,0.00,0.00,0.00,0.00,0.00,0.00,0.00,0.00,0.00,1.59,1.59,1.59,1.59,1.59,1.59,1.59,1.59,1.59,1.59,6.41,6.42,6.43,6.45,6.46,6.47,6.48,6.49,6.50,6.52,0.00,0.00,1.00,0.00,0.00,0.00,0.00,-1.00,0,None,0,aggregation
160,215.54,remora6,remora7,0.00,0.00,0.00,0.00,0.00,0.00,0.00,0.00,0.00,0.00,0.00,0.00,0.00,0.00,0.00,0.00,0.00,0.00,0.00,0.00,1.59,1.59,1.59,1.59,1.59,1.59,1.59,1.59,1.59,1.59,6.53,6.54,6.55,6.56,6.57,6.59,6.60,6.62,6.63,6.64,0.00,0.00,1.00,0.00,0.00,0.00,0.00,-1.00,0,None,0,aggregation
160,216.54,remora6,remora7,0.00,0.00,0.00,0.00,0.00,0.00,0.00,0.00,0.00,0.00,0.00,0.00,0.00,0.00,0.00,0.00,0.00,0.00,0.00,0.00,1.59,1.59,1.59,1.59,1.59,1.59,1.59,1.59,1.59,1.59,6.65,6.67,6.68,6.69,6.70,6.71,6.73,6.74,6.76,6.77,0.00,0.00,1.00,0.00,0.00,0.00,0.00,-1.00,0,None,0,aggregation
160,217.54,remora6,remora7,0.00,0.00,0.00,0.00,0.00,0.00,0.00,0.00,0.00,0.00,0.00,0.00,0.00,0.00,0.00,0.00,0.00,0.00,0.00,0.00,1.59,1.59,1.59,1.59,1.59,1.59,1.59,1.59,1.59,1.59,6.78,6.80,6.81,5.76,5.76,5.77,5.78,5.79,5.79,5.80,0.00,0.00,1.00,0.00,0.00,0.00,0.00,-1.00,0,None,0,aggregation
160,218.54,remora6,remora7,0.00,0.00,0.00,0.00,0.00,0.00,0.00,0.00,0.00,0.00,0.00,0.00,0.00,0.00,0.00,0.00,0.00,0.00,0.00,0.00,1.59,1.59,1.59,1.59,1.59,1.59,1.59,1.59,1.59,1.59,5.81,5.82,5.83,5.84,5.85,5.85,5.86,5.87,6.90,6.90,0.00,0.00,1.00,0.00,0.00,0.00,0.00,-1.00,0,None,0,aggregation
160,219.54,remora6,remora7,0.00,0.00,0.00,0.00,0.00,0.00,0.00,0.00,0.00,0.00,0.00,0.00,0.00,0.00,0.00,0.00,0.00,0.00,0.00,0.00,1.59,1.59,1.59,1.59,1.59,1.59,1.59,1.59,1.59,1.59,6.90,6.90,6.90,6.90,6.89,6.89,6.89,6.89,6.89,6.89,0.00,0.00,1.00,0.00,0.00,0.00,0.00,-1.00,0,None,0,aggregation
160,220.54,remora6,remora7,0.00,0.00,0.00,0.00,0.00,0.00,0.00,0.00,0.00,0.00,0.00,0.00,0.00,0.00,0.00,0.00,0.00,0.00,0.00,0.00,1.59,1.59,1.59,1.59,1.59,1.59,1.59,1.59,1.59,1.59,6.89,6.89,6.89,6.88,6.88,6.88,6.88,6.88,6.88,6.88,0.00,0.00,1.00,0.00,0.00,0.00,0.00,-1.00,0,None,0,aggregation
160,221.54,remora6,remora7,0.00,0.00,0.00,0.00,0.00,0.00,0.00,0.00,0.00,0.00,0.00,0.00,0.00,0.00,0.00,0.00,0.00,0.00,0.00,0.00,1.59,1.59,1.59,1.59,1.59,1.59,1.59,1.59,1.59,1.59,6.88,6.87,6.87,6.87,6.87,6.87,6.87,6.87,6.87,6.87,0.00,0.00,1.00,0.00,0.00,0.00,0.00,-1.00,0,None,0,aggregation
160,222.54,remora6,remora7,0.00,0.00,0.00,0.00,0.00,0.00,0.00,0.00,0.00,0.00,0.00,0.00,0.00,0.00,0.00,0.00,0.00,0.00,0.00,0.00,1.59,1.59,1.59,1.59,1.59,1.59,1.59,1.59,1.59,1.59,6.86,6.86,6.86,6.86,6.85,6.85,6.85,6.85,6.85,6.85,0.00,0.00,1.00,0.00,0.00,0.00,0.00,-1.00,0,None,0,aggregation
160,223.54,remora6,remora7,0.00,0.00,0.00,0.00,0.00,0.00,0.00,0.00,0.00,0.00,0.00,0.00,0.00,0.00,0.00,0.00,0.00,0.00,0.00,0.00,1.59,1.59,1.59,1.59,1.59,1.59,1.60,1.63,1.66,1.69,6.85,6.84,6.84,6.84,6.84,6.84,6.84,6.84,6.85,6.85,0.00,0.00,1.00,0.00,0.00,0.00,0.00,-1.00,0,None,0,aggregation
160,224.54,remora6,remora7,0.00,0.00,0.00,0.00,0.00,0.00,0.00,0.00,0.00,0.00,0.00,0.00,0.00,0.00,0.00,0.00,0.00,0.00,0.00,0.00,1.72,1.74,1.77,1.80,1.83,1.86,1.89,1.92,1.94,1.97,6.86,6.86,6.87,6.87,6.88,6.88,7.21,7.21,7.21,7.21,0.00,0.00,1.00,0.00,0.00,0.00,0.00,-1.00,0,None,0,aggregation
160,225.54,remora6,remora7,0.00,0.00,0.00,0.00,0.00,0.00,0.00,0.00,0.00,0.00,0.00,0.00,0.00,0.00,0.00,0.00,0.00,0.00,0.00,0.00,2.00,2.02,2.05,2.07,2.10,2.12,2.14,2.17,2.19,2.21,7.21,7.21,7.21,7.21,7.21,7.21,7.21,7.20,7.20,7.20,0.00,0.00,1.00,0.00,0.00,0.00,0.00,-1.00,0,None,0,aggregation
160,226.54,remora6,remora7,0.00,0.00,0.00,0.00,0.00,0.00,0.00,0.00,0.00,0.00,0.00,0.00,0.00,0.00,0.00,0.00,0.00,0.00,0.00,0.00,2.23,2.25,2.27,2.28,2.30,2.32,2.33,2.35,2.36,2.37,7.20,7.20,7.20,7.19,7.19,7.19,7.18,7.18,7.18,7.18,0.00,0.00,1.00,0.00,0.00,0.00,0.00,-1.00,0,None,0,aggregation
160,227.54,remora6,remora7,0.00,0.00,0.00,0.00,0.00,0.00,0.00,0.00,0.00,0.00,0.00,0.00,0.00,0.00,0.00,0.00,0.00,0.00,0.00,0.00,2.38,2.39,2.40,2.41,2.42,2.43,2.43,2.44,2.44,2.45,7.18,7.17,7.17,7.16,7.16,7.15,6.43,6.42,6.40,6.39,0.00,0.00,1.00,0.00,0.00,0.00,0.00,-1.00,0,None,0,aggregation
160,228.54,remora6,remora7,0.00,0.00,-21.55,-21.55,-20.99,-20.99,-19.54,-19.54,-17.97,-17.97,0.00,0.00,-32.02,-32.02,-31.45,-31.45,-30.00,-30.00,-28.44,-28.44,2.45,2.46,2.46,2.46,2.46,2.46,2.45,2.45,2.45,2.45,6.37,6.36,6.35,6.33,6.32,6.31,6.29,6.28,6.26,6.24,20.20,0.00,1.00,0.00,0.00,0.00,0.00,-1.00,0,None,0,aggregation
160,229.54,remora6,remora7,-16.19,-16.19,-14.29,-14.29,-12.32,-12.32,-10.18,-10.18,-8.02,-8.02,-26.65,-26.65,-24.75,-24.75,-22.78,-22.78,-20.65,-20.65,-18.48,-18.48,2.44,2.44,2.44,2.44,2.43,2.43,2.42,2.42,2.42,2.42,6.23,6.21,6.20,6.18,6.17,6.15,6.14,6.13,6.12,6.11,37.63,0.00,1.00,0.00,0.00,0.00,0.00,-1.00,0,None,0,aggregation
160,230.54,remora6,remora7,-5.77,-5.77,-3.56,-3.56,-1.34,-1.34,0.88,0.88,3.03,3.03,-16.23,-16.23,-14.02,-14.02,-11.81,-11.81,-9.59,-9.59,-7.44,-7.44,2.41,2.41,2.41,2.41,2.41,2.41,2.41,2.42,2.42,2.43,6.10,6.08,6.07,6.06,6.05,6.04,6.04,6.03,6.02,6.01,44.21,0.00,1.00,0.00,0.00,0.00,0.00,-1.00,0,None,0,aggregation
160,231.54,remora6,remora7,5.15,5.15,7.09,7.09,8.97,8.97,10.57,10.57,11.96,11.96,-5.31,-5.31,-2.92,-2.92,-0.56,-0.56,1.45,1.45,3.20,3.20,2.43,2.44,2.45,2.46,2.47,2.49,2.50,2.52,2.54,2.56,6.00,5.98,5.97,5.95,5.94,5.92,5.91,5.89,5.88,5.87,48.20,0.00,1.00,1.00,0.00,0.00,0.00,-1.00,0,None,0,aggregation
160,232.54,remora6,remora7,13.35,13.35,14.54,14.54,15.48,15.48,16.48,16.48,17.30,17.30,4.96,4.96,6.45,6.45,7.65,7.65,8.93,8.93,9.98,9.98,2.58,2.61,2.63,2.66,2.68,2.71,2.74,2.77,2.81,2.84,5.86,5.84,5.83,5.82,5.81,5.79,5.78,5.77,5.76,5.75,59.72,0.00,1.00,1.00,0.00,0.00,0.00,-1.00,0,None,0,aggregation
160,233.54,remora6,remora7,18.18,18.18,18.71,18.71,19.20,19.20,19.72,19.72,20.14,20.14,11.11,11.11,11.80,11.80,12.44,12.44,13.11,13.11,13.66,13.66,2.87,2.91,2.94,2.98,3.02,3.05,3.09,3.13,3.17,3.21,5.74,5.73,5.72,5.71,5.70,5.69,5.68,5.68,5.67,5.67,75.52,0.00,0.00,1.00,0.00,0.00,0.00,-1.00,0,None,0,aggregation
160,234.54,remora6,remora7,20.27,20.27,20.11,20.11,20.11,20.11,19.88,19.88,19.52,19.52,13.83,13.83,13.63,13.63,13.63,13.63,13.32,13.32,12.86,12.86,3.25,3.29,3.32,3.36,3.40,3.44,3.48,3.52,3.55,3.59,5.66,5.66,5.65,5.64,5.63,5.62,5.61,5.60,5.59,5.58,92.24,0.00,0.00,1.00,0.00,0.00,0.00,-1.00,0,None,0,aggregation
160,235.54,remora6,remora7,19.30,19.30,18.71,18.71,18.26,18.26,17.65,17.65,17.79,17.79,12.57,12.57,11.79,11.79,11.22,11.22,10.43,10.43,10.61,10.61,3.63,3.66,3.69,3.73,3.76,3.79,3.82,3.85,3.88,3.90,5.57,5.56,5.55,5.54,5.53,5.51,5.50,5.49,5.48,5.46,107.08,0.00,0.00,1.00,0.00,0.00,0.00,-1.00,0,None,0,aggregation
160,236.54,remora6,remora7,17.18,17.18,16.62,16.62,16.63,16.63,16.57,16.57,16.52,16.52,9.82,9.82,9.11,9.11,9.12,9.12,9.04,9.04,8.98,8.98,3.93,3.95,3.98,4.00,4.02,4.03,3.99,3.95,3.90,3.86,5.45,5.44,5.42,5.41,5.39,5.38,5.36,5.35,5.33,5.32,120.03,0.00,0.00,1.00,0.00,0.00,0.00,-1.00,0,None,0,aggregation
160,237.54,remora6,remora7,16.49,16.49,16.37,16.37,16.45,16.45,16.69,16.69,16.89,16.89,8.94,8.94,8.78,8.78,8.89,8.89,9.20,9.20,9.45,9.45,3.82,3.78,3.74,3.70,3.66,3.62,3.58,3.54,3.50,3.46,5.30,5.28,5.27,5.25,5.24,5.22,6.16,6.15,6.13,6.12,132.85,0.00,0.00,1.00,0.00,0.00,0.00,-1.00,0,None,0,aggregation
160,238.54,remora6,remora7,16.97,16.97,17.21,17.21,17.47,17.47,17.95,17.95,18.15,18.15,9.55,9.55,9.86,9.86,10.20,10.20,10.82,10.82,11.07,11.07,3.42,3.38,3.35,3.31,3.27,3.23,3.20,3.16,3.12,3.09,6.10,6.09,6.07,6.06,6.04,6.03,6.02,6.00,5.99,5.98,126.58,0.00,0.00,1.00,0.00,0.00,0.00,-1.00,0,None,0,aggregation
160,239.54,remora6,remora7,18.44,18.44,19.13,19.13,19.24,19.24,19.93,19.93,20.29,20.29,11.45,11.45,12.34,12.34,12.49,12.49,13.39,13.39,13.86,13.86,3.05,3.01,2.98,2.94,2.91,2.88,2.84,2.81,2.78,2.75,5.96,5.95,5.94,5.92,5.91,5.90,5.89,5.88,5.87,5.85,125.21,0.00,1.00,1.00,0.00,0.00,0.00,-1.00,0,None,0,aggregation
160,240.54,remora6,remora7,20.87,20.87,21.36,21.36,21.91,21.91,22.53,22.53,22.92,22.92,14.63,14.63,15.26,15.26,16.00,16.00,16.83,16.83,17.36,17.36,2.72,2.69,2.66,2.63,2.60,2.57,2.55,2.52,2.50,2.47,5.84,5.83,5.82,5.81,4.75,4.74,4.72,4.71,4.70,4.68,137.58,0.00,1.00,1.00,0.00,0.00,0.00,-1.00,0,None,0,aggregation
160,241.54,remora6,remora7,23.68,23.68,24.39,24.39,24.81,24.81,25.46,25.46,26.06,26.06,18.39,18.39,19.37,19.37,19.95,19.95,20.87,20.87,21.74,21.74,2.45,2.43,2.41,2.39,2.37,2.35,2.33,2.32,2.30,2.29,4.67,4.66,4.64,4.63,4.62,4.60,4.59,4.58,4.57,4.56,156.06,0.00,1.00,1.00,0.00,0.00,0.00,-1.00,0,None,0,aggregation
160,242.54,remora6,remora7,26.53,26.53,27.06,27.06,27.51,27.51,27.94,27.94,28.36,28.36,22.42,22.42,23.22,23.22,23.90,23.90,24.57,24.57,25.26,25.26,2.28,2.27,2.26,2.25,2.24,2.23,2.23,2.22,2.22,2.22,4.55,4.54,4.53,4.52,4.51,4.50,4.49,4.48,4.47,4.47,170.23,0.00,1.00,1.00,0.00,0.00,0.00,-1.00,0,None,0,aggregation
160,243.54,remora6,remora7,28.65,28.65,28.87,28.87,29.18,29.18,29.42,29.42,29.71,29.71,25.75,25.75,26.14,26.14,26.70,26.70,27.16,27.16,27.77,27.77,2.22,2.22,2.22,2.23,2.23,2.23,2.24,2.25,2.26,2.26,4.47,4.47,4.47,4.47,4.46,4.46,4.47,4.47,4.47,4.47,182.35,0.00,1.00,1.00,0.00,0.00,0.00,-1.00,0,None,0,aggregation
160,244.54,remora6,remora7,29.87,29.87,30.04,30.04,30.12,30.12,30.17,30.17,30.19,30.19,28.15,28.15,28.64,28.64,28.95,28.95,29.23,29.23,29.46,29.46,2.27,2.28,2.30,2.31,2.32,2.33,2.35,2.36,2.38,2.40,4.47,4.47,4.47,4.47,4.48,4.48,4.48,4.49,4.49,4.49,195.12,0.00,1.00,1.00,0.00,0.00,0.00,-1.00,0,None,0,aggregation
160,245.54,remora6,remora7,30.14,30.14,29.99,29.99,29.82,29.82,29.53,29.53,29.21,29.21,29.78,29.78,30.01,30.01,30.12,30.12,30.18,30.18,30.17,30.17,2.41,2.43,2.45,2.47,2.48,2.50,2.52,2.54,2.56,2.58,4.50,4.50,4.51,4.51,4.52,4.53,4.53,4.53,4.53,4.54,210.18,0.00,1.00,1.00,0.00,0.00,0.00,-1.00,0,None,0,aggregation
160,246.54,remora6,remora7,28.71,28.71,28.05,28.05,27.42,27.42,26.96,26.96,26.28,26.28,30.06,30.06,29.83,29.83,29.55,29.55,29.32,29.32,28.95,28.95,2.61,2.63,2.65,2.67,2.69,2.72,2.74,2.76,2.78,2.81,4.54,4.54,4.55,4.55,4.55,4.56,4.56,4.57,4.58,4.58,225.73,0.00,1.00,1.00,0.00,0.00,0.00,-1.00,0,None,0,aggregation
160,247.54,remora6,remora7,25.73,25.73,25.22,25.22,24.78,24.78,24.31,24.31,24.10,24.10,28.64,28.64,28.34,28.34,28.06,28.06,27.77,27.77,27.64,27.64,2.83,2.85,2.88,2.90,2.93,2.95,2.98,3.00,3.03,3.05,4.59,4.59,4.60,4.61,4.62,4.62,4.63,4.64,4.65,4.66,239.38,0.00,1.00,1.00,0.00,0.00,0.00,-1.00,0,None,0,aggregation
160,248.54,remora6,remora7,23.91,23.91,23.65,23.65,23.93,23.93,23.43,23.43,23.50,23.50,27.51,27.51,27.34,27.34,27.53,27.53,27.20,27.20,27.25,27.25,3.08,3.11,3.13,3.16,3.19,3.22,3.25,3.28,3.30,3.33,4.67,4.68,4.69,4.70,4.71,4.72,4.73,4.74,4.76,4.77,250.98,0.00,0.00,1.00,0.00,0.00,0.00,-1.00,0,None,0,aggregation
160,249.54,remora6,remora7,23.38,23.38,23.55,23.55,23.73,23.73,23.60,23.60,23.79,23.79,27.17,27.17,27.28,27.28,27.40,27.40,27.32,27.32,27.44,27.44,3.36,3.39,3.43,3.46,3.49,3.52,3.56,3.59,3.62,3.66,4.78,4.79,4.81,4.82,4.83,4.85,4.86,4.88,4.90,4.91,260.38,0.00,0.00,1.00,0.00,0.00,0.00,-1.00,0,None,0,aggregation
160,250.54,remora6,remora7,23.93,23.93,24.05,24.05,23.97,23.97,23.99,23.99,24.17,24.17,27.53,27.53,27.61,27.61,27.56,27.56,27.57,27.57,27.68,27.68,3.70,3.73,3.77,3.81,3.84,3.88,3.92,3.96,4.00,4.04,4.93,4.95,4.97,4.98,5.00,5.02,5.04,5.06,5.08,5.10,267.22,0.00,0.00,1.00,0.00,0.00,0.00,-1.00,0,None,0,aggregation
160,251.54,remora6,remora7,24.22,24.22,24.43,24.43,24.29,24.29,24.45,24.45,24.41,24.41,27.72,27.72,27.85,27.85,27.76,27.76,27.86,27.86,27.84,27.84,4.08,4.12,4.17,4.21,4.25,4.29,4.33,4.33,4.34,4.35,5.12,5.14,5.16,5.18,5.21,5.23,5.25,5.28,5.30,5.32,270.84,0.00,0.00,1.00,0.00,0.00,0.00,-1.00,0,None,0,aggregation
160,252.54,remora6,remora7,24.43,24.43,24.13,24.13,24.04,24.04,23.54,23.54,23.12,23.12,27.85,27.85,27.66,27.66,27.60,27.60,27.28,27.28,27.00,27.00,4.36,4.37,4.38,4.39,4.40,4.41,4.42,4.43,4.45,4.46,5.35,5.37,5.40,5.42,5.44,5.47,5.49,5.52,5.55,5.57,270.82,0.00,0.00,1.00,0.00,0.00,0.00,-1.00,0,None,0,aggregation
160,253.54,remora6,remora7,22.11,22.11,21.43,21.43,19.99,19.99,17.90,17.90,18.34,18.34,26.32,26.32,25.85,25.85,24.84,24.84,23.32,23.32,23.64,23.64,4.47,4.48,4.50,4.51,4.52,4.53,4.55,4.56,4.57,4.59,5.60,5.62,5.65,5.67,5.70,5.72,5.75,5.77,5.79,5.82,265.26,0.00,0.00,1.00,0.00,0.00,0.00,-1.00,0,None,0,aggregation
160,254.54,remora6,remora7,19.36,19.36,20.34,20.34,21.28,21.28,22.18,22.18,22.75,22.75,24.38,24.38,25.08,25.08,25.74,25.74,26.36,26.36,26.75,26.75,4.60,4.61,4.63,4.64,4.66,4.68,4.70,4.71,4.73,4.75,5.84,5.86,5.89,5.91,5.93,5.95,5.97,5.99,6.01,6.03,259.20,0.00,0.00,1.00,0.00,0.00,0.00,-1.00,0,None,0,aggregation
160,255.54,remora6,remora7,23.58,23.58,24.11,24.11,19.38,19.38,12.92,12.92,7.28,7.28,27.30,27.30,27.64,27.64,24.40,24.40,19.57,19.57,15.19,15.19,4.77,4.79,4.81,4.83,4.85,4.87,4.89,4.90,4.91,4.92,6.05,6.07,6.10,6.12,6.14,6.16,6.18,6.19,6.21,6.22,249.45,0.00,0.00,1.00,0.00,0.00,0.00,-1.00,0,None,0,aggregation
160,256.54,remora6,remora7,-3.90,-3.90,-6.87,-6.87,-7.90,-7.90,-7.76,-7.76,-7.08,-7.08,6.30,6.30,3.60,3.60,2.56,2.56,2.70,2.70,3.39,3.39,4.93,4.93,4.93,4.93,4.93,4.93,4.92,4.92,4.92,4.92,6.22,6.22,6.23,6.23,6.23,6.22,6.22,6.22,6.22,6.22,222.91,0.00,0.00,1.00,0.00,0.00,0.00,-1.00,0,None,0,aggregation
160,257.54,remora6,remora7,-6.51,-6.51,-7.01,-7.01,-5.69,-5.69,-3.66,-3.66,-2.31,-2.31,3.95,3.95,3.46,3.46,4.77,4.77,6.49,6.49,7.57,7.57,4.92,4.92,4.91,4.91,4.91,4.91,4.91,4.91,4.91,4.92,6.22,6.22,6.22,6.22,6.22,6.22,6.22,6.22,6.22,6.22,197.96,0.00,0.00,1.00,0.00,0.00,0.00,-1.00,0,None,0,aggregation
160,258.54,remora6,remora7,-1.03,-1.03,1.04,1.04,1.71,1.71,3.03,3.03,5.15,5.15,8.60,8.60,10.24,10.24,10.78,10.78,11.83,11.83,13.51,13.51,4.92,4.92,4.93,4.93,4.94,4.94,4.95,4.96,4.96,4.97,6.22,6.23,6.23,6.23,6.23,6.24,6.24,6.24,6.24,6.25,178.93,0.00,0.00,1.00,0.00,0.00,0.00,-1.00,0,None,0,aggregation
160,259.54,remora6,remora7,6.08,6.08,6.94,6.94,8.10,8.10,9.90,9.90,10.70,10.70,14.24,14.24,14.92,14.92,15.83,15.83,17.24,17.24,17.86,17.86,4.98,4.99,5.00,5.01,5.02,5.03,5.04,5.05,5.06,5.07,6.25,6.25,6.25,6.26,6.26,6.26,6.26,6.27,6.27,6.27,165.64,0.00,0.00,1.00,0.00,0.00,0.00,-1.00,0,None,0,aggregation
160,260.54,remora6,remora7,12.38,12.38,13.48,13.48,14.83,14.83,15.87,15.87,16.92,16.92,19.16,19.16,20.00,20.00,21.03,21.03,21.81,21.81,22.59,22.59,5.08,5.09,5.10,5.11,5.13,5.14,5.15,5.16,5.17,5.19,6.27,6.27,6.27,6.27,6.27,6.27,6.27,6.27,6.27,6.27,157.64,0.00,0.00,1.00,0.00,0.00,0.00,-1.00,0,None,0,aggregation
160,261.54,remora6,remora7,17.94,17.94,18.68,18.68,20.02,20.02,20.97,20.97,22.03,22.03,23.35,23.35,23.89,23.89,24.85,24.85,25.53,25.53,26.26,26.26,5.20,5.21,5.22,5.23,5.25,5.26,5.27,5.28,5.29,5.31,6.27,6.27,6.27,6.26,6.26,6.26,6.25,6.25,6.24,6.24,153.91,0.00,0.00,1.00,0.00,0.00,0.00,-1.00,0,None,0,aggregation
160,262.54,remora6,remora7,22.89,22.89,23.71,23.71,24.49,24.49,25.10,25.10,25.68,25.68,26.85,26.85,27.39,27.39,27.89,27.89,28.26,28.26,28.61,28.61,5.32,5.33,5.34,5.35,5.36,5.38,5.39,5.40,5.41,5.42,6.23,6.23,6.22,6.22,6.21,6.21,6.20,6.19,6.18,6.18,154.34,0.00,0.00,1.00,0.00,0.00,0.00,-1.00,0,None,0,aggregation
160,263.54,remora6,remora7,26.23,26.23,26.74,26.74,27.12,27.12,27.49,27.49,27.83,27.83,28.92,28.92,29.20,29.20,29.40,29.40,29.58,29.58,29.73,29.73,5.43,3.36,3.36,3.36,3.36,3.36,3.35,3.35,3.35,3.35,6.17,5.60,5.59,5.59,5.59,5.59,5.58,5.58,5.58,5.58,160.19,0.00,0.00,1.00,0.00,0.00,0.00,-1.00,0,None,0,aggregation
160,264.54,remora6,remora7,28.07,28.07,28.29,28.29,28.58,28.58,28.71,28.71,28.96,28.96,29.83,29.83,29.92,29.92,30.02,30.02,30.06,30.06,30.13,30.13,3.35,3.35,3.35,3.35,3.35,3.35,3.35,3.35,3.35,3.35,5.57,5.57,5.56,5.56,5.56,5.55,5.55,5.55,5.54,5.54,166.02,0.00,0.00,1.00,0.00,0.00,0.00,-1.00,0,None,0,aggregation
160,265.54,remora6,remora7,29.17,29.17,29.37,29.37,29.53,29.53,29.71,29.71,29.83,29.83,30.16,30.16,30.18,30.18,30.18,30.18,30.16,30.16,30.12,30.12,3.35,3.36,3.36,3.36,3.36,3.36,3.36,3.36,3.36,3.37,5.54,5.53,5.53,5.52,5.52,5.51,5.51,5.50,5.50,5.49,175.73,0.00,0.00,1.00,0.00,0.00,0.00,-1.00,0,None,0,aggregation
160,266.54,remora6,remora7,29.93,29.93,30.05,30.05,30.12,30.12,30.16,30.16,30.18,30.18,30.06,30.06,29.94,29.94,29.82,29.82,29.71,29.71,29.58,29.58,3.37,3.37,3.37,3.37,3.37,3.37,3.38,3.38,3.38,3.38,5.49,5.48,5.47,5.47,5.46,5.46,5.45,5.44,5.44,5.43,203.70,0.00,0.00,1.00,0.00,0.00,0.00,-1.00,0,None,0,aggregation
160,267.54,remora6,remora7,30.18,30.18,30.17,30.17,30.13,30.13,30.07,30.07,30.00,30.00,29.40,29.40,29.22,29.22,28.99,28.99,28.74,28.74,28.52,28.52,3.38,3.38,3.38,3.38,3.39,3.39,3.39,3.39,3.39,3.39,5.43,5.42,5.41,5.40,5.40,5.39,5.38,5.37,5.37,5.36,231.73,0.00,0.00,1.00,0.00,0.00,0.00,-1.00,0,None,0,aggregation
160,268.54,remora6,remora7,29.91,29.91,29.77,29.77,29.72,29.72,29.55,29.55,29.56,29.56,28.27,28.27,27.91,27.91,27.80,27.80,27.42,27.42,27.46,27.46,3.39,3.39,3.39,3.39,3.39,3.39,3.39,3.39,3.39,3.39,5.35,5.35,5.34,5.33,5.33,5.32,5.31,5.31,5.30,5.30,253.98,0.00,0.00,1.00,0.00,0.00,0.00,-1.00,0,None,0,aggregation
160,269.54,remora6,remora7,29.47,29.47,29.24,29.24,29.18,29.18,29.12,29.12,29.05,29.05,27.27,27.27,26.81,26.81,26.69,26.69,26.58,26.58,26.46,26.46,3.39,3.39,3.38,3.38,3.38,3.38,3.38,3.38,3.38,3.37,5.29,5.28,5.28,5.27,5.27,5.26,5.26,5.25,5.25,5.25,269.79,0.00,0.00,1.00,0.00,0.00,0.00,-1.00,0,None,0,aggregation
160,270.54,remora6,remora7,29.02,29.02,28.90,28.90,29.00,29.00,28.99,28.99,28.99,28.99,26.40,26.40,26.18,26.18,26.36,26.36,26.34,26.34,26.35,26.35,3.37,3.37,3.37,3.37,3.37,3.36,3.36,3.36,3.36,3.36,5.24,5.23,5.23,5.22,5.22,5.22,5.21,5.21,5.21,5.20,279.64,0.00,0.00,1.00,0.00,0.00,0.00,-1.00,0,None,0,aggregation
160,271.54,remora6,remora7,29.01,29.01,29.05,29.05,29.02,29.02,29.11,29.11,29.16,29.16,26.38,26.38,26.45,26.45,26.40,26.40,26.56,26.56,26.66,26.66,3.35,3.35,3.35,3.35,3.34,3.34,3.34,3.34,3.34,3.33,5.20,5.20,5.20,5.20,5.20,5.20,5.20,5.20,5.20,5.20,285.07,0.00,0.00,1.00,0.00,0.00,0.00,-1.00,0,None,0,aggregation
160,272.54,remora6,remora7,29.23,29.23,29.24,29.24,29.34,29.34,29.35,29.35,29.53,29.53,26.78,26.78,26.81,26.81,27.00,27.00,27.02,27.02,27.39,27.39,3.33,3.33,3.33,3.32,3.32,3.32,3.32,3.31,3.31,3.31,5.20,5.20,5.20,5.20,5.21,5.21,5.22,5.22,5.23,5.23,287.15,0.00,0.00,1.00,0.00,0.00,0.00,-1.00,0,None,0,aggregation
160,273.54,remora6,remora7,29.62,29.62,29.66,29.66,29.70,29.70,29.79,29.79,29.83,29.83,27.57,27.57,27.67,27.67,27.74,27.74,27.96,27.96,28.06,28.06,3.31,3.31,3.30,3.30,3.30,3.30,3.30,3.30,3.29,3.29,5.23,5.24,5.25,5.25,5.26,5.27,5.28,5.29,5.30,5.30,287.68,0.00,0.00,1.00,0.00,0.00,0.00,-1.00,0,None,0,aggregation
160,274.54,remora6,remora7,29.83,29.83,29.87,29.87,29.96,29.96,30.00,30.00,30.04,30.04,28.06,28.06,28.16,28.16,28.39,28.39,28.51,28.51,28.64,28.64,3.29,3.29,3.29,3.29,3.29,3.28,3.28,3.28,3.28,3.28,5.31,5.32,5.33,5.34,5.36,5.37,5.38,5.39,5.40,5.42,287.57,0.00,0.00,1.00,0.00,0.00,0.00,-1.00,0,None,0,aggregation
160,275.54,remora6,remora7,30.07,30.07,30.10,30.10,30.13,30.13,30.15,30.15,30.15,30.15,28.74,28.74,28.85,28.85,28.98,28.98,29.06,29.06,29.11,29.11,3.28,3.28,3.28,3.28,3.27,3.27,3.27,3.27,3.27,3.27,5.43,5.44,5.46,5.47,5.48,5.50,5.51,5.52,5.54,5.56,287.26,0.00,0.00,1.00,0.00,0.00,0.00,-1.00,0,None,0,aggregation
160,276.54,remora6,remora7,30.17,30.17,30.18,30.18,30.18,30.18,30.19,30.19,30.18,30.18,29.19,29.19,29.31,29.31,29.39,29.39,29.45,29.45,29.52,29.52,3.27,3.27,3.27,3.27,3.27,3.27,3.26,3.26,3.26,3.26,5.57,5.59,5.60,5.62,5.64,5.66,5.67,5.68,5.70,5.71,287.09,0.00,0.00,1.00,0.00,0.00,0.00,-1.00,0,None,0,aggregation
160,277.54,remora6,remora7,30.18,30.18,30.17,30.17,30.17,30.17,30.15,30.15,30.14,30.14,29.60,29.60,29.63,29.63,29.67,29.67,29.74,29.74,29.76,29.76,3.26,3.26,3.26,3.26,3.26,3.26,3.26,3.26,3.26,3.26,5.73,5.75,5.76,5.78,5.80,5.82,5.84,5.85,5.87,5.89,287.46,0.00,0.00,1.00,0.00,0.00,0.00,-1.00,0,None,0,aggregation
160,278.54,remora6,remora7,30.12,30.12,30.11,30.11,30.07,30.07,30.06,30.06,30.04,30.04,29.83,29.83,29.84,29.84,29.91,29.91,29.92,29.92,29.95,29.95,3.26,3.25,3.25,3.25,3.25,3.25,3.25,3.25,3.25,3.25,5.91,5.93,5.94,5.96,5.98,6.00,6.02,6.03,6.05,6.07,288.71,0.00,0.00,1.00,0.00,0.00,0.00,-1.00,0,None,0,aggregation
160,279.54,remora6,remora7,30.00,30.00,29.97,29.97,29.95,29.95,29.93,29.93,29.91,29.91,30.00,30.00,30.03,30.03,30.05,30.05,30.06,30.06,30.07,30.07,3.25,3.25,3.25,3.25,3.25,3.25,3.25,3.25,3.25,3.25,6.09,6.11,6.13,5.18,5.19,5.19,5.20,5.22,5.23,5.24,290.72,0.00,0.00,1.00,0.00,0.00,0.00,-1.00,0,None,0,aggregation
160,280.54,remora6,remora7,29.91,29.91,29.84,29.84,29.86,29.86,29.81,29.81,29.83,29.83,30.07,30.07,30.11,30.11,30.10,30.10,30.12,30.12,30.12,30.12,3.25,3.26,3.26,3.26,3.26,3.26,3.26,3.26,3.26,3.26,5.25,5.26,5.27,5.28,5.28,5.29,5.30,5.32,5.34,5.35,293.04,0.00,0.00,1.00,0.00,0.00,0.00,-1.00,0,None,0,aggregation
160,281.54,remora6,remora7,29.75,29.75,29.74,29.74,29.68,29.68,29.70,29.70,29.71,29.71,30.14,30.14,30.15,30.15,30.16,30.16,30.16,30.16,30.16,30.16,3.26,3.27,3.27,3.27,3.27,3.27,3.27,3.27,3.28,3.28,5.37,5.38,5.38,5.39,5.40,5.41,5.42,5.43,5.44,5.45,295.20,0.00,0.00,1.00,0.00,0.00,0.00,-1.00,0,None,0,aggregation
160,282.54,remora6,remora7,29.69,29.69,29.66,29.66,29.66,29.66,29.73,29.73,29.80,29.80,30.16,30.16,30.17,30.17,30.17,30.17,30.15,30.15,30.13,30.13,3.28,3.28,3.28,3.29,3.29,3.29,3.29,3.30,3.30,3.30,5.46,5.47,5.48,5.50,5.52,5.53,5.55,5.56,5.57,5.58,296.96,0.00,0.00,1.00,0.00,0.00,0.00,-1.00,0,None,0,aggregation
160,283.54,remora6,remora7,29.87,29.87,29.92,29.92,29.98,29.98,29.98,29.98,30.02,30.02,30.10,30.10,30.06,30.06,30.02,30.02,30.02,30.02,29.98,29.98,3.31,3.31,3.31,3.31,3.32,3.32,3.32,3.33,3.33,3.34,5.59,5.60,5.62,5.63,5.64,5.65,5.66,5.67,5.69,5.70,298.20,0.00,0.00,1.00,0.00,0.00,0.00,-1.00,0,None,0,aggregation
160,284.54,remora6,remora7,30.04,30.04,30.06,30.06,30.10,30.10,30.10,30.10,30.13,30.13,29.95,29.95,29.92,29.92,29.87,29.87,29.87,29.87,29.80,29.80,3.34,3.34,3.35,3.35,3.36,3.36,3.37,3.37,3.37,3.38,5.71,5.72,5.74,5.75,5.76,5.77,5.79,5.80,5.81,5.82,299.03,0.00,0.00,1.00,0.00,0.00,0.00,-1.00,0,None,0,aggregation
160,285.54,remora6,remora7,30.13,30.13,30.15,30.15,30.15,30.15,30.16,30.16,30.17,30.17,29.80,29.80,29.73,29.73,29.73,29.73,29.69,29.69,29.66,29.66,3.38,3.39,3.39,3.40,3.40,3.41,3.42,3.42,3.43,3.43,5.84,5.85,5.86,5.88,5.89,5.91,5.92,5.93,5.95,5.96,299.44,0.00,0.00,1.00,0.00,0.00,0.00,-1.00,0,None,0,aggregation
160,286.54,remora6,remora7,30.17,30.17,30.18,30.18,30.18,30.18,30.18,30.18,30.18,30.18,29.62,29.62,29.57,29.57,29.53,29.53,29.53,29.53,29.49,29.49,3.44,3.45,3.45,3.46,3.47,3.47,3.48,3.49,3.50,3.50,5.98,5.99,6.01,6.02,6.04,6.05,6.07,6.09,6.10,6.12,299.52,0.00,0.00,1.00,0.00,0.00,0.00,-1.00,0,None,0,aggregation
160,287.54,remora6,remora7,30.19,30.19,30.19,30.19,30.18,30.18,30.18,30.18,30.18,30.18,29.44,29.44,29.44,29.44,29.39,29.39,29.34,29.34,29.34,29.34,3.51,3.52,3.53,3.54,3.55,3.55,3.56,3.57,3.58,3.59,6.14,6.15,6.17,6.19,6.21,6.22,6.24,6.26,6.28,6.30,299.39,0.00,0.00,1.00,0.00,0.00,0.00,-1.00,0,None,0,aggregation
160,288.54,remora6,remora7,30.18,30.18,30.17,30.17,30.17,30.17,30.17,30.17,30.17,30.17,29.34,29.34,29.24,29.24,29.24,29.24,29.24,29.24,29.24,29.24,3.60,3.61,3.62,3.64,3.65,3.66,3.67,3.68,3.70,3.71,6.32,6.34,6.36,5.16,5.17,5.18,5.19,5.20,5.22,5.23,299.13,0.00,0.00,1.00,0.00,0.00,0.00,-1.00,0,None,0,aggregation
160,289.54,remora6,remora7,30.16,30.16,30.16,30.16,30.16,30.16,30.16,30.16,30.15,30.15,29.14,29.14,29.14,29.14,29.14,29.14,29.14,29.14,29.08,29.08,3.72,3.73,3.75,3.76,3.78,3.79,3.81,3.82,3.84,3.86,5.24,5.25,5.26,5.28,5.29,5.30,5.32,5.33,5.34,5.35,298.77,0.00,0.00,1.00,0.00,0.00,0.00,-1.00,0,None,0,aggregation
160,290.54,remora6,remora7,30.11,30.11,30.02,30.02,29.95,29.95,29.78,29.78,29.67,29.67,28.88,28.88,28.56,28.56,28.36,28.36,27.93,27.93,27.69,27.69,3.87,3.89,3.91,3.93,3.95,3.96,3.98,4.00,4.02,4.04,5.36,5.36,5.37,5.38,5.39,5.39,5.40,5.41,5.42,5.43,297.89,0.00,0.00,1.00,0.00,0.00,0.00,-1.00,0,None,0,aggregation
160,291.54,remora6,remora7,29.42,29.42,29.25,29.25,28.95,28.95,28.73,28.73,28.46,28.46,27.17,27.17,26.83,26.83,26.28,26.28,25.89,25.89,25.43,25.43,4.06,4.08,4.11,4.13,4.15,4.17,4.19,4.22,4.24,4.26,5.44,5.45,5.46,5.47,5.48,5.50,5.51,5.52,5.53,5.54,295.59,0.00,0.00,1.00,0.00,0.00,0.00,-1.00,0,None,0,aggregation
160,292.54,remora6,remora7,28.03,28.03,27.68,27.68,27.25,27.25,27.03,27.03,26.60,26.60,24.72,24.72,24.16,24.16,23.50,23.50,23.17,23.17,22.52,22.52,4.28,4.31,4.33,4.36,4.38,4.40,4.43,4.45,4.48,4.51,5.56,5.57,5.58,5.59,5.61,5.62,5.63,5.64,5.66,5.67,291.13,0.00,0.00,1.00,0.00,0.00,0.00,-1.00,0,None,0,aggregation
160,293.54,remora6,remora7,25.57,25.57,25.06,25.06,24.23,24.23,23.26,23.26,22.34,22.34,21.03,21.03,20.31,20.31,19.15,19.15,17.81,17.81,16.57,16.57,4.53,4.56,4.58,4.61,4.63,4.65,4.63,4.62,4.61,4.59,5.68,5.69,5.71,5.72,5.73,5.74,5.75,5.76,5.77,5.78,282.67,0.00,0.00,1.00,0.00,0.00,0.00,-1.00,0,None,0,aggregation
160,294.54,remora6,remora7,21.39,21.39,20.48,20.48,19.89,19.89,18.30,18.30,17.75,17.75,15.31,15.31,14.11,14.11,13.33,13.33,11.27,11.27,10.56,10.56,4.58,4.56,4.55,4.53,4.52,4.50,4.49,4.47,4.45,4.44,5.79,5.80,5.81,5.82,5.83,5.84,5.85,5.86,5.86,5.87,268.92,0.00,0.00,1.00,0.00,0.00,0.00,-1.00,0,None,0,aggregation
160,295.54,remora6,remora7,16.15,16.15,15.74,15.74,15.74,15.74,15.85,15.85,15.70,15.70,8.50,8.50,7.98,7.98,7.98,7.98,8.13,8.13,7.93,7.93,4.42,4.40,4.39,4.37,4.35,4.33,4.32,4.30,4.28,4.26,5.87,5.87,5.88,5.88,5.88,5.88,5.88,5.89,5.89,5.89,250.95,0.00,0.00,1.00,0.00,0.00,0.00,-1.00,0,None,0,aggregation
160,296.54,remora6,remora7,16.71,16.71,17.68,17.68,18.25,18.25,19.19,19.19,19.57,19.57,9.22,9.22,10.46,10.46,11.21,11.21,12.43,12.43,12.92,12.92,4.25,4.23,4.21,4.19,4.18,4.16,4.14,4.13,4.11,4.10,5.89,5.90,5.90,5.90,5.91,5.91,5.92,5.92,5.93,5.94,235.85,0.00,0.00,1.00,0.00,0.00,0.00,-1.00,0,None,0,aggregation
160,297.54,remora6,remora7,19.91,19.91,20.16,20.16,20.80,20.80,21.52,21.52,21.80,21.80,13.35,13.35,13.68,13.68,14.53,14.53,15.48,15.48,15.85,15.85,4.08,4.06,4.05,4.03,4.02,4.00,3.99,3.98,3.96,3.95,5.94,5.95,5.96,5.97,5.98,5.99,6.00,6.01,6.02,6.03,223.77,0.00,0.00,1.00,0.00,0.00,0.00,-1.00,0,None,0,aggregation
160,298.54,remora6,remora7,22.12,22.12,22.45,22.45,22.59,22.59,22.96,22.96,23.32,23.32,16.28,16.28,16.73,16.73,16.92,16.92,17.41,17.41,17.91,17.91,3.94,3.92,3.91,3.90,3.89,3.88,3.86,3.85,3.84,3.83,6.04,6.05,6.06,6.08,6.09,6.11,6.12,6.13,6.15,6.16,213.92,0.00,0.00,1.00,0.00,0.00,0.00,-1.00,0,None,0,aggregation
160,299.54,remora6,remora7,23.64,23.64,23.80,23.80,24.21,24.21,24.55,24.55,24.78,24.78,18.34,18.34,18.56,18.56,19.12,19.12,19.60,19.60,19.91,19.91,3.82,3.81,3.80,3.79,3.78,3.77,3.76,3.76,3.75,3.74,6.18,6.20,6.21,6.23,6.25,6.26,6.28,6.30,6.31,6.33,205.93,0.00,0.00,1.00,0.00,0.00,0.00,-1.00,0,None,0,aggregation
160,300.54,remora6,remora7,25.15,25.15,25.42,25.42,25.81,25.81,25.97,25.97,26.21,26.21,20.44,20.44,20.82,20.82,21.37,21.37,21.61,21.61,21.96,21.96,3.73,3.72,3.72,3.71,3.70,3.70,3.69,3.68,3.68,3.67,6.35,6.37,6.39,6.40,6.42,6.44,6.46,6.48,6.49,6.51,200.32,0.00,0.00,1.00,0.00,0.00,0.00,-1.00,0,None,0,aggregation
160,301.54,remora6,remora7,26.48,26.48,26.87,26.87,26.95,26.95,27.39,27.39,27.45,27.45,22.35,22.35,22.93,22.93,23.05,23.05,23.71,23.71,23.81,23.81,3.67,3.66,3.66,3.65,3.65,3.64,3.64,3.63,3.63,3.62,6.53,6.55,6.57,6.58,6.60,6.62,6.64,6.65,6.67,6.69,197.78,0.00,0.00,1.00,0.00,0.00,0.00,-1.00,0,None,0,aggregation
160,131.54,remora6,remora3,30.00,30.00,30.00,30.00,30.00,30.00,30.00,30.00,30.00,30.00,30.00,30.00,30.00,30.00,30.00,30.00,30.00,30.00,30.00,30.00,6.46,6.48,6.50,6.52,6.55,6.57,6.59,6.61,6.63,6.65,7.86,7.89,7.93,7.96,7.99,8.02,8.04,8.07,8.10,8.13,278.25,0.00,0.00,1.00,0.00,0.00,0.00,-1.00,0,None,0,aggregation
160,132.54,remora6,remora3,30.00,30.00,30.00,30.00,30.00,30.00,30.00,30.00,30.00,30.00,30.00,30.00,30.00,30.00,30.00,30.00,30.00,30.00,30.00,30.00,6.67,6.69,6.71,6.74,6.76,6.78,6.80,6.82,6.84,6.87,8.16,8.19,8.22,8.25,8.28,8.31,8.34,7.96,7.99,8.02,280.82,0.00,0.00,1.00,0.00,0.00,0.00,-1.00,0,None,0,aggregation
160,133.54,remora6,remora3,30.00,30.00,30.00,30.00,30.00,30.00,30.00,30.00,30.00,30.00,30.00,30.00,30.00,30.00,30.00,30.00,30.00,30.00,30.00,30.00,6.89,6.91,6.93,6.95,6.98,7.00,7.02,7.04,7.06,7.09,8.05,8.08,8.11,8.14,8.17,7.59,7.62,7.64,7.66,7.69,285.77,0.00,0.00,1.00,0.00,0.00,0.00,-1.00,0,None,0,aggregation
160,134.54,remora6,remora3,30.00,30.00,30.00,30.00,30.00,30.00,30.00,30.00,30.00,30.00,30.00,30.00,30.00,30.00,30.00,30.00,30.00,30.00,30.00,30.00,7.11,7.13,7.15,7.18,7.20,7.22,7.25,7.27,7.29,7.31,7.71,7.73,7.76,7.78,7.80,7.83,7.85,7.87,7.89,7.92,291.72,0.00,0.00,1.00,0.00,0.00,0.00,-1.00,0,None,0,aggregation
160,135.54,remora6,remora3,30.00,30.00,30.00,30.00,30.00,30.00,30.00,30.00,30.00,30.00,30.00,30.00,30.00,30.00,30.00,30.00,30.00,30.00,30.00,30.00,7.34,7.36,7.38,7.41,7.43,7.45,7.48,7.50,7.52,7.55,7.94,7.96,7.99,8.01,8.03,8.05,8.08,8.10,8.12,8.14,300.00,0.00,0.00,1.00,0.00,0.00,0.00,-1.00,0,None,0,aggregation
160,136.54,remora6,remora3,30.00,30.00,30.00,30.00,30.00,30.00,30.00,30.00,30.00,30.00,30.00,30.00,30.00,30.00,30.00,30.00,30.00,30.00,30.00,30.00,7.57,7.59,7.62,7.64,7.66,7.69,7.71,7.74,7.76,7.78,8.17,8.19,8.21,8.23,8.25,8.28,8.30,8.32,8.34,8.36,300.00,0.00,0.00,1.00,0.00,0.00,0.00,-1.00,0,None,0,aggregation
160,137.54,remora6,remora3,30.00,30.00,30.00,30.00,30.00,30.00,30.00,30.00,30.00,30.00,30.00,30.00,30.00,30.00,30.00,30.00,30.00,30.00,30.00,30.00,7.81,7.83,7.85,7.88,7.90,7.92,7.93,7.94,7.96,7.97,8.39,8.41,8.43,8.45,8.47,8.49,8.52,8.54,8.56,8.58,300.00,0.00,0.00,1.00,0.00,0.00,0.00,-1.00,0,None,0,aggregation
160,138.54,remora6,remora3,30.00,30.00,30.00,30.00,30.00,30.00,30.00,30.00,30.00,30.00,30.00,30.00,30.00,30.00,30.00,30.00,30.00,30.00,30.00,30.00,7.98,8.00,8.01,8.02,8.03,8.05,8.06,8.07,8.08,8.10,8.60,8.62,8.65,8.67,8.69,8.71,8.73,8.75,8.78,8.18,300.00,0.00,0.00,1.00,0.00,0.00,0.00,-1.00,0,None,0,aggregation
160,139.54,remora6,remora3,30.00,30.00,30.00,30.00,30.00,30.00,30.00,30.00,30.00,30.00,30.00,30.00,30.00,30.00,30.00,30.00,30.00,30.00,30.00,30.00,8.11,8.12,8.13,8.15,8.16,8.17,8.18,8.19,8.21,8.22,8.20,8.22,8.24,8.26,8.28,8.29,8.31,8.33,8.35,8.37,300.00,0.00,0.00,1.00,0.00,0.00,0.00,-1.00,0,None,0,aggregation
160,140.54,remora6,remora3,30.00,30.00,30.00,30.00,30.00,30.00,30.00,30.00,30.00,30.00,30.00,30.00,30.00,30.00,30.00,30.00,30.00,30.00,30.00,30.00,8.23,8.24,8.25,8.26,8.28,8.29,8.30,8.31,8.32,8.33,8.39,8.40,8.42,8.44,8.46,8.48,8.50,8.51,8.53,8.55,300.00,0.00,0.00,1.00,0.00,0.00,0.00,-1.00,0,None,0,aggregation
160,141.54,remora6,remora3,30.00,30.00,30.00,30.00,30.00,30.00,30.00,30.00,30.00,30.00,30.00,30.00,30.00,30.00,30.00,30.00,30.00,30.00,30.00,30.00,8.34,8.35,8.36,8.37,8.37,8.38,8.39,8.39,8.40,8.41,8.57,8.58,8.60,8.62,8.63,8.65,8.67,8.68,8.70,8.72,300.00,0.00,0.00,1.00,0.00,0.00,0.00,-1.00,0,None,0,aggregation
160,142.54,remora6,remora3,30.00,30.00,30.00,30.00,30.00,30.00,30.00,30.00,30.00,30.00,30.00,30.00,30.00,30.00,30.00,30.00,30.00,30.00,30.00,30.00,8.41,8.42,8.42,8.43,8.43,8.44,8.44,8.44,8.45,8.45,8.73,8.75,8.76,8.78,8.79,8.81,8.82,8.84,8.85,8.87,300.00,0.00,0.00,1.00,0.00,0.00,0.00,-1.00,0,None,0,aggregation
160,143.54,remora6,remora3,30.00,30.00,30.00,30.00,30.00,30.00,30.00,30.00,30.00,30.00,30.00,30.00,30.00,30.00,30.00,30.00,30.00,30.00,30.00,30.00,8.45,8.46,8.46,8.46,8.46,8.46,8.47,8.47,8.47,8.47,8.88,8.89,8.91,8.93,8.96,8.98,9.01,9.04,9.06,9.09,300.00,0.00,0.00,1.00,0.00,0.00,0.00,-1.00,0,None,0,aggregation
160,144.54,remora6,remora3,30.00,30.00,30.00,30.00,30.00,30.00,30.00,30.00,30.00,30.00,30.00,30.00,30.00,30.00,30.00,30.00,30.00,30.00,30.00,30.00,8.47,8.47,8.47,8.47,8.48,8.48,8.48,8.48,8.48,8.48,9.11,9.14,9.17,9.19,9.22,8.48,8.48,8.48,8.48,8.48,300.00,0.00,0.00,1.00,0.00,0.00,0.00,-1.00,0,None,0,aggregation
160,145.54,remora6,remora3,30.00,30.00,30.00,30.00,30.00,30.00,30.00,30.00,30.00,30.00,30.00,30.00,30.00,30.00,30.00,30.00,30.00,30.00,30.00,30.00,8.48,8.48,8.48,8.49,8.49,8.49,8.49,8.49,8.49,8.50,8.48,8.48,8.48,8.49,8.49,8.49,8.49,8.49,8.49,8.50,300.00,0.00,0.00,1.00,0.00,0.00,0.00,-1.00,0,None,0,aggregation
160,146.54,remora6,remora3,30.00,30.00,30.00,30.00,30.00,30.00,30.00,30.00,30.00,30.00,30.00,30.00,30.00,30.00,30.00,30.00,30.00,30.00,30.00,30.00,8.50,8.50,8.50,8.50,8.51,8.51,8.51,8.51,8.51,8.52,8.50,8.50,8.50,8.50,8.51,8.51,8.51,8.51,8.51,8.52,300.00,0.00,0.00,1.00,0.00,0.00,0.00,-1.00,0,None,0,aggregation
160,147.54,remora6,remora3,30.00,30.00,30.00,30.00,30.00,30.00,30.00,30.00,30.00,30.00,30.00,30.00,30.00,30.00,30.00,30.00,30.00,30.00,30.00,30.00,8.52,8.52,8.52,8.52,8.53,8.53,8.53,8.53,8.54,8.54,8.52,8.52,8.52,8.52,8.53,8.53,8.53,8.53,8.54,8.54,300.00,0.00,0.00,1.00,0.00,0.00,0.00,-1.00,0,None,0,aggregation
160,148.54,remora6,remora3,30.00,30.00,30.00,30.00,30.00,30.00,30.00,30.00,30.00,30.00,30.00,30.00,30.00,30.00,30.00,30.00,30.00,30.00,30.00,30.00,8.54,8.54,8.54,8.55,8.55,8.55,8.56,8.56,8.56,8.56,8.54,8.54,8.54,8.55,8.55,8.55,8.56,8.56,8.56,8.56,300.00,0.00,0.00,1.00,0.00,0.00,0.00,-1.00,0,None,0,aggregation
160,177.54,remora6,remora3,26.84,26.84,26.93,26.93,27.12,27.12,27.22,27.22,27.31,27.31,29.25,29.25,29.30,29.30,29.40,29.40,29.45,29.45,29.49,29.49,4.24,4.18,4.13,4.07,4.02,3.96,3.91,3.85,3.79,3.74,4.24,4.18,4.13,4.07,4.02,3.96,3.91,3.85,3.79,3.74,206.69,0.00,0.00,1.00,0.00,0.00,0.00,-1.00,0,None,0,aggregation
160,178.54,remora6,remora3,27.40,27.40,27.57,27.57,27.57,27.57,27.66,27.66,27.66,27.66,29.54,29.54,29.62,29.62,29.62,29.62,29.66,29.66,29.66,29.66,3.68,3.63,3.57,3.51,3.46,3.40,3.35,3.29,3.23,3.18,3.68,3.63,3.57,3.51,3.46,3.40,3.35,3.29,3.23,3.18,205.28,0.00,0.00,1.00,0.00,0.00,0.00,-1.00,0,None,0,aggregation
160,179.54,remora6,remora3,27.74,27.74,27.83,27.83,27.91,27.91,27.91,27.91,27.83,27.83,29.70,29.70,29.73,29.73,29.77,29.77,29.77,29.77,29.73,29.73,3.12,3.06,3.01,2.95,2.89,2.84,2.78,2.72,2.67,2.61,3.12,3.06,3.01,2.95,6.43,6.38,6.33,6.28,6.23,6.18,204.07,0.00,1.00,1.00,0.00,0.00,0.00,-1.00,0,None,0,aggregation
160,180.54,remora6,remora3,27.91,27.91,27.91,27.91,27.99,27.99,27.91,27.91,27.91,27.91,29.77,29.77,29.77,29.77,29.80,29.80,29.77,29.77,29.77,29.77,2.56,2.50,2.44,2.39,2.33,2.27,2.22,2.16,2.10,2.05,6.13,6.08,6.04,5.99,5.94,5.89,5.84,5.79,5.74,5.69,220.40,0.00,1.00,1.00,0.00,0.00,0.00,-1.00,0,None,0,aggregation
160,181.54,remora6,remora3,27.83,27.91,27.91,27.91,27.83,27.83,27.74,27.74,0.00,0.00,29.73,29.77,29.77,29.77,29.73,29.73,29.70,29.70,0.00,0.00,1.99,1.94,1.88,1.82,1.77,1.71,1.66,1.60,1.58,1.58,5.64,5.59,5.54,5.50,5.45,5.40,5.35,5.30,5.28,5.27,233.40,0.00,1.00,1.00,0.00,0.00,0.00,-1.00,0,None,0,aggregation
160,182.54,remora6,remora3,0.00,0.00,0.00,0.00,0.00,0.00,0.00,0.00,0.00,0.00,0.00,0.00,0.00,0.00,0.00,0.00,0.00,0.00,0.00,0.00,1.57,1.57,1.57,1.57,1.57,1.57,1.57,1.57,1.57,1.57,5.26,5.25,5.24,5.23,5.22,5.21,5.20,5.19,5.18,5.17,231.91,0.00,1.00,1.00,0.00,0.00,0.00,-1.00,0,None,0,aggregation
160,183.54,remora6,remora3,0.00,0.00,0.00,0.00,0.00,0.00,0.00,0.00,0.00,0.00,0.00,0.00,0.00,0.00,0.00,0.00,0.00,0.00,0.00,0.00,1.57,1.57,1.57,1.57,1.57,1.57,1.57,1.57,1.57,1.57,5.16,5.16,5.15,5.14,5.13,5.12,5.11,5.10,5.09,5.08,218.07,0.00,1.00,1.00,0.00,0.00,0.00,-1.00,0,None,0,aggregation
160,184.54,remora6,remora3,0.00,0.00,0.00,0.00,0.00,0.00,0.00,0.00,0.00,0.00,0.00,0.00,0.00,0.00,0.00,0.00,0.00,0.00,0.00,0.00,1.57,1.57,1.57,1.57,1.57,1.57,1.57,1.57,1.57,1.57,5.08,5.07,5.06,5.05,5.04,5.03,5.02,5.02,5.01,5.00,188.07,0.00,1.00,1.00,0.00,0.00,0.00,-1.00,0,None,0,aggregation
160,185.54,remora6,remora3,0.00,0.00,0.00,0.00,0.00,0.00,0.00,0.00,0.00,0.00,0.00,0.00,0.00,0.00,0.00,0.00,0.00,0.00,0.00,0.00,1.57,1.57,1.57,1.57,1.57,1.57,1.57,1.57,1.57,1.57,4.99,4.98,4.97,4.96,4.96,4.95,4.94,4.93,4.92,4.91,165.20,0.00,1.00,1.00,0.00,0.00,0.00,-1.00,0,None,0,aggregation
160,186.54,remora6,remora3,0.00,0.00,0.00,0.00,0.00,0.00,0.00,0.00,0.00,0.00,0.00,0.00,0.00,0.00,0.00,0.00,0.00,0.00,0.00,0.00,1.57,1.57,1.57,1.57,1.57,1.57,1.57,1.57,1.57,1.57,4.91,4.90,4.89,4.88,4.87,4.86,4.86,4.85,4.84,4.83,137.50,0.00,1.00,1.00,0.00,0.00,0.00,-1.00,0,None,0,aggregation
160,187.54,remora6,remora3,0.00,0.00,0.00,0.00,0.00,0.00,0.00,0.00,0.00,0.00,0.00,0.00,0.00,0.00,0.00,0.00,0.00,0.00,0.00,0.00,1.57,1.57,1.57,1.57,1.57,1.57,1.57,1.57,1.57,1.57,4.82,4.81,4.80,4.80,4.79,4.78,4.77,4.77,4.77,4.77,109.26,0.00,1.00,1.00,0.00,0.00,0.00,-1.00,0,None,0,aggregation
160,188.54,remora6,remora3,0.00,0.00,0.00,0.00,0.00,0.00,0.00,0.00,0.00,0.00,0.00,0.00,0.00,0.00,0.00,0.00,0.00,0.00,0.00,0.00,1.57,1.57,1.57,1.57,1.57,1.57,1.57,1.57,1.57,1.57,4.77,4.77,4.77,4.77,4.77,4.77,4.77,4.77,4.77,4.77,80.67,0.00,1.00,1.00,0.00,0.00,0.00,-1.00,0,None,0,aggregation
160,189.54,remora6,remora3,0.00,0.00,0.00,0.00,0.00,0.00,0.00,0.00,0.00,0.00,0.00,0.00,0.00,0.00,0.00,0.00,0.00,0.00,0.00,0.00,1.57,1.57,1.57,1.57,1.57,1.57,1.57,1.57,1.57,1.57,4.77,4.77,4.77,4.77,4.77,4.77,4.77,4.77,4.77,4.77,51.88,0.00,1.00,1.00,0.00,0.00,0.00,-1.00,0,None,0,aggregation
160,190.54,remora6,remora3,0.00,0.00,0.00,0.00,0.00,0.00,0.00,0.00,0.00,0.00,0.00,0.00,0.00,0.00,0.00,0.00,0.00,0.00,0.00,0.00,1.57,1.57,1.57,1.57,1.57,1.57,1.57,1.57,1.57,1.57,4.77,4.77,4.77,4.77,4.77,4.77,4.77,4.77,4.77,4.77,23.03,0.00,1.00,0.00,0.00,0.00,0.00,-1.00,0,None,0,aggregation
160,191.54,remora6,remora3,0.00,0.00,0.00,0.00,0.00,0.00,0.00,0.00,0.00,0.00,0.00,0.00,0.00,0.00,0.00,0.00,0.00,0.00,0.00,0.00,1.57,1.57,1.57,1.57,1.57,1.57,1.57,1.57,1.57,1.57,4.77,4.77,4.77,4.77,4.77,4.77,4.77,4.77,4.77,4.77,0.00,0.00,1.00,0.00,0.00,0.00,0.00,-1.00,0,None,0,aggregation
160,192.54,remora6,remora3,0.00,0.00,0.00,0.00,0.00,0.00,0.00,0.00,0.00,0.00,0.00,0.00,0.00,0.00,0.00,0.00,0.00,0.00,0.00,0.00,1.57,1.57,1.57,1.57,1.57,1.57,1.57,1.57,1.57,1.57,4.77,4.77,6.51,6.50,6.49,6.48,6.47,6.46,6.45,6.44,0.00,0.00,1.00,0.00,0.00,0.00,0.00,-1.00,0,None,0,aggregation
160,193.54,remora6,remora3,0.00,0.00,0.00,0.00,0.00,0.00,0.00,0.00,0.00,0.00,0.00,0.00,0.00,0.00,0.00,0.00,0.00,0.00,0.00,0.00,1.57,1.57,1.57,1.57,1.57,1.57,1.57,1.57,1.57,1.57,6.43,6.42,6.41,6.40,6.39,6.38,6.37,6.36,6.35,6.34,0.00,0.00,1.00,0.00,0.00,0.00,0.00,-1.00,0,None,0,aggregation
160,194.54,remora6,remora3,0.00,0.00,0.00,0.00,0.00,0.00,0.00,0.00,0.00,0.00,0.00,0.00,0.00,0.00,0.00,0.00,0.00,0.00,0.00,0.00,1.57,1.57,1.57,1.57,1.57,1.57,1.57,1.57,1.58,1.58,6.33,6.32,6.31,6.30,6.29,6.28,6.27,6.26,6.25,6.24,0.00,0.00,1.00,0.00,0.00,0.00,0.00,-1.00,0,None,0,aggregation
160,195.54,remora6,remora3,0.00,0.00,0.00,0.00,0.00,0.00,0.00,0.00,0.00,0.00,0.00,0.00,0.00,0.00,0.00,0.00,0.00,0.00,0.00,0.00,1.58,1.58,1.58,1.58,1.58,1.58,1.58,1.58,1.58,1.58,6.23,6.22,6.21,6.20,6.19,6.18,6.17,6.16,6.15,6.14,0.00,0.00,1.00,0.00,0.00,0.00,0.00,-1.00,0,None,0,aggregation
160,196.54,remora6,remora3,0.00,0.00,0.00,0.00,0.00,0.00,0.00,0.00,0.00,0.00,0.00,0.00,0.00,0.00,0.00,0.00,0.00,0.00,0.00,0.00,1.58,1.58,1.58,1.58,1.58,1.58,1.58,1.58,1.58,1.58,6.13,6.12,6.11,6.10,6.09,6.08,6.07,6.06,6.05,6.04,0.00,0.00,1.00,0.00,0.00,0.00,0.00,-1.00,0,None,0,aggregation
160,197.54,remora6,remora3,0.00,0.00,0.00,0.00,0.00,0.00,0.00,0.00,0.00,0.00,0.00,0.00,0.00,0.00,0.00,0.00,0.00,0.00,0.00,0.00,1.58,1.58,1.58,1.58,1.58,1.58,1.58,1.58,1.58,1.58,6.04,6.03,6.02,6.01,6.00,5.99,5.98,5.97,5.96,5.95,0.00,0.00,1.00,0.00,0.00,0.00,0.00,-1.00,0,None,0,aggregation
160,198.54,remora6,remora3,0.00,0.00,0.00,0.00,0.00,0.00,0.00,0.00,0.00,0.00,0.00,0.00,0.00,0.00,0.00,0.00,0.00,0.00,0.00,0.00,1.58,1.58,1.58,1.58,1.58,1.58,1.58,1.58,1.58,1.58,5.94,5.93,5.92,5.91,5.90,5.89,5.88,5.87,5.86,5.85,0.00,0.00,1.00,0.00,0.00,0.00,0.00,-1.00,0,None,0,aggregation
160,199.54,remora6,remora3,0.00,0.00,0.00,0.00,0.00,0.00,0.00,0.00,0.00,0.00,0.00,0.00,0.00,0.00,0.00,0.00,0.00,0.00,0.00,0.00,1.58,1.58,1.58,1.58,1.58,1.58,1.58,1.58,1.58,1.58,5.84,5.83,5.82,5.81,5.80,5.79,5.78,5.77,5.76,5.75,0.00,0.00,1.00,0.00,0.00,0.00,0.00,-1.00,0,None,0,aggregation
160,200.54,remora6,remora3,0.00,0.00,0.00,0.00,0.00,0.00,0.00,0.00,0.00,0.00,0.00,0.00,0.00,0.00,0.00,0.00,0.00,0.00,0.00,0.00,1.58,1.58,1.58,1.58,1.58,1.58,1.58,1.58,1.58,1.58,5.74,5.73,5.72,5.71,5.70,5.69,5.68,5.67,5.66,5.65,0.00,0.00,1.00,0.00,0.00,0.00,0.00,-1.00,0,None,0,aggregation
160,201.54,remora6,remora3,0.00,0.00,0.00,0.00,0.00,0.00,0.00,0.00,0.00,0.00,0.00,0.00,0.00,0.00,0.00,0.00,0.00,0.00,0.00,0.00,1.58,1.58,1.58,1.58,1.58,1.58,1.58,1.58,1.58,1.58,5.64,5.63,5.62,6.71,6.69,6.68,6.66,6.65,6.63,6.62,0.00,0.00,1.00,0.00,0.00,0.00,0.00,-1.00,0,None,0,aggregation
160,202.54,remora6,remora3,0.00,0.00,-22.96,-22.96,-22.74,-22.74,-22.17,-22.17,-21.55,-21.55,0.00,0.00,-33.42,-33.42,-33.20,-33.20,-32.64,-32.64,-32.01,-32.01,1.58,1.58,1.60,1.65,1.71,1.76,1.81,1.87,1.92,1.97,6.60,6.59,6.59,6.60,6.61,6.62,6.64,6.65,6.67,6.68,22.07,0.00,1.00,0.00,0.00,0.00,0.00,-1.00,0,None,0,aggregation
160,203.54,remora6,remora3,-20.85,-20.85,-20.10,-20.10,-19.28,-19.28,-18.28,-18.28,-17.34,-17.34,-31.32,-31.32,-30.56,-30.56,-29.75,-29.75,-28.74,-28.74,-27.80,-27.80,2.02,2.07,2.12,2.17,2.21,2.26,2.30,2.35,2.39,2.43,6.69,6.71,6.72,6.75,6.78,6.80,6.82,6.84,6.86,6.88,46.47,0.00,1.00,1.00,0.00,0.00,0.00,-1.00,0,None,0,aggregation
160,204.54,remora6,remora3,-16.35,-16.35,-15.30,-15.30,-14.21,-14.21,-12.91,-12.91,-11.72,-11.72,-26.81,-26.81,-25.77,-25.77,-24.68,-24.68,-23.37,-23.37,-22.18,-22.18,2.47,2.51,2.54,2.58,2.61,2.64,2.67,2.70,2.73,2.75,6.89,6.91,6.93,6.94,6.96,6.97,6.99,7.00,7.01,7.02,65.80,0.00,1.00,1.00,0.00,0.00,0.00,-1.00,0,None,0,aggregation
160,205.54,remora6,remora3,-10.31,-10.31,-8.85,-8.85,-7.35,-7.35,-5.81,-5.81,-4.04,-4.04,-20.77,-20.77,-19.32,-19.32,-17.82,-17.82,-16.28,-16.28,-14.50,-14.50,2.78,2.80,2.82,2.83,2.85,2.87,2.88,2.89,2.90,2.91,7.03,7.04,7.05,6.07,6.08,6.08,6.08,6.08,6.08,6.08,78.31,0.00,1.00,1.00,0.00,0.00,0.00,-1.00,0,None,0,aggregation
160,206.54,remora6,remora3,-2.43,-2.43,-0.39,-0.39,1.47,1.47,3.56,3.56,5.79,5.79,-12.90,-12.90,-10.85,-10.85,-8.99,-8.99,-6.91,-6.91,-4.53,-4.53,2.91,2.92,2.93,2.93,2.93,2.93,2.94,2.94,2.94,2.94,6.08,6.08,6.07,6.07,6.06,6.05,6.05,6.04,6.03,6.02,82.17,0.00,1.00,1.00,0.00,0.00,0.00,-1.00,0,None,0,aggregation
160,207.54,remora6,remora3,7.65,7.65,9.86,11.86,11.86,11.86,13.81,13.81,15.87,15.87,-2.21,-2.21,0.56,3.07,3.07,3.07,5.53,5.53,8.15,8.15,2.94,2.94,2.94,2.94,2.95,2.95,2.95,2.96,2.97,2.98,6.01,6.00,5.99,5.98,5.97,5.96,5.95,5.95,5.94,5.93,89.81,0.00,1.00,1.00,0.00,0.00,0.00,-1.00,0,None,0,aggregation
160,208.54,remora6,remora3,17.53,17.53,19.42,20.92,20.92,20.92,22.33,22.33,23.51,23.51,10.27,10.27,12.73,14.69,14.69,14.69,16.56,16.56,18.17,18.17,2.99,3.00,3.01,3.03,3.05,3.07,3.09,3.11,3.13,3.16,5.92,5.91,5.91,5.90,5.90,5.89,5.89,5.89,5.88,5.88,107.60,0.00,0.00,1.00,0.00,0.00,0.00,-1.00,0,None,0,aggregation
160,209.54,remora6,remora3,24.74,24.74,25.64,25.64,26.46,26.46,27.21,27.21,27.89,27.89,19.85,19.85,21.12,21.12,22.32,22.32,23.45,23.45,24.49,24.49,3.19,3.22,3.25,3.28,3.31,3.34,3.38,3.41,3.45,3.49,6.91,6.91,6.91,6.91,6.91,6.91,6.91,6.91,6.91,6.92,131.92,0.00,0.00,1.00,0.00,0.00,0.00,-1.00,0,None,0,aggregation
160,210.54,remora6,remora3,28.34,28.34,28.80,28.80,29.15,29.15,29.35,29.35,29.62,29.62,25.22,25.22,26.01,26.01,26.64,26.64,27.03,27.03,27.57,27.57,3.52,3.56,3.60,3.64,3.68,3.73,3.77,3.81,3.85,3.90,6.92,6.93,6.93,6.94,6.94,6.95,6.95,6.96,6.97,6.98,159.69,0.00,0.00,1.00,0.00,0.00,0.00,-1.00,0,None,0,aggregation
160,211.54,remora6,remora3,29.77,29.77,29.92,29.92,30.02,30.02,30.02,30.08,30.13,-17.77,27.91,27.91,28.29,28.29,28.58,28.58,28.58,28.78,28.96,-2.08,3.94,3.98,4.03,4.07,4.12,4.16,4.21,4.25,4.29,4.34,6.99,6.99,7.00,7.01,7.02,7.03,7.05,7.05,7.07,7.08,186.96,0.00,0.00,1.00,1.00,0.00,1.00,-1.00,0,None,0,aggregation
160,212.54,remora6,remora3,-17.77,-17.77,-17.65,-17.65,29.62,29.62,-17.27,-17.27,-17.05,-16.61,-2.08,-2.08,-1.95,-1.95,27.57,27.57,-1.57,-1.57,-1.35,-0.91,4.35,4.36,4.37,4.37,4.39,4.43,4.45,4.46,4.47,4.48,7.07,7.07,7.06,7.05,7.05,7.06,7.06,7.05,7.05,7.04,178.23,0.00,0.00,1.00,1.00,0.00,1.00,-1.00,0,None,0,aggregation
160,213.54,remora6,remora3,-16.61,-16.61,27.21,27.21,-15.86,-15.86,-15.52,-15.52,24.15,24.15,-0.91,-0.91,23.45,23.45,-0.17,-0.17,0.18,0.18,19.03,19.03,4.49,4.49,4.51,4.55,4.57,4.58,4.58,4.59,4.61,4.64,7.04,7.03,7.03,7.03,7.03,7.02,7.02,7.02,7.01,7.01,168.10,0.00,0.00,1.00,1.00,0.00,1.00,-1.00,0,None,0,aggregation
160,214.54,remora6,remora3,-14.59,-14.59,-14.25,19.55,19.55,19.55,-13.39,-13.39,-12.97,-12.97,1.10,1.10,1.45,12.89,12.89,12.89,2.31,2.31,2.73,2.73,4.66,4.67,4.68,4.69,4.71,4.74,4.76,4.77,4.78,4.79,7.01,7.01,7.00,7.00,7.00,6.99,6.99,6.99,6.99,6.99,157.76,0.00,0.00,1.00,1.00,0.00,1.00,-1.00,0,None,0,aggregation
160,215.54,remora6,remora3,14.39,14.39,13.70,13.70,-12.47,-12.07,-12.07,-12.07,9.72,9.72,6.27,6.27,5.39,5.39,3.23,3.62,3.62,3.62,0.38,0.38,4.81,4.83,4.84,4.82,4.80,4.78,4.76,4.74,4.72,4.71,6.99,6.98,6.98,6.97,6.97,6.97,6.97,6.97,6.97,6.97,151.97,0.00,0.00,1.00,1.00,0.00,1.00,-1.00,0,None,0,aggregation
160,216.54,remora6,remora3,8.99,8.99,10.32,10.32,11.34,11.34,-12.73,-12.42,-12.42,-12.42,-0.53,-0.53,1.14,1.14,2.41,2.41,2.97,3.28,3.28,3.28,4.69,4.67,4.65,4.64,4.62,4.61,4.59,4.57,4.56,4.54,6.97,6.96,6.96,6.96,6.96,6.96,6.96,6.96,6.96,6.96,153.33,0.00,0.00,1.00,1.00,0.00,1.00,-1.00,0,None,0,aggregation
160,217.54,remora6,remora3,8.30,8.30,8.19,8.19,9.13,9.13,11.13,11.13,13.10,13.10,-1.40,-1.40,-1.53,-1.53,-0.36,-0.36,2.16,2.16,4.64,4.64,4.53,4.51,4.50,4.48,4.47,4.46,4.45,4.43,4.42,4.41,6.96,6.96,6.96,6.96,6.96,6.96,6.96,6.96,6.96,6.96,151.02,0.00,0.00,1.00,0.00,0.00,0.00,-1.00,0,None,0,aggregation
160,218.54,remora6,remora3,-13.54,-13.54,-13.18,-13.18,11.86,11.86,12.21,-12.77,-12.77,-12.77,2.16,2.16,2.52,2.52,3.07,3.07,3.52,2.93,2.93,2.93,4.40,4.39,4.38,4.36,4.35,4.34,4.33,4.33,4.32,4.31,6.96,6.96,6.96,6.96,6.97,6.97,6.97,7.54,7.54,7.54,139.20,0.00,0.00,1.00,1.00,0.00,1.00,-1.00,0,None,0,aggregation
160,219.54,remora6,remora3,12.93,12.93,13.10,-12.71,-12.71,-12.71,-12.25,-12.25,11.68,11.68,4.42,4.42,4.64,2.99,2.99,2.99,3.44,3.44,2.84,2.84,4.30,4.29,4.28,4.28,4.27,4.26,4.25,4.24,4.24,4.23,7.54,7.53,7.53,7.53,7.53,7.52,7.52,7.52,7.52,7.52,121.29,0.00,0.00,1.00,1.00,0.00,1.00,-1.00,0,None,0,aggregation
160,220.54,remora6,remora3,11.86,11.86,13.63,13.63,-12.24,-12.24,-11.85,-11.85,12.57,12.57,3.07,3.07,5.31,5.31,3.45,3.45,3.85,3.85,3.97,3.97,4.23,4.22,4.22,4.22,4.21,4.21,4.20,4.19,4.19,4.19,7.51,7.51,7.51,7.51,7.50,7.50,7.49,7.48,7.48,7.47,100.24,0.00,0.00,1.00,1.00,0.00,1.00,-1.00,0,None,0,aggregation
160,221.54,remora6,remora3,12.93,12.93,-11.38,-11.38,-10.98,-10.98,11.86,11.86,11.13,11.13,4.42,4.42,4.32,4.32,4.72,4.72,3.07,3.07,2.16,2.16,4.19,4.19,4.18,4.18,4.18,4.17,4.17,4.17,4.17,4.17,7.46,7.45,7.45,7.44,7.44,7.44,7.44,7.43,7.43,7.42,78.86,0.00,0.00,1.00,1.00,0.00,1.00,-1.00,0,None,0,aggregation
160,222.54,remora6,remora3,13.10,13.10,15.02,15.02,-11.25,-11.25,-10.82,-10.82,13.81,13.81,4.64,4.64,7.07,7.07,4.45,4.45,4.87,4.87,5.53,5.53,4.18,4.18,4.18,4.19,4.19,4.19,4.19,4.19,4.20,4.20,7.41,7.41,7.40,7.39,7.39,7.39,7.39,7.39,7.39,7.38,72.71,0.00,0.00,1.00,1.00,0.00,1.00,-1.00,0,None,0,aggregation
160,223.54,remora6,remora3,13.98,13.98,15.70,15.70,-10.80,-10.37,-10.37,-10.37,14.68,14.68,5.75,5.75,7.93,7.93,4.89,5.32,5.32,5.32,6.63,6.63,4.21,4.21,4.22,4.23,4.24,4.24,4.25,4.25,4.26,4.27,7.38,7.37,7.37,7.36,7.36,7.36,7.35,7.36,7.36,7.36,65.95,0.00,0.00,1.00,1.00,0.00,1.00,-1.00,0,None,0,aggregation
160,224.54,remora6,remora3,14.85,-9.82,-9.82,-9.82,15.53,15.53,15.19,15.19,16.71,16.71,6.85,5.88,5.88,5.88,7.72,7.72,7.28,7.28,9.22,9.22,4.28,4.29,4.30,4.30,4.31,4.33,4.34,4.35,4.37,4.38,7.37,7.37,7.37,7.38,7.39,7.39,7.39,7.40,7.40,7.41,65.81,0.00,0.00,1.00,1.00,0.00,1.00,-1.00,0,None,0,aggregation
160,225.54,remora6,remora3,-10.00,-10.00,-9.70,-9.70,15.70,15.70,15.87,17.36,17.36,-9.59,5.69,5.69,6.00,6.00,7.93,7.93,8.15,10.06,10.06,6.10,4.40,4.41,4.41,4.42,4.44,4.45,4.47,4.49,4.50,4.52,7.41,7.42,7.43,7.43,7.44,7.44,7.45,7.73,7.73,7.73,66.38,0.00,0.00,1.00,1.00,0.00,1.00,-1.00,0,None,0,aggregation
160,226.54,remora6,remora3,-9.59,-9.59,17.85,17.85,17.85,17.85,-9.43,-8.97,-8.97,-8.97,6.10,6.10,10.69,10.69,10.69,10.69,6.26,6.73,6.73,6.73,4.54,4.55,4.57,4.59,4.61,4.63,4.64,4.66,4.67,4.69,7.73,7.73,7.73,7.72,7.72,7.72,7.72,7.72,7.72,7.72,67.70,0.00,0.00,1.00,1.00,0.00,1.00,-1.00,0,None,0,aggregation
160,227.54,remora6,remora3,16.21,16.21,16.21,17.53,17.53,17.53,18.96,18.96,20.18,20.18,8.58,8.58,8.58,10.27,10.27,10.27,12.12,12.12,13.72,13.72,4.71,4.73,4.75,4.77,4.80,4.82,4.84,4.87,4.90,4.93,7.72,7.71,7.71,7.71,7.70,7.70,7.69,7.68,7.68,7.67,76.75,0.00,0.00,1.00,0.00,0.00,0.00,-1.00,0,None,0,aggregation
160,228.54,remora6,remora3,21.35,21.35,-10.11,-10.11,-9.64,-9.64,19.58,19.58,19.42,19.42,15.26,15.26,5.58,5.58,6.06,6.06,12.93,12.93,12.73,12.73,4.96,4.99,5.01,5.03,5.05,5.06,5.09,5.12,5.15,5.18,7.67,7.66,7.66,7.67,7.67,7.68,7.68,7.68,7.68,7.68,81.73,0.00,0.00,1.00,1.00,0.00,1.00,-1.00,0,None,0,aggregation
160,229.54,remora6,remora3,20.48,20.48,0.00,0.00,30.00,30.00,-9.56,-8.98,-8.98,-8.98,14.11,14.11,0.00,0.00,30.00,30.00,6.13,6.72,6.72,6.72,5.21,5.24,5.27,5.29,5.32,5.36,5.39,5.42,5.44,5.46,7.68,7.68,7.69,7.69,7.69,7.69,7.69,7.70,7.71,7.72,85.29,0.00,0.00,1.00,1.00,0.00,1.00,-1.00,0,None,0,aggregation
160,230.54,remora6,remora3,-7.97,-6.51,-6.51,-5.05,-5.05,-3.69,-3.69,-2.43,-2.43,-2.43,7.72,8.30,8.30,8.78,8.78,9.21,9.21,9.60,9.60,9.60,5.49,5.51,5.53,5.56,5.58,5.61,5.63,5.66,5.69,5.71,7.72,7.73,7.74,7.75,7.75,7.76,7.76,7.77,7.78,7.78,80.76,0.00,0.00,1.00,0.00,0.00,0.00,-1.00,0,None,0,aggregation
160,231.54,remora6,remora3,30.00,30.00,30.00,30.00,30.00,30.00,30.00,30.00,30.00,30.00,30.00,30.00,30.00,30.00,30.00,30.00,30.00,30.00,30.00,30.00,5.74,5.77,5.80,5.81,5.81,5.81,5.81,5.81,5.81,5.81,7.78,7.77,7.76,7.74,7.72,7.70,7.68,7.66,7.65,7.63,104.87,0.00,0.00,1.00,0.00,0.00,0.00,-1.00,0,None,0,aggregation
160,232.54,remora6,remora3,30.00,30.00,30.00,30.00,30.00,30.00,30.00,30.00,30.00,30.00,30.00,30.00,30.00,30.00,30.00,30.00,30.00,30.00,30.00,30.00,5.81,5.82,5.82,5.82,5.83,5.83,5.84,5.84,5.85,5.86,7.61,7.59,7.57,7.55,7.53,7.51,7.49,7.48,7.46,7.44,127.68,0.00,0.00,1.00,0.00,0.00,0.00,-1.00,0,None,0,aggregation
160,233.54,remora6,remora3,30.00,30.00,30.00,30.00,30.00,30.00,0.00,0.00,29.09,29.09,30.00,30.00,30.00,30.00,30.00,30.00,0.00,0.00,26.54,26.54,5.86,5.87,5.88,5.88,5.89,5.90,5.91,5.91,5.91,5.92,7.42,7.40,7.39,7.37,7.35,7.33,7.33,7.33,7.32,7.31,143.72,0.00,0.00,1.00,0.00,0.00,0.00,-1.00,0,None,0,aggregation
160,234.54,remora6,remora3,29.20,29.20,29.30,29.30,29.35,29.35,29.45,29.45,29.54,29.54,26.74,26.74,26.93,26.93,27.03,27.03,27.22,27.22,27.40,27.40,5.93,5.94,5.95,5.96,5.97,5.98,5.99,6.00,6.01,6.02,7.29,7.28,7.26,7.25,7.23,7.22,7.20,7.19,7.17,7.16,163.10,0.00,0.00,1.00,0.00,0.00,0.00,-1.00,0,None,0,aggregation
160,235.54,remora6,remora3,29.62,29.62,29.70,29.70,29.73,29.73,29.80,29.80,29.83,29.83,27.57,27.57,27.74,27.74,27.83,27.83,27.99,27.99,28.07,28.07,6.03,6.04,6.05,6.06,6.08,6.08,6.05,6.01,5.98,5.95,7.14,7.13,7.11,7.10,7.08,7.07,7.05,7.04,7.02,7.01,184.60,0.00,0.00,1.00,0.00,0.00,0.00,-1.00,0,None,0,aggregation
160,236.54,remora6,remora3,29.87,29.87,29.89,29.89,29.92,29.92,29.95,29.95,29.95,29.95,28.14,28.14,28.22,28.22,28.29,28.29,28.37,28.37,28.37,28.37,5.91,5.88,5.85,5.82,5.78,5.75,5.72,5.69,5.65,5.62,6.99,6.98,6.96,6.95,6.93,6.92,6.90,6.89,6.87,6.86,207.15,0.00,0.00,1.00,0.00,0.00,0.00,-1.00,0,None,0,aggregation
160,237.54,remora6,remora3,30.00,30.00,30.00,30.02,30.02,30.02,30.02,30.02,30.02,30.02,28.51,28.51,28.51,28.58,28.58,28.58,28.58,28.58,28.58,28.58,5.59,5.56,5.53,5.50,5.46,5.43,5.40,5.37,5.34,5.31,6.84,6.83,6.81,6.80,6.78,6.77,6.75,6.74,6.73,6.71,222.05,0.00,0.00,1.00,0.00,0.00,0.00,-1.00,0,None,0,aggregation
160,238.54,remora6,remora3,30.02,30.02,30.04,30.04,30.07,30.07,30.11,30.11,30.13,30.13,28.58,28.58,28.65,28.65,28.74,28.74,28.91,28.91,28.99,28.99,5.27,5.24,5.21,5.18,5.15,5.12,5.09,5.05,5.02,4.99,6.70,6.69,6.67,6.66,6.65,6.64,6.62,6.61,6.60,6.59,240.54,0.00,0.00,1.00,0.00,0.00,0.00,-1.00,0,None,0,aggregation
160,239.54,remora6,remora3,30.16,30.16,30.16,30.16,30.18,30.18,30.18,30.18,30.18,30.18,29.15,29.15,29.15,29.15,29.27,29.27,29.38,29.38,29.36,29.36,4.96,4.93,4.90,4.87,4.84,4.81,4.78,4.75,4.71,4.68,6.58,6.57,6.56,6.54,6.53,6.52,6.51,6.50,6.49,6.48,260.28,0.00,0.00,1.00,0.00,0.00,0.00,-1.00,0,None,0,aggregation
160,240.54,remora6,remora3,30.18,30.18,30.18,30.18,30.18,30.18,30.18,30.18,30.18,30.18,29.37,29.37,29.38,29.38,29.37,29.37,29.34,29.34,29.28,29.28,4.65,4.62,4.59,4.56,4.53,4.50,4.47,4.44,4.41,4.38,6.48,6.47,6.46,6.45,6.44,6.43,6.42,6.41,6.41,6.40,287.86,0.00,0.00,1.00,0.00,0.00,0.00,-1.00,0,None,0,aggregation
160,241.54,remora6,remora3,30.17,30.17,30.17,30.17,30.15,30.15,30.13,30.13,30.10,30.10,29.25,29.25,29.22,29.22,29.11,29.11,29.00,29.00,28.86,28.86,4.35,4.31,4.28,4.25,4.22,4.19,4.16,4.13,4.10,4.07,6.39,6.38,6.38,6.37,6.36,6.35,6.35,6.34,6.33,6.33,287.48,0.00,0.00,1.00,0.00,0.00,0.00,-1.00,0,None,0,aggregation
160,242.54,remora6,remora3,30.08,30.08,30.03,30.00,30.00,30.00,29.94,29.94,0.00,0.00,28.77,28.77,28.59,28.50,28.50,28.50,28.33,28.33,0.00,0.00,4.04,4.01,3.98,3.95,3.92,3.89,3.86,3.83,3.81,3.79,6.32,6.31,6.31,6.30,6.29,6.29,6.28,6.28,6.28,6.28,280.89,0.00,0.00,1.00,0.00,0.00,0.00,-1.00,0,None,0,aggregation
160,243.54,remora6,remora3,0.00,0.00,0.00,0.00,0.00,0.00,0.00,0.00,0.00,0.00,0.00,0.00,0.00,0.00,0.00,0.00,0.00,0.00,0.00,0.00,3.78,3.77,3.76,3.75,3.74,3.73,3.72,3.71,3.70,3.69,7.03,7.03,7.03,7.03,7.03,7.04,7.04,7.04,7.04,7.04,257.33,0.00,0.00,1.00,0.00,0.00,0.00,-1.00,0,None,0,aggregation
160,244.54,remora6,remora3,0.00,0.00,0.00,0.00,0.00,0.00,0.00,0.00,0.00,0.00,0.00,0.00,0.00,0.00,0.00,0.00,0.00,0.00,0.00,0.00,3.68,3.67,3.67,3.66,3.65,3.64,3.64,3.63,3.62,3.62,7.04,6.68,6.68,6.68,6.67,6.67,6.67,6.66,6.66,6.66,229.11,0.00,0.00,1.00,0.00,0.00,0.00,-1.00,0,None,0,aggregation
160,245.54,remora6,remora3,0.00,0.00,0.00,0.00,0.00,0.00,0.00,0.00,0.00,0.00,0.00,0.00,0.00,0.00,0.00,0.00,0.00,0.00,0.00,0.00,3.61,3.60,3.60,3.59,3.59,3.58,3.58,3.57,3.57,3.56,6.65,6.65,6.65,6.64,6.64,6.64,6.64,6.64,6.64,6.64,200.33,0.00,0.00,1.00,0.00,0.00,0.00,-1.00,0,None,0,aggregation
160,246.54,remora6,remora3,0.00,0.00,0.00,0.00,0.00,0.00,0.00,0.00,0.00,0.00,0.00,0.00,0.00,0.00,0.00,0.00,0.00,0.00,0.00,0.00,3.56,3.55,3.55,3.55,3.54,3.54,3.54,3.53,3.53,3.53,6.64,6.64,6.64,6.64,6.64,6.64,6.64,6.64,6.63,6.63,171.23,0.00,0.00,1.00,0.00,0.00,0.00,-1.00,0,None,0,aggregation
160,247.54,remora6,remora3,0.00,0.00,0.00,0.00,0.00,0.00,0.00,0.00,0.00,0.00,0.00,0.00,0.00,0.00,0.00,0.00,0.00,0.00,0.00,0.00,3.53,3.52,3.52,3.52,3.52,3.51,3.51,3.51,3.51,3.51,6.63,6.63,6.63,6.63,6.64,6.64,6.64,6.64,6.64,6.64,141.94,0.00,0.00,1.00,0.00,0.00,0.00,-1.00,0,None,0,aggregation
160,248.54,remora6,remora3,0.00,0.00,0.00,0.00,0.00,0.00,0.00,0.00,0.00,0.00,0.00,0.00,0.00,0.00,0.00,0.00,0.00,0.00,0.00,0.00,3.50,3.50,3.50,3.50,3.49,3.49,3.49,3.48,3.48,3.48,6.64,6.65,6.65,6.66,6.66,6.67,6.67,6.67,6.67,6.67,112.52,0.00,0.00,1.00,0.00,0.00,0.00,-1.00,0,None,0,aggregation
160,249.54,remora6,remora3,0.00,0.00,0.00,0.00,0.00,0.00,0.00,0.00,0.00,0.00,0.00,0.00,0.00,0.00,0.00,0.00,0.00,0.00,0.00,0.00,3.48,3.47,3.47,3.46,3.46,3.45,3.45,3.45,3.44,3.43,6.67,6.67,6.67,6.67,6.67,6.67,6.67,6.67,6.67,6.67,82.80,0.00,0.00,1.00,0.00,0.00,0.00,-1.00,0,None,0,aggregation
160,250.54,remora6,remora3,0.00,0.00,0.00,0.00,0.00,0.00,0.00,0.00,0.00,0.00,0.00,0.00,0.00,0.00,0.00,0.00,0.00,0.00,0.00,0.00,3.43,3.42,3.42,3.41,3.40,3.40,3.39,3.38,3.38,3.37,6.67,6.67,6.68,6.68,6.69,6.69,6.69,6.69,6.69,6.69,53.03,0.00,0.00,1.00,0.00,0.00,0.00,-1.00,0,None,0,aggregation
160,251.54,remora6,remora3,0.00,0.00,0.00,0.00,0.00,0.00,0.00,0.00,0.00,0.00,0.00,0.00,0.00,0.00,0.00,0.00,0.00,0.00,0.00,0.00,3.36,3.35,3.34,3.34,3.33,3.32,3.31,3.30,3.29,3.28,6.69,6.68,6.68,6.68,6.68,6.68,6.68,6.68,6.69,6.69,23.42,0.00,0.00,0.00,0.00,0.00,0.00,-1.00,0,None,0,aggregation
160,252.54,remora6,remora3,0.00,0.00,0.00,0.00,0.00,0.00,0.00,0.00,0.00,0.00,0.00,0.00,0.00,0.00,0.00,0.00,0.00,0.00,0.00,0.00,3.27,3.26,3.25,3.24,3.23,3.22,3.21,3.20,3.19,3.18,6.69,6.69,6.69,6.69,6.69,6.69,6.69,6.69,6.69,6.68,0.00,0.00,0.00,0.00,0.00,0.00,0.00,-1.00,0,None,0,aggregation
160,253.54,remora6,remora3,0.00,0.00,0.00,0.00,0.00,0.00,0.00,0.00,0.00,0.00,0.00,0.00,0.00,0.00,0.00,0.00,0.00,0.00,0.00,0.00,3.17,3.16,3.15,3.14,3.13,3.11,3.10,3.09,3.08,3.07,6.68,6.68,6.68,6.68,6.68,6.68,6.68,6.68,6.67,6.68,0.00,0.00,0.00,0.00,0.00,0.00,0.00,-1.00,0,None,0,aggregation
160,254.54,remora6,remora3,0.00,0.00,0.00,0.00,0.00,0.00,0.00,0.00,0.00,0.00,0.00,0.00,0.00,0.00,0.00,0.00,0.00,0.00,0.00,0.00,3.06,3.05,3.04,3.04,3.04,3.04,3.04,3.04,3.04,3.04,6.68,6.68,6.68,6.68,6.68,6.69,6.69,6.69,6.69,6.69,0.00,0.00,0.00,0.00,0.00,0.00,0.00,-1.00,0,None,0,aggregation
160,255.54,remora6,remora3,0.00,0.00,0.00,0.00,0.00,0.00,0.00,0.00,0.00,0.00,0.00,0.00,0.00,0.00,0.00,0.00,0.00,0.00,0.00,0.00,3.04,3.04,3.04,3.04,3.04,3.04,3.04,3.04,3.04,3.04,6.69,6.69,6.69,6.70,6.70,6.70,6.70,6.70,6.70,6.70,0.00,0.00,0.00,0.00,0.00,0.00,0.00,-1.00,0,None,0,aggregation
160,256.54,remora6,remora3,0.00,0.00,0.00,0.00,0.00,0.00,0.00,0.00,0.00,0.00,0.00,0.00,0.00,0.00,0.00,0.00,0.00,0.00,0.00,0.00,3.04,3.04,3.04,3.04,3.04,3.04,3.04,3.04,3.04,3.04,6.70,6.70,6.70,6.70,6.70,6.70,6.70,6.69,6.69,6.69,0.00,0.00,0.00,0.00,0.00,0.00,0.00,-1.00,0,None,0,aggregation
160,257.54,remora6,remora3,0.00,0.00,0.00,0.00,0.00,0.00,0.00,0.00,0.00,0.00,0.00,0.00,0.00,0.00,0.00,0.00,0.00,0.00,0.00,0.00,3.04,3.04,3.04,3.04,3.04,3.04,3.04,3.04,3.04,3.04,6.69,6.68,6.68,6.68,6.68,6.68,6.68,6.68,6.68,6.68,0.00,0.00,0.00,0.00,0.00,0.00,0.00,-1.00,0,None,0,aggregation
160,258.54,remora6,remora3,0.00,0.00,0.00,0.00,0.00,0.00,0.00,0.00,0.00,0.00,0.00,0.00,0.00,0.00,0.00,0.00,0.00,0.00,0.00,0.00,3.04,3.04,3.04,3.04,3.04,3.04,3.04,3.04,3.04,3.04,6.68,6.67,6.67,6.67,6.67,6.67,6.67,6.67,6.67,6.67,0.00,0.00,0.00,0.00,0.00,0.00,0.00,-1.00,0,None,0,aggregation
160,259.54,remora6,remora3,0.00,0.00,0.00,0.00,0.00,0.00,0.00,0.00,0.00,0.00,0.00,0.00,0.00,0.00,0.00,0.00,0.00,0.00,0.00,0.00,3.04,3.04,3.04,3.04,3.04,3.04,3.04,3.04,3.04,3.04,6.66,6.66,6.66,6.66,6.65,6.65,6.65,6.65,6.65,6.65,0.00,0.00,0.00,0.00,0.00,0.00,0.00,-1.00,0,None,0,aggregation
160,260.54,remora6,remora3,0.00,0.00,0.00,0.00,0.00,0.00,0.00,0.00,0.00,0.00,0.00,0.00,0.00,0.00,0.00,0.00,0.00,0.00,0.00,0.00,3.04,3.04,3.04,3.04,3.04,3.04,3.04,3.04,3.05,3.05,6.64,6.64,6.64,6.63,6.63,6.63,6.62,6.62,6.62,6.61,0.00,0.00,0.00,0.00,0.00,0.00,0.00,-1.00,0,None,0,aggregation
160,261.54,remora6,remora3,0.00,0.00,0.00,0.00,0.00,0.00,0.00,0.00,0.00,0.00,0.00,0.00,0.00,0.00,0.00,0.00,0.00,0.00,0.00,0.00,3.05,3.05,3.05,3.05,3.05,3.05,3.05,3.05,3.05,3.05,6.61,6.60,6.60,6.59,6.59,6.59,6.58,6.58,6.57,6.57,0.00,0.00,0.00,0.00,0.00,0.00,0.00,-1.00,0,None,0,aggregation
160,262.54,remora6,remora3,0.00,0.00,0.00,0.00,0.00,0.00,0.00,0.00,0.00,0.00,0.00,0.00,0.00,0.00,0.00,0.00,0.00,0.00,0.00,0.00,3.05,3.05,3.05,3.05,3.05,3.05,3.05,3.05,3.05,3.05,6.56,6.56,6.55,6.54,6.54,6.53,6.53,6.52,6.52,6.51,0.00,0.00,0.00,0.00,0.00,0.00,0.00,-1.00,0,None,0,aggregation
160,263.54,remora6,remora3,0.00,0.00,-34.29,-34.29,-33.96,-33.96,-33.39,-33.39,-32.68,-31.93,0.00,0.00,-23.83,-23.83,-23.50,-23.50,-22.92,-22.92,-22.22,-21.46,3.05,3.05,3.06,3.09,3.12,3.15,3.17,3.20,3.23,3.26,6.51,6.50,6.51,6.52,6.54,6.56,6.58,6.60,6.62,6.64,22.60,0.00,0.00,0.00,0.00,0.00,0.00,-1.00,0,None,0,aggregation
160,264.54,remora6,remora3,-31.93,-31.93,-30.95,-29.93,-29.93,-29.93,-28.88,-28.88,-27.66,-27.66,-21.46,-21.46,-20.49,-19.46,-19.46,-19.46,-18.42,-18.42,-17.20,-17.20,3.29,3.31,3.34,3.36,3.39,3.41,3.44,3.46,3.49,3.51,6.66,6.68,6.70,6.72,6.73,6.75,6.77,6.78,6.80,6.81,47.14,0.00,0.00,1.00,0.00,0.00,0.00,-1.00,0,None,0,aggregation
160,265.54,remora6,remora3,-26.27,-26.27,-24.96,-24.96,-23.50,-23.50,-22.12,-22.12,-20.42,-20.42,-15.80,-15.80,-14.49,-14.49,-13.03,-13.03,-11.66,-11.66,-9.96,-9.96,3.53,3.55,3.57,3.59,3.61,3.62,3.64,3.66,3.67,3.68,6.82,6.84,6.85,6.86,6.87,6.88,6.89,6.90,6.90,6.91,65.36,0.00,0.00,1.00,0.00,0.00,0.00,-1.00,0,None,0,aggregation
160,266.54,remora6,remora3,-18.69,-18.69,-17.04,-17.04,-15.30,-15.30,-13.52,-13.52,-11.63,-11.63,-8.22,-8.22,-6.58,-6.58,-4.84,-4.84,-3.06,-3.06,-1.16,-1.16,3.70,3.71,3.72,3.73,3.74,3.75,3.76,3.76,3.77,3.78,6.92,6.92,6.92,6.93,6.93,6.93,6.93,6.93,6.93,6.92,75.37,0.00,0.00,1.00,0.00,0.00,0.00,-1.00,0,None,0,aggregation
160,267.54,remora6,remora3,-9.58,-9.58,-7.64,-7.64,-5.64,-5.64,-3.34,-3.34,-1.15,-1.15,0.89,0.89,2.82,2.82,4.82,4.82,6.75,6.75,8.50,8.50,3.78,3.78,3.79,3.79,3.79,3.80,3.80,3.80,3.80,3.80,6.92,6.92,6.91,6.91,6.91,6.90,6.90,6.89,6.88,6.87,77.87,0.00,0.00,1.00,0.00,0.00,0.00,-1.00,0,None,0,aggregation
160,268.54,remora6,remora3,1.13,1.13,3.06,3.06,5.15,5.15,7.00,7.00,8.97,8.97,10.32,10.32,11.85,11.85,13.51,13.51,14.97,14.97,16.51,16.51,3.80,3.80,3.80,3.80,3.80,3.80,3.81,3.81,3.81,3.81,6.87,6.87,6.87,6.87,6.87,6.87,6.87,6.87,6.87,6.87,87.12,0.00,0.00,1.00,0.00,0.00,0.00,-1.00,0,None,0,aggregation
160,269.54,remora6,remora3,10.71,10.71,12.33,12.33,13.75,13.75,15.14,16.64,16.64,17.71,17.87,17.87,19.12,19.12,20.21,20.21,21.26,22.39,22.39,23.18,3.81,3.82,3.82,3.82,3.83,3.83,3.84,3.85,3.85,3.86,6.87,6.87,6.87,6.87,6.87,7.49,7.48,7.48,7.47,7.47,104.29,0.00,0.00,1.00,0.00,0.00,0.00,-1.00,0,None,0,aggregation
160,270.54,remora6,remora3,17.71,17.71,18.89,18.89,19.97,19.97,20.90,20.90,21.80,21.80,23.18,23.18,24.04,24.04,24.82,24.82,25.48,25.48,26.10,26.10,3.87,3.88,3.89,3.90,3.91,3.92,3.93,3.95,3.96,3.97,7.46,6.82,6.82,6.81,6.80,6.79,6.79,6.78,6.77,6.77,126.58,0.00,0.00,1.00,0.00,0.00,0.00,-1.00,0,None,0,aggregation
160,271.54,remora6,remora3,22.57,22.57,23.27,23.27,23.92,23.92,24.50,24.50,25.04,25.04,26.63,26.63,27.09,27.09,27.52,27.52,27.89,27.89,28.23,28.23,3.99,4.00,4.02,4.04,4.05,4.07,4.09,4.11,4.13,4.15,6.76,6.76,6.75,6.75,6.75,6.74,6.74,6.74,6.74,6.74,152.24,0.00,0.00,1.00,0.00,0.00,0.00,-1.00,0,None,0,aggregation
160,272.54,remora6,remora3,25.55,25.55,26.01,26.01,26.44,26.44,26.73,26.73,27.05,27.05,28.54,28.54,28.80,28.80,29.04,29.04,29.20,29.20,29.36,29.36,4.17,4.19,4.21,4.23,4.25,4.27,4.30,4.32,4.34,4.37,6.74,6.74,6.74,6.74,6.74,6.75,6.75,6.75,6.75,6.76,179.91,0.00,0.00,1.00,0.00,0.00,0.00,-1.00,0,None,0,aggregation
160,273.54,remora6,remora3,27.29,27.29,27.64,27.64,27.83,28.01,28.01,28.01,28.24,28.24,29.49,29.49,29.65,29.65,29.73,29.81,29.81,29.81,29.90,29.90,4.39,4.41,4.44,4.46,4.49,4.51,4.54,4.56,4.59,4.61,6.76,6.77,6.77,6.77,6.78,6.78,6.79,6.80,6.80,6.81,186.08,0.00,0.00,1.00,0.00,0.00,0.00,-1.00,0,None,0,aggregation
160,274.54,remora6,remora3,28.38,28.38,28.53,28.53,28.66,28.66,28.78,28.78,28.93,28.93,29.96,29.96,30.00,30.00,30.05,30.05,30.08,30.08,30.12,30.12,4.64,4.67,4.69,4.72,4.75,4.77,4.80,4.83,4.85,4.88,6.82,6.82,6.83,6.84,6.84,6.85,6.86,6.87,6.87,6.88,190.90,0.00,0.00,1.00,0.00,0.00,0.00,-1.00,0,None,0,aggregation
160,275.54,remora6,remora3,29.09,29.09,29.16,29.16,29.30,29.30,29.45,29.45,29.46,29.46,30.15,30.15,30.16,30.16,30.18,30.18,30.19,30.19,30.19,30.19,4.91,4.94,4.96,4.99,5.02,5.05,5.08,5.10,5.13,5.16,6.89,6.90,6.91,6.92,6.93,6.94,6.95,6.96,6.97,6.98,202.41,0.00,0.00,1.00,0.00,0.00,0.00,-1.00,0,None,0,aggregation
160,276.54,remora6,remora3,29.62,29.98,29.98,29.98,29.98,29.98,0.00,0.00,30.00,30.00,30.17,30.02,30.02,30.02,30.02,30.02,0.00,0.00,30.00,30.00,5.19,5.22,5.25,5.28,5.30,5.33,5.35,5.35,5.36,5.39,6.99,7.00,7.01,7.02,7.03,7.04,7.03,7.02,7.02,7.03,216.39,0.00,0.00,1.00,0.00,0.00,0.00,-1.00,0,None,0,aggregation
160,277.54,remora6,remora3,30.00,30.00,30.00,30.00,30.00,30.00,30.00,30.00,30.00,30.00,30.00,30.00,30.00,30.00,30.00,30.00,30.00,30.00,30.00,30.00,5.42,5.45,5.47,5.50,5.53,5.56,5.58,5.57,5.57,5.57,7.04,7.05,7.06,7.07,7.08,7.10,7.11,7.12,7.13,7.14,243.88,0.00,0.00,1.00,0.00,0.00,0.00,-1.00,0,None,0,aggregation
160,278.54,remora6,remora3,30.00,30.00,30.00,30.00,30.00,30.00,30.00,30.00,30.00,30.00,30.00,30.00,30.00,30.00,30.00,30.00,30.00,30.00,30.00,30.00,5.56,5.56,5.56,5.55,5.55,5.55,5.54,5.54,5.54,5.53,7.15,7.16,7.17,7.18,7.20,7.21,7.22,7.23,7.24,7.25,264.63,0.00,0.00,1.00,0.00,0.00,0.00,-1.00,0,None,0,aggregation
160,279.54,remora6,remora3,30.00,30.00,30.00,30.00,30.00,30.00,30.00,30.00,30.00,30.00,30.00,30.00,30.00,30.00,30.00,30.00,30.00,30.00,30.00,30.00,5.53,5.53,5.52,5.52,5.52,5.51,5.51,5.51,5.51,5.50,7.26,7.27,7.29,7.30,7.31,7.32,7.33,7.34,7.36,7.37,277.47,0.00,0.00,1.00,0.00,0.00,0.00,-1.00,0,None,0,aggregation
160,280.54,remora6,remora3,30.00,30.00,30.00,30.00,30.00,30.00,30.00,30.00,30.00,30.00,30.00,30.00,30.00,30.00,30.00,30.00,30.00,30.00,30.00,30.00,5.50,5.50,5.49,5.49,5.49,5.48,5.48,5.48,5.48,5.47,7.38,7.39,7.40,7.41,7.42,7.43,7.45,7.46,7.48,7.49,285.18,0.00,0.00,1.00,0.00,0.00,0.00,-1.00,0,None,0,aggregation
160,281.54,remora6,remora3,30.00,30.00,30.00,30.00,30.00,30.00,30.00,30.00,30.00,30.00,30.00,30.00,30.00,30.00,30.00,30.00,30.00,30.00,30.00,30.00,5.47,5.47,5.46,5.46,5.46,5.45,5.45,5.45,5.44,5.44,7.51,7.52,7.53,7.54,7.55,7.56,7.57,7.58,6.78,6.79,289.51,0.00,0.00,1.00,0.00,0.00,0.00,-1.00,0,None,0,aggregation
160,282.54,remora6,remora3,30.00,30.00,30.00,30.00,30.00,30.00,30.00,30.00,30.00,30.00,30.00,30.00,30.00,30.00,30.00,30.00,30.00,30.00,30.00,30.00,5.44,5.44,5.43,5.43,5.43,5.42,5.42,5.42,5.41,5.41,6.79,6.80,6.81,6.81,6.82,6.83,6.83,6.84,6.84,6.85,291.84,0.00,0.00,1.00,0.00,0.00,0.00,-1.00,0,None,0,aggregation
160,283.54,remora6,remora3,30.00,30.00,30.00,30.00,30.00,30.00,30.00,30.00,30.00,30.00,30.00,30.00,30.00,30.00,30.00,30.00,30.00,30.00,30.00,30.00,5.40,5.40,5.40,5.39,5.39,5.39,5.38,5.38,5.37,5.37,6.86,6.86,6.87,6.87,6.88,6.89,6.89,6.90,6.91,6.91,293.07,0.00,0.00,1.00,0.00,0.00,0.00,-1.00,0,None,0,aggregation
160,284.54,remora6,remora3,30.00,30.00,30.00,30.00,30.00,30.00,30.00,30.00,30.00,30.00,30.00,30.00,30.00,30.00,30.00,30.00,30.00,30.00,30.00,30.00,5.37,5.36,5.36,5.36,5.35,5.35,5.34,5.34,5.34,5.33,6.92,6.92,6.93,6.94,6.94,6.95,6.96,6.96,6.97,6.97,293.72,0.00,0.00,1.00,0.00,0.00,0.00,-1.00,0,None,0,aggregation
160,285.54,remora6,remora3,30.00,30.00,30.00,30.00,30.00,30.00,30.00,30.00,30.00,30.00,30.00,30.00,30.00,30.00,30.00,30.00,30.00,30.00,30.00,30.00,5.33,5.33,5.32,5.32,5.31,5.31,5.31,5.30,5.30,5.30,6.98,6.99,6.99,7.00,7.01,7.01,7.02,7.03,7.03,7.04,293.99,0.00,0.00,1.00,0.00,0.00,0.00,-1.00,0,None,0,aggregation
160,286.54,remora6,remora3,30.00,30.00,30.00,30.00,30.00,30.00,30.00,30.00,30.00,30.00,30.00,30.00,30.00,30.00,30.00,30.00,30.00,30.00,30.00,30.00,5.29,5.29,5.29,5.28,5.28,5.28,5.27,5.27,5.27,5.26,7.05,7.05,7.06,7.07,7.07,7.08,7.09,7.10,7.10,7.11,300.00,0.00,0.00,1.00,0.00,0.00,0.00,-1.00,0,None,0,aggregation
160,287.54,remora6,remora3,30.00,30.00,30.00,30.00,30.00,30.00,30.00,30.00,30.00,30.00,30.00,30.00,30.00,30.00,30.00,30.00,30.00,30.00,30.00,30.00,5.26,5.26,5.25,5.25,5.25,5.25,5.24,5.24,5.24,5.23,7.12,7.12,7.13,7.14,7.15,7.15,7.16,7.17,7.18,7.19,300.00,0.00,0.00,1.00,0.00,0.00,0.00,-1.00,0,None,0,aggregation
160,288.54,remora6,remora3,30.00,30.00,30.00,30.00,30.00,30.00,30.00,30.00,30.00,30.00,30.00,30.00,30.00,30.00,30.00,30.00,30.00,30.00,30.00,30.00,5.23,5.23,5.23,5.22,5.22,5.22,5.22,5.22,5.21,5.21,7.19,7.20,7.21,7.22,7.23,7.23,7.24,7.25,7.26,7.27,300.00,0.00,0.00,1.00,0.00,0.00,0.00,-1.00,0,None,0,aggregation
160,289.54,remora6,remora3,30.00,30.00,30.00,30.00,30.00,30.00,30.00,30.00,0.00,0.00,30.00,30.00,30.00,30.00,30.00,30.00,30.00,30.00,0.00,0.00,5.21,5.21,5.21,5.21,5.20,5.20,5.20,5.20,5.19,5.17,7.28,7.29,7.30,7.30,7.31,7.32,7.33,7.34,7.34,7.33,294.00,0.00,0.00,1.00,0.00,0.00,0.00,-1.00,0,None,0,aggregation
160,290.54,remora6,remora3,-11.02,-11.02,-9.40,-9.40,-7.35,-5.03,-5.03,-2.63,-2.63,-2.63,-21.48,-21.48,-19.87,-19.87,-17.82,-15.49,-15.49,-13.10,-13.10,-13.10,5.15,5.13,5.11,5.08,5.06,5.04,5.02,5.00,4.98,4.97,7.31,7.28,7.26,7.24,7.21,7.19,7.17,7.15,7.13,7.12,275.85,0.00,0.00,1.00,0.00,0.00,0.00,-1.00,0,None,0,aggregation
160,291.54,remora6,remora3,-0.39,-0.39,2.10,2.10,4.60,4.60,6.72,6.72,8.76,8.76,-10.85,-10.85,-8.37,-8.37,-5.86,-5.86,-3.37,-3.37,-0.82,-0.82,4.95,4.93,4.92,4.91,4.89,4.88,4.87,4.86,4.84,4.83,7.10,7.09,7.07,7.06,7.05,7.03,7.02,7.01,7.01,7.00,248.85,0.00,0.00,1.00,0.00,0.00,0.00,-1.00,0,None,0,aggregation
160,292.54,remora6,remora3,10.59,10.59,12.39,12.39,14.16,14.16,15.53,17.20,17.20,17.20,1.47,1.47,3.74,3.74,5.97,5.97,7.72,9.85,9.85,9.85,4.82,4.81,4.80,4.79,4.78,4.77,4.76,4.74,4.73,4.72,6.99,6.98,6.98,6.97,6.96,6.96,6.95,6.95,6.94,6.94,228.91,0.00,0.00,1.00,0.00,0.00,0.00,-1.00,0,None,0,aggregation
160,293.54,remora6,remora3,18.49,18.49,19.42,19.42,20.63,20.63,21.49,21.49,22.33,22.33,11.51,11.51,12.73,12.73,14.30,14.30,15.45,15.45,16.56,16.56,4.71,4.70,4.68,4.67,4.66,4.65,4.63,4.62,4.61,4.59,6.94,6.93,6.93,6.92,6.92,6.91,6.91,6.90,6.90,6.90,216.20,0.00,0.00,1.00,0.00,0.00,0.00,-1.00,0,None,0,aggregation
160,294.54,remora6,remora3,23.13,23.13,23.89,23.89,24.62,24.62,25.08,25.08,25.64,25.64,17.64,17.64,18.68,18.68,19.69,19.69,20.34,20.34,21.12,21.12,4.58,4.56,4.55,4.53,4.52,4.50,4.49,4.47,4.45,4.44,6.89,6.89,6.88,6.88,6.87,6.87,6.86,6.86,6.85,6.85,208.18,0.00,0.00,1.00,0.00,0.00,0.00,-1.00,0,None,0,aggregation
160,295.54,remora6,remora3,26.16,26.16,26.56,26.56,26.85,26.85,27.21,27.21,27.56,27.56,21.88,21.88,22.47,22.47,22.89,22.89,23.45,23.45,23.98,23.98,4.42,4.40,4.39,4.37,4.35,4.33,4.32,4.30,4.28,4.26,6.84,6.84,6.83,6.83,6.82,6.81,6.81,6.80,6.80,6.79,203.08,0.00,0.00,1.00,0.00,0.00,0.00,-1.00,0,None,0,aggregation
160,296.54,remora6,remora3,27.81,27.81,28.04,28.04,28.34,28.34,28.48,28.48,28.74,28.74,24.36,24.36,24.74,24.74,25.22,25.22,25.45,25.45,25.90,25.90,4.25,4.23,4.21,4.19,4.18,4.16,4.14,4.13,4.11,4.10,6.78,6.78,6.77,6.76,6.76,6.75,6.74,6.74,6.73,6.72,199.79,0.00,0.00,1.00,0.00,0.00,0.00,-1.00,0,None,0,aggregation
160,297.54,remora6,remora3,28.86,28.86,29.09,29.09,29.20,29.20,29.35,29.35,29.49,29.49,26.12,26.12,26.54,26.54,26.74,26.74,27.03,27.03,27.31,27.31,4.08,4.06,4.05,4.03,4.02,4.00,3.99,3.98,3.96,3.95,6.72,6.71,6.70,6.70,6.69,6.69,6.68,6.68,6.67,6.67,197.76,0.00,0.00,1.00,0.00,0.00,0.00,-1.00,0,None,0,aggregation
160,298.54,remora6,remora3,29.58,29.66,29.66,29.66,29.73,29.73,29.83,29.83,29.89,29.89,27.49,27.66,27.66,27.66,27.83,27.83,28.07,28.07,28.22,28.22,3.94,3.92,3.91,3.90,3.89,3.88,3.86,3.85,3.84,3.83,6.67,6.66,6.66,6.66,6.66,6.66,6.66,6.66,6.66,6.66,196.57,0.00,0.00,1.00,0.00,0.00,0.00,-1.00,0,None,0,aggregation
160,299.54,remora6,remora3,29.95,29.95,30.00,30.00,30.02,30.02,30.06,30.06,30.08,30.08,28.37,28.37,28.51,28.51,28.58,28.58,28.71,28.71,28.78,28.78,3.82,3.81,3.80,3.79,3.78,3.77,3.76,3.76,3.75,3.74,6.66,6.66,6.66,6.67,6.67,6.67,6.68,6.68,6.69,6.69,201.88,0.00,0.00,1.00,0.00,0.00,0.00,-1.00,0,None,0,aggregation
160,300.54,remora6,remora3,30.11,30.11,30.14,30.14,30.14,30.16,30.16,30.16,30.17,30.17,28.90,28.90,29.02,29.02,29.02,29.14,29.14,29.14,29.19,29.19,3.73,3.72,3.72,3.71,3.70,3.70,3.69,3.68,3.68,3.67,6.70,6.70,6.71,6.72,6.72,6.73,6.74,6.75,6.76,6.76,219.63,0.00,0.00,1.00,0.00,0.00,0.00,-1.00,0,None,0,aggregation
160,301.54,remora6,remora3,30.17,30.17,30.18,30.18,30.18,30.18,30.18,30.18,30.19,30.19,29.24,29.24,29.34,29.34,29.34,29.34,29.34,29.34,29.44,29.44,3.67,3.66,3.66,3.65,3.65,3.64,3.64,3.63,3.63,3.62,6.77,6.78,6.79,6.80,6.81,6.82,6.83,6.84,6.85,6.86,246.39,0.00,0.00,1.00,0.00,0.00,0.00,-1.00,0,None,0,aggregation
160,302.54,remora6,remora3,30.19,30.19,30.19,30.19,30.18,30.18,30.18,30.18,30.18,30.18,29.44,29.44,29.44,29.44,29.53,29.53,29.53,29.53,29.53,29.53,3.62,7.50,7.52,7.54,7.56,7.59,7.61,7.63,7.66,7.68,6.87,8.52,8.53,8.55,8.57,8.59,8.61,8.63,8.64,8.66,266.18,0.00,0.00,1.00,0.00,0.00,0.00,-1.00,0,None,0,aggregation
160,303.54,remora6,remora3,30.18,30.18,30.18,30.18,30.18,30.18,30.18,30.18,30.17,30.17,29.53,29.53,29.53,29.53,29.57,29.57,29.57,29.57,29.62,29.62,7.71,7.73,7.76,7.78,7.80,7.83,7.85,7.88,7.91,7.93,8.68,8.70,8.72,8.74,8.76,8.77,8.79,8.81,8.83,8.85,278.76,0.00,0.00,1.00,0.00,0.00,0.00,-1.00,0,None,0,aggregation
160,304.54,remora6,remora3,30.17,30.17,30.17,30.17,30.17,30.17,30.17,30.17,30.17,30.18,29.62,29.62,29.62,29.62,29.62,29.62,29.62,29.62,29.62,29.57,7.96,7.98,8.01,8.03,8.06,8.09,8.11,8.14,8.17,8.19,8.87,8.88,8.90,8.92,8.94,8.96,8.97,8.99,9.01,9.03,286.67,0.00,0.00,1.00,0.00,0.00,0.00,-1.00,0,None,0,aggregation
160,305.54,remora6,remora3,30.18,30.18,30.18,30.18,30.18,30.18,30.18,30.18,30.18,30.18,29.57,29.57,29.57,29.57,29.57,29.57,29.57,29.57,29.53,29.53,8.22,8.25,8.27,8.30,8.33,8.36,8.38,8.41,8.44,8.47,9.04,9.06,9.08,9.10,9.11,9.13,9.15,9.16,9.18,9.20,291.64,0.00,0.00,1.00,0.00,0.00,0.00,-1.00,0,None,0,aggregation
160,306.54,remora6,remora3,30.18,30.18,30.18,30.18,30.18,30.18,30.18,30.18,30.18,30.18,29.53,29.53,29.53,29.53,29.53,29.53,29.53,29.53,29.53,29.53,8.48,8.48,8.48,8.48,8.48,8.48,8.47,8.47,8.47,8.47,9.21,9.21,9.21,9.21,9.21,9.22,9.22,9.22,9.22,9.22,294.79,0.00,0.00,1.00,0.00,0.00,0.00,-1.00,0,None,0,aggregation
160,131.54,remora6,remora9,28.74,28.74,28.58,28.58,28.50,28.50,28.40,28.40,28.24,28.24,25.90,25.90,25.64,25.64,25.49,25.49,25.33,25.33,25.06,25.06,2.48,2.51,2.53,2.56,2.59,2.61,2.64,2.66,2.69,2.72,6.06,6.06,6.06,6.06,6.06,6.07,6.07,6.08,6.09,6.09,158.74,0.00,1.00,1.00,0.00,0.00,0.00,-1.00,0,None,0,aggregation
160,132.54,remora6,remora9,28.32,28.32,28.12,28.12,27.93,27.93,27.81,27.81,27.40,27.40,25.20,25.20,24.86,24.86,24.57,24.57,24.37,24.37,23.74,23.74,2.74,2.77,2.79,2.82,2.85,2.87,2.90,2.92,2.95,2.98,6.10,6.11,6.11,6.12,6.12,6.13,6.14,6.15,6.15,6.16,184.97,0.00,1.00,1.00,0.00,0.00,0.00,-1.00,0,None,0,aggregation
160,133.54,remora6,remora9,27.04,27.04,26.97,26.97,26.36,26.36,26.32,26.32,26.02,26.02,23.18,23.18,23.08,23.08,22.17,22.17,22.12,22.12,21.68,21.68,3.00,3.03,3.05,3.08,3.10,3.12,3.15,3.17,3.20,3.22,6.17,6.18,6.19,6.20,6.21,5.46,5.47,5.47,5.48,5.48,194.84,0.00,0.00,1.00,0.00,0.00,0.00,-1.00,0,None,0,aggregation
160,134.54,remora6,remora9,25.55,25.55,25.33,25.33,24.72,24.72,24.11,24.11,23.83,23.83,21.00,21.00,20.69,20.69,19.83,19.83,18.98,18.98,18.60,18.60,3.25,3.27,3.29,3.28,3.26,3.24,3.23,3.22,3.21,3.20,5.48,5.49,5.49,5.49,5.50,5.50,5.51,5.51,5.52,5.53,210.98,0.00,0.00,1.00,0.00,0.00,0.00,-1.00,0,None,0,aggregation
160,135.54,remora6,remora9,23.41,23.41,23.29,23.29,23.03,23.03,22.83,22.83,23.08,23.08,18.02,18.02,17.86,17.86,17.50,17.50,17.24,17.24,17.57,17.57,3.20,3.19,3.19,3.18,3.18,3.18,3.18,3.19,3.19,3.19,5.53,5.54,5.55,5.56,5.57,4.47,4.48,4.49,4.50,4.51,227.73,0.00,0.00,1.00,0.00,0.00,0.00,-1.00,0,None,0,aggregation
160,136.54,remora6,remora9,23.21,23.21,23.46,23.46,23.45,23.45,23.60,23.60,23.65,23.65,17.75,17.75,18.09,18.09,18.07,18.07,18.29,18.29,18.35,18.35,3.20,3.21,3.21,3.22,3.23,3.24,3.24,3.23,3.22,3.21,4.52,4.53,4.54,4.56,4.57,4.58,4.59,4.60,4.61,4.61,235.99,0.00,0.00,1.00,0.00,0.00,0.00,-1.00,0,None,0,aggregation
160,137.54,remora6,remora9,23.19,23.19,22.88,22.88,23.27,23.27,23.62,23.62,24.07,24.07,17.73,17.73,17.30,17.30,17.83,17.83,18.32,18.32,18.93,18.93,3.20,3.19,3.19,3.20,3.21,3.22,3.24,3.25,3.26,3.28,4.62,4.63,4.64,4.66,4.67,4.68,4.70,4.71,4.73,4.74,237.51,0.00,0.00,1.00,0.00,0.00,0.00,-1.00,0,None,0,aggregation
160,138.54,remora6,remora9,24.29,24.29,24.69,24.69,25.46,25.46,25.46,25.46,25.39,25.39,19.23,19.23,19.79,19.79,20.88,20.88,20.87,20.87,20.78,20.78,3.30,3.32,3.33,3.36,3.36,3.36,3.36,3.36,3.37,3.39,4.76,4.77,4.79,4.81,4.82,4.84,4.85,4.87,4.88,4.90,236.91,0.00,0.00,1.00,0.00,0.00,0.00,-1.00,0,None,0,aggregation
160,139.54,remora6,remora9,25.61,25.61,26.08,26.08,26.40,26.40,26.88,26.88,27.12,27.12,21.09,21.09,21.77,21.77,22.24,22.24,22.95,22.95,23.30,23.30,3.41,3.43,3.46,3.48,3.51,3.53,3.56,3.59,3.62,3.65,4.92,4.94,4.96,4.98,5.00,5.02,5.05,5.07,5.09,5.12,235.71,0.00,0.00,1.00,0.00,0.00,0.00,-1.00,0,None,0,aggregation
160,140.54,remora6,remora9,27.70,27.70,27.99,27.99,27.85,27.85,28.10,28.10,28.33,28.33,24.20,24.20,24.66,24.66,24.43,24.43,24.84,24.84,25.21,25.21,3.67,3.68,3.69,3.70,3.71,3.72,3.74,3.77,3.80,3.83,5.14,5.16,5.18,5.20,5.22,5.24,5.26,5.29,5.31,5.34,235.23,0.00,0.00,1.00,0.00,0.00,0.00,-1.00,0,None,0,aggregation
160,141.54,remora6,remora9,28.69,28.69,28.79,28.79,29.27,29.27,29.47,29.47,29.66,29.66,25.82,25.82,25.99,25.99,26.86,26.86,27.26,27.26,27.67,27.67,3.86,3.90,3.93,3.96,4.00,4.03,4.07,4.10,4.14,4.18,5.36,5.39,5.42,5.44,5.47,5.50,5.52,5.55,5.58,5.61,236.19,0.00,0.00,1.00,0.00,0.00,0.00,-1.00,0,None,0,aggregation
160,142.54,remora6,remora9,29.75,29.75,29.88,29.88,29.98,29.98,30.10,30.10,30.11,30.11,27.86,27.86,28.17,28.17,28.45,28.45,28.86,28.86,28.89,28.89,4.22,4.26,4.30,4.33,4.37,4.41,4.44,4.46,4.48,4.50,5.64,5.67,5.69,5.72,5.75,5.78,5.81,5.83,5.85,5.88,239.16,0.00,0.00,1.00,0.00,0.00,0.00,-1.00,0,None,0,aggregation
160,143.54,remora6,remora9,30.15,30.15,30.13,30.13,30.18,30.18,30.09,30.09,29.83,29.83,29.10,29.10,28.98,28.98,29.57,29.57,29.88,29.88,30.11,30.11,4.53,4.57,4.60,4.64,4.67,4.69,4.72,4.75,4.79,4.82,5.90,5.93,5.96,5.98,6.00,6.02,6.04,6.06,6.09,6.11,244.47,0.00,0.00,1.00,0.00,0.00,0.00,-1.00,0,None,0,aggregation
160,144.54,remora6,remora9,29.15,29.15,27.83,27.83,26.95,26.95,1.89,1.89,2.23,2.23,30.16,30.16,29.74,29.74,29.31,29.31,-13.80,-13.80,-13.47,-13.47,4.83,4.82,4.82,4.81,4.81,4.81,4.80,4.77,4.75,4.73,6.13,6.15,6.17,6.19,6.21,6.23,6.24,6.24,6.23,6.23,241.84,0.00,0.00,1.00,0.00,0.00,0.00,-1.00,0,None,0,aggregation
160,145.54,remora6,remora9,3.09,3.09,4.01,4.01,4.97,4.97,5.97,5.97,6.98,6.98,-12.61,-12.61,-11.69,-11.69,-10.72,-10.72,-9.73,-9.73,-8.71,-8.71,4.71,4.68,4.66,4.64,4.62,4.60,4.58,4.56,4.54,4.53,6.22,6.21,6.21,6.20,6.19,6.19,6.19,6.18,6.18,6.18,224.30,0.00,0.00,1.00,0.00,0.00,0.00,-1.00,0,None,0,aggregation
160,146.54,remora6,remora9,7.93,7.93,8.44,8.44,-3.53,-3.53,-4.64,-4.64,-2.01,-2.01,-7.61,-7.61,-6.07,-6.07,6.59,6.59,5.71,5.71,7.81,7.81,4.51,4.49,4.47,4.46,4.44,4.42,4.41,4.39,4.38,4.36,6.18,6.18,6.17,6.17,6.17,6.17,6.17,6.17,6.17,6.17,204.77,0.00,0.00,1.00,1.00,0.00,1.00,-1.00,0,None,0,aggregation
160,147.54,remora6,remora9,-0.41,-0.41,0.96,0.96,2.68,2.68,4.45,4.45,6.24,6.24,9.09,9.09,10.18,10.18,11.55,11.55,12.95,12.95,14.37,14.37,4.35,4.33,4.32,4.31,4.30,4.29,4.28,4.27,4.26,4.25,6.17,6.17,6.18,6.18,6.19,6.19,6.19,6.20,6.20,6.21,191.26,0.00,0.00,1.00,0.00,0.00,0.00,-1.00,0,None,0,aggregation
160,148.54,remora6,remora9,7.07,7.07,9.01,9.01,10.89,10.89,4.62,4.62,4.78,4.78,15.02,15.02,16.54,16.54,18.01,18.01,-11.08,-11.08,-10.91,-10.91,4.25,4.24,4.24,4.24,4.23,4.23,4.23,4.23,4.22,4.22,6.22,6.23,6.24,6.26,6.27,6.28,6.29,6.29,6.29,6.29,177.49,0.00,0.00,1.00,0.00,0.00,0.00,-1.00,0,None,0,aggregation
160,149.54,remora6,remora9,4.78,4.78,6.85,6.85,5.75,5.75,7.72,7.72,9.64,9.64,-10.91,-10.91,14.85,14.85,13.98,13.98,15.53,15.53,17.04,17.04,4.21,4.21,4.20,4.20,4.20,4.20,4.21,4.21,4.21,4.22,6.29,7.04,7.04,7.05,6.32,6.33,6.35,6.36,6.37,6.38,162.90,0.00,0.00,1.00,1.00,0.00,1.00,-1.00,0,None,0,aggregation
160,150.54,remora6,remora9,11.31,11.31,12.93,12.93,4.73,4.73,4.92,4.92,11.31,11.31,18.33,18.33,19.58,19.58,-10.97,-10.97,-10.78,-10.78,18.33,18.33,4.22,4.23,4.24,4.25,4.25,4.25,4.25,4.25,4.25,4.26,6.40,6.41,6.43,6.44,6.46,6.46,6.46,6.47,6.47,6.48,146.95,0.00,0.00,1.00,1.00,0.00,1.00,-1.00,0,None,0,aggregation
160,151.54,remora6,remora9,10.27,10.27,11.92,11.92,5.37,5.37,5.42,5.42,10.69,10.69,17.53,17.53,18.80,18.80,-10.33,-10.33,-10.28,-10.28,17.85,17.85,4.27,4.28,4.29,4.30,4.31,4.31,4.31,4.31,4.32,4.32,6.50,6.51,6.53,6.55,6.56,6.57,6.57,6.58,6.58,6.60,128.69,0.00,0.00,1.00,1.00,0.00,1.00,-1.00,0,None,0,aggregation
160,152.54,remora6,remora9,9.22,9.22,10.89,10.89,12.53,12.53,5.56,5.56,5.95,5.95,16.71,16.71,18.01,18.01,19.27,19.27,-10.14,-10.14,-9.75,-9.75,4.33,4.34,4.35,4.37,4.38,4.39,4.40,4.40,4.40,4.41,6.61,6.63,6.64,6.66,5.57,5.59,5.61,5.61,5.62,5.62,108.98,0.00,0.00,1.00,0.00,0.00,0.00,-1.00,0,None,0,aggregation
160,153.54,remora6,remora9,10.06,10.06,8.58,8.58,10.27,10.27,11.72,11.72,13.32,13.32,17.36,17.36,16.21,16.21,17.53,17.53,18.65,18.65,19.88,19.88,4.41,4.42,4.42,4.43,4.44,4.45,4.46,4.47,4.48,4.49,5.62,5.63,5.65,5.66,5.68,5.70,5.72,5.74,5.76,5.77,93.54,0.00,0.00,1.00,1.00,0.00,1.00,-1.00,0,None,0,aggregation
160,154.54,remora6,remora9,14.69,14.69,16.01,16.01,4.87,4.87,5.01,5.01,5.98,5.98,20.92,20.92,21.91,21.91,-10.83,-10.83,-10.69,-10.69,-9.72,-9.72,4.51,4.52,4.54,4.55,4.57,4.57,4.57,4.57,4.58,4.58,5.79,5.82,5.84,5.87,5.89,5.89,5.89,5.89,5.90,5.90,82.80,0.00,0.00,1.00,0.00,0.00,0.00,-1.00,0,None,0,aggregation
160,155.54,remora6,remora9,11.31,11.31,10.69,10.69,12.12,12.12,13.52,13.52,14.69,14.69,18.33,18.33,17.85,17.85,18.96,18.96,20.03,20.03,20.92,20.92,4.59,4.60,4.62,4.63,4.65,4.66,4.68,4.70,4.72,4.74,5.79,5.81,5.82,5.84,5.86,5.88,5.89,5.91,5.93,5.95,95.79,0.00,0.00,1.00,1.00,0.00,1.00,-1.00,0,None,0,aggregation
160,156.54,remora6,remora9,5.50,5.50,5.77,5.77,12.32,12.32,11.72,11.72,13.12,13.12,-10.20,-10.20,-9.93,-9.93,19.11,19.11,18.65,18.65,19.73,19.73,4.75,4.76,4.77,4.78,4.79,4.81,4.83,4.85,4.87,4.89,5.97,5.98,5.98,5.99,6.00,6.02,6.04,6.06,6.08,6.10,104.88,0.00,0.00,1.00,1.00,0.00,1.00,-1.00,0,None,0,aggregation
160,157.54,remora6,remora9,14.30,14.30,15.45,15.45,5.35,5.35,5.69,5.69,5.69,12.53,20.63,20.63,21.49,21.49,-10.35,-10.35,-10.01,-10.01,-10.01,19.27,4.91,4.93,4.95,4.97,4.99,5.00,5.01,5.02,5.03,5.05,6.12,6.14,6.16,6.18,6.20,6.20,6.21,6.21,6.22,6.24,107.60,0.00,0.00,1.00,0.00,0.00,0.00,-1.00,0,None,0,aggregation
160,158.54,remora6,remora9,11.31,11.31,12.53,12.53,13.72,13.72,14.69,14.69,5.38,5.38,18.33,18.33,19.27,19.27,20.18,20.18,20.92,20.92,-10.32,-10.32,5.06,5.08,5.10,5.12,5.14,5.16,5.18,5.20,5.21,5.22,6.25,6.27,6.29,6.31,6.32,6.34,6.36,6.38,6.39,6.40,112.27,0.00,0.00,1.00,0.00,0.00,0.00,-1.00,0,None,0,aggregation
160,159.54,remora6,remora9,5.72,5.72,30.00,30.00,30.00,30.00,30.00,30.00,7.15,7.15,-9.98,-9.98,30.00,30.00,30.00,30.00,30.00,30.00,-8.55,-8.55,5.23,5.23,5.25,5.27,5.29,5.31,5.33,5.35,5.37,5.38,6.40,6.40,6.42,6.44,6.46,6.49,6.51,6.54,6.55,6.56,121.09,0.00,0.00,1.00,1.00,0.00,1.00,-1.00,0,None,0,aggregation
160,160.54,remora6,remora9,7.63,7.63,8.25,8.25,8.74,8.74,30.00,30.00,30.00,30.00,-8.06,-8.06,-6.65,-6.65,-5.17,-5.17,30.00,30.00,30.00,30.00,5.39,5.39,5.40,5.41,5.41,5.42,5.43,5.44,5.44,5.45,6.56,6.57,6.57,6.57,6.58,6.58,6.59,6.60,6.61,6.63,123.27,0.00,0.00,1.00,1.00,0.00,1.00,-1.00,0,None,0,aggregation
160,161.54,remora6,remora9,30.00,30.00,30.00,30.00,30.00,30.00,30.00,30.00,30.00,30.00,30.00,30.00,30.00,30.00,30.00,30.00,30.00,30.00,30.00,30.00,5.46,5.47,5.47,5.48,5.48,5.49,5.49,5.50,5.50,5.51,6.64,6.65,6.66,6.68,6.69,6.70,6.71,6.72,6.73,6.74,143.58,0.00,0.00,1.00,0.00,0.00,0.00,-1.00,0,None,0,aggregation
160,162.54,remora6,remora9,30.00,30.00,30.00,30.00,30.00,30.00,30.00,30.00,30.00,30.00,30.00,30.00,30.00,30.00,30.00,30.00,30.00,30.00,30.00,30.00,5.51,5.52,5.52,5.52,5.53,5.53,5.53,5.54,5.54,5.54,6.75,6.76,6.77,5.52,5.53,5.53,5.53,5.54,5.54,5.54,164.08,0.00,0.00,1.00,0.00,0.00,0.00,-1.00,0,None,0,aggregation
160,163.54,remora6,remora9,30.00,30.00,30.00,30.00,30.00,30.00,30.00,30.00,30.00,30.00,30.00,30.00,30.00,30.00,30.00,30.00,30.00,30.00,30.00,30.00,5.55,5.55,5.55,5.55,5.55,5.55,5.55,5.55,5.55,5.55,5.55,5.55,5.55,5.55,5.55,5.55,5.55,5.55,5.55,5.55,179.72,0.00,0.00,1.00,0.00,0.00,0.00,-1.00,0,None,0,aggregation
160,164.54,remora6,remora9,30.00,30.00,30.00,30.00,30.00,30.00,30.00,30.00,30.00,30.00,30.00,30.00,30.00,30.00,30.00,30.00,30.00,30.00,30.00,30.00,5.55,5.55,5.54,5.54,5.54,5.54,5.54,5.53,5.53,5.53,5.55,5.55,5.54,5.54,5.54,5.54,5.54,5.53,5.53,5.53,200.83,0.00,0.00,1.00,0.00,0.00,0.00,-1.00,0,None,0,aggregation
160,165.54,remora6,remora9,30.00,30.00,30.00,30.00,30.00,30.00,30.00,30.00,30.00,30.00,30.00,30.00,30.00,30.00,30.00,30.00,30.00,30.00,30.00,30.00,5.53,5.52,5.52,5.52,5.52,5.52,5.51,5.51,5.51,5.51,5.53,5.52,5.52,5.52,5.52,5.52,5.51,5.51,5.51,5.51,214.99,0.00,0.00,1.00,0.00,0.00,0.00,-1.00,0,None,0,aggregation
160,166.54,remora6,remora9,30.00,30.00,30.00,30.00,30.00,30.00,30.00,30.00,30.00,30.00,30.00,30.00,30.00,30.00,30.00,30.00,30.00,30.00,30.00,30.00,5.51,5.50,5.50,5.50,5.50,5.50,5.49,5.49,5.49,5.49,5.51,5.50,5.50,5.50,5.50,5.50,5.49,5.49,5.49,5.49,234.64,0.00,0.00,1.00,0.00,0.00,0.00,-1.00,0,None,0,aggregation
160,167.54,remora6,remora9,30.00,30.00,30.00,30.00,30.00,30.00,30.00,30.00,30.00,30.00,30.00,30.00,30.00,30.00,30.00,30.00,30.00,30.00,30.00,30.00,5.48,5.48,5.48,5.48,5.48,5.47,5.47,5.47,5.47,5.46,5.48,5.48,5.48,5.48,5.48,5.47,5.47,5.47,5.47,5.46,254.71,0.00,0.00,1.00,0.00,0.00,0.00,-1.00,0,None,0,aggregation
160,168.54,remora6,remora9,30.00,30.00,30.00,30.00,30.00,30.00,30.00,30.00,30.00,30.00,30.00,30.00,30.00,30.00,30.00,30.00,30.00,30.00,30.00,30.00,5.46,5.46,5.46,5.46,5.45,5.45,5.45,5.45,5.44,5.44,5.46,5.46,5.46,5.46,5.45,5.45,5.45,5.45,5.44,5.44,271.13,0.00,0.00,1.00,0.00,0.00,0.00,-1.00,0,None,0,aggregation
160,169.54,remora6,remora9,30.00,30.00,30.00,30.00,30.00,30.00,30.00,30.00,30.00,30.00,30.00,30.00,30.00,30.00,30.00,30.00,30.00,30.00,30.00,30.00,5.44,5.44,5.43,5.43,5.43,5.43,5.43,5.42,5.42,5.42,5.44,5.44,5.43,5.43,5.43,5.43,5.43,5.42,5.42,5.42,282.56,0.00,0.00,1.00,0.00,0.00,0.00,-1.00,0,None,0,aggregation
160,170.54,remora6,remora9,30.00,30.00,30.00,30.00,30.00,30.00,30.00,30.00,30.00,30.00,30.00,30.00,30.00,30.00,30.00,30.00,30.00,30.00,30.00,30.00,5.42,5.41,5.41,5.41,5.41,5.41,5.40,5.40,5.40,5.40,5.42,5.41,5.41,5.41,5.41,5.41,5.40,5.40,5.40,5.40,300.00,0.00,0.00,1.00,0.00,0.00,0.00,-1.00,0,None,0,aggregation
160,171.54,remora6,remora9,30.00,30.00,30.00,30.00,30.00,30.00,30.00,30.00,30.00,30.00,30.00,30.00,30.00,30.00,30.00,30.00,30.00,30.00,30.00,30.00,5.39,5.39,5.39,5.39,5.39,5.38,5.38,5.38,5.38,5.37,5.39,5.39,5.39,5.39,5.39,5.38,5.38,5.38,5.38,5.37,300.00,0.00,0.00,1.00,0.00,0.00,0.00,-1.00,0,None,0,aggregation
160,172.54,remora6,remora9,30.00,30.00,30.00,30.00,30.00,30.00,30.00,30.00,30.00,30.00,30.00,30.00,30.00,30.00,30.00,30.00,30.00,30.00,30.00,30.00,5.37,5.37,5.37,5.36,5.36,5.36,5.36,5.36,5.35,5.35,5.37,5.37,5.37,5.36,5.36,5.36,5.36,5.36,5.35,5.35,300.00,0.00,0.00,1.00,0.00,0.00,0.00,-1.00,0,None,0,aggregation
160,173.54,remora6,remora9,30.00,30.00,30.00,30.00,30.00,30.00,30.00,30.00,30.00,30.00,30.00,30.00,30.00,30.00,30.00,30.00,30.00,30.00,30.00,30.00,5.35,5.35,5.34,5.34,5.34,5.34,5.34,5.33,5.33,5.33,5.35,5.35,5.34,5.34,5.34,5.34,5.34,5.33,5.33,5.33,300.00,0.00,0.00,1.00,0.00,0.00,0.00,-1.00,0,None,0,aggregation
160,174.54,remora6,remora9,30.00,30.00,30.00,30.00,30.00,30.00,30.00,30.00,30.00,30.00,30.00,30.00,30.00,30.00,30.00,30.00,30.00,30.00,30.00,30.00,5.33,5.32,5.32,5.32,5.32,5.32,5.31,5.31,5.31,5.31,5.33,5.32,5.32,5.32,5.32,5.32,5.31,5.31,5.31,5.31,300.00,0.00,0.00,1.00,0.00,0.00,0.00,-1.00,0,None,0,aggregation
160,175.54,remora6,remora9,30.00,30.00,30.00,30.00,30.00,30.00,30.00,30.00,30.00,30.00,30.00,30.00,30.00,30.00,30.00,30.00,30.00,30.00,30.00,30.00,5.30,5.30,5.30,5.30,5.29,5.29,5.29,5.29,5.29,5.28,5.30,5.30,5.30,5.30,5.29,5.29,5.29,5.29,5.29,5.28,300.00,0.00,0.00,1.00,0.00,0.00,0.00,-1.00,0,None,0,aggregation
160,176.54,remora6,remora9,30.00,30.00,30.00,30.00,30.00,30.00,30.00,30.00,30.00,30.00,30.00,30.00,30.00,30.00,30.00,30.00,30.00,30.00,30.00,30.00,5.28,5.28,5.28,5.27,5.27,5.27,5.27,5.27,5.26,5.26,5.28,5.28,5.28,5.27,5.27,5.27,5.27,5.27,5.26,5.26,300.00,0.00,0.00,1.00,0.00,0.00,0.00,-1.00,0,None,0,aggregation
160,177.54,remora6,remora9,30.00,30.00,30.00,30.00,30.00,30.00,30.00,30.00,30.00,30.00,30.00,30.00,30.00,30.00,30.00,30.00,30.00,30.00,30.00,30.00,5.26,5.26,5.25,5.25,5.25,5.25,5.24,5.24,5.24,5.24,5.26,5.26,5.25,5.25,5.25,5.25,5.24,5.24,5.24,5.24,300.00,0.00,0.00,1.00,0.00,0.00,0.00,-1.00,0,None,0,aggregation
160,178.54,remora6,remora9,30.00,30.00,30.00,30.00,30.00,30.00,30.00,30.00,30.00,30.00,30.00,30.00,30.00,30.00,30.00,30.00,30.00,30.00,30.00,30.00,5.24,5.23,5.23,5.23,5.23,5.23,5.23,5.23,5.23,5.23,5.24,5.23,5.23,5.23,5.23,5.23,5.23,5.23,5.23,5.23,300.00,0.00,0.00,1.00,0.00,0.00,0.00,-1.00,0,None,0,aggregation
160,179.54,remora6,remora9,30.00,30.00,30.00,30.00,30.00,30.00,30.00,30.00,30.00,30.00,30.00,30.00,30.00,30.00,30.00,30.00,30.00,30.00,30.00,30.00,5.22,5.22,5.22,5.22,5.22,5.21,5.21,5.21,5.21,5.21,5.22,5.22,5.22,5.22,5.22,5.21,5.21,5.21,5.21,5.21,300.00,0.00,0.00,1.00,0.00,0.00,0.00,-1.00,0,None,0,aggregation
160,180.54,remora6,remora9,30.00,30.00,30.00,30.00,30.00,30.00,30.00,30.00,30.00,30.00,30.00,30.00,30.00,30.00,30.00,30.00,30.00,30.00,30.00,30.00,5.21,5.21,5.21,5.20,5.20,5.20,5.20,5.20,5.20,5.20,5.21,5.21,5.21,5.20,5.20,5.20,5.20,5.20,5.20,5.20,300.00,0.00,0.00,1.00,0.00,0.00,0.00,-1.00,0,None,0,aggregation
160,181.54,remora6,remora9,30.00,30.00,30.00,30.00,30.00,30.00,30.00,30.00,30.00,30.00,30.00,30.00,30.00,30.00,30.00,30.00,30.00,30.00,30.00,30.00,5.20,5.20,5.20,5.20,5.20,5.20,5.20,5.20,5.20,5.20,5.20,5.20,5.20,5.20,5.20,5.20,5.20,5.20,5.20,5.20,300.00,0.00,0.00,1.00,0.00,0.00,0.00,-1.00,0,None,0,aggregation
160,182.54,remora6,remora9,30.00,30.00,30.00,30.00,30.00,30.00,30.00,30.00,30.00,30.00,30.00,30.00,30.00,30.00,30.00,30.00,30.00,30.00,30.00,30.00,5.20,5.21,5.21,5.21,5.21,5.21,5.21,5.21,5.21,5.21,5.20,5.21,5.21,5.21,5.21,5.21,5.21,5.21,5.21,5.21,300.00,0.00,0.00,1.00,0.00,0.00,0.00,-1.00,0,None,0,aggregation
160,183.54,remora6,remora9,30.00,30.00,30.00,30.00,30.00,30.00,30.00,30.00,30.00,30.00,30.00,30.00,30.00,30.00,30.00,30.00,30.00,30.00,30.00,30.00,5.22,5.22,5.22,5.22,5.22,5.22,5.22,5.23,5.23,5.23,5.22,5.22,5.22,5.22,5.22,5.22,5.22,5.23,5.23,5.23,300.00,0.00,0.00,1.00,0.00,0.00,0.00,-1.00,0,None,0,aggregation
160,184.54,remora6,remora9,30.00,30.00,30.00,30.00,30.00,30.00,30.00,30.00,30.00,30.00,30.00,30.00,30.00,30.00,30.00,30.00,30.00,30.00,30.00,30.00,5.23,5.23,5.24,5.24,5.24,5.24,5.24,5.25,5.25,5.25,5.23,5.23,5.24,5.24,5.24,5.24,5.24,5.25,5.25,5.25,300.00,0.00,0.00,1.00,0.00,0.00,0.00,-1.00,0,None,0,aggregation
160,185.54,remora6,remora9,30.00,30.00,30.00,30.00,30.00,30.00,30.00,30.00,30.00,30.00,30.00,30.00,30.00,30.00,30.00,30.00,30.00,30.00,30.00,30.00,5.25,5.26,5.26,5.26,5.27,5.27,5.27,5.27,5.28,5.28,5.25,5.26,5.26,5.26,5.27,5.27,5.27,5.27,5.28,5.28,300.00,0.00,0.00,1.00,0.00,0.00,0.00,-1.00,0,None,0,aggregation
160,186.54,remora6,remora9,30.00,30.00,30.00,30.00,30.00,30.00,30.00,30.00,-1.59,-1.59,30.00,30.00,30.00,30.00,30.00,30.00,30.00,30.00,-17.28,-17.28,5.28,5.29,5.29,5.30,5.30,5.30,5.31,5.31,5.31,5.32,5.28,5.29,5.29,5.30,5.30,5.30,5.31,5.31,5.31,5.32,295.89,0.00,0.00,1.00,0.00,0.00,0.00,-1.00,0,None,0,aggregation
160,187.54,remora6,remora9,-1.40,-1.40,-0.97,-0.97,-0.44,-0.44,30.00,30.00,30.00,30.00,-17.09,-17.09,-16.66,-16.66,-16.14,-16.14,30.00,30.00,30.00,30.00,5.32,5.32,5.32,5.33,5.33,5.33,5.33,5.32,5.31,5.30,5.32,5.32,5.32,5.33,5.33,5.33,5.33,5.32,5.31,5.30,283.16,0.00,0.00,1.00,1.00,0.00,1.00,-1.00,0,None,0,aggregation
160,188.54,remora6,remora9,0.54,0.54,0.92,0.92,1.69,1.69,2.53,2.53,3.43,3.43,-15.16,-15.16,-14.77,-14.77,-14.00,-14.00,-13.16,-13.16,-12.27,-12.27,5.29,5.29,5.30,5.30,5.30,5.30,5.30,5.31,5.31,5.31,5.29,5.29,5.30,5.30,5.30,5.30,5.30,5.31,5.31,5.31,259.18,0.00,0.00,1.00,0.00,0.00,0.00,-1.00,0,None,0,aggregation
160,189.54,remora6,remora9,4.38,4.38,5.36,5.36,6.37,6.37,7.40,7.40,8.14,8.14,-11.32,-11.32,-10.34,-10.34,-9.32,-9.32,-8.30,-8.30,-6.96,-6.96,5.31,5.31,5.32,5.32,5.32,5.32,5.32,5.32,5.32,5.32,5.31,5.31,5.32,5.32,5.32,5.32,5.32,5.32,5.32,5.32,230.87,0.00,0.00,1.00,0.00,0.00,0.00,-1.00,0,None,0,aggregation
160,190.54,remora6,remora9,8.64,8.64,9.11,9.11,9.51,9.51,30.00,30.00,30.00,30.00,-5.45,-5.45,-4.02,-4.02,-2.72,-2.72,30.00,30.00,30.00,30.00,5.32,5.32,5.31,5.31,5.31,5.30,5.29,5.27,5.24,5.21,5.32,5.32,5.31,5.31,5.31,5.30,5.29,5.27,5.24,5.21,214.38,0.00,0.00,1.00,1.00,0.00,1.00,-1.00,0,None,0,aggregation
160,191.54,remora6,remora9,30.00,30.00,0.00,0.00,29.53,29.53,29.53,29.53,29.53,29.53,30.00,30.00,0.00,0.00,30.18,30.18,30.18,30.18,30.18,30.18,5.18,5.15,5.12,5.12,5.11,5.09,5.06,5.03,5.00,4.97,5.18,5.15,5.12,5.12,5.11,5.09,5.06,5.03,5.00,4.97,208.30,0.00,0.00,1.00,0.00,0.00,0.00,-1.00,0,None,0,aggregation
160,192.54,remora6,remora9,29.53,29.53,29.53,29.53,29.57,29.57,29.57,29.57,29.62,29.62,30.18,30.18,30.18,30.18,30.18,30.18,30.18,30.18,30.17,30.17,4.94,4.91,4.88,4.85,4.82,4.79,4.76,4.73,4.70,4.67,4.94,4.91,7.43,7.40,7.37,7.34,7.31,7.28,7.25,7.22,208.17,0.00,0.00,1.00,0.00,0.00,0.00,-1.00,0,None,0,aggregation
160,193.54,remora6,remora9,29.62,29.62,29.62,29.62,29.62,29.62,29.62,29.62,29.62,29.62,30.17,30.17,30.17,30.17,30.17,30.17,30.17,30.17,30.17,30.17,4.64,4.61,4.58,4.55,4.53,4.50,4.47,4.44,4.41,4.38,7.19,7.16,7.13,7.10,7.08,7.05,7.02,6.99,6.96,6.93,208.06,0.00,0.00,1.00,0.00,0.00,0.00,-1.00,0,None,0,aggregation
160,194.54,remora6,remora9,29.66,29.66,29.66,29.66,29.66,29.66,29.66,29.66,29.58,29.58,30.17,30.17,30.17,30.17,30.17,30.17,30.17,30.17,30.18,30.18,4.35,4.32,4.29,4.26,4.23,4.20,4.17,4.14,4.11,4.08,6.90,6.87,6.84,6.81,6.78,6.75,6.72,6.69,6.66,6.63,207.97,0.00,0.00,1.00,0.00,0.00,0.00,-1.00,0,None,0,aggregation
160,195.54,remora6,remora9,29.53,29.53,29.52,29.52,29.51,29.51,29.46,29.46,29.41,29.41,30.18,30.18,30.18,30.18,30.18,30.18,30.19,30.19,30.18,30.18,4.05,4.02,3.99,3.96,3.93,3.90,3.87,3.84,3.81,3.78,6.61,6.58,6.55,6.52,6.49,6.46,6.43,6.40,6.37,6.34,207.80,0.00,0.00,1.00,0.00,0.00,0.00,-1.00,0,None,0,aggregation
160,196.54,remora6,remora9,29.44,29.44,29.40,29.40,29.37,29.37,29.41,29.41,29.39,29.39,30.19,30.19,30.18,30.18,30.18,30.18,30.18,30.18,30.18,30.18,3.75,3.72,3.69,3.66,3.63,3.60,3.57,3.54,3.51,3.48,6.32,6.29,6.26,6.23,6.20,6.17,6.14,6.11,6.09,6.06,211.71,0.00,0.00,1.00,0.00,0.00,0.00,-1.00,0,None,0,aggregation
160,197.54,remora6,remora9,29.36,29.36,29.37,29.37,29.35,29.35,29.37,29.37,29.38,29.38,30.18,30.18,30.18,30.18,30.18,30.18,30.18,30.18,30.18,30.18,3.45,3.42,3.39,3.36,3.33,3.30,3.27,3.24,3.22,3.19,6.03,6.00,5.97,5.94,5.91,5.89,5.86,5.83,5.80,5.77,224.22,0.00,0.00,1.00,0.00,0.00,0.00,-1.00,0,None,0,aggregation
160,198.54,remora6,remora9,29.39,29.39,29.40,29.40,29.39,29.39,29.41,29.41,29.42,29.42,30.18,30.18,30.18,30.18,30.18,30.18,30.18,30.18,30.18,30.18,3.16,3.13,3.10,3.07,3.04,3.01,2.98,2.95,2.92,2.89,5.74,5.72,5.69,5.66,5.63,5.60,5.58,5.55,5.52,5.49,247.98,0.00,0.00,1.00,0.00,0.00,0.00,-1.00,0,None,0,aggregation
160,199.54,remora6,remora9,29.40,29.40,29.42,29.42,29.41,29.41,29.42,29.42,29.44,29.44,30.18,30.18,30.18,30.18,30.18,30.18,30.18,30.18,30.19,30.19,2.86,2.83,2.80,2.77,2.74,2.71,2.68,2.65,2.62,2.59,5.46,5.44,5.41,5.38,5.35,5.32,5.30,5.27,5.24,5.21,276.09,0.00,1.00,1.00,0.00,0.00,0.00,-1.00,0,None,0,aggregation
160,200.54,remora6,remora9,29.46,29.46,29.45,29.45,29.47,29.47,29.45,29.45,29.50,29.50,30.19,30.19,30.19,30.19,30.18,30.18,30.19,30.19,30.18,30.18,2.56,2.53,2.50,2.47,2.44,2.41,2.38,2.35,2.32,2.29,5.19,5.16,5.13,5.10,5.08,5.05,6.67,6.64,6.61,6.59,292.41,0.00,1.00,1.00,0.00,0.00,0.00,-1.00,0,None,0,aggregation
160,201.54,remora6,remora9,29.49,29.49,29.49,29.49,29.48,29.48,29.49,29.49,29.48,29.48,30.18,30.18,30.18,30.18,30.18,30.18,30.18,30.18,30.18,30.18,2.26,2.23,2.20,2.17,2.14,2.11,2.08,2.05,2.02,1.99,6.56,6.53,6.50,7.35,7.33,7.30,7.27,7.24,7.21,7.19,298.33,0.00,1.00,1.00,0.00,0.00,0.00,-1.00,0,None,0,aggregation
160,202.54,remora6,remora9,29.53,29.53,29.54,29.54,29.53,29.53,29.55,29.55,29.54,29.54,30.18,30.18,30.18,30.18,30.18,30.18,30.18,30.18,30.18,30.18,1.96,1.93,1.90,1.87,1.84,1.81,1.78,1.75,1.72,1.69,7.16,7.13,7.10,7.08,7.05,7.02,7.00,6.97,6.94,6.92,298.32,0.00,1.00,1.00,0.00,0.00,0.00,-1.00,0,None,0,aggregation
160,203.54,remora6,remora9,29.56,29.56,0.00,0.00,0.00,0.00,0.00,0.00,0.00,0.00,30.18,30.18,0.00,0.00,0.00,0.00,0.00,0.00,0.00,0.00,1.66,1.63,1.61,1.61,1.61,1.61,1.61,1.61,1.61,1.61,6.89,6.86,6.85,6.85,6.85,6.85,6.85,6.85,6.85,6.86,274.40,0.00,1.00,1.00,0.00,0.00,0.00,-1.00,0,None,0,aggregation
160,204.54,remora6,remora9,0.00,0.00,0.00,0.00,0.00,0.00,0.00,0.00,0.00,0.00,0.00,0.00,0.00,0.00,0.00,0.00,0.00,0.00,0.00,0.00,1.61,1.61,1.61,1.60,1.60,1.60,1.60,1.60,1.60,1.60,6.86,6.86,6.86,6.86,6.86,6.87,6.87,6.87,6.87,6.88,244.49,0.00,1.00,1.00,0.00,0.00,0.00,-1.00,0,None,0,aggregation
160,205.54,remora6,remora9,0.00,0.00,0.00,0.00,0.00,0.00,0.00,0.00,0.00,0.00,0.00,0.00,0.00,0.00,0.00,0.00,0.00,0.00,0.00,0.00,1.60,1.60,1.60,1.60,1.60,1.60,1.60,1.60,1.60,1.60,6.88,6.88,6.88,5.84,5.84,5.84,5.84,5.84,5.84,5.84,214.66,0.00,1.00,1.00,0.00,0.00,0.00,-1.00,0,None,0,aggregation
160,206.54,remora6,remora9,0.00,0.00,0.00,0.00,0.00,0.00,0.00,0.00,0.00,0.00,0.00,0.00,0.00,0.00,0.00,0.00,0.00,0.00,0.00,0.00,1.60,1.60,1.60,1.60,1.60,1.60,1.60,1.60,1.60,1.60,5.85,5.85,5.85,5.85,5.86,5.86,5.87,5.87,5.88,5.88,184.86,0.00,1.00,1.00,0.00,0.00,0.00,-1.00,0,None,0,aggregation
160,207.54,remora6,remora9,0.00,0.00,0.00,0.00,0.00,0.00,0.00,0.00,0.00,0.00,0.00,0.00,0.00,0.00,0.00,0.00,0.00,0.00,0.00,0.00,1.60,1.60,1.60,1.60,1.60,1.60,1.60,1.60,1.60,1.60,5.89,5.90,5.91,5.92,5.93,5.93,5.94,5.95,5.97,5.98,155.09,0.00,1.00,1.00,0.00,0.00,0.00,-1.00,0,None,0,aggregation
160,208.54,remora6,remora9,0.00,0.00,0.00,0.00,0.00,0.00,0.00,0.00,0.00,0.00,0.00,0.00,0.00,0.00,0.00,0.00,0.00,0.00,0.00,0.00,1.60,1.60,1.60,1.60,1.60,1.60,1.60,1.60,1.60,1.60,5.99,6.00,6.01,6.02,6.03,6.04,6.06,6.07,6.08,6.09,125.29,0.00,1.00,1.00,0.00,0.00,0.00,-1.00,0,None,0,aggregation
160,209.54,remora6,remora9,0.00,0.00,0.00,0.00,0.00,0.00,0.00,0.00,0.00,0.00,0.00,0.00,0.00,0.00,0.00,0.00,0.00,0.00,0.00,0.00,1.60,1.60,1.60,1.60,1.60,1.60,1.60,1.60,1.60,1.60,7.08,7.08,7.09,7.10,7.11,7.11,7.12,7.13,7.14,7.14,95.49,0.00,1.00,1.00,0.00,0.00,0.00,-1.00,0,None,0,aggregation
160,210.54,remora6,remora9,0.00,0.00,0.00,0.00,0.00,0.00,0.00,0.00,0.00,0.00,0.00,0.00,0.00,0.00,0.00,0.00,0.00,0.00,0.00,0.00,1.60,1.60,1.60,1.60,1.60,1.60,1.60,1.60,1.60,1.60,7.15,7.16,7.17,7.17,7.18,7.19,7.20,7.21,7.22,7.23,65.67,0.00,1.00,1.00,0.00,0.00,0.00,-1.00,0,None,0,aggregation
160,211.54,remora6,remora9,0.00,0.00,0.00,0.00,0.00,0.00,0.00,0.00,0.00,0.00,0.00,0.00,0.00,0.00,0.00,0.00,0.00,0.00,0.00,0.00,1.60,1.60,1.60,1.60,1.60,1.60,1.60,1.60,1.60,1.60,7.23,7.24,7.25,7.26,7.27,7.28,7.29,6.40,6.40,6.41,35.83,0.00,1.00,0.00,0.00,0.00,0.00,-1.00,0,None,0,aggregation
160,212.54,remora6,remora9,0.00,0.00,0.00,0.00,0.00,0.00,0.00,0.00,0.00,0.00,0.00,0.00,0.00,0.00,0.00,0.00,0.00,0.00,0.00,0.00,1.60,1.60,1.60,1.60,1.60,1.60,1.60,1.60,1.60,1.60,6.41,6.42,6.42,6.43,6.43,6.44,6.44,6.45,6.45,6.46,5.97,0.00,1.00,0.00,0.00,0.00,0.00,-1.00,0,None,0,aggregation
160,213.54,remora6,remora9,0.00,0.00,0.00,0.00,0.00,0.00,0.00,0.00,0.00,0.00,0.00,0.00,0.00,0.00,0.00,0.00,0.00,0.00,0.00,0.00,1.60,1.60,1.60,1.59,1.59,1.59,1.59,1.59,1.59,1.59,6.46,6.47,6.48,6.48,6.48,6.49,6.50,6.50,6.51,6.51,0.00,0.00,1.00,0.00,0.00,0.00,0.00,-1.00,0,None,0,aggregation
160,214.54,remora6,remora9,0.00,0.00,0.00,0.00,0.00,0.00,0.00,0.00,0.00,0.00,0.00,0.00,0.00,0.00,0.00,0.00,0.00,0.00,0.00,0.00,1.59,1.59,1.59,1.59,1.59,1.59,1.59,1.59,1.59,1.59,6.51,6.52,6.53,6.54,6.54,6.55,6.55,6.56,6.57,6.58,0.00,0.00,1.00,0.00,0.00,0.00,0.00,-1.00,0,None,0,aggregation
160,215.54,remora6,remora9,0.00,0.00,0.00,0.00,0.00,0.00,0.00,0.00,0.00,0.00,0.00,0.00,0.00,0.00,0.00,0.00,0.00,0.00,0.00,0.00,1.59,1.59,1.59,1.59,1.59,1.59,1.59,1.59,1.59,1.59,6.58,6.59,6.59,6.60,6.60,6.61,6.62,6.63,6.64,6.64,0.00,0.00,1.00,0.00,0.00,0.00,0.00,-1.00,0,None,0,aggregation
160,216.54,remora6,remora9,0.00,0.00,0.00,0.00,0.00,0.00,0.00,0.00,0.00,0.00,0.00,0.00,0.00,0.00,0.00,0.00,0.00,0.00,0.00,0.00,1.59,1.59,1.59,1.59,1.59,1.59,1.59,1.59,1.59,1.59,6.65,6.65,6.66,6.67,6.67,6.68,6.69,6.70,6.71,6.72,0.00,0.00,1.00,0.00,0.00,0.00,0.00,-1.00,0,None,0,aggregation
160,217.54,remora6,remora9,0.00,0.00,0.00,0.00,0.00,0.00,0.00,0.00,0.00,0.00,0.00,0.00,0.00,0.00,0.00,0.00,0.00,0.00,0.00,0.00,1.59,1.59,1.59,1.59,1.59,1.59,1.59,1.59,1.59,1.59,6.72,6.73,6.74,6.75,6.75,6.76,6.77,6.78,6.78,6.79,0.00,0.00,1.00,0.00,0.00,0.00,0.00,-1.00,0,None,0,aggregation
160,218.54,remora6,remora9,0.00,0.00,0.00,0.00,0.00,0.00,0.00,0.00,0.00,0.00,0.00,0.00,0.00,0.00,0.00,0.00,0.00,0.00,0.00,0.00,1.59,1.59,1.59,1.59,1.59,1.59,1.59,1.59,1.59,1.59,6.80,6.81,6.82,6.83,6.84,6.84,6.85,6.86,6.86,6.87,0.00,0.00,1.00,0.00,0.00,0.00,0.00,-1.00,0,None,0,aggregation
160,219.54,remora6,remora9,0.00,0.00,0.00,0.00,0.00,0.00,0.00,0.00,0.00,0.00,0.00,0.00,0.00,0.00,0.00,0.00,0.00,0.00,0.00,0.00,1.59,1.59,1.59,1.59,1.59,1.59,1.59,1.59,1.59,1.59,6.88,6.89,6.90,6.90,6.91,6.92,6.93,6.94,6.95,6.96,0.00,0.00,1.00,0.00,0.00,0.00,0.00,-1.00,0,None,0,aggregation
160,220.54,remora6,remora9,0.00,0.00,0.00,0.00,0.00,0.00,0.00,0.00,0.00,0.00,0.00,0.00,0.00,0.00,0.00,0.00,0.00,0.00,0.00,0.00,1.59,1.59,1.59,1.59,1.59,1.59,1.59,1.59,1.59,1.59,6.96,6.97,6.98,6.98,6.99,7.00,7.01,7.02,7.03,7.04,0.00,0.00,1.00,0.00,0.00,0.00,0.00,-1.00,0,None,0,aggregation
160,221.54,remora6,remora9,0.00,0.00,0.00,0.00,0.00,0.00,0.00,0.00,0.00,0.00,0.00,0.00,0.00,0.00,0.00,0.00,0.00,0.00,0.00,0.00,1.59,1.59,1.59,1.59,1.59,1.59,1.59,1.59,1.59,1.59,7.05,7.05,7.06,7.07,5.62,5.62,5.62,5.62,5.61,5.61,0.00,0.00,1.00,0.00,0.00,0.00,0.00,-1.00,0,None,0,aggregation
160,222.54,remora6,remora9,0.00,0.00,0.00,0.00,0.00,0.00,0.00,0.00,0.00,0.00,0.00,0.00,0.00,0.00,0.00,0.00,0.00,0.00,0.00,0.00,1.59,1.59,1.59,1.59,1.59,1.59,1.59,1.59,1.59,1.59,5.61,5.60,5.60,5.59,5.59,5.59,5.59,5.59,5.59,5.59,0.00,0.00,1.00,0.00,0.00,0.00,0.00,-1.00,0,None,0,aggregation
160,223.54,remora6,remora9,0.00,0.00,0.00,0.00,0.00,0.00,-24.61,-24.61,-24.50,-24.50,0.00,0.00,0.00,0.00,0.00,0.00,-35.07,-35.07,-34.96,-34.96,1.59,1.59,1.59,1.59,1.59,1.59,1.60,1.63,1.66,1.69,5.58,5.58,5.57,5.57,5.57,7.04,7.04,7.05,7.07,7.08,11.91,0.00,1.00,0.00,0.00,0.00,0.00,-1.00,0,None,0,aggregation
160,224.54,remora6,remora9,-24.20,-24.20,-23.80,-23.80,-23.21,-23.21,-22.55,-22.55,-21.77,-21.77,-34.66,-34.66,-34.27,-34.27,-33.67,-33.67,-33.01,-33.01,-32.24,-32.24,1.72,1.74,1.77,1.80,1.83,1.86,1.89,1.92,1.94,1.97,7.09,7.11,7.12,7.14,7.16,7.17,7.24,7.24,7.24,7.24,40.25,0.00,1.00,0.00,0.00,0.00,0.00,-1.00,0,None,0,aggregation
160,225.54,remora6,remora9,-20.96,-20.96,-19.97,-19.97,-18.96,-18.96,-17.77,-17.77,-16.66,-16.66,-31.42,-31.42,-30.44,-30.44,-29.43,-29.43,-28.23,-28.23,-27.12,-27.12,2.00,2.02,2.05,2.07,2.10,2.12,2.14,2.17,2.19,2.21,7.25,7.25,7.25,7.26,7.26,7.26,7.26,7.26,7.26,7.25,64.35,0.00,1.00,1.00,0.00,0.00,0.00,-1.00,0,None,0,aggregation
160,226.54,remora6,remora9,-15.29,-15.29,-14.05,-14.05,-12.56,-12.56,-11.14,-11.14,-9.48,-9.48,-25.76,-25.76,-24.51,-24.51,-23.02,-23.02,-21.60,-21.60,-19.95,-19.95,2.23,2.25,2.27,2.28,2.30,2.32,2.33,2.35,2.36,2.37,7.25,7.26,7.25,7.25,7.25,7.24,7.24,7.24,7.23,7.23,82.09,0.00,1.00,1.00,0.00,0.00,0.00,-1.00,0,None,0,aggregation
160,227.54,remora6,remora9,-7.91,-7.91,-6.33,-6.33,-4.41,-4.41,-2.76,-2.76,-0.77,-0.77,-18.37,-18.37,-16.79,-16.79,-14.88,-14.88,-13.23,-13.23,-11.23,-11.23,2.38,2.39,2.40,2.41,2.42,2.43,2.43,2.44,2.44,2.45,7.23,7.22,7.21,7.20,7.19,7.18,7.17,7.16,7.15,7.13,91.76,0.00,1.00,1.00,0.00,0.00,0.00,-1.00,0,None,0,aggregation
160,228.54,remora6,remora9,1.15,1.15,3.02,3.02,4.96,4.96,6.46,6.46,8.10,8.10,-9.31,-9.31,-7.45,-7.45,-5.51,-5.51,-3.70,-3.70,-1.65,-1.65,2.45,2.46,2.46,2.46,2.46,2.46,2.45,2.45,2.45,2.45,7.12,7.11,7.09,7.08,7.07,7.06,7.05,7.03,7.01,7.00,93.99,0.00,1.00,1.00,0.00,0.00,0.00,-1.00,0,None,0,aggregation
160,229.54,remora6,remora9,9.55,9.55,11.05,11.05,12.45,12.45,13.86,13.86,15.30,15.30,0.17,0.17,2.05,2.05,3.82,3.82,5.60,5.60,7.43,7.43,2.44,2.44,2.44,2.44,2.43,2.43,2.42,2.42,2.42,2.42,6.98,6.96,6.94,6.93,6.91,6.89,6.88,6.86,6.85,6.84,102.12,0.00,1.00,1.00,0.00,0.00,0.00,-1.00,0,None,0,aggregation
160,230.54,remora6,remora9,16.60,16.60,17.77,17.77,18.99,18.99,20.05,20.05,21.15,21.15,9.08,9.08,10.59,10.59,12.17,12.17,13.55,13.55,14.99,14.99,2.41,2.41,2.41,2.41,2.41,2.41,2.41,2.42,2.42,2.43,6.82,6.81,6.80,6.78,6.77,6.76,6.74,6.73,6.72,6.71,117.61,0.00,1.00,1.00,0.00,0.00,0.00,-1.00,0,None,0,aggregation
160,231.54,remora6,remora9,22.07,22.07,23.00,23.00,23.78,23.78,24.61,24.61,25.32,25.32,16.21,16.21,17.46,17.46,18.53,18.53,19.68,19.68,20.68,20.68,2.43,2.44,2.45,2.46,2.47,2.49,2.50,2.52,2.54,2.56,6.70,6.68,6.67,6.65,6.64,6.62,6.61,6.60,6.58,6.57,138.75,0.00,1.00,1.00,0.00,0.00,0.00,-1.00,0,None,0,aggregation
160,232.54,remora6,remora9,25.91,25.91,26.39,26.39,26.91,26.91,27.34,27.34,27.74,27.74,21.51,21.51,22.22,22.22,22.99,22.99,23.64,23.64,24.25,24.25,2.58,2.61,2.63,2.66,2.68,2.71,2.74,2.77,2.81,2.84,6.56,6.55,6.54,6.53,6.52,6.52,6.51,6.50,6.49,6.49,163.64,0.00,1.00,1.00,0.00,0.00,0.00,-1.00,0,None,0,aggregation
160,233.54,remora6,remora9,27.96,27.96,28.07,28.07,28.15,28.15,28.20,28.20,28.05,28.05,24.61,24.61,24.78,24.78,24.91,24.91,25.00,25.00,24.75,24.75,2.87,2.91,2.94,2.98,3.02,3.05,3.09,3.13,3.17,3.21,6.48,6.48,6.47,6.47,6.47,6.47,6.47,6.47,6.48,6.47,178.17,0.00,0.00,1.00,0.00,0.00,0.00,-1.00,0,None,0,aggregation
160,234.54,remora6,remora9,27.94,27.94,27.80,27.80,27.36,27.36,26.69,26.69,25.79,25.79,24.58,24.58,24.36,24.36,23.68,23.68,22.66,22.66,21.34,21.34,3.25,3.29,3.32,3.36,3.40,3.44,3.48,3.52,3.55,3.59,6.48,6.48,6.49,6.48,6.48,6.48,6.48,6.48,6.47,6.47,175.05,0.00,0.00,1.00,0.00,0.00,0.00,-1.00,0,None,0,aggregation
160,235.54,remora6,remora9,24.58,24.58,23.35,23.35,22.40,22.40,21.16,21.16,19.44,19.44,19.63,19.63,17.94,17.94,16.66,16.66,15.01,15.01,12.74,12.74,3.63,3.66,3.69,3.73,3.76,3.79,3.82,3.85,3.88,3.90,6.47,6.46,6.46,6.45,6.45,6.44,6.44,6.43,6.42,6.42,170.24,0.00,0.00,1.00,0.00,0.00,0.00,-1.00,0,None,0,aggregation
160,236.54,remora6,remora9,18.20,18.20,16.47,16.47,15.85,15.85,13.87,13.87,13.08,13.08,11.15,11.15,8.91,8.91,8.12,8.12,5.61,5.61,4.61,4.61,3.93,3.95,3.98,4.00,4.00,3.97,3.94,3.91,3.88,3.85,6.41,6.40,6.39,6.38,6.37,6.36,6.35,6.34,6.32,6.31,164.09,0.00,0.00,1.00,0.00,0.00,0.00,-1.00,0,None,0,aggregation
160,237.54,remora6,remora9,11.70,11.70,11.42,11.42,10.97,10.97,10.75,10.75,10.67,10.67,2.87,2.87,2.51,2.51,1.95,1.95,1.67,1.67,1.57,1.57,3.82,3.79,3.77,3.74,3.71,3.68,3.66,3.63,3.60,3.57,6.30,6.28,6.27,6.26,6.24,6.23,6.21,6.20,6.18,6.17,161.04,0.00,0.00,1.00,0.00,0.00,0.00,-1.00,0,None,0,aggregation
160,238.54,remora6,remora9,11.23,11.23,11.47,11.47,11.52,11.52,11.98,11.98,12.86,12.86,2.28,2.28,2.59,2.59,2.64,2.64,3.23,3.23,4.34,4.34,3.55,3.52,3.49,3.46,3.43,3.41,3.38,3.35,3.32,3.29,6.15,6.14,6.12,6.11,6.09,6.08,6.06,6.05,6.03,6.02,166.22,0.00,0.00,1.00,0.00,0.00,0.00,-1.00,0,None,0,aggregation
160,239.54,remora6,remora9,13.54,13.54,14.37,14.37,14.74,14.74,15.61,15.61,16.19,16.19,5.19,5.19,6.24,6.24,6.71,6.71,7.81,7.81,8.56,8.56,3.26,3.24,3.21,3.18,3.15,3.12,3.10,3.07,3.04,3.01,6.00,5.98,5.97,5.95,5.94,5.92,5.91,5.90,5.88,5.87,168.98,0.00,0.00,1.00,0.00,0.00,0.00,-1.00,0,None,0,aggregation
160,240.54,remora6,remora9,17.05,17.05,18.07,18.07,18.95,18.95,19.78,19.78,20.48,20.48,9.66,9.66,10.97,10.97,12.11,12.11,13.19,13.19,14.11,14.11,2.99,2.96,2.93,2.91,2.88,2.86,2.83,2.81,2.78,2.76,5.85,5.84,5.82,5.81,5.79,5.78,5.76,5.75,5.73,5.72,168.93,0.00,1.00,1.00,0.00,0.00,0.00,-1.00,0,None,0,aggregation
160,241.54,remora6,remora9,21.24,21.24,22.04,22.04,23.01,23.01,23.73,23.73,24.48,24.48,15.12,15.12,16.17,16.17,17.48,17.48,18.46,18.46,19.50,19.50,2.74,2.71,2.69,2.67,2.65,2.63,2.61,2.59,2.57,2.55,5.70,5.69,5.67,5.66,5.65,5.63,5.62,5.60,5.59,5.57,167.92,0.00,1.00,1.00,0.00,0.00,0.00,-1.00,0,None,0,aggregation
160,242.54,remora6,remora9,25.04,25.04,25.61,25.61,26.38,26.38,26.91,26.91,27.29,27.29,20.28,20.28,21.09,21.09,22.19,22.19,22.98,22.98,23.56,23.56,2.53,2.52,2.50,2.49,2.47,2.46,2.44,2.43,2.42,2.40,5.56,5.54,5.53,5.51,5.50,5.48,5.47,5.45,5.44,5.43,167.16,0.00,1.00,1.00,0.00,0.00,0.00,-1.00,0,None,0,aggregation
160,243.54,remora6,remora9,27.76,27.76,28.17,28.17,28.53,28.53,28.76,28.76,29.10,29.10,24.29,24.29,24.95,24.95,25.55,25.55,25.94,25.94,26.54,26.54,2.39,2.38,2.37,2.36,2.35,2.34,2.34,2.33,2.32,2.31,5.42,5.42,5.41,5.40,5.39,5.38,5.38,5.37,5.36,5.35,167.67,0.00,1.00,1.00,0.00,0.00,0.00,-1.00,0,None,0,aggregation
160,244.54,remora6,remora9,29.29,29.29,29.45,29.45,29.64,29.64,29.76,29.76,29.87,29.87,26.90,26.90,27.22,27.22,27.62,27.62,27.90,27.90,28.17,28.17,2.31,2.30,2.30,2.29,2.29,2.28,2.28,2.27,2.27,2.27,5.34,5.34,5.33,5.32,5.31,5.30,5.30,5.29,5.28,5.27,171.03,0.00,1.00,1.00,0.00,0.00,0.00,-1.00,0,None,0,aggregation
160,245.54,remora6,remora9,29.96,29.96,30.05,30.05,30.09,30.09,-0.89,-0.89,-0.59,-0.59,28.40,28.40,28.68,28.68,28.82,28.82,-16.59,-16.59,-16.29,-16.29,2.26,2.26,2.26,2.26,2.25,2.25,2.24,2.20,2.17,2.13,5.27,5.26,5.25,5.24,5.24,5.23,5.22,5.20,5.18,5.17,172.78,0.00,1.00,1.00,0.00,0.00,0.00,-1.00,0,None,0,aggregation
160,246.54,remora6,remora9,0.00,0.00,0.67,0.67,1.42,1.42,27.53,27.53,2.79,2.79,-15.70,-15.70,-15.03,-15.03,-14.27,-14.27,29.60,29.60,-12.91,-12.91,2.09,2.05,2.02,1.98,1.94,1.91,1.88,1.87,1.86,1.82,5.15,5.13,5.12,5.10,5.08,5.07,5.05,5.03,5.02,5.00,172.21,0.00,1.00,1.00,1.00,1.00,0.00,-1.00,0,None,0,aggregation
160,247.54,remora6,remora9,3.18,3.18,4.11,4.11,5.08,5.08,19.21,19.21,18.17,18.17,-12.52,-12.52,-11.59,-11.59,-10.61,-10.61,24.27,24.27,23.51,23.51,1.79,1.76,1.72,1.69,1.66,1.62,1.61,1.62,1.64,1.65,4.99,4.97,4.96,4.94,4.93,4.92,4.91,4.89,4.88,4.87,176.35,0.00,1.00,1.00,1.00,1.00,0.00,-1.00,0,None,0,aggregation
160,248.54,remora6,remora9,6.24,6.24,6.62,6.62,15.87,15.87,14.73,14.73,16.16,16.16,-9.46,-9.46,-9.08,-9.08,21.81,21.81,20.95,20.95,22.03,22.03,1.66,1.66,1.66,1.66,1.66,1.67,1.68,1.69,1.71,1.72,4.86,4.85,4.85,4.84,4.84,4.83,4.81,4.80,4.79,4.78,180.66,0.00,1.00,1.00,1.00,1.00,0.00,-1.00,0,None,0,aggregation
160,249.54,remora6,remora9,17.38,17.38,18.25,18.25,19.01,19.01,19.76,19.76,20.45,20.45,22.94,22.94,23.58,23.58,24.13,24.13,24.67,24.67,25.16,25.16,1.73,1.75,1.76,1.78,1.79,1.81,1.83,1.85,1.86,1.88,4.77,4.76,4.75,4.74,4.73,4.72,4.72,4.71,4.70,4.69,191.29,0.00,1.00,1.00,0.00,0.00,0.00,-1.00,0,None,0,aggregation
160,250.54,remora6,remora9,5.70,5.70,5.96,5.96,17.79,17.79,16.89,16.89,17.51,17.51,-10.00,-10.00,-9.74,-9.74,23.24,23.24,22.57,22.57,23.03,23.03,1.90,1.90,1.89,1.89,1.90,1.91,1.93,1.94,1.96,1.97,4.69,4.68,4.68,4.68,4.68,4.67,4.66,4.66,4.65,4.64,188.77,0.00,1.00,1.00,1.00,1.00,0.00,-1.00,0,None,0,aggregation
160,251.54,remora6,remora9,18.36,18.36,19.31,19.31,19.83,19.83,5.64,5.64,5.96,5.96,23.66,23.66,24.35,24.35,24.72,24.72,-10.06,-10.06,-9.74,-9.74,1.99,2.01,2.03,2.04,2.06,2.08,2.10,2.09,2.09,2.09,4.64,4.63,4.63,4.62,4.62,4.62,4.61,4.62,4.62,4.62,182.49,0.00,1.00,1.00,0.00,0.00,0.00,-1.00,0,None,0,aggregation
160,252.54,remora6,remora9,17.00,17.00,15.30,15.30,15.67,15.67,16.21,16.21,16.73,16.73,22.65,22.65,21.39,21.39,21.66,21.66,22.06,22.06,22.45,22.45,2.09,2.10,2.12,2.14,2.15,2.17,2.18,2.20,2.22,2.23,4.62,4.62,4.61,4.61,4.61,4.61,4.60,4.60,4.60,4.60,177.47,0.00,1.00,1.00,1.00,1.00,0.00,-1.00,0,None,0,aggregation
160,253.54,remora6,remora9,17.16,17.16,5.59,5.59,16.17,16.17,14.87,14.87,6.04,6.04,22.78,22.78,-10.11,-10.11,22.04,22.04,21.06,21.06,-9.66,-9.66,2.25,2.27,2.28,2.27,2.28,2.29,2.31,2.33,2.34,2.34,4.60,4.60,4.60,4.60,4.61,4.61,4.61,4.61,4.61,4.61,162.73,0.00,1.00,1.00,1.00,1.00,0.00,-1.00,0,None,0,aggregation
160,254.54,remora6,remora9,6.25,6.25,10.52,10.52,8.62,8.62,9.16,9.16,9.58,9.58,-9.45,-9.45,17.72,17.72,16.24,16.24,16.66,16.66,16.99,16.99,2.34,2.33,2.33,2.34,2.35,2.36,2.37,2.39,2.40,2.41,4.61,4.62,4.62,4.62,4.62,4.63,4.63,4.63,4.63,4.64,145.01,0.00,1.00,1.00,1.00,1.00,0.00,-1.00,0,None,0,aggregation
160,255.54,remora6,remora9,10.30,10.30,10.37,10.37,11.13,11.13,11.09,11.09,4.54,4.54,17.55,17.55,17.60,17.60,18.19,18.19,18.16,18.16,-11.16,-11.16,2.42,2.43,2.45,2.46,2.47,2.49,2.50,2.51,2.52,2.52,4.64,4.64,4.64,4.65,4.65,4.65,4.66,4.66,4.66,4.66,136.08,0.00,1.00,1.00,0.00,0.00,0.00,-1.00,0,None,0,aggregation
160,256.54,remora6,remora9,4.91,4.91,6.41,6.41,5.29,5.29,5.88,5.88,6.23,6.23,-10.79,-10.79,14.50,14.50,13.62,13.62,14.09,14.09,14.36,14.36,2.51,2.51,2.51,2.52,2.53,2.54,2.55,2.55,2.56,2.57,4.66,4.66,4.66,4.66,4.66,4.66,4.65,4.65,4.65,4.65,133.69,0.00,1.00,1.00,1.00,1.00,0.00,-1.00,0,None,0,aggregation
160,257.54,remora6,remora9,6.85,6.85,4.20,4.20,4.33,4.33,3.59,3.59,2.59,2.59,14.85,14.85,-11.50,-11.50,-11.37,-11.37,12.28,12.28,11.48,11.48,2.58,2.59,2.60,2.60,2.60,2.59,2.59,2.60,2.61,2.61,4.64,4.64,4.64,4.64,4.64,4.64,4.64,4.64,4.63,4.63,129.54,0.00,1.00,1.00,1.00,1.00,0.00,-1.00,0,None,0,aggregation
160,258.54,remora6,remora9,3.71,3.71,4.46,4.46,3.93,3.93,4.04,4.04,1.64,1.64,12.37,12.37,12.96,12.96,-11.76,-11.76,-11.65,-11.65,10.72,10.72,2.62,2.63,2.64,2.64,2.65,2.65,2.64,2.64,2.64,2.64,4.63,4.63,4.63,4.63,4.63,4.63,4.63,4.63,4.63,4.63,123.94,0.00,1.00,1.00,1.00,1.00,0.00,-1.00,0,None,0,aggregation
160,259.54,remora6,remora9,0.74,0.74,1.80,1.80,2.82,2.82,3.50,3.50,3.67,3.67,10.00,10.00,10.85,10.85,11.66,11.66,-12.19,-12.19,-12.03,-12.03,2.65,2.66,2.66,2.67,2.67,2.68,2.68,2.68,2.68,2.67,4.63,4.63,4.63,4.63,4.64,4.64,4.64,4.64,4.64,4.64,107.91,0.00,1.00,1.00,0.00,0.00,0.00,-1.00,0,None,0,aggregation
160,260.54,remora6,remora9,0.33,0.33,0.19,0.19,0.82,0.82,2.21,2.21,3.03,3.03,9.68,9.68,9.57,9.57,10.07,10.07,11.18,11.18,-12.67,-12.67,2.67,2.68,2.68,2.69,2.69,2.70,2.70,2.71,2.71,2.71,4.64,4.64,4.64,4.64,4.64,4.64,4.64,4.64,4.64,4.64,100.36,0.00,1.00,1.00,1.00,1.00,0.00,-1.00,0,None,0,aggregation
160,261.54,remora6,remora9,2.59,2.59,2.16,2.16,2.83,2.83,2.86,2.86,-0.42,-0.42,11.48,11.48,11.14,11.14,-12.87,-12.87,-12.84,-12.84,9.08,9.08,2.71,2.71,2.72,2.73,2.73,2.73,2.72,2.72,2.72,2.72,4.64,4.64,4.64,4.64,4.64,4.64,4.64,4.64,4.64,4.64,92.13,0.00,1.00,1.00,1.00,1.00,0.00,-1.00,0,None,0,aggregation
160,262.54,remora6,remora9,-0.94,-0.94,0.92,0.92,2.62,2.62,2.29,2.29,2.51,2.51,8.66,8.66,10.15,10.15,11.50,11.50,-13.41,-13.41,-13.19,-13.19,2.73,2.73,2.73,2.74,2.75,2.75,2.75,2.75,2.75,2.74,4.64,4.64,4.64,4.64,4.64,4.64,4.64,4.64,4.64,4.63,78.48,0.00,1.00,1.00,0.00,0.00,0.00,-1.00,0,None,0,aggregation
160,263.54,remora6,remora9,-0.66,-0.66,-1.53,-1.53,0.11,0.11,1.98,1.98,2.01,2.01,8.89,8.89,8.20,8.20,9.50,9.50,10.99,10.99,-13.69,-13.69,2.74,2.74,2.74,2.75,2.75,2.76,2.76,2.77,2.77,2.77,4.63,5.34,5.34,5.33,5.33,5.33,5.33,5.33,5.33,5.33,71.18,0.00,1.00,1.00,0.00,0.00,0.00,-1.00,0,None,0,aggregation
160,264.54,remora6,remora9,2.04,2.04,-0.06,-0.06,-1.19,-1.19,0.49,0.49,2.02,2.02,-13.66,-13.66,9.37,9.37,8.47,8.47,9.81,9.81,11.02,11.02,2.76,2.76,2.76,2.76,2.76,2.77,2.77,2.78,2.78,2.79,5.33,5.33,5.32,5.32,5.32,5.32,5.32,5.32,5.32,5.32,65.47,0.00,1.00,1.00,0.00,0.00,0.00,-1.00,0,None,0,aggregation
160,265.54,remora6,remora9,1.57,1.57,2.60,2.60,2.12,2.12,1.51,1.51,1.65,1.65,-14.13,-14.13,11.49,11.49,11.11,11.11,-14.19,-14.19,-14.04,-14.04,2.79,2.79,2.78,2.79,2.80,2.80,2.81,2.80,2.80,2.79,5.31,5.31,5.31,5.30,5.30,5.30,5.30,5.29,5.29,5.28,59.86,0.00,1.00,1.00,0.00,0.00,0.00,-1.00,0,None,0,aggregation
160,266.54,remora6,remora9,-1.26,-1.26,-2.51,-2.51,-0.56,-0.56,1.50,1.50,2.96,2.96,8.41,8.41,7.41,7.41,8.97,8.97,10.61,10.61,11.77,11.77,2.79,2.79,2.79,2.80,2.80,2.80,2.81,2.81,2.82,2.83,5.27,5.27,5.27,5.26,5.26,5.25,5.25,5.25,5.24,5.24,55.96,0.00,1.00,1.00,0.00,0.00,0.00,-1.00,0,None,0,aggregation
160,267.54,remora6,remora9,0.86,0.86,0.94,0.94,0.52,0.52,0.12,0.12,1.54,1.54,-14.83,-14.83,-14.75,-14.75,9.83,9.83,9.51,9.51,10.64,10.64,2.83,2.83,2.82,2.81,2.81,2.82,2.82,2.83,2.83,2.84,5.23,5.23,5.22,5.21,5.21,5.20,5.20,5.19,5.19,5.19,55.36,0.00,1.00,1.00,0.00,0.00,0.00,-1.00,0,None,0,aggregation
160,268.54,remora6,remora9,2.71,2.71,0.56,0.56,0.74,0.74,-2.41,-2.41,-4.26,-4.26,11.57,11.57,-15.14,-15.14,-14.96,-14.96,7.49,7.49,6.01,6.01,2.85,2.89,2.92,2.94,2.96,2.98,3.01,3.04,3.07,3.09,5.19,5.19,5.19,5.19,5.19,5.19,5.19,5.19,5.19,5.19,54.22,0.00,1.00,1.00,0.00,0.00,0.00,-1.00,0,None,0,aggregation
160,269.54,remora6,remora9,-2.80,-2.80,-1.78,-1.78,-0.63,-0.63,0.52,0.52,1.88,1.88,7.18,7.18,7.99,7.99,8.91,8.91,9.83,9.83,10.91,10.91,3.12,3.15,3.18,3.20,3.23,3.26,3.28,3.31,3.34,3.36,5.20,5.20,5.20,5.20,5.21,5.21,5.21,5.22,5.22,5.23,52.93,0.00,0.00,1.00,0.00,0.00,0.00,-1.00,0,None,0,aggregation
160,270.54,remora6,remora9,-0.77,-0.77,-0.60,-0.60,-2.01,-2.01,-3.33,-3.33,-1.87,-1.87,-16.47,-16.47,-16.29,-16.29,7.81,7.81,6.75,6.75,7.93,7.93,3.38,3.38,3.38,3.38,3.38,3.38,3.38,3.38,3.37,3.37,5.23,5.23,5.23,5.23,5.23,5.24,5.24,5.24,5.25,5.25,52.50,0.00,0.00,1.00,0.00,0.00,0.00,-1.00,0,None,0,aggregation
160,271.54,remora6,remora9,-0.27,-0.27,1.47,1.47,3.48,3.48,-1.45,-1.45,-1.38,-1.38,9.20,9.20,10.58,10.58,12.18,12.18,-17.15,-17.15,-17.08,-17.08,3.37,3.37,3.37,3.37,3.37,3.36,3.36,3.36,3.36,3.36,5.25,5.26,5.26,5.27,5.28,5.28,5.29,5.29,5.29,5.29,54.26,0.00,0.00,1.00,0.00,0.00,0.00,-1.00,0,None,0,aggregation
160,272.54,remora6,remora9,0.79,0.79,-0.41,-0.41,1.46,1.46,3.05,3.05,-1.52,-1.52,10.04,10.04,9.09,9.09,10.58,10.58,11.84,11.84,-17.22,-17.22,3.36,3.36,3.35,3.35,3.35,3.35,3.35,3.35,3.35,3.34,5.29,5.29,5.30,5.30,5.31,5.32,5.32,5.33,5.33,5.34,55.31,0.00,0.00,1.00,0.00,0.00,0.00,-1.00,0,None,0,aggregation
160,273.54,remora6,remora9,-1.43,-1.43,0.28,0.28,-0.19,-0.19,1.65,1.65,-1.48,-1.48,-17.13,-17.13,9.64,9.64,9.26,9.26,10.73,10.73,-17.17,-17.17,3.34,3.34,3.34,3.34,3.34,3.33,3.33,3.33,3.33,3.33,5.34,5.34,5.34,5.35,5.36,5.36,5.37,5.38,5.39,5.39,57.25,0.00,0.00,1.00,1.00,0.00,1.00,-1.00,0,None,0,aggregation
160,274.54,remora6,remora9,2.26,2.26,1.15,1.15,-1.48,-1.48,1.03,1.03,-0.22,-0.22,11.22,11.22,10.33,10.33,-17.17,-17.17,10.24,10.24,9.24,9.24,3.33,3.32,3.32,3.32,3.32,3.32,3.32,3.32,3.31,3.31,5.39,5.40,5.41,5.42,5.43,5.44,5.44,5.45,5.46,5.47,58.49,0.00,0.00,1.00,1.00,0.00,1.00,-1.00,0,None,0,aggregation
160,275.54,remora6,remora9,1.97,1.97,-1.71,-1.71,-1.63,-1.63,-1.92,-1.92,-2.89,-2.89,10.98,10.98,-17.41,-17.41,-17.33,-17.33,7.88,7.88,7.10,7.10,3.31,3.31,3.31,3.31,3.31,3.30,3.30,3.30,3.30,3.30,5.49,5.50,5.51,5.52,5.52,5.53,5.54,5.55,5.56,5.57,58.11,0.00,0.00,1.00,1.00,0.00,1.00,-1.00,0,None,0,aggregation
160,276.54,remora6,remora9,-1.08,-1.08,0.89,0.89,2.20,2.20,-1.98,-1.98,-1.96,-1.96,8.55,8.55,10.12,10.12,11.16,11.16,-17.68,-17.68,-17.66,-17.66,3.30,3.29,3.29,3.29,3.29,3.29,3.29,3.29,3.29,3.28,5.59,5.60,5.62,5.63,5.65,5.66,5.67,5.68,5.68,5.69,60.49,0.00,0.00,1.00,0.00,0.00,0.00,-1.00,0,None,0,aggregation
160,277.54,remora6,remora9,-1.11,-1.11,-2.71,-2.71,-0.96,-0.96,0.47,0.47,2.26,2.26,8.53,8.53,7.25,7.25,8.65,8.65,9.79,9.79,11.22,11.22,3.28,3.28,3.28,3.28,3.28,3.28,3.28,3.28,3.28,3.28,5.70,5.72,5.73,5.75,5.76,5.78,5.79,5.81,5.83,5.85,58.84,0.00,0.00,1.00,1.00,0.00,1.00,-1.00,0,None,0,aggregation
160,278.54,remora6,remora9,-2.13,-2.13,-2.10,-2.10,-1.46,-1.46,-3.15,-3.15,-1.21,-1.21,-17.82,-17.82,-17.80,-17.80,8.25,8.25,6.89,6.89,8.45,8.45,3.28,3.27,3.27,3.26,3.26,3.26,3.26,3.26,3.26,3.26,5.86,5.87,5.88,5.89,5.90,5.92,5.94,5.95,5.97,5.99,59.61,0.00,0.00,1.00,1.00,0.00,1.00,-1.00,0,None,0,aggregation
160,279.54,remora6,remora9,0.57,0.57,2.24,2.24,-17.85,-17.85,5.96,5.96,8.22,8.22,9.87,9.87,11.20,11.20,-2.15,-2.15,14.15,14.15,15.92,15.92,3.26,3.26,3.26,3.26,3.26,3.25,3.25,3.25,3.26,3.26,6.01,6.02,6.04,6.06,6.08,6.09,6.10,6.12,6.15,6.17,64.22,0.00,0.00,1.00,0.00,0.00,0.00,-1.00,0,None,0,aggregation
160,280.54,remora6,remora9,-17.60,-17.60,-17.40,-17.40,-17.04,-17.04,16.91,16.91,18.51,18.51,-1.90,-1.90,-1.70,-1.70,-1.35,-1.35,22.59,22.59,23.76,23.76,3.27,3.26,3.25,3.25,3.24,3.23,3.24,3.25,3.27,3.29,6.19,6.20,6.21,6.22,6.24,6.25,6.27,6.30,6.32,6.35,73.16,0.00,0.00,1.00,0.00,0.00,0.00,-1.00,0,None,0,aggregation
160,281.54,remora6,remora9,-16.03,-16.03,-15.64,-15.64,-14.96,-14.96,-14.19,-14.19,-13.36,-13.36,-0.33,-0.33,0.06,0.06,0.74,0.74,1.50,1.50,2.33,2.33,3.30,3.29,3.29,3.28,3.27,3.27,3.26,3.25,3.25,3.24,6.37,6.39,6.40,6.41,6.42,6.44,6.45,6.46,5.59,5.60,72.78,0.00,0.00,1.00,0.00,0.00,0.00,-1.00,0,None,0,aggregation
160,282.54,remora6,remora9,-13.36,-13.36,29.01,29.01,29.47,29.47,-10.90,-10.90,-10.30,-10.30,2.33,2.33,30.14,30.14,30.18,30.18,4.80,4.80,5.40,5.40,3.24,3.23,3.24,3.26,3.29,3.32,3.33,3.33,3.33,3.33,5.62,5.63,5.64,5.67,5.70,5.72,5.74,5.76,5.77,5.79,80.34,0.00,0.00,1.00,1.00,0.00,1.00,-1.00,0,None,0,aggregation
160,283.54,remora6,remora9,-9.29,-9.29,-8.25,-8.25,-6.90,-6.90,-5.39,-5.39,-3.96,-3.96,6.41,6.41,7.44,7.44,8.16,8.16,8.66,8.66,9.13,9.13,3.33,3.32,3.32,3.32,3.32,3.32,3.32,3.32,3.33,3.33,5.80,5.82,5.83,5.85,5.86,5.88,5.89,5.90,5.90,5.91,74.82,0.00,0.00,1.00,0.00,0.00,0.00,-1.00,0,None,0,aggregation
160,284.54,remora6,remora9,-2.64,-2.64,-1.44,-1.44,-0.36,-0.36,0.64,0.64,22.40,22.40,9.54,9.54,9.89,9.89,10.20,10.20,10.46,10.46,16.65,16.65,3.33,3.33,3.33,3.34,3.34,3.34,3.35,3.35,3.36,3.37,5.91,5.92,5.93,5.94,5.95,5.96,5.97,5.97,5.98,5.98,75.97,0.00,0.00,1.00,0.00,0.00,0.00,-1.00,0,None,0,aggregation
160,285.54,remora6,remora9,22.40,22.40,23.19,23.19,23.95,23.95,24.62,24.62,25.29,25.29,16.65,16.65,17.73,17.73,18.77,18.77,19.69,19.69,20.64,20.64,3.38,3.39,3.40,3.41,3.42,3.43,3.44,3.45,3.47,3.48,5.99,6.01,6.02,6.02,6.03,6.03,6.04,6.05,6.06,6.07,91.14,0.00,0.00,1.00,0.00,0.00,0.00,-1.00,0,None,0,aggregation
160,286.54,remora6,remora9,25.83,25.83,26.38,26.38,26.86,26.86,27.36,27.36,27.69,27.69,21.40,21.40,22.20,22.20,22.92,22.92,23.68,23.68,24.18,24.18,3.50,3.51,3.53,3.54,3.56,3.58,3.59,3.61,3.63,3.65,6.08,6.09,6.10,6.11,6.12,6.13,6.14,6.15,6.17,6.18,108.88,0.00,0.00,1.00,0.00,0.00,0.00,-1.00,0,None,0,aggregation
160,287.54,remora6,remora9,28.00,28.00,28.30,28.30,28.60,28.60,28.80,28.80,29.01,29.01,24.68,24.68,25.17,25.17,25.66,25.66,26.01,26.01,26.39,26.39,3.67,3.69,3.71,3.73,3.75,3.77,3.80,3.82,3.84,3.86,6.19,6.20,6.22,6.23,6.24,6.26,6.27,6.29,6.30,6.32,131.60,0.00,0.00,1.00,0.00,0.00,0.00,-1.00,0,None,0,aggregation
160,288.54,remora6,remora9,29.14,29.14,29.27,29.27,29.39,29.39,29.44,29.44,29.42,29.42,26.62,26.62,26.87,26.87,27.10,27.10,27.20,27.20,27.16,27.16,3.89,3.91,3.94,3.96,3.98,4.01,4.03,4.06,4.08,4.11,6.33,6.35,6.37,5.16,5.17,5.18,5.19,5.19,5.20,5.21,154.00,0.00,0.00,1.00,0.00,0.00,0.00,-1.00,0,None,0,aggregation
160,289.54,remora6,remora9,29.46,29.46,29.43,29.43,29.42,29.42,29.30,29.30,29.00,29.00,27.24,27.24,27.17,27.17,27.15,27.15,26.93,26.93,26.36,26.36,4.14,4.16,4.19,4.21,4.24,4.27,4.29,4.32,4.34,4.37,5.21,5.22,5.23,5.23,5.24,5.25,5.25,5.26,5.27,5.27,173.33,0.00,0.00,1.00,0.00,0.00,0.00,-1.00,0,None,0,aggregation
160,290.54,remora6,remora9,28.59,28.59,27.74,27.74,25.65,25.65,23.13,23.13,18.65,18.65,25.65,25.65,24.26,24.26,21.14,21.14,17.64,17.64,11.72,11.72,4.40,4.42,4.40,4.37,4.33,4.30,4.26,4.23,4.20,4.17,5.28,5.29,5.29,5.30,5.30,5.31,5.31,5.32,5.32,5.32,181.87,0.00,0.00,1.00,0.00,0.00,0.00,-1.00,0,None,0,aggregation
160,291.54,remora6,remora9,13.50,13.50,8.28,8.28,5.45,5.45,5.51,5.51,7.61,7.61,5.14,5.14,-1.43,-1.43,-4.96,-4.96,-4.88,-4.88,-2.26,-2.26,4.14,4.12,4.10,4.08,4.06,4.04,4.03,4.01,3.99,3.97,5.32,5.32,5.32,5.32,5.32,5.32,5.31,5.31,5.31,5.30,178.08,0.00,0.00,1.00,0.00,0.00,0.00,-1.00,0,None,0,aggregation
160,292.54,remora6,remora9,7.13,7.13,6.76,6.76,7.14,7.14,8.52,8.52,9.88,9.88,-2.86,-2.86,-3.32,-3.32,-2.85,-2.85,-1.12,-1.12,0.59,0.59,3.95,3.93,3.91,3.89,3.87,3.85,3.83,3.81,3.79,3.76,5.30,5.30,5.29,5.29,5.28,5.28,5.28,5.27,5.27,5.26,166.98,0.00,0.00,1.00,0.00,0.00,0.00,-1.00,0,None,0,aggregation
160,293.54,remora6,remora9,10.27,10.27,10.29,10.29,11.44,11.44,11.89,11.89,13.35,13.35,1.07,1.07,1.09,1.09,2.54,2.54,3.11,3.11,4.95,4.95,3.74,3.72,3.69,3.67,3.65,3.62,3.60,3.58,3.55,3.53,5.26,5.26,5.25,5.25,5.25,5.24,5.24,5.24,5.23,5.23,172.64,0.00,0.00,1.00,0.00,0.00,0.00,-1.00,0,None,0,aggregation
160,294.54,remora6,remora9,14.39,14.39,15.58,15.58,16.42,16.42,16.79,16.79,17.78,17.78,6.27,6.27,7.78,7.78,8.85,8.85,9.33,9.33,10.60,10.60,3.50,3.48,3.46,3.43,3.41,3.39,3.36,3.34,3.32,3.30,5.23,5.22,5.22,5.22,5.21,5.21,5.21,5.21,5.21,5.20,177.49,0.00,0.00,1.00,0.00,0.00,0.00,-1.00,0,None,0,aggregation
160,295.54,remora6,remora9,19.23,19.23,20.46,20.46,21.21,21.21,22.29,22.29,23.43,23.43,12.47,12.47,14.08,14.08,15.07,15.07,16.51,16.51,18.05,18.05,3.27,3.25,3.23,3.21,3.20,3.18,3.16,3.14,3.13,3.11,5.20,5.20,5.19,5.19,5.19,5.19,5.19,5.19,5.19,5.19,174.48,0.00,0.00,1.00,0.00,0.00,0.00,-1.00,0,None,0,aggregation
160,296.54,remora6,remora9,24.00,24.00,24.97,24.97,25.80,25.80,26.14,26.14,26.66,26.66,18.84,18.84,20.17,20.17,21.36,21.36,21.85,21.85,22.62,22.62,3.10,3.09,3.07,3.06,3.05,3.04,3.03,3.02,3.01,3.01,5.19,5.19,5.19,5.20,5.20,5.20,5.20,5.21,5.21,5.21,172.87,0.00,0.00,1.00,0.00,0.00,0.00,-1.00,0,None,0,aggregation
160,297.54,remora6,remora9,-2.15,-2.15,-2.13,-2.13,-2.01,-2.01,-2.01,-2.01,30.09,30.09,-17.85,-17.85,-17.83,-17.83,-17.70,-17.70,-17.70,-17.70,28.82,28.82,2.99,2.96,2.93,2.90,2.87,2.84,2.80,2.77,2.75,2.75,5.21,5.20,5.18,5.17,5.15,5.14,5.12,5.11,5.09,5.09,159.64,0.00,1.00,1.00,1.00,1.00,0.00,-1.00,0,None,0,aggregation
160,298.54,remora6,remora9,30.18,30.18,-1.18,-1.18,-0.92,-0.92,-0.38,-0.38,0.25,0.25,29.41,29.41,-16.88,-16.88,-16.62,-16.62,-16.08,-16.08,-15.45,-15.45,2.75,2.76,2.75,2.72,2.68,2.65,2.62,2.59,2.55,2.52,5.08,5.08,5.07,5.05,5.04,5.02,5.00,4.98,4.96,4.95,144.16,0.00,1.00,1.00,0.00,0.00,0.00,-1.00,0,None,0,aggregation
160,299.54,remora6,remora9,0.96,0.96,25.61,25.61,2.11,2.11,2.42,2.42,3.30,3.30,-14.74,-14.74,28.57,28.57,-13.58,-13.58,-13.28,-13.28,-12.39,-12.39,2.49,2.46,2.43,2.43,2.42,2.39,2.36,2.33,2.30,2.27,4.93,4.91,4.89,4.87,4.85,4.83,4.81,4.79,4.77,4.75,125.95,0.00,1.00,1.00,1.00,1.00,0.00,-1.00,0,None,0,aggregation
160,300.54,remora6,remora9,4.24,4.24,14.62,14.62,12.92,12.92,12.86,12.86,4.88,4.88,-11.46,-11.46,20.87,20.87,19.57,19.57,19.53,19.53,-10.82,-10.82,2.24,2.21,2.18,2.17,2.15,2.14,2.12,2.11,2.09,2.06,4.73,4.71,4.69,4.66,4.63,4.60,4.58,4.55,4.52,4.50,114.89,0.00,1.00,1.00,1.00,1.00,0.00,-1.00,0,None,0,aggregation
160,301.54,remora6,remora9,5.02,5.02,6.00,6.00,4.27,4.27,3.53,3.53,4.62,4.62,-10.68,-10.68,-9.70,-9.70,12.81,12.81,12.22,12.22,13.09,13.09,2.03,2.00,1.97,1.94,1.92,1.89,1.87,1.85,1.82,1.80,4.48,4.45,4.43,4.41,4.38,4.35,4.33,4.30,4.27,4.24,117.68,0.00,1.00,1.00,1.00,1.00,0.00,-1.00,0,None,0,aggregation
160,302.54,remora6,remora9,5.93,5.93,6.63,6.63,7.60,7.60,4.58,4.58,4.86,4.86,14.12,14.12,14.68,14.68,15.44,15.44,-11.12,-11.12,-10.83,-10.83,1.78,1.76,1.73,1.71,1.69,1.67,1.66,1.65,1.65,1.65,4.22,4.19,4.16,4.13,4.10,4.08,4.05,4.04,4.02,4.01,122.38,0.00,1.00,1.00,0.00,0.00,0.00,-1.00,0,None,0,aggregation
160,303.54,remora6,remora9,3.68,3.68,2.15,2.15,3.32,3.32,4.77,4.77,5.82,5.82,12.34,12.34,11.13,11.13,12.06,12.06,13.21,13.21,14.04,14.04,1.64,1.65,1.65,1.66,1.66,1.67,1.67,1.68,1.68,1.69,3.99,3.97,3.96,3.94,3.92,3.90,3.88,3.87,3.85,3.83,123.64,0.00,1.00,1.00,1.00,1.00,0.00,-1.00,0,None,0,aggregation
160,304.54,remora6,remora9,4.06,4.06,4.19,4.19,3.13,3.13,2.21,2.21,3.67,3.67,-11.64,-11.64,-11.51,-11.51,11.91,11.91,11.18,11.18,12.34,12.34,1.70,1.69,1.69,1.68,1.68,1.69,1.69,1.70,1.70,1.71,3.82,3.80,3.79,3.77,3.76,3.74,3.72,3.71,3.69,3.67,117.19,0.00,1.00,1.00,1.00,1.00,0.00,-1.00,0,None,0,aggregation
160,305.54,remora6,remora9,4.31,4.31,4.49,4.49,0.78,0.78,-0.54,-0.54,1.37,1.37,-11.39,-11.39,-11.20,-11.20,10.04,10.04,8.98,8.98,10.51,10.51,1.71,1.71,1.70,1.70,1.70,1.70,1.70,1.71,1.71,1.71,3.66,3.65,3.63,3.62,3.60,3.59,3.57,3.56,3.55,3.53,103.40,0.00,1.00,1.00,1.00,1.00,0.00,-1.00,0,None,0,aggregation
160,306.54,remora6,remora9,3.17,3.17,4.77,4.77,3.57,3.57,3.88,3.88,2.09,2.09,11.94,11.94,13.21,13.21,-12.13,-12.13,-11.81,-11.81,11.08,11.08,1.72,1.73,1.73,1.74,1.74,1.74,1.73,1.73,1.73,1.73,3.52,3.52,3.51,3.51,3.50,3.50,3.50,3.49,3.49,3.49,86.43,0.00,1.00,1.00,1.00,1.00,0.00,-1.00,0,None,0,aggregation
160,307.54,remora6,remora9,1.30,1.30,3.14,3.14,4.67,4.67,3.47,3.47,3.65,3.65,10.46,10.46,11.92,11.92,13.13,13.13,-12.23,-12.23,-12.04,-12.04,1.74,1.74,1.74,1.75,1.76,1.76,1.77,1.76,1.76,1.76,3.48,3.48,3.48,3.47,3.47,3.47,3.46,3.46,3.46,3.46,78.78,0.00,1.00,1.00,0.00,0.00,0.00,-1.00,0,None,0,aggregation
160,308.54,remora6,remora9,2.81,2.81,2.29,2.29,4.36,4.36,3.77,3.77,5.09,5.09,11.66,11.66,11.24,11.24,12.89,12.89,-11.93,-11.93,13.46,13.46,1.75,1.76,1.76,1.77,1.78,1.78,1.78,1.78,1.78,1.79,3.46,3.46,3.46,3.46,3.46,3.45,3.45,3.46,3.46,3.46,73.29,0.00,1.00,1.00,1.00,1.00,0.00,-1.00,0,None,0,aggregation
160,309.54,remora6,remora9,4.26,4.26,3.83,3.83,4.09,4.09,2.22,2.22,2.39,2.39,12.80,12.80,-11.86,-11.86,-11.61,-11.61,11.18,11.18,11.32,11.32,1.79,1.80,1.80,1.80,1.80,1.79,1.79,1.80,1.80,1.81,3.46,3.46,3.46,3.46,3.46,3.46,3.46,3.47,3.47,3.47,69.33,0.00,1.00,1.00,1.00,1.00,0.00,-1.00,0,None,0,aggregation
160,310.54,remora6,remora9,4.20,4.20,3.98,3.98,4.10,4.10,2.94,2.94,2.04,2.04,12.76,12.76,-11.72,-11.72,-11.60,-11.60,11.75,11.75,11.04,11.04,1.81,1.82,1.82,1.82,1.82,1.81,1.81,1.82,1.82,1.83,3.47,3.47,3.48,3.48,3.48,3.49,3.49,3.49,3.50,3.50,63.97,0.00,1.00,1.00,1.00,1.00,0.00,-1.00,0,None,0,aggregation
160,311.54,remora6,remora9,3.96,3.96,5.76,5.76,3.78,3.78,3.97,3.97,4.37,4.37,12.57,12.57,13.99,13.99,-11.91,-11.91,-11.72,-11.72,12.89,12.89,1.83,1.84,1.85,1.85,1.86,1.86,1.85,1.85,1.85,1.86,3.50,3.51,3.51,3.52,3.52,3.53,3.53,3.54,3.54,3.55,64.92,0.00,1.00,1.00,1.00,1.00,0.00,-1.00,0,None,0,aggregation
160,312.54,remora6,remora9,3.78,3.78,4.50,4.50,4.76,4.76,2.18,2.18,1.52,1.52,12.42,12.42,-11.19,-11.19,-10.94,-10.94,11.15,11.15,10.62,10.62,1.86,1.87,1.87,1.87,1.87,1.86,1.86,1.87,1.87,1.87,3.55,3.56,3.56,3.57,3.57,3.58,3.59,3.59,3.60,3.60,62.69,0.00,1.00,1.00,1.00,1.00,0.00,-1.00,0,None,0,aggregation
160,313.54,remora6,remora9,3.42,3.42,5.41,5.41,7.02,7.02,3.86,3.86,3.99,3.99,12.14,12.14,13.71,13.71,14.98,14.98,-11.84,-11.84,-11.71,-11.71,1.88,1.89,1.89,1.90,1.91,1.92,1.92,1.92,1.92,1.91,3.61,3.62,3.62,3.63,3.64,3.64,3.65,3.66,3.66,3.67,61.68,0.00,1.00,1.00,0.00,0.00,0.00,-1.00,0,None,0,aggregation
160,314.54,remora6,remora9,4.94,4.94,2.25,2.25,1.08,1.08,2.74,2.74,4.64,4.64,-10.76,-10.76,11.21,11.21,10.28,10.28,11.60,11.60,13.10,13.10,1.91,1.91,1.90,1.91,1.91,1.92,1.92,1.93,1.93,1.94,3.68,3.69,3.69,3.70,3.71,3.71,3.72,3.73,3.74,3.74,62.02,0.00,1.00,1.00,1.00,1.00,0.00,-1.00,0,None,0,aggregation
160,315.54,remora6,remora9,6.34,6.34,4.16,4.16,4.29,4.29,4.42,4.42,3.80,3.80,14.45,14.45,-11.54,-11.54,-11.41,-11.41,12.93,12.93,12.44,12.44,1.95,1.96,1.96,1.96,1.96,1.95,1.95,1.96,1.96,1.97,3.75,3.76,3.77,3.78,3.78,3.79,3.80,3.81,3.82,3.82,64.41,0.00,1.00,1.00,1.00,1.00,0.00,-1.00,0,None,0,aggregation
160,316.54,remora6,remora9,5.07,5.07,6.84,6.84,4.03,4.03,4.16,4.16,4.54,4.54,13.44,13.44,14.84,14.84,-11.67,-11.67,-11.54,-11.54,13.03,13.03,1.98,1.98,1.99,2.00,2.01,2.01,2.00,2.00,2.00,2.00,3.83,3.84,3.85,3.86,3.87,3.88,3.88,3.89,3.90,3.91,65.41,0.00,1.00,1.00,1.00,1.00,0.00,-1.00,0,None,0,aggregation
160,317.54,remora6,remora9,3.43,3.43,4.72,4.72,4.39,4.39,4.51,4.51,2.89,2.89,12.15,12.15,13.17,13.17,-11.31,-11.31,-11.19,-11.19,11.72,11.72,2.01,2.02,2.02,2.03,2.04,2.03,2.03,2.03,2.02,2.03,3.92,3.93,3.93,3.94,3.95,3.96,3.97,3.98,3.98,3.99,65.41,0.00,1.00,1.00,1.00,1.00,0.00,-1.00,0,None,0,aggregation
160,318.54,remora6,remora9,1.80,1.80,3.22,3.22,4.78,4.78,4.17,4.17,4.28,4.28,10.85,10.85,11.98,11.98,13.22,13.22,-11.53,-11.53,-11.42,-11.42,2.03,2.04,2.05,2.05,2.06,2.07,2.07,2.07,2.07,2.06,4.00,4.01,4.02,4.03,4.04,4.04,4.05,4.06,4.07,4.08,64.25,0.00,1.00,1.00,0.00,0.00,0.00,-1.00,0,None,0,aggregation
160,319.54,remora6,remora9,2.29,2.29,0.91,0.91,2.03,2.03,3.75,3.75,3.90,3.90,11.24,11.24,10.14,10.14,11.04,11.04,12.40,12.40,-11.79,-11.79,2.06,2.06,2.07,2.07,2.08,2.08,2.09,2.10,2.10,2.10,4.09,4.09,4.10,4.11,4.12,4.13,4.14,4.15,4.16,4.16,64.44,0.00,1.00,1.00,1.00,1.00,0.00,-1.00,0,None,0,aggregation
160,320.54,remora6,remora9,3.66,3.66,3.35,3.35,3.73,3.73,3.90,3.90,0.54,0.54,12.33,12.33,12.08,12.08,-11.97,-11.97,-11.79,-11.79,9.85,9.85,2.10,2.10,2.11,2.12,2.12,2.12,2.11,2.11,2.11,2.11,4.17,4.18,4.19,4.20,4.21,4.22,4.23,4.24,4.25,4.25,64.24,0.00,1.00,1.00,1.00,1.00,0.00,-1.00,0,None,0,aggregation
160,321.54,remora6,remora9,-0.61,-0.61,1.08,1.08,2.51,2.51,3.48,3.48,3.72,3.72,8.93,8.93,10.28,10.28,11.41,11.41,-12.22,-12.22,-11.98,-11.98,2.12,2.12,2.12,2.13,2.13,2.14,2.14,2.14,2.13,2.13,4.26,4.26,4.27,4.28,4.29,4.30,4.31,4.31,4.32,4.33,62.36,0.00,1.00,1.00,0.00,0.00,0.00,-1.00,0,None,0,aggregation
160,322.54,remora6,remora9,-0.38,-0.38,-0.89,-0.89,0.97,0.97,2.65,2.65,3.71,3.71,9.11,9.11,8.71,8.71,10.18,10.18,11.53,11.53,12.37,12.37,2.13,2.13,2.14,2.14,2.14,2.15,2.15,2.16,2.17,2.17,4.34,4.35,4.36,4.37,4.38,4.39,4.40,4.41,4.42,4.43,62.70,0.00,1.00,1.00,1.00,1.00,0.00,-1.00,0,None,0,aggregation
160,323.54,remora6,remora9,2.65,2.65,2.94,2.94,-0.61,-0.61,-2.33,-2.33,-1.87,-1.87,-13.05,-13.05,-12.76,-12.76,8.93,8.93,7.55,7.55,7.92,7.92,2.19,2.21,2.24,2.26,2.29,2.32,2.35,2.38,2.41,2.44,4.45,4.46,4.48,4.50,4.52,4.54,4.56,4.58,4.60,4.62,59.44,0.00,1.00,1.00,0.00,0.00,0.00,-1.00,0,None,0,aggregation
160,324.54,remora6,remora9,-0.60,-0.60,0.32,0.32,1.88,1.88,1.90,1.90,-4.27,-4.27,8.94,8.94,9.67,9.67,-13.82,-13.82,-13.80,-13.80,6.01,6.01,2.48,2.51,2.54,2.57,2.60,2.62,2.64,2.66,2.67,2.70,4.63,4.64,4.66,4.67,4.69,4.71,4.73,4.74,4.76,4.77,57.56,0.00,1.00,1.00,0.00,0.00,0.00,-1.00,0,None,0,aggregation
160,325.54,remora6,remora9,-6.08,-6.08,-4.52,-4.52,-2.99,-2.99,-1.95,-1.95,-0.46,-0.46,4.38,4.38,5.80,5.80,7.03,7.03,7.86,7.86,9.05,9.05,2.72,2.74,2.76,2.78,2.80,2.82,2.84,2.86,2.88,2.89,4.79,4.81,4.82,4.84,4.86,4.87,4.89,4.90,4.92,4.94,52.82,0.00,1.00,1.00,0.00,0.00,0.00,-1.00,0,None,0,aggregation
160,326.54,remora6,remora9,0.71,0.71,1.86,1.86,-0.29,-0.29,-0.23,-0.23,-0.08,-0.08,9.98,9.98,10.90,10.90,-15.99,-15.99,-15.93,-15.93,9.35,9.35,2.91,2.93,2.95,2.97,2.98,2.98,2.98,2.98,2.99,3.00,4.95,4.97,4.98,5.00,5.02,5.04,5.06,5.07,5.09,5.11,52.06,0.00,1.00,1.00,0.00,0.00,0.00,-1.00,0,None,0,aggregation
160,327.54,remora6,remora9,-0.51,-0.51,1.34,1.34,3.32,3.32,-0.56,-0.56,-0.54,-0.54,9.01,9.01,10.48,10.48,12.06,12.06,-16.26,-16.26,-16.24,-16.24,3.01,3.02,3.03,3.04,3.05,3.06,3.07,3.06,3.06,3.05,5.14,5.16,5.18,5.20,5.22,5.25,5.27,5.28,5.30,5.31,52.82,0.00,0.00,1.00,0.00,0.00,0.00,-1.00,0,None,0,aggregation
160,328.54,remora6,remora9,2.62,2.62,1.83,1.83,3.77,3.77,-0.45,-0.45,-0.29,-0.29,11.50,11.50,10.87,10.87,12.42,12.42,-16.15,-16.15,-15.99,-15.99,3.05,3.05,3.06,3.07,3.08,3.09,3.09,3.09,3.08,3.08,5.33,5.35,5.36,5.38,5.40,5.42,5.44,5.45,5.46,5.48,54.37,0.00,0.00,1.00,0.00,0.00,0.00,-1.00,0,None,0,aggregation
160,329.54,remora6,remora9,2.33,2.33,0.81,0.81,2.71,2.71,3.61,3.61,-0.52,-0.52,11.27,11.27,10.06,10.06,11.57,11.57,12.28,12.28,-16.22,-16.22,3.08,3.09,3.10,3.11,3.12,3.13,3.15,3.17,3.18,3.18,5.49,5.51,5.52,5.54,5.56,5.58,5.59,5.61,5.63,5.64,55.35,0.00,0.00,1.00,1.00,0.00,1.00,-1.00,0,None,0,aggregation
160,330.54,remora6,remora9,-0.41,-0.41,0.18,0.18,-1.07,-1.07,0.45,0.45,1.53,1.53,-16.11,-16.11,9.56,9.56,8.56,8.56,9.77,9.77,10.64,10.64,3.18,3.19,3.19,3.21,3.23,3.24,3.26,3.28,3.30,3.33,5.65,5.66,5.67,5.69,5.71,5.72,5.74,5.76,5.77,5.79,55.17,0.00,0.00,1.00,1.00,0.00,1.00,-1.00,0,None,0,aggregation
160,331.54,remora6,remora9,-0.73,-0.73,-0.63,-0.63,-2.74,-2.74,-2.74,-4.34,-2.82,-2.82,-16.42,-16.42,-16.33,-16.33,7.23,7.23,7.23,5.95,7.16,7.16,3.35,3.36,3.37,3.38,3.39,3.42,3.44,3.46,3.48,3.51,5.81,5.82,5.83,5.84,5.86,5.87,5.89,5.91,5.93,5.95,54.71,0.00,0.00,1.00,1.00,0.00,1.00,-1.00,0,None,0,aggregation
160,332.54,remora6,remora9,-1.59,-1.59,-1.04,-1.04,0.17,0.17,1.36,1.36,-1.71,-1.71,8.15,8.15,8.59,8.59,9.55,9.55,10.50,10.50,-17.40,-17.40,3.53,3.56,3.59,3.61,3.64,3.67,3.70,3.73,3.76,3.78,5.96,5.98,6.00,6.02,6.05,6.07,6.09,6.11,6.13,6.15,54.39,0.00,0.00,1.00,0.00,0.00,0.00,-1.00,0,None,0,aggregation
160,333.54,remora6,remora9,-1.65,-1.65,-4.34,-4.34,-5.48,-5.48,-4.11,-4.11,-3.27,-3.27,-17.35,-17.35,5.95,5.95,4.98,4.98,6.13,6.13,6.81,6.81,3.80,3.81,3.84,3.86,3.89,3.92,3.95,3.98,4.00,4.03,6.17,6.18,6.20,6.22,6.24,6.27,6.29,6.31,6.34,6.36,53.08,0.00,0.00,1.00,0.00,0.00,0.00,-1.00,0,None,0,aggregation
160,334.54,remora6,remora9,-1.88,-1.88,-0.77,-0.77,0.46,0.46,2.36,2.36,-17.85,-17.85,7.91,7.91,8.80,8.80,9.78,9.78,11.29,11.29,-2.15,-2.15,4.06,4.09,4.13,4.16,4.19,4.22,4.25,4.28,4.32,4.34,6.39,6.41,6.44,6.47,6.50,6.53,6.55,6.58,6.61,6.63,54.48,0.00,0.00,1.00,0.00,0.00,0.00,-1.00,0,None,0,aggregation
160,335.54,remora6,remora9,-17.81,-17.81,7.95,7.95,9.61,9.61,-17.34,-17.34,-17.08,-17.08,-2.11,-2.11,15.71,15.71,17.01,17.01,-1.64,-1.64,-1.38,-1.38,4.37,4.39,4.42,4.45,4.48,4.52,4.55,4.57,4.60,4.63,6.66,6.68,6.70,5.10,5.13,5.16,5.19,5.22,5.24,5.26,63.09,0.00,0.00,1.00,0.00,0.00,0.00,-1.00,0,None,0,aggregation
160,131.54,remora6,remora4,-9.47,-9.47,13.69,13.69,13.02,13.02,14.60,14.60,16.48,16.48,6.23,6.23,5.38,5.38,4.53,4.53,6.54,6.54,8.92,8.92,3.89,3.86,3.84,3.82,3.80,3.78,3.76,3.74,3.72,3.70,5.61,5.59,5.57,5.56,5.54,5.53,5.53,5.52,5.51,5.50,62.04,0.00,0.00,1.00,0.00,0.00,0.00,-1.00,0,None,0,aggregation
160,132.54,remora6,remora4,18.01,18.01,-10.19,-10.19,-9.74,-9.74,16.57,16.57,16.35,16.35,10.90,10.90,5.51,5.51,5.96,5.96,9.05,9.05,8.76,8.76,3.69,3.67,3.65,3.62,3.60,3.57,3.55,3.53,3.51,3.50,5.50,5.49,5.48,5.47,5.46,5.45,5.44,5.43,5.42,5.41,64.47,0.00,0.00,1.00,1.00,0.00,1.00,-1.00,0,None,0,aggregation
160,133.54,remora6,remora4,17.80,17.80,19.20,19.20,-9.82,-9.82,19.70,19.70,19.65,-9.60,10.63,10.63,12.44,12.44,5.88,5.88,13.08,13.08,13.03,6.10,3.48,3.47,3.46,3.45,3.43,3.41,3.39,3.38,3.37,3.37,5.41,5.40,5.40,5.39,5.39,5.38,5.37,5.37,5.36,5.36,70.87,0.00,0.00,1.00,1.00,0.00,1.00,-1.00,0,None,0,aggregation
160,134.54,remora6,remora4,-9.60,-9.60,-8.98,-8.98,-8.98,-8.98,15.68,15.68,16.05,16.05,6.10,6.10,6.72,6.72,6.72,6.72,7.91,7.91,8.38,8.38,3.35,3.33,3.30,3.28,3.26,3.24,3.23,3.22,3.21,3.20,5.35,5.35,5.34,5.33,5.32,5.31,5.31,5.30,5.30,5.29,70.84,0.00,0.00,1.00,0.00,0.00,0.00,-1.00,0,None,0,aggregation
160,135.54,remora6,remora4,17.29,17.29,18.90,18.90,19.98,19.98,21.05,21.05,22.06,22.06,9.97,9.97,12.05,12.05,13.46,13.46,14.86,14.86,16.20,16.20,3.20,3.19,3.19,3.18,3.18,3.18,3.18,3.19,3.19,3.19,5.29,5.29,5.28,5.28,5.28,5.28,5.28,5.28,5.28,5.28,82.58,0.00,0.00,1.00,0.00,0.00,0.00,-1.00,0,None,0,aggregation
160,136.54,remora6,remora4,23.00,23.00,23.86,23.86,24.52,24.52,-10.55,-10.55,-10.06,-10.06,17.46,17.46,18.64,18.64,19.56,19.56,5.14,5.14,5.64,5.64,3.20,3.21,3.21,3.22,3.23,3.24,3.24,3.23,3.22,3.21,5.29,5.29,5.29,5.30,5.30,5.31,5.31,5.30,5.30,5.30,90.30,0.00,0.00,1.00,1.00,0.00,1.00,-1.00,0,None,0,aggregation
160,137.54,remora6,remora4,-9.06,-9.06,21.24,21.24,21.05,21.05,21.90,21.90,22.72,22.72,6.63,6.63,15.11,15.11,14.86,14.86,15.99,15.99,17.08,17.08,3.20,3.19,3.19,3.20,3.21,3.22,3.24,3.25,3.26,3.28,5.29,5.29,5.29,5.29,5.29,5.30,5.30,5.31,5.31,5.32,98.89,0.00,0.00,1.00,0.00,0.00,0.00,-1.00,0,None,0,aggregation
160,138.54,remora6,remora4,23.63,23.63,24.22,24.22,-9.74,-9.74,-9.24,-9.24,22.21,22.21,18.32,18.32,19.14,19.14,5.96,5.96,6.46,6.46,16.41,16.41,3.30,3.32,3.33,3.36,3.36,3.36,3.36,3.36,3.37,3.39,5.33,5.34,5.35,5.36,5.36,5.36,5.36,5.36,5.37,5.37,106.54,0.00,0.00,1.00,1.00,0.00,1.00,-1.00,0,None,0,aggregation
160,139.54,remora6,remora4,21.99,21.99,22.67,22.67,23.35,23.35,24.00,24.00,24.45,24.45,16.10,16.10,17.02,17.02,17.94,17.94,18.83,18.83,19.45,19.45,3.41,3.43,3.46,3.48,3.51,3.53,3.56,3.59,3.62,3.65,5.38,5.39,5.40,5.41,5.43,5.44,5.45,5.47,5.48,5.50,120.82,0.00,0.00,1.00,0.00,0.00,0.00,-1.00,0,None,0,aggregation
160,140.54,remora6,remora4,-9.70,-9.70,-9.32,-9.32,-8.32,-8.32,20.33,20.33,19.89,19.89,6.00,6.00,6.38,6.38,7.37,7.37,13.91,13.91,13.33,13.33,3.67,3.68,3.69,3.70,3.71,3.72,3.74,3.77,3.80,3.83,5.51,5.51,5.52,5.52,5.53,5.54,5.54,5.56,6.45,6.46,121.19,0.00,0.00,1.00,1.00,0.00,1.00,-1.00,0,None,0,aggregation
160,141.54,remora6,remora4,20.30,20.30,20.82,20.82,21.13,21.13,21.57,21.57,21.74,21.87,13.88,13.88,14.55,14.55,14.96,14.96,15.55,15.55,15.77,15.95,3.86,3.90,3.93,3.96,3.96,3.96,3.95,3.95,3.94,3.93,6.46,6.47,6.48,6.48,6.49,6.50,6.50,6.51,6.52,6.53,130.59,0.00,0.00,1.00,0.00,0.00,0.00,-1.00,0,None,0,aggregation
160,142.54,remora6,remora4,21.87,21.87,21.80,21.80,22.02,22.02,-10.73,-10.73,-10.25,-10.25,15.95,15.95,15.86,15.86,16.15,16.15,4.97,4.97,5.44,5.44,3.93,3.92,3.92,3.91,3.91,3.90,3.90,3.89,3.88,3.87,6.54,6.55,6.56,6.57,6.58,6.59,6.60,6.60,6.60,6.60,134.20,0.00,0.00,1.00,1.00,0.00,1.00,-1.00,0,None,0,aggregation
160,143.54,remora6,remora4,17.22,17.22,16.11,16.11,-9.66,-9.66,14.16,14.16,13.20,13.20,9.87,9.87,8.46,8.46,6.04,6.04,5.98,5.98,4.76,4.76,3.87,3.86,3.85,3.84,3.83,3.82,3.82,3.81,3.80,3.79,6.60,6.61,6.62,6.62,6.62,6.62,6.62,6.62,6.62,6.62,132.05,0.00,0.00,1.00,1.00,0.00,1.00,-1.00,0,None,0,aggregation
160,144.54,remora6,remora4,13.58,13.58,-10.22,-10.22,12.60,12.60,10.88,10.88,12.12,12.12,5.24,5.24,5.47,5.47,4.00,4.00,1.84,1.84,3.39,3.39,3.79,3.78,3.77,3.77,3.76,3.76,3.75,3.75,3.74,3.74,6.63,6.63,6.63,6.63,6.62,6.62,6.62,6.62,6.62,6.61,133.29,0.00,0.00,1.00,1.00,0.00,1.00,-1.00,0,None,0,aggregation
160,145.54,remora6,remora4,-10.74,-10.74,-10.41,-10.41,10.99,10.99,10.97,10.97,12.61,12.61,4.96,4.96,5.29,5.29,1.98,1.98,1.95,1.95,4.01,4.01,3.74,3.73,3.73,3.73,3.72,3.72,3.72,3.72,3.72,3.72,6.61,6.60,6.59,6.58,6.58,6.57,6.57,6.57,6.56,6.56,122.05,0.00,0.00,1.00,1.00,0.00,1.00,-1.00,0,None,0,aggregation
160,146.54,remora6,remora4,14.14,14.14,-10.89,-10.48,-10.48,-10.48,12.00,12.00,12.02,12.02,5.95,5.95,4.81,5.22,5.22,5.22,3.25,3.25,3.27,3.27,3.73,3.73,3.73,3.74,3.74,3.74,3.74,3.75,3.75,3.76,6.56,6.56,6.56,6.55,6.54,6.54,6.53,6.53,6.53,6.53,114.52,0.00,0.00,1.00,1.00,0.00,1.00,-1.00,0,None,0,aggregation
160,147.54,remora6,remora4,13.62,13.62,15.24,15.24,-10.98,-10.98,-10.63,-10.63,12.96,12.96,5.29,5.29,7.35,7.35,4.72,4.72,5.06,5.06,4.45,4.45,3.77,3.78,3.78,3.79,3.80,3.81,3.81,3.82,3.82,3.83,6.53,6.53,6.53,6.53,6.53,6.53,6.52,6.52,6.52,6.52,106.35,0.00,0.00,1.00,1.00,0.00,1.00,-1.00,0,None,0,aggregation
160,148.54,remora6,remora4,12.31,12.31,13.46,13.46,-10.53,-10.53,-10.12,-10.12,11.50,11.50,3.64,3.64,5.08,5.08,5.16,5.16,5.58,5.58,2.61,2.61,3.84,3.85,3.85,3.86,3.86,3.86,3.87,3.87,3.87,3.87,6.52,6.52,6.52,6.53,6.53,6.53,6.52,6.52,6.52,6.52,99.15,0.00,0.00,1.00,1.00,0.00,1.00,-1.00,0,None,0,aggregation
160,149.54,remora6,remora4,11.68,11.68,13.28,14.68,14.68,-10.71,-10.71,-10.71,15.02,15.02,2.84,2.84,4.86,6.63,6.63,4.98,4.98,4.98,7.07,7.07,3.88,3.88,3.88,3.88,3.89,3.89,3.90,3.90,3.90,3.91,6.52,6.52,6.52,6.53,6.55,6.56,6.57,5.71,5.71,5.72,86.13,0.00,0.00,1.00,1.00,0.00,1.00,-1.00,0,None,0,aggregation
160,150.54,remora6,remora4,14.50,14.50,-10.52,-10.52,-10.09,-10.09,12.39,12.39,11.86,11.86,6.41,6.41,5.18,5.18,5.61,5.61,3.74,3.74,3.07,3.07,3.92,3.92,3.93,3.93,3.94,3.94,3.95,3.96,3.97,3.98,5.73,5.74,5.75,5.76,5.76,5.76,5.76,5.76,5.76,5.77,84.80,0.00,0.00,1.00,1.00,0.00,1.00,-1.00,0,None,0,aggregation
160,151.54,remora6,remora4,13.46,13.46,15.02,15.02,-10.51,-10.51,-10.16,-10.16,12.93,12.93,5.08,5.08,7.07,7.07,5.18,5.18,5.54,5.54,4.42,4.42,3.99,4.00,4.01,4.02,4.03,4.03,4.04,4.04,4.05,4.06,5.78,5.78,5.79,5.80,5.81,5.81,5.81,5.81,5.81,5.82,73.55,0.00,0.00,1.00,1.00,0.00,1.00,-1.00,0,None,0,aggregation
160,152.54,remora6,remora4,11.68,11.68,13.10,13.10,14.68,14.68,16.04,-10.77,-10.77,-10.77,2.84,2.84,4.64,4.64,6.63,6.63,8.36,4.93,4.93,4.93,4.07,4.08,4.09,4.10,4.11,4.12,4.14,4.15,4.15,4.16,5.82,5.83,5.84,5.85,5.86,5.87,5.87,5.88,5.89,5.89,68.58,0.00,0.00,1.00,1.00,0.00,1.00,-1.00,0,None,0,aggregation
160,153.54,remora6,remora4,-10.27,-10.27,13.28,12.93,12.93,12.93,14.33,14.33,-10.15,-10.15,5.43,5.43,4.86,4.42,4.42,4.42,6.19,6.19,5.55,5.55,4.16,4.17,4.18,4.19,4.20,4.21,4.23,4.24,4.25,4.25,5.90,5.90,5.91,5.92,5.93,5.94,5.95,5.96,5.97,5.98,65.75,0.00,0.00,1.00,1.00,0.00,1.00,-1.00,0,None,0,aggregation
160,154.54,remora6,remora4,14.33,14.33,14.33,14.33,-10.19,-10.19,-9.76,-9.76,11.11,11.11,6.19,6.19,6.19,6.19,5.51,5.51,5.94,5.94,2.12,2.12,4.26,4.27,4.29,4.30,4.30,4.31,4.31,4.32,4.33,4.33,5.99,6.00,6.01,6.02,6.03,6.03,6.03,6.04,6.04,6.04,65.19,0.00,0.00,1.00,1.00,0.00,1.00,-1.00,0,None,0,aggregation
160,234.54,remora6,remora4,20.48,21.21,21.21,21.21,22.05,22.05,22.86,22.86,23.39,23.39,14.11,15.07,15.07,15.07,16.19,16.19,17.28,17.28,17.99,17.99,4.80,4.77,4.73,4.70,4.67,4.63,4.59,4.56,4.52,4.49,6.08,6.06,6.05,6.04,6.02,6.01,5.99,5.97,5.96,5.94,274.40,0.00,0.00,1.00,0.00,0.00,0.00,-1.00,0,None,0,aggregation
160,235.54,remora6,remora4,24.02,24.02,24.62,24.62,25.08,25.08,25.53,25.53,25.95,25.95,18.85,18.85,19.69,19.69,20.34,20.34,20.97,20.97,21.58,21.58,4.45,4.42,4.38,4.35,4.32,4.28,4.25,4.22,4.18,4.15,5.93,5.91,5.89,5.87,5.86,5.84,5.82,5.80,5.79,5.77,267.06,0.00,0.00,1.00,0.00,0.00,0.00,-1.00,0,None,0,aggregation
160,236.54,remora6,remora4,26.26,26.26,26.66,26.66,27.03,27.03,27.30,27.30,27.56,27.56,22.03,22.03,22.61,22.61,23.17,23.17,23.58,23.58,23.98,23.98,4.12,4.09,4.06,4.03,4.00,3.97,3.94,3.91,3.88,3.85,5.75,5.73,5.71,5.69,5.67,5.66,5.64,5.62,5.60,5.58,262.08,0.00,0.00,1.00,0.00,0.00,0.00,-1.00,0,None,0,aggregation
160,237.54,remora6,remora4,27.81,27.81,27.96,27.96,28.19,28.19,28.41,28.41,28.54,28.68,24.36,24.36,24.61,24.61,24.98,24.98,25.34,25.34,25.57,25.79,3.82,3.79,3.77,3.74,3.71,3.68,3.66,3.63,3.60,3.57,5.56,5.54,5.52,5.50,5.48,5.46,5.44,5.42,5.40,6.92,258.67,0.00,0.00,1.00,0.00,0.00,0.00,-1.00,0,None,0,aggregation
160,238.54,remora6,remora4,28.68,28.68,28.80,28.80,28.98,28.98,29.09,29.09,29.20,29.20,25.79,25.79,26.01,26.01,26.33,26.33,26.54,26.54,26.74,26.74,3.55,3.52,3.49,3.46,3.43,3.41,3.38,3.35,3.32,3.29,6.89,6.86,6.84,6.81,6.78,6.76,6.73,6.70,6.67,6.64,256.29,0.00,0.00,1.00,0.00,0.00,0.00,-1.00,0,None,0,aggregation
160,239.54,remora6,remora4,29.30,29.30,29.40,29.40,29.49,29.49,29.62,29.70,29.70,29.70,26.93,26.93,27.12,27.12,27.31,27.31,27.57,27.74,27.74,27.74,3.26,3.24,3.21,3.18,3.15,3.12,3.10,3.07,3.04,3.01,6.62,6.59,6.56,6.53,6.50,6.47,6.44,6.41,6.38,6.35,254.72,0.00,0.00,1.00,0.00,0.00,0.00,-1.00,0,None,0,aggregation
160,240.54,remora6,remora4,29.77,29.77,29.83,29.83,29.89,29.89,29.97,29.97,30.02,30.02,27.91,27.91,28.07,28.07,28.22,28.22,28.44,28.44,28.58,28.58,2.99,2.96,2.93,2.91,2.88,2.86,2.83,2.81,2.78,2.76,6.32,6.29,6.26,6.23,6.20,6.17,6.14,6.10,6.07,6.04,253.79,0.00,1.00,1.00,0.00,0.00,0.00,-1.00,0,None,0,aggregation
160,241.54,remora6,remora4,30.08,30.08,30.13,30.13,30.15,30.15,30.17,30.17,30.18,30.18,28.78,28.78,28.96,28.96,29.08,29.08,29.19,29.19,29.34,29.34,2.74,2.71,2.69,2.67,2.65,2.63,2.61,2.59,2.57,2.55,6.01,5.98,5.95,5.92,5.89,5.86,5.82,5.79,5.76,5.73,253.40,0.00,1.00,1.00,0.00,0.00,0.00,-1.00,0,None,0,aggregation
160,242.54,remora6,remora4,30.19,30.19,30.18,30.18,30.15,30.15,30.13,30.13,30.11,30.11,29.44,29.44,29.53,29.53,29.72,29.72,29.79,29.79,29.85,29.85,2.53,2.52,2.50,2.49,2.47,2.46,2.44,2.43,2.42,2.40,5.70,5.67,5.64,5.61,5.58,5.55,5.52,5.49,5.46,5.43,253.31,0.00,1.00,1.00,0.00,0.00,0.00,-1.00,0,None,0,aggregation
160,243.54,remora6,remora4,30.06,30.06,30.02,30.02,29.98,29.98,29.93,29.93,29.88,29.88,29.93,29.93,29.98,29.98,30.02,30.02,30.06,30.06,30.09,30.09,2.39,2.38,2.37,2.36,2.35,2.34,2.34,2.33,2.32,2.31,6.54,6.51,6.49,6.46,6.43,6.40,6.37,6.34,6.31,6.29,268.05,0.00,1.00,1.00,0.00,0.00,0.00,-1.00,0,None,0,aggregation
160,244.54,remora6,remora4,29.82,29.82,29.75,29.75,29.68,29.68,29.61,29.61,29.62,29.62,30.12,30.12,30.14,30.14,30.16,30.16,30.17,30.17,30.17,30.17,2.31,2.30,2.30,2.29,2.29,2.28,2.28,2.27,2.27,2.27,6.26,6.23,6.20,6.18,6.15,6.12,6.09,6.07,6.04,6.01,278.83,0.00,1.00,1.00,0.00,0.00,0.00,-1.00,0,None,0,aggregation
160,245.54,remora6,remora4,29.61,29.61,29.67,29.67,29.68,29.68,29.76,29.76,29.88,29.88,30.17,30.17,30.16,30.16,30.16,30.16,30.14,30.14,30.09,30.09,2.26,2.26,2.26,2.26,2.25,2.25,2.24,2.20,2.17,2.13,5.99,5.96,5.93,5.91,5.88,5.86,5.83,5.80,5.76,5.73,286.10,0.00,1.00,1.00,0.00,0.00,0.00,-1.00,0,None,0,aggregation
160,246.54,remora6,remora4,29.90,29.90,29.96,29.96,29.96,29.96,30.03,30.03,30.05,30.05,30.08,30.08,30.03,30.03,30.04,30.04,29.97,29.97,29.94,29.94,2.09,2.05,2.02,1.98,1.94,1.91,1.88,1.87,1.86,1.82,5.69,5.66,5.63,5.60,5.56,5.53,5.50,5.48,5.45,5.42,291.08,0.00,1.00,1.00,0.00,0.00,0.00,-1.00,0,None,0,aggregation
160,247.54,remora6,remora4,30.07,30.07,30.09,30.09,30.06,30.06,0.00,0.00,0.00,0.00,29.92,29.92,29.88,29.88,29.92,29.92,0.00,0.00,0.00,0.00,1.79,1.76,1.72,1.69,1.66,1.62,1.61,1.62,1.64,1.65,5.39,5.36,5.33,5.30,5.27,5.25,5.23,5.22,5.22,5.22,282.48,0.00,1.00,1.00,0.00,0.00,0.00,-1.00,0,None,0,aggregation
160,248.54,remora6,remora4,0.00,0.00,0.00,0.00,0.00,0.00,0.00,0.00,0.00,0.00,0.00,0.00,0.00,0.00,0.00,0.00,0.00,0.00,0.00,0.00,1.66,1.66,1.66,1.66,1.66,1.67,1.68,1.69,1.71,1.72,5.21,5.21,5.20,5.19,5.19,5.19,5.18,5.18,5.18,5.18,254.86,0.00,1.00,1.00,0.00,0.00,0.00,-1.00,0,None,0,aggregation
160,249.54,remora6,remora4,0.00,0.00,0.00,0.00,0.00,0.00,0.00,0.00,0.00,0.00,0.00,0.00,0.00,0.00,0.00,0.00,0.00,0.00,0.00,0.00,1.73,1.75,1.76,1.78,1.79,1.81,1.83,1.85,1.86,1.88,5.18,5.18,5.18,5.18,5.18,5.18,5.18,5.18,5.18,5.18,226.43,0.00,1.00,1.00,0.00,0.00,0.00,-1.00,0,None,0,aggregation
160,250.54,remora6,remora4,0.00,0.00,0.00,0.00,0.00,0.00,0.00,0.00,0.00,0.00,0.00,0.00,0.00,0.00,0.00,0.00,0.00,0.00,0.00,0.00,1.90,1.90,1.89,1.89,1.90,1.91,1.93,1.94,1.96,1.97,5.19,5.18,5.18,5.18,5.18,5.18,5.18,5.19,5.19,5.19,197.36,0.00,1.00,1.00,0.00,0.00,0.00,-1.00,0,None,0,aggregation
160,251.54,remora6,remora4,0.00,0.00,0.00,0.00,0.00,0.00,0.00,0.00,0.00,0.00,0.00,0.00,0.00,0.00,0.00,0.00,0.00,0.00,0.00,0.00,1.99,2.01,2.03,2.04,2.06,2.08,2.10,2.09,2.09,2.09,5.20,5.20,5.20,5.21,5.22,5.22,5.23,5.23,5.23,5.23,167.75,0.00,1.00,1.00,0.00,0.00,0.00,-1.00,0,None,0,aggregation
160,252.54,remora6,remora4,0.00,0.00,0.00,0.00,0.00,0.00,0.00,0.00,0.00,0.00,0.00,0.00,0.00,0.00,0.00,0.00,0.00,0.00,0.00,0.00,2.09,2.10,2.12,2.14,2.15,2.17,2.18,2.20,2.22,2.23,5.23,5.24,5.24,5.25,5.26,5.26,5.27,5.28,5.29,5.29,137.84,0.00,1.00,1.00,0.00,0.00,0.00,-1.00,0,None,0,aggregation
160,253.54,remora6,remora4,0.00,0.00,0.00,0.00,0.00,0.00,0.00,0.00,0.00,0.00,0.00,0.00,0.00,0.00,0.00,0.00,0.00,0.00,0.00,0.00,2.25,2.27,2.28,2.27,2.28,2.29,2.31,2.33,2.34,2.34,5.30,5.31,5.32,5.32,5.33,5.33,5.34,5.35,5.36,5.36,107.85,0.00,1.00,1.00,0.00,0.00,0.00,-1.00,0,None,0,aggregation
160,254.54,remora6,remora4,0.00,0.00,0.00,0.00,0.00,0.00,0.00,0.00,0.00,0.00,0.00,0.00,0.00,0.00,0.00,0.00,0.00,0.00,0.00,0.00,2.34,2.33,2.33,2.34,2.35,2.36,2.37,2.39,2.40,2.41,5.37,5.37,5.38,5.39,5.39,5.40,5.41,5.41,5.42,5.43,77.92,0.00,1.00,1.00,0.00,0.00,0.00,-1.00,0,None,0,aggregation
160,255.54,remora6,remora4,0.00,0.00,0.00,0.00,0.00,0.00,0.00,0.00,0.00,0.00,0.00,0.00,0.00,0.00,0.00,0.00,0.00,0.00,0.00,0.00,2.42,2.43,2.45,2.46,2.47,2.49,2.50,2.51,2.52,2.52,5.44,5.44,5.45,5.46,5.47,5.48,5.48,5.49,5.50,5.50,47.99,0.00,1.00,1.00,0.00,0.00,0.00,-1.00,0,None,0,aggregation
160,256.54,remora6,remora4,0.00,0.00,0.00,0.00,0.00,0.00,0.00,0.00,0.00,0.00,0.00,0.00,0.00,0.00,0.00,0.00,0.00,0.00,0.00,0.00,2.51,2.51,2.51,2.52,2.53,2.54,2.55,2.55,2.56,2.57,5.50,5.50,5.50,5.50,5.50,5.50,5.50,5.51,5.51,5.51,17.99,0.00,1.00,0.00,0.00,0.00,0.00,-1.00,0,None,0,aggregation
160,257.54,remora6,remora4,0.00,0.00,0.00,0.00,0.00,0.00,0.00,0.00,0.00,0.00,0.00,0.00,0.00,0.00,0.00,0.00,0.00,0.00,0.00,0.00,2.58,2.59,2.60,2.60,2.60,2.59,2.59,2.60,2.61,2.61,5.51,5.51,5.51,5.51,5.51,5.51,5.51,5.51,5.52,5.52,0.00,0.00,1.00,0.00,0.00,0.00,0.00,-1.00,0,None,0,aggregation
160,258.54,remora6,remora4,0.00,0.00,0.00,0.00,0.00,0.00,0.00,0.00,0.00,0.00,0.00,0.00,0.00,0.00,0.00,0.00,0.00,0.00,0.00,0.00,2.62,2.63,2.64,2.64,2.65,2.65,2.64,2.64,2.64,2.64,5.52,5.52,5.53,5.53,5.53,5.53,5.53,5.53,5.54,5.54,0.00,0.00,1.00,0.00,0.00,0.00,0.00,-1.00,0,None,0,aggregation
160,259.54,remora6,remora4,0.00,0.00,0.00,0.00,0.00,0.00,0.00,0.00,0.00,0.00,0.00,0.00,0.00,0.00,0.00,0.00,0.00,0.00,0.00,0.00,2.65,2.66,2.66,2.67,2.67,2.68,2.68,2.68,2.68,2.67,5.54,5.55,5.55,5.55,5.56,5.56,5.56,5.57,5.57,5.57,0.00,0.00,1.00,0.00,0.00,0.00,0.00,-1.00,0,None,0,aggregation
160,260.54,remora6,remora4,0.00,0.00,0.00,0.00,0.00,0.00,0.00,0.00,0.00,0.00,0.00,0.00,0.00,0.00,0.00,0.00,0.00,0.00,0.00,0.00,2.67,2.68,2.68,2.69,2.69,2.70,2.70,2.71,2.71,2.71,5.57,5.58,5.58,5.58,5.59,5.59,5.60,5.60,5.60,5.61,0.00,0.00,1.00,0.00,0.00,0.00,0.00,-1.00,0,None,0,aggregation
160,261.54,remora6,remora4,0.00,0.00,0.00,0.00,0.00,0.00,0.00,0.00,0.00,0.00,0.00,0.00,0.00,0.00,0.00,0.00,0.00,0.00,0.00,0.00,2.71,2.71,2.72,2.73,2.73,2.73,2.72,2.72,2.72,2.72,5.61,5.61,5.62,5.62,5.63,5.63,5.63,5.63,5.64,5.64,0.00,0.00,1.00,0.00,0.00,0.00,0.00,-1.00,0,None,0,aggregation
160,262.54,remora6,remora4,0.00,0.00,0.00,0.00,0.00,0.00,0.00,0.00,0.00,0.00,0.00,0.00,0.00,0.00,0.00,0.00,0.00,0.00,0.00,0.00,2.73,2.73,2.73,2.74,2.75,2.75,2.75,2.75,2.75,2.74,5.64,5.65,5.65,5.66,5.66,5.66,5.67,5.67,5.67,5.67,0.00,0.00,1.00,0.00,0.00,0.00,0.00,-1.00,0,None,0,aggregation
160,263.54,remora6,remora4,0.00,0.00,0.00,0.00,0.00,0.00,0.00,0.00,0.00,0.00,0.00,0.00,0.00,0.00,0.00,0.00,0.00,0.00,0.00,0.00,2.74,2.74,2.74,2.75,2.75,2.76,2.76,2.77,2.77,2.77,5.67,5.86,5.86,5.86,5.87,5.87,5.88,5.88,5.88,5.89,0.00,0.00,1.00,0.00,0.00,0.00,0.00,-1.00,0,None,0,aggregation
160,264.54,remora6,remora4,0.00,0.00,0.00,0.00,0.00,0.00,0.00,0.00,0.00,0.00,0.00,0.00,0.00,0.00,0.00,0.00,0.00,0.00,0.00,0.00,2.76,2.76,2.76,2.76,2.76,2.77,2.77,2.78,2.78,2.79,5.89,5.89,5.89,5.90,5.90,5.90,5.91,5.91,5.91,5.92,0.00,0.00,1.00,0.00,0.00,0.00,0.00,-1.00,0,None,0,aggregation
160,265.54,remora6,remora4,0.00,0.00,0.00,0.00,0.00,0.00,0.00,0.00,0.00,0.00,0.00,0.00,0.00,0.00,0.00,0.00,0.00,0.00,0.00,0.00,2.79,2.79,2.78,2.79,2.80,2.80,2.81,2.80,2.80,2.79,5.92,5.92,5.92,5.93,5.93,5.93,5.93,5.94,5.94,5.94,0.00,0.00,1.00,0.00,0.00,0.00,0.00,-1.00,0,None,0,aggregation
160,266.54,remora6,remora4,0.00,0.00,0.00,0.00,0.00,0.00,0.00,0.00,0.00,0.00,0.00,0.00,0.00,0.00,0.00,0.00,0.00,0.00,0.00,0.00,2.79,2.79,2.79,2.80,2.80,2.80,2.81,2.81,2.82,2.83,5.94,5.94,5.94,5.94,5.94,5.94,5.94,5.94,5.95,5.95,0.00,0.00,1.00,0.00,0.00,0.00,0.00,-1.00,0,None,0,aggregation
160,267.54,remora6,remora4,0.00,0.00,0.00,0.00,0.00,0.00,0.00,0.00,0.00,0.00,0.00,0.00,0.00,0.00,0.00,0.00,0.00,0.00,0.00,0.00,2.83,2.83,2.82,2.81,2.81,2.82,2.82,2.83,2.83,2.84,5.95,5.95,5.95,5.94,5.94,5.94,5.95,5.95,5.95,5.95,0.00,0.00,1.00,0.00,0.00,0.00,0.00,-1.00,0,None,0,aggregation
160,268.54,remora6,remora4,-34.70,-34.70,-34.49,-34.49,-34.01,-34.01,-33.42,-33.42,-32.64,-32.64,-24.24,-24.24,-24.02,-24.02,-23.55,-23.55,-22.96,-22.96,-22.17,-22.17,2.85,2.89,2.92,2.94,2.96,2.98,3.01,3.04,3.07,3.09,5.96,5.97,5.98,6.00,6.01,6.02,6.04,6.05,6.06,6.08,28.62,0.00,1.00,0.00,0.00,0.00,0.00,-1.00,0,None,0,aggregation
160,269.54,remora6,remora4,-31.82,-31.82,-30.89,-30.89,-29.87,-29.87,-28.74,-28.74,-27.53,-27.53,-21.35,-21.35,-20.43,-20.43,-19.40,-19.40,-18.28,-18.28,-17.06,-17.06,3.12,3.15,3.18,3.20,3.23,3.26,3.28,3.31,3.34,3.36,6.09,6.11,6.12,6.13,6.14,6.16,6.17,6.18,6.19,6.20,53.16,0.00,0.00,1.00,0.00,0.00,0.00,-1.00,0,None,0,aggregation
160,270.54,remora6,remora4,-26.37,-26.37,-24.84,-24.84,-23.37,-23.37,-21.49,-21.49,-19.39,-19.39,-15.91,-15.91,-14.37,-14.37,-12.91,-12.91,-11.03,-11.03,-8.92,-8.92,3.38,3.39,3.40,3.41,3.43,3.44,3.46,3.47,3.49,3.50,6.21,5.27,5.28,5.28,5.29,5.29,5.30,5.31,5.31,5.32,71.02,0.00,0.00,1.00,0.00,0.00,0.00,-1.00,0,None,0,aggregation
160,271.54,remora6,remora4,-17.61,-17.61,-15.47,-15.47,-13.30,-13.30,-11.18,-11.18,-9.18,-9.18,-7.14,-7.14,-5.01,-5.01,-2.84,-2.84,-0.71,-0.71,1.28,1.28,3.52,3.53,3.54,3.56,3.57,3.58,3.59,3.59,3.59,3.58,5.32,5.33,5.33,5.34,5.35,5.35,5.36,5.36,5.37,5.37,79.13,0.00,0.00,1.00,0.00,0.00,0.00,-1.00,0,None,0,aggregation
160,272.54,remora6,remora4,-6.97,-6.97,-4.80,-4.80,-2.12,-2.12,-0.56,-0.56,1.59,1.59,3.50,3.50,5.58,5.58,7.72,7.72,8.97,8.97,10.68,10.68,3.58,3.59,3.59,3.60,3.61,3.61,3.62,3.63,3.63,3.63,5.38,5.38,5.39,5.40,5.41,5.42,5.43,5.44,5.45,5.46,82.18,0.00,0.00,1.00,0.00,0.00,0.00,-1.00,0,None,0,aggregation
160,273.54,remora6,remora4,3.55,3.55,5.27,5.27,6.81,6.81,7.95,7.95,9.01,9.01,12.24,12.24,13.61,13.61,14.82,14.82,15.71,15.71,16.54,16.54,3.62,3.62,3.62,3.63,3.63,3.64,3.65,3.66,3.66,3.66,5.47,5.49,5.50,5.51,5.53,5.55,5.56,5.58,5.60,5.62,92.73,0.00,0.00,1.00,0.00,0.00,0.00,-1.00,0,None,0,aggregation
160,274.54,remora6,remora4,11.10,11.10,12.73,12.73,13.91,13.91,15.45,15.45,16.92,16.92,18.17,18.17,19.42,19.42,20.33,20.33,21.49,21.49,22.60,22.60,3.67,3.68,3.69,3.70,3.71,3.71,3.72,3.73,3.75,3.77,5.63,5.65,5.68,5.70,5.72,5.74,5.77,5.79,5.82,5.84,109.95,0.00,0.00,1.00,0.00,0.00,0.00,-1.00,0,None,0,aggregation
160,275.54,remora6,remora4,17.99,17.99,19.19,19.19,20.18,20.18,21.28,21.28,22.18,22.18,23.39,23.39,24.26,24.26,24.97,24.97,25.74,25.74,26.36,26.36,3.78,3.80,3.82,3.82,3.83,3.84,3.86,3.88,3.90,3.92,5.87,5.90,5.93,5.95,5.98,6.01,6.04,6.07,6.10,6.14,132.50,0.00,0.00,1.00,0.00,0.00,0.00,-1.00,0,None,0,aggregation
160,276.54,remora6,remora4,22.89,22.89,23.58,23.58,24.24,24.24,24.74,24.74,25.22,25.22,26.85,26.85,27.30,27.30,27.72,27.72,28.04,28.04,28.34,28.34,3.94,3.96,3.99,4.01,4.04,4.06,4.09,4.11,4.12,4.14,6.17,6.20,6.24,6.27,6.30,6.34,6.37,6.41,6.44,6.48,158.39,0.00,0.00,1.00,0.00,0.00,0.00,-1.00,0,None,0,aggregation
160,277.54,remora6,remora4,25.90,25.90,26.33,26.33,26.54,26.54,26.93,26.93,27.22,27.22,28.74,28.74,28.98,28.98,29.09,29.09,29.30,29.30,29.45,29.45,4.16,4.19,4.22,4.24,4.27,4.30,4.33,4.36,4.39,4.42,6.51,6.55,6.59,6.62,6.66,6.70,6.74,6.77,6.81,6.85,186.24,0.00,0.00,1.00,0.00,0.00,0.00,-1.00,0,None,0,aggregation
160,278.54,remora6,remora4,27.49,27.49,27.74,27.74,27.99,27.99,28.22,28.22,28.37,28.37,29.58,29.58,29.70,29.70,29.80,29.80,29.89,29.89,29.95,29.95,4.44,4.47,4.49,4.51,4.54,4.57,4.60,4.63,4.66,4.69,6.89,6.93,6.96,7.00,7.04,7.08,7.12,7.16,7.20,7.23,186.49,0.00,0.00,1.00,0.00,0.00,0.00,-1.00,0,None,0,aggregation
160,279.54,remora6,remora4,28.51,28.51,28.65,28.65,28.78,28.78,28.84,28.84,28.96,28.96,30.00,30.00,30.04,30.04,30.08,30.08,30.10,30.10,30.13,30.13,4.72,4.75,4.78,4.81,4.84,4.87,4.90,4.93,4.96,4.99,7.27,7.31,7.35,6.51,6.54,6.58,6.61,6.65,6.68,6.71,191.36,0.00,0.00,1.00,0.00,0.00,0.00,-1.00,0,None,0,aggregation
160,280.54,remora6,remora4,29.02,29.02,29.08,29.19,29.19,29.19,29.29,29.29,0.00,0.00,30.14,30.14,30.15,30.17,30.17,30.17,30.18,30.18,0.00,0.00,5.02,5.05,5.08,5.11,5.14,5.17,5.20,5.22,5.23,5.22,6.75,6.78,6.82,6.85,6.89,6.92,6.96,6.99,7.01,7.01,197.23,0.00,0.00,1.00,0.00,0.00,0.00,-1.00,0,None,0,aggregation
160,281.54,remora6,remora4,30.00,30.00,30.00,30.00,30.00,30.00,30.00,30.00,30.00,30.00,30.00,30.00,30.00,30.00,30.00,30.00,30.00,30.00,30.00,30.00,5.23,5.26,5.30,5.33,5.36,5.39,5.43,5.46,5.49,5.52,7.04,7.07,7.11,7.14,7.18,7.22,7.25,7.29,7.33,7.36,219.12,0.00,0.00,1.00,0.00,0.00,0.00,-1.00,0,None,0,aggregation
160,282.54,remora6,remora4,30.00,30.00,30.00,30.00,30.00,30.00,30.00,30.00,30.00,30.00,30.00,30.00,30.00,30.00,30.00,30.00,30.00,30.00,30.00,30.00,5.56,5.59,5.61,5.62,5.63,5.63,5.65,5.68,5.71,5.74,7.40,7.44,7.47,7.50,7.53,7.55,7.59,7.62,7.66,7.69,246.07,0.00,0.00,1.00,0.00,0.00,0.00,-1.00,0,None,0,aggregation
160,283.54,remora6,remora4,30.00,30.00,30.00,30.00,30.00,30.00,-17.70,-17.58,-17.58,-17.58,30.00,30.00,30.00,30.00,30.00,30.00,-2.00,-1.89,-1.89,-1.89,5.78,5.81,5.84,5.87,5.90,5.93,5.94,5.93,5.92,5.91,7.73,7.77,7.80,7.84,7.88,7.91,7.93,7.93,7.93,7.93,257.42,0.00,0.00,1.00,1.00,0.00,1.00,-1.00,0,None,0,aggregation
160,284.54,remora6,remora4,-17.30,-17.30,30.00,30.00,-16.68,-16.68,-16.36,-16.36,-15.78,-15.78,-1.60,-1.60,30.00,30.00,-0.98,-0.98,-0.66,-0.66,-0.08,-0.08,5.89,5.88,5.88,5.90,5.91,5.89,5.88,5.87,5.85,5.83,7.93,7.93,7.94,7.96,7.98,7.98,7.98,7.98,7.97,7.97,253.15,0.00,0.00,1.00,1.00,0.00,1.00,-1.00,0,None,0,aggregation
160,285.54,remora6,remora4,30.00,30.00,-14.73,-14.73,-14.31,-14.31,-13.50,-13.50,30.00,30.00,30.00,30.00,0.97,0.97,1.39,1.39,2.20,2.20,30.00,30.00,5.81,5.81,5.81,5.79,5.76,5.73,5.71,5.68,5.67,5.67,7.97,7.99,8.00,8.00,8.00,7.99,7.99,7.99,7.99,8.00,246.40,0.00,0.00,1.00,1.00,0.00,1.00,-1.00,0,None,0,aggregation
160,286.54,remora6,remora4,-12.23,-12.23,-11.71,-10.75,-10.75,-10.75,-9.75,-9.75,-8.72,-8.72,3.47,3.47,3.98,4.95,4.95,4.95,5.95,5.95,6.98,6.98,5.65,5.63,5.60,5.58,5.55,5.53,5.50,5.47,5.45,5.42,8.01,8.01,8.01,8.01,8.00,8.00,8.00,8.00,8.00,8.00,223.19,0.00,0.00,1.00,1.00,0.00,1.00,-1.00,0,None,0,aggregation
160,287.54,remora6,remora4,-7.61,-7.61,-6.07,-6.07,-4.61,-4.61,-3.25,-3.25,-2.01,-2.01,7.93,7.93,8.44,8.44,8.92,8.92,9.35,9.35,9.73,9.73,5.40,5.37,5.34,5.32,5.29,5.26,5.24,5.21,5.18,5.15,7.99,7.99,7.99,7.99,7.99,7.98,7.98,7.98,6.96,6.94,197.42,0.00,0.00,1.00,0.00,0.00,0.00,-1.00,0,None,0,aggregation
160,288.54,remora6,remora4,0.00,0.00,3.29,3.29,4.42,4.42,6.19,6.19,7.72,7.72,0.00,0.00,12.04,12.04,12.93,12.93,14.33,14.33,15.53,15.53,5.12,5.10,5.07,5.04,5.01,4.98,4.95,4.92,4.89,4.85,6.93,6.92,6.90,6.89,6.87,6.85,6.83,6.82,6.80,6.78,176.20,0.00,0.00,1.00,0.00,0.00,0.00,-1.00,0,None,0,aggregation
160,289.54,remora6,remora4,9.43,9.43,10.69,10.69,11.92,11.92,13.12,13.12,14.30,14.30,16.87,16.87,17.85,17.85,18.80,18.80,19.73,19.73,20.63,20.63,4.82,4.79,4.75,4.72,4.69,4.65,4.62,4.58,4.55,4.51,6.76,6.74,6.72,6.70,6.68,6.65,6.63,6.61,6.59,6.56,162.12,0.00,0.00,1.00,0.00,0.00,0.00,-1.00,0,None,0,aggregation
160,290.54,remora6,remora4,15.26,15.26,16.19,16.19,16.92,16.92,17.64,17.64,18.34,18.34,21.35,21.35,22.05,22.05,22.60,22.60,23.13,23.13,23.64,23.64,4.47,4.44,4.40,4.37,4.33,4.30,4.26,4.23,4.20,4.17,6.54,6.51,6.49,6.46,6.44,6.41,6.39,6.36,6.34,6.32,158.11,0.00,0.00,1.00,0.00,0.00,0.00,-1.00,0,None,0,aggregation
160,291.54,remora6,remora4,19.02,19.02,19.52,19.52,20.18,20.18,20.81,20.81,21.28,21.28,24.14,24.14,24.50,24.50,24.97,24.97,25.42,25.42,25.74,25.74,4.14,4.12,4.10,4.08,4.06,4.04,4.03,4.01,3.99,3.97,6.30,6.28,6.25,6.24,6.22,6.20,6.18,6.16,6.14,6.12,150.66,0.00,0.00,1.00,0.00,0.00,0.00,-1.00,0,None,0,aggregation
160,292.54,remora6,remora4,21.73,21.73,22.32,22.32,22.61,22.61,23.03,23.03,23.31,23.31,26.06,26.06,26.46,26.46,26.66,26.66,26.94,26.94,27.12,27.12,3.95,3.93,3.91,3.89,3.87,3.85,3.83,3.81,3.79,3.76,6.10,6.08,6.06,6.04,6.02,6.00,5.97,5.95,5.93,7.27,145.29,0.00,0.00,1.00,0.00,0.00,0.00,-1.00,0,None,0,aggregation
160,293.54,remora6,remora4,23.58,23.58,23.85,23.85,24.11,24.11,24.36,24.36,24.61,24.61,27.30,27.30,27.47,27.47,27.64,27.64,27.81,27.81,27.96,27.96,3.74,3.72,3.69,3.67,3.65,3.62,3.60,3.58,3.55,3.53,7.25,7.22,7.20,7.18,7.16,7.13,7.11,7.09,7.06,7.04,149.26,0.00,0.00,1.00,0.00,0.00,0.00,-1.00,0,None,0,aggregation
160,294.54,remora6,remora4,24.86,24.86,24.98,24.98,25.10,25.22,25.22,25.22,25.22,25.22,28.12,28.12,28.19,28.19,28.26,28.34,28.34,28.34,28.34,28.34,3.50,3.48,3.46,3.43,3.41,3.39,3.36,3.34,3.32,3.30,7.02,6.99,6.97,6.94,6.92,6.90,6.87,6.85,6.82,6.79,162.98,0.00,0.00,1.00,0.00,0.00,0.00,-1.00,0,None,0,aggregation
160,295.54,remora6,remora4,25.45,25.45,25.45,25.45,25.45,25.45,25.45,25.45,25.45,25.45,28.48,28.48,28.48,28.48,28.48,28.48,28.48,28.48,28.48,28.48,3.27,3.25,3.23,3.21,3.20,3.18,3.16,3.14,3.13,3.11,6.76,6.74,6.71,6.68,6.65,6.62,6.60,6.57,6.54,6.52,174.15,0.00,0.00,1.00,0.00,0.00,0.00,-1.00,0,None,0,aggregation
160,296.54,remora6,remora4,25.45,25.45,25.45,25.45,25.34,25.34,25.34,25.34,25.34,25.34,28.48,28.48,28.48,28.48,28.41,28.41,28.41,28.41,28.41,28.41,3.10,3.09,3.07,3.06,3.05,3.04,3.03,3.02,3.01,3.01,6.49,6.47,6.44,6.42,6.40,6.37,6.35,6.33,6.31,6.29,198.37,0.00,0.00,1.00,0.00,0.00,0.00,-1.00,0,None,0,aggregation
160,297.54,remora6,remora4,25.34,25.34,25.34,25.34,25.68,25.68,25.90,25.90,26.12,26.12,28.41,28.41,28.41,28.41,28.61,28.61,28.74,28.74,28.86,28.86,2.99,2.96,2.93,2.90,2.87,2.84,2.80,2.77,2.75,2.75,6.26,6.23,6.20,6.17,6.14,6.11,6.08,6.05,6.03,6.01,223.43,0.00,1.00,1.00,0.00,0.00,0.00,-1.00,0,None,0,aggregation
160,298.54,remora6,remora4,26.23,26.23,26.33,26.33,26.33,26.33,26.54,26.54,26.64,26.64,28.92,28.92,28.98,28.98,28.98,28.98,29.09,29.09,29.15,29.15,2.75,2.76,2.75,2.72,2.68,2.65,2.62,2.59,2.55,2.52,5.99,5.97,5.95,5.91,5.88,5.85,5.82,5.78,5.75,5.72,243.50,0.00,1.00,1.00,0.00,0.00,0.00,-1.00,0,None,0,aggregation
160,299.54,remora6,remora4,26.84,26.84,26.84,26.84,27.03,27.03,27.12,27.12,27.31,27.31,29.25,29.25,29.25,29.25,29.35,29.35,29.40,29.40,29.49,29.49,2.49,2.46,2.43,2.43,2.42,2.39,2.36,2.33,2.30,2.27,5.69,5.65,5.62,5.60,5.57,5.54,5.50,5.47,5.43,5.40,256.36,0.00,1.00,1.00,0.00,0.00,0.00,-1.00,0,None,0,aggregation
160,300.54,remora6,remora4,27.31,27.31,27.40,27.40,27.40,27.40,27.66,27.66,27.83,27.83,29.49,29.49,29.54,29.54,29.54,29.54,29.66,29.66,29.73,29.73,2.24,2.21,2.18,2.17,2.15,2.14,2.12,2.11,2.09,2.06,5.36,5.32,5.29,5.26,5.23,5.20,5.16,5.13,5.10,5.06,265.20,0.00,1.00,1.00,0.00,0.00,0.00,-1.00,0,None,0,aggregation
160,301.54,remora6,remora4,27.99,27.99,27.99,27.99,27.99,27.99,28.07,28.07,28.24,28.24,29.80,29.80,29.80,29.80,29.80,29.80,29.83,29.83,29.90,29.90,2.03,2.00,1.97,1.94,1.92,1.89,1.87,1.85,1.82,1.80,5.03,4.99,4.95,4.91,4.88,4.84,4.81,4.77,4.73,4.70,271.58,0.00,1.00,1.00,0.00,0.00,0.00,-1.00,0,None,0,aggregation
160,302.54,remora6,remora4,28.55,28.55,28.82,28.82,29.03,29.03,0.00,0.00,0.00,0.00,30.01,30.01,30.09,30.09,30.14,30.14,0.00,0.00,0.00,0.00,1.78,1.76,1.73,1.71,1.69,1.67,1.66,1.65,1.65,1.65,4.66,4.63,4.59,4.56,4.52,4.49,4.46,4.44,4.42,4.41,264.62,0.00,1.00,1.00,0.00,0.00,0.00,-1.00,0,None,0,aggregation
160,303.54,remora6,remora4,0.00,0.00,0.00,0.00,0.00,0.00,0.00,0.00,0.00,0.00,0.00,0.00,0.00,0.00,0.00,0.00,0.00,0.00,0.00,0.00,1.64,1.65,1.65,1.66,1.66,1.67,1.67,1.68,1.68,1.69,4.39,4.38,4.36,4.35,4.34,4.32,4.31,4.29,4.28,4.27,238.75,0.00,1.00,1.00,0.00,0.00,0.00,-1.00,0,None,0,aggregation
160,304.54,remora6,remora4,0.00,0.00,0.00,0.00,0.00,0.00,0.00,0.00,0.00,0.00,0.00,0.00,0.00,0.00,0.00,0.00,0.00,0.00,0.00,0.00,1.70,1.69,1.69,1.68,1.68,1.69,1.69,1.70,1.70,1.71,4.26,4.24,4.22,4.21,4.19,4.18,4.16,4.15,4.14,4.12,212.08,0.00,1.00,1.00,0.00,0.00,0.00,-1.00,0,None,0,aggregation
160,305.54,remora6,remora4,0.00,0.00,0.00,0.00,0.00,0.00,0.00,0.00,0.00,0.00,0.00,0.00,0.00,0.00,0.00,0.00,0.00,0.00,0.00,0.00,1.71,1.71,1.70,1.70,1.70,1.70,1.70,1.71,1.71,1.71,4.11,4.09,4.08,4.06,4.05,4.03,4.02,4.01,3.99,3.98,185.11,0.00,1.00,1.00,0.00,0.00,0.00,-1.00,0,None,0,aggregation
160,306.54,remora6,remora4,0.00,0.00,0.00,0.00,0.00,0.00,0.00,0.00,0.00,0.00,0.00,0.00,0.00,0.00,0.00,0.00,0.00,0.00,0.00,0.00,1.72,1.73,1.73,1.74,1.74,1.74,1.73,1.73,1.73,1.73,3.97,3.97,3.96,3.96,3.95,3.94,3.94,3.93,3.92,3.92,158.21,0.00,1.00,1.00,0.00,0.00,0.00,-1.00,0,None,0,aggregation
160,307.54,remora6,remora4,0.00,0.00,0.00,0.00,0.00,0.00,0.00,0.00,0.00,0.00,0.00,0.00,0.00,0.00,0.00,0.00,0.00,0.00,0.00,0.00,1.74,1.74,1.74,1.75,1.76,1.76,1.77,1.76,1.76,1.76,3.92,3.91,3.91,3.90,3.90,3.90,3.89,3.89,3.88,3.88,131.07,0.00,1.00,1.00,0.00,0.00,0.00,-1.00,0,None,0,aggregation
160,308.54,remora6,remora4,0.00,0.00,0.00,0.00,0.00,0.00,0.00,0.00,0.00,0.00,0.00,0.00,0.00,0.00,0.00,0.00,0.00,0.00,0.00,0.00,1.75,1.76,1.76,1.77,1.78,1.78,1.78,1.78,1.78,1.79,3.87,3.87,3.87,3.86,3.86,3.86,3.86,3.85,3.85,3.85,103.35,0.00,1.00,1.00,0.00,0.00,0.00,-1.00,0,None,0,aggregation
160,309.54,remora6,remora4,0.00,0.00,0.00,0.00,0.00,0.00,0.00,0.00,0.00,0.00,0.00,0.00,0.00,0.00,0.00,0.00,0.00,0.00,0.00,0.00,1.79,1.80,1.80,1.80,1.80,1.79,1.79,1.80,1.80,1.81,3.85,3.85,3.85,3.84,3.84,3.84,3.83,3.83,3.83,3.83,75.16,0.00,1.00,1.00,0.00,0.00,0.00,-1.00,0,None,0,aggregation
160,310.54,remora6,remora4,0.00,0.00,0.00,0.00,0.00,0.00,0.00,0.00,0.00,0.00,0.00,0.00,0.00,0.00,0.00,0.00,0.00,0.00,0.00,0.00,1.81,1.82,1.82,1.82,1.82,1.81,1.81,1.82,1.82,1.83,3.83,3.84,3.84,3.83,3.83,3.83,3.83,3.83,3.83,3.83,46.61,0.00,1.00,1.00,0.00,0.00,0.00,-1.00,0,None,0,aggregation
160,311.54,remora6,remora4,0.00,0.00,0.00,0.00,0.00,0.00,0.00,0.00,0.00,0.00,0.00,0.00,0.00,0.00,0.00,0.00,0.00,0.00,0.00,0.00,1.83,1.84,1.85,1.85,1.86,1.86,1.85,1.85,1.85,1.86,3.84,3.84,3.84,3.85,3.85,3.85,3.85,3.85,3.85,3.85,17.66,0.00,1.00,0.00,0.00,0.00,0.00,-1.00,0,None,0,aggregation
160,312.54,remora6,remora4,0.00,0.00,0.00,0.00,0.00,0.00,0.00,0.00,0.00,0.00,0.00,0.00,0.00,0.00,0.00,0.00,0.00,0.00,0.00,0.00,1.86,1.87,1.87,1.87,1.87,1.86,1.86,1.87,1.87,1.87,3.86,3.86,3.87,3.87,3.87,3.87,3.87,3.88,3.88,3.89,0.00,0.00,1.00,0.00,0.00,0.00,0.00,-1.00,0,None,0,aggregation
160,313.54,remora6,remora4,0.00,0.00,0.00,0.00,0.00,0.00,0.00,0.00,0.00,0.00,0.00,0.00,0.00,0.00,0.00,0.00,0.00,0.00,0.00,0.00,1.88,1.89,1.89,1.90,1.91,1.92,1.92,1.92,1.92,1.91,3.89,3.90,3.90,3.91,3.91,3.92,3.93,3.93,3.93,3.94,0.00,0.00,1.00,0.00,0.00,0.00,0.00,-1.00,0,None,0,aggregation
160,314.54,remora6,remora4,0.00,0.00,0.00,0.00,0.00,0.00,0.00,0.00,0.00,0.00,0.00,0.00,0.00,0.00,0.00,0.00,0.00,0.00,0.00,0.00,1.91,1.91,1.90,1.91,1.91,1.92,1.92,1.93,1.93,1.94,3.94,3.94,3.95,3.95,3.96,3.97,3.97,3.98,3.99,4.00,0.00,0.00,1.00,0.00,0.00,0.00,0.00,-1.00,0,None,0,aggregation
160,315.54,remora6,remora4,0.00,0.00,0.00,0.00,0.00,0.00,0.00,0.00,0.00,0.00,0.00,0.00,0.00,0.00,0.00,0.00,0.00,0.00,0.00,0.00,1.95,1.96,1.96,1.96,1.96,1.95,1.95,1.96,1.96,1.97,4.01,4.01,4.02,4.03,4.03,4.04,4.04,4.05,4.06,4.07,0.00,0.00,1.00,0.00,0.00,0.00,0.00,-1.00,0,None,0,aggregation
160,316.54,remora6,remora4,0.00,0.00,0.00,0.00,0.00,0.00,0.00,0.00,0.00,0.00,0.00,0.00,0.00,0.00,0.00,0.00,0.00,0.00,0.00,0.00,1.98,1.98,1.99,2.00,2.01,2.01,2.00,2.00,2.00,2.00,4.08,4.09,4.09,4.10,4.11,4.12,4.13,4.13,4.14,4.15,0.00,0.00,1.00,0.00,0.00,0.00,0.00,-1.00,0,None,0,aggregation
160,317.54,remora6,remora4,0.00,0.00,0.00,0.00,0.00,0.00,0.00,0.00,0.00,0.00,0.00,0.00,0.00,0.00,0.00,0.00,0.00,0.00,0.00,0.00,2.01,2.02,2.02,2.03,2.04,2.03,2.03,2.03,2.02,2.03,4.16,4.16,4.17,4.18,4.19,4.20,4.21,4.21,4.22,4.23,0.00,0.00,1.00,0.00,0.00,0.00,0.00,-1.00,0,None,0,aggregation
160,318.54,remora6,remora4,0.00,0.00,0.00,0.00,0.00,0.00,0.00,0.00,0.00,0.00,0.00,0.00,0.00,0.00,0.00,0.00,0.00,0.00,0.00,0.00,2.03,2.04,2.05,2.05,2.06,2.07,2.07,2.07,2.07,2.06,4.24,4.25,4.26,4.27,4.28,4.29,4.30,4.30,4.31,4.31,0.00,0.00,1.00,0.00,0.00,0.00,0.00,-1.00,0,None,0,aggregation
160,319.54,remora6,remora4,0.00,0.00,0.00,0.00,0.00,0.00,0.00,0.00,0.00,0.00,0.00,0.00,0.00,0.00,0.00,0.00,0.00,0.00,0.00,0.00,2.06,2.06,2.07,2.07,2.08,2.08,2.09,2.10,2.10,2.10,4.32,4.33,4.34,4.35,4.36,4.37,4.38,4.39,4.40,4.41,0.00,0.00,1.00,0.00,0.00,0.00,0.00,-1.00,0,None,0,aggregation
160,320.54,remora6,remora4,0.00,0.00,0.00,0.00,0.00,0.00,0.00,0.00,0.00,0.00,0.00,0.00,0.00,0.00,0.00,0.00,0.00,0.00,0.00,0.00,2.10,2.10,2.11,2.12,2.12,2.12,2.11,2.11,2.11,2.11,4.42,4.43,4.44,4.45,4.46,4.47,4.48,4.48,4.49,4.50,0.00,0.00,1.00,0.00,0.00,0.00,0.00,-1.00,0,None,0,aggregation
160,321.54,remora6,remora4,0.00,0.00,0.00,0.00,0.00,0.00,0.00,0.00,0.00,0.00,0.00,0.00,0.00,0.00,0.00,0.00,0.00,0.00,0.00,0.00,2.12,2.12,2.12,2.13,2.13,2.14,2.14,2.14,2.13,2.13,4.51,4.51,4.52,4.53,4.54,4.55,4.56,4.57,4.58,4.59,0.00,0.00,1.00,0.00,0.00,0.00,0.00,-1.00,0,None,0,aggregation
160,322.54,remora6,remora4,0.00,0.00,0.00,0.00,0.00,0.00,0.00,0.00,0.00,0.00,0.00,0.00,0.00,0.00,0.00,0.00,0.00,0.00,0.00,0.00,2.13,2.13,2.14,2.14,2.14,2.15,2.15,2.16,2.17,2.17,4.60,4.61,4.62,4.63,4.64,4.65,4.66,4.67,4.69,4.70,0.00,0.00,1.00,0.00,0.00,0.00,0.00,-1.00,0,None,0,aggregation
160,323.54,remora6,remora4,-35.03,-35.03,-34.85,-34.85,-34.56,-34.56,-34.07,-34.07,-33.55,-33.55,-24.56,-24.56,-24.38,-24.38,-24.09,-24.09,-23.61,-23.61,-23.09,-23.09,2.19,2.21,2.24,2.26,2.29,2.32,2.35,2.38,2.41,2.44,4.72,4.74,4.76,4.78,4.81,4.83,4.86,4.88,4.90,4.93,29.18,0.00,1.00,0.00,0.00,0.00,0.00,-1.00,0,None,0,aggregation
160,324.54,remora6,remora4,-32.86,-32.86,-32.14,-32.14,-31.19,-30.37,-30.37,-30.37,-29.40,-29.40,-22.40,-22.40,-21.68,-21.68,-20.73,-19.90,-19.90,-19.90,-18.93,-18.93,2.48,2.51,2.54,2.57,2.60,2.62,2.64,2.66,2.67,2.70,4.95,4.96,4.98,5.00,5.02,5.04,5.06,5.07,5.09,5.10,55.06,0.00,1.00,1.00,0.00,0.00,0.00,-1.00,0,None,0,aggregation
160,325.54,remora6,remora4,-28.13,-28.13,-27.08,-27.08,-25.79,-25.79,-24.43,-24.43,-23.04,-23.04,-17.67,-17.67,-16.61,-16.61,-15.33,-15.33,-13.96,-13.96,-12.57,-12.57,2.72,2.74,2.76,2.78,2.80,2.82,2.84,2.86,2.88,2.89,5.12,5.14,5.15,5.17,5.18,5.19,5.21,5.22,5.23,5.25,75.52,0.00,1.00,1.00,0.00,0.00,0.00,-1.00,0,None,0,aggregation
160,326.54,remora6,remora4,-21.66,-21.66,-20.05,-20.05,-18.38,-18.38,-16.86,-16.86,-14.90,-14.90,-11.19,-11.19,-9.59,-9.59,-7.92,-7.92,-6.39,-6.39,-4.44,-4.44,2.91,2.93,2.95,2.97,2.98,2.98,2.98,2.98,2.99,3.00,5.26,5.27,5.28,5.29,5.31,5.32,5.34,5.35,5.36,5.38,88.66,0.00,1.00,1.00,0.00,0.00,0.00,-1.00,0,None,0,aggregation
160,327.54,remora6,remora4,-12.90,-12.90,-11.26,-11.26,-9.20,-9.20,-7.12,-7.12,-5.00,-5.00,-2.43,-2.43,-0.80,-0.80,1.26,1.26,3.35,3.35,5.42,5.42,3.01,3.02,3.03,3.04,3.05,3.06,3.07,3.06,3.06,3.05,5.40,5.41,5.43,5.45,5.47,5.48,5.50,5.51,5.53,5.54,92.61,0.00,0.00,1.00,0.00,0.00,0.00,-1.00,0,None,0,aggregation
160,328.54,remora6,remora4,-2.68,-2.68,-0.36,-0.36,1.70,1.70,3.74,3.74,5.97,5.97,7.28,7.28,9.13,9.13,10.77,10.77,12.39,12.39,14.16,14.16,3.05,3.05,3.06,3.07,3.08,3.09,3.09,3.09,3.08,3.08,5.55,5.57,5.59,5.61,5.63,5.65,5.66,5.68,5.69,5.71,98.82,0.00,0.00,1.00,0.00,0.00,0.00,-1.00,0,None,0,aggregation
160,329.54,remora6,remora4,7.72,9.85,9.85,9.85,11.51,11.51,13.12,13.12,14.69,14.69,15.53,17.20,17.20,17.20,18.49,18.49,19.73,19.73,20.92,20.92,3.08,3.09,3.10,3.11,3.12,3.13,3.15,3.17,3.18,3.18,5.73,5.75,5.77,5.79,5.82,5.84,5.86,5.89,5.91,5.93,113.89,0.00,0.00,1.00,0.00,0.00,0.00,-1.00,0,None,0,aggregation
160,330.54,remora6,remora4,16.01,16.01,17.46,17.46,18.68,18.68,19.85,19.85,20.81,20.81,21.91,21.91,23.00,23.00,23.89,23.89,24.74,24.74,25.42,25.42,3.18,3.19,3.19,3.21,3.23,3.24,3.26,3.28,3.30,3.33,5.95,5.97,6.00,6.02,6.05,6.07,6.10,6.13,6.16,6.19,135.06,0.00,0.00,1.00,0.00,0.00,0.00,-1.00,0,None,0,aggregation
160,331.54,remora6,remora4,21.73,21.73,22.61,22.61,23.45,23.45,23.45,24.11,24.74,24.74,26.06,26.06,26.66,26.66,27.21,27.21,27.21,27.64,28.04,28.04,3.35,3.36,3.37,3.38,3.39,3.42,3.44,3.46,3.48,3.51,6.21,6.24,6.26,6.29,6.32,6.35,6.38,6.41,6.44,6.47,160.23,0.00,0.00,1.00,0.00,0.00,0.00,-1.00,0,None,0,aggregation
160,332.54,remora6,remora4,25.34,25.34,25.79,25.79,26.23,26.23,26.64,26.64,26.84,26.84,28.41,28.41,28.68,28.68,28.92,28.92,29.15,29.15,29.25,29.25,3.53,3.56,3.59,3.61,3.64,3.67,3.70,3.73,3.76,3.78,6.50,6.53,6.56,6.60,6.63,6.67,6.70,6.74,6.77,6.80,187.76,0.00,0.00,1.00,0.00,0.00,0.00,-1.00,0,None,0,aggregation
160,333.54,remora6,remora4,27.22,27.22,27.57,27.57,27.83,27.83,28.07,28.07,28.22,28.22,29.45,29.45,29.62,29.62,29.73,29.73,29.83,29.83,29.89,29.89,3.80,3.81,3.84,3.86,3.89,3.92,3.95,3.98,4.00,4.03,6.83,6.87,6.90,6.94,6.97,7.01,7.04,7.08,7.12,7.15,187.32,0.00,0.00,1.00,0.00,0.00,0.00,-1.00,0,None,0,aggregation
160,334.54,remora6,remora4,28.44,28.44,28.58,28.58,28.71,28.71,28.84,28.84,28.90,28.90,29.97,29.97,30.02,30.02,30.06,30.06,30.10,30.10,30.11,30.11,4.06,4.09,4.13,4.16,4.19,4.22,4.25,4.28,4.32,4.34,7.19,7.23,7.27,7.31,7.35,7.38,7.42,7.46,7.50,7.54,190.82,0.00,0.00,1.00,0.00,0.00,0.00,-1.00,0,None,0,aggregation
160,335.54,remora6,remora4,28.96,28.96,29.14,29.14,29.19,29.19,29.24,29.24,29.29,29.29,30.13,30.13,30.16,30.16,30.17,30.17,30.17,30.17,30.18,30.18,4.37,4.39,4.42,4.45,4.48,4.52,4.55,4.57,4.60,4.63,7.58,7.61,7.65,7.69,7.73,7.77,7.81,7.85,7.89,7.92,200.02,0.00,0.00,1.00,0.00,0.00,0.00,-1.00,0,None,0,aggregation
160,131.54,remora6,remora0,-14.37,-16.36,-16.36,4.51,4.51,14.55,14.55,12.46,12.46,10.38,-24.83,-26.83,-26.83,-5.95,-5.95,6.47,6.47,3.83,3.83,1.21,4.15,4.13,4.11,4.09,4.09,4.09,4.08,4.06,4.03,4.01,5.70,5.70,5.70,5.70,5.70,5.70,5.70,5.70,5.70,5.70,47.27,0.00,0.00,1.00,0.00,0.00,0.00,-1.00,0,None,0,aggregation
160,132.54,remora6,remora0,10.38,8.87,8.87,6.72,6.72,10.51,10.51,11.12,11.12,9.50,1.21,-0.69,-0.69,-3.38,-3.38,1.37,1.37,2.14,2.14,0.11,3.99,3.97,3.95,3.93,3.91,3.90,3.88,3.86,3.84,3.83,5.70,5.70,5.70,5.70,5.70,5.70,5.71,4.85,4.85,4.84,51.99,0.00,0.00,1.00,0.00,0.00,0.00,-1.00,0,None,0,aggregation
160,133.54,remora6,remora0,9.50,9.02,9.02,13.42,13.42,14.19,14.19,13.38,13.38,12.14,0.11,-0.50,-0.50,5.04,5.04,6.01,6.01,4.99,4.99,3.43,3.81,3.80,3.78,3.77,3.76,3.74,3.73,3.72,3.71,3.70,4.84,4.84,4.83,4.83,4.83,4.83,4.83,4.83,4.83,4.83,59.81,0.00,0.00,1.00,0.00,0.00,0.00,-1.00,0,None,0,aggregation
160,134.54,remora6,remora0,12.14,13.40,13.40,14.54,13.82,13.82,14.44,14.44,14.44,15.62,3.43,5.01,5.01,6.46,5.54,5.54,6.33,6.33,6.33,7.83,3.69,3.68,3.67,3.67,3.66,3.66,3.65,3.65,3.65,3.65,4.83,4.84,4.84,4.84,4.84,4.85,4.85,4.85,4.86,4.86,69.70,0.00,0.00,1.00,0.00,0.00,0.00,-1.00,0,None,0,aggregation
160,135.54,remora6,remora0,15.62,14.99,14.99,15.71,15.71,15.26,15.26,15.83,15.83,15.88,7.83,7.03,7.03,7.95,7.95,7.38,7.38,8.09,8.09,8.16,3.65,3.65,3.65,3.66,3.66,3.66,3.67,3.68,3.69,3.69,4.86,4.87,4.87,4.88,4.88,4.89,4.89,4.90,4.91,4.91,81.30,0.00,0.00,1.00,0.00,0.00,0.00,-1.00,0,None,0,aggregation
160,136.54,remora6,remora0,15.88,14.49,14.49,15.06,15.06,12.17,12.17,10.82,10.82,12.29,8.16,6.39,6.39,7.11,7.11,3.47,3.47,1.76,1.76,3.61,3.70,3.71,3.72,3.74,3.75,3.76,3.77,3.79,3.80,3.81,4.92,4.93,4.93,4.94,4.95,4.95,4.96,4.97,4.97,4.98,90.42,0.00,0.00,1.00,0.00,0.00,0.00,-1.00,0,None,0,aggregation
160,137.54,remora6,remora0,12.29,11.48,11.48,9.39,9.39,9.20,9.20,7.77,7.77,4.24,3.61,2.59,2.59,-0.03,-0.03,-0.27,-0.27,-2.06,-2.06,-6.23,3.82,3.84,3.85,3.87,3.88,3.90,3.91,3.93,3.94,3.95,4.99,5.00,5.00,5.01,5.02,5.02,5.03,5.03,5.04,5.04,95.12,0.00,0.00,1.00,0.00,0.00,0.00,-1.00,0,None,0,aggregation
160,138.54,remora6,remora0,3.89,3.89,3.89,3.85,3.85,1.36,1.36,3.22,3.22,2.74,-6.57,-6.57,-6.57,-6.61,-6.61,-9.10,-9.10,-7.24,-7.24,-7.72,3.97,3.98,3.99,4.00,4.01,4.02,4.02,4.03,4.02,4.02,5.05,5.05,5.06,5.06,5.07,5.07,5.08,5.08,5.09,5.09,97.23,0.00,0.00,1.00,0.00,0.00,0.00,-1.00,0,None,0,aggregation
160,139.54,remora6,remora0,2.74,1.64,1.64,1.28,1.28,1.12,1.12,0.90,0.50,0.50,-7.72,-8.82,-8.82,-9.19,-9.19,-9.34,-9.34,-9.56,-9.96,-9.96,4.01,4.01,4.01,4.00,4.00,4.00,4.00,4.00,4.00,4.00,5.10,5.10,5.11,5.11,5.12,5.12,5.13,5.13,5.14,5.15,92.22,0.00,0.00,1.00,0.00,0.00,0.00,-1.00,0,None,0,aggregation
160,140.54,remora6,remora0,0.50,2.05,2.05,3.12,4.62,4.62,4.62,5.13,5.13,4.00,-9.96,-8.41,-8.41,-7.35,-5.84,-5.84,-5.84,-5.34,-5.34,-6.46,4.00,4.00,4.00,4.00,4.01,4.01,4.00,4.00,3.99,3.99,5.15,5.16,5.17,5.18,5.19,5.19,5.20,5.20,5.21,5.21,66.30,0.00,0.00,1.00,0.00,0.00,0.00,-1.00,0,None,0,aggregation
160,141.54,remora6,remora0,4.00,5.81,5.81,5.86,5.86,6.50,6.50,7.51,7.51,8.52,-6.46,-4.51,-4.51,-4.45,-4.45,-3.65,-3.65,-2.38,-2.38,-1.13,3.98,3.98,3.97,3.97,3.96,3.96,3.95,3.95,3.94,3.93,5.21,5.22,5.22,5.22,5.23,5.23,5.24,5.24,5.25,5.25,57.13,0.00,0.00,1.00,0.00,0.00,0.00,-1.00,0,None,0,aggregation
160,142.54,remora6,remora0,8.52,9.47,10.57,10.57,10.57,11.89,11.89,12.46,12.46,13.05,-1.13,0.06,1.45,1.45,1.45,3.11,3.11,3.82,3.82,4.56,3.93,3.92,3.92,3.91,3.91,3.90,3.90,3.89,3.88,3.87,5.25,5.26,5.26,5.27,5.27,5.28,5.28,5.28,5.29,5.29,59.06,0.00,0.00,1.00,0.00,0.00,0.00,-1.00,0,None,0,aggregation
160,143.54,remora6,remora0,14.50,14.50,15.01,15.01,15.01,16.08,16.08,16.41,16.41,17.43,6.41,6.41,7.06,7.06,7.06,8.42,8.42,8.84,8.84,10.15,3.87,3.86,3.85,3.84,3.83,3.82,3.82,3.81,3.80,3.79,5.29,5.29,5.30,5.29,5.29,5.29,5.29,5.29,5.28,5.28,63.00,0.00,0.00,1.00,0.00,0.00,0.00,-1.00,0,None,0,aggregation
160,144.54,remora6,remora0,17.43,18.14,18.14,18.74,18.74,19.05,19.05,20.05,20.05,20.72,10.15,11.06,11.06,11.83,11.83,12.24,12.24,13.55,13.55,14.43,3.79,3.78,3.77,3.77,3.76,3.76,3.75,3.75,3.74,3.74,5.28,5.27,5.27,5.26,5.26,5.25,5.25,5.24,5.22,5.21,68.71,0.00,0.00,1.00,0.00,0.00,0.00,-1.00,0,None,0,aggregation
160,145.54,remora6,remora0,20.72,21.76,21.76,22.38,22.38,22.48,22.48,22.47,22.47,23.10,14.43,15.80,15.80,16.63,16.63,16.76,16.76,16.75,16.75,17.60,3.74,3.73,3.73,3.73,3.72,3.72,3.72,3.72,3.72,3.72,5.20,5.19,5.17,5.16,5.15,5.13,5.12,5.11,5.09,5.08,76.41,0.00,0.00,1.00,0.00,0.00,0.00,-1.00,0,None,0,aggregation
160,146.54,remora6,remora0,23.10,23.01,23.01,22.65,22.65,22.09,22.09,21.41,21.41,21.27,17.60,17.48,17.48,17.00,17.00,16.24,16.24,15.33,15.33,15.14,3.73,3.73,3.73,3.74,3.74,3.74,3.74,3.75,3.75,3.76,5.07,5.05,5.04,5.03,5.01,5.00,4.99,4.98,4.97,4.95,86.66,0.00,0.00,1.00,0.00,0.00,0.00,-1.00,0,None,0,aggregation
160,147.54,remora6,remora0,21.27,20.72,20.72,19.57,19.57,18.90,18.90,17.32,17.32,15.19,15.14,14.42,14.42,12.91,12.91,12.04,12.04,10.01,10.01,7.29,3.77,3.78,3.78,3.79,3.80,3.81,3.81,3.82,3.82,3.83,4.94,4.93,4.92,4.91,4.90,4.89,4.88,4.87,4.87,4.86,97.49,0.00,0.00,1.00,0.00,0.00,0.00,-1.00,0,None,0,aggregation
160,148.54,remora6,remora0,13.08,13.08,13.08,11.43,11.43,9.45,9.45,9.41,7.58,7.58,4.61,4.61,4.61,2.53,2.53,0.04,0.04,-0.01,-2.30,-2.30,3.84,3.85,3.85,3.86,3.86,3.86,3.85,3.83,3.81,3.80,4.85,4.85,4.84,4.84,4.84,4.83,4.83,4.82,4.82,4.82,101.38,0.00,0.00,1.00,0.00,0.00,0.00,-1.00,0,None,0,aggregation
160,149.54,remora6,remora0,7.58,7.02,7.02,5.76,5.76,8.77,9.65,9.65,9.65,8.42,-2.30,-2.99,-2.99,-4.57,-4.57,-0.81,0.29,0.29,0.29,-1.24,3.79,3.78,3.77,3.76,3.75,3.74,3.73,3.72,3.71,3.70,4.81,4.81,4.81,4.81,4.82,4.83,4.84,4.84,4.84,4.85,100.46,0.00,0.00,1.00,0.00,0.00,0.00,-1.00,0,None,0,aggregation
160,150.54,remora6,remora0,8.42,8.54,8.54,11.32,12.39,12.39,12.39,13.22,11.64,11.64,-1.24,-1.10,-1.10,2.39,3.74,3.74,3.74,4.78,2.80,2.80,3.70,3.69,3.68,3.67,3.66,3.65,3.64,3.63,3.62,3.61,4.85,4.86,4.87,4.88,4.89,4.89,4.89,4.89,4.89,4.89,105.36,0.00,0.00,1.00,0.00,0.00,0.00,-1.00,0,None,0,aggregation
160,151.54,remora6,remora0,11.64,12.53,12.53,11.44,11.44,11.90,11.90,12.12,12.12,13.62,2.80,3.91,3.91,2.54,2.54,3.12,3.12,3.39,3.39,5.29,3.61,3.60,3.59,3.58,3.58,3.57,3.56,3.56,3.55,3.54,4.89,4.90,4.90,4.91,4.92,4.92,4.92,4.93,4.93,4.94,111.56,0.00,0.00,1.00,0.00,0.00,0.00,-1.00,0,None,0,aggregation
160,152.54,remora6,remora0,13.91,13.91,13.91,13.56,12.93,12.93,12.93,11.16,13.28,13.28,5.66,5.66,5.66,5.21,4.42,4.42,4.42,2.19,4.86,4.86,3.54,3.53,3.53,3.52,3.52,3.51,3.51,3.51,3.51,3.50,4.95,4.95,4.96,4.97,4.97,4.98,4.99,4.99,5.00,5.01,113.86,0.00,0.00,1.00,0.00,0.00,0.00,-1.00,0,None,0,aggregation
160,153.54,remora6,remora0,15.90,15.90,15.90,16.71,16.71,16.17,16.17,15.98,15.98,16.73,8.19,8.19,8.19,9.22,9.22,8.53,8.53,8.29,8.29,9.25,3.50,3.50,3.51,3.51,3.51,3.52,3.52,3.53,3.53,3.54,5.02,5.03,5.04,5.05,5.06,5.07,5.08,5.09,5.10,5.11,114.51,0.00,0.00,1.00,0.00,0.00,0.00,-1.00,0,None,0,aggregation
160,154.54,remora6,remora0,16.73,16.80,16.80,16.94,16.94,14.56,14.56,14.47,14.47,12.63,9.25,9.33,9.33,9.52,9.52,6.48,6.48,6.37,6.37,4.04,3.54,3.55,3.55,3.56,3.57,3.57,3.58,3.59,3.59,3.60,5.13,5.14,5.15,5.16,5.17,5.18,5.19,5.20,5.20,5.21,110.49,0.00,0.00,1.00,0.00,0.00,0.00,-1.00,0,None,0,aggregation
160,155.54,remora6,remora0,12.63,13.30,12.03,12.03,12.03,10.90,10.90,10.32,10.32,11.87,4.04,4.89,3.29,3.29,3.29,1.86,1.86,1.13,1.13,3.09,3.60,3.61,3.62,3.62,3.63,3.63,3.64,3.64,3.65,3.65,5.44,5.45,5.46,5.47,5.49,5.50,5.51,5.53,5.54,5.55,98.40,0.00,0.00,1.00,0.00,0.00,0.00,-1.00,0,None,0,aggregation
160,156.54,remora6,remora0,11.57,11.57,11.57,12.93,10.95,10.95,10.95,11.91,11.91,10.08,2.70,2.70,2.70,4.42,1.93,1.93,1.93,3.13,3.13,0.83,3.66,3.67,3.68,3.68,3.67,3.67,3.67,3.67,3.66,3.66,5.57,5.57,5.58,5.59,5.60,5.62,5.63,5.65,5.66,5.68,86.02,0.00,0.00,1.00,0.00,0.00,0.00,-1.00,0,None,0,aggregation
160,157.54,remora6,remora0,10.08,11.06,11.06,10.85,10.85,9.90,9.09,9.09,9.09,8.53,0.83,2.07,2.07,1.80,1.80,0.61,-0.41,-0.41,-0.41,-1.11,3.65,3.65,3.65,3.64,3.64,3.63,3.63,3.63,3.63,3.63,5.69,5.71,5.72,5.74,5.75,5.77,5.78,5.79,5.80,5.82,75.80,0.00,0.00,1.00,0.00,0.00,0.00,-1.00,0,None,0,aggregation
160,158.54,remora6,remora0,10.23,10.23,10.47,10.47,10.47,9.22,9.22,10.46,10.46,9.36,1.03,1.03,1.32,1.32,1.32,-0.24,-0.24,1.32,1.32,-0.07,3.63,3.63,3.64,3.64,3.65,3.65,3.65,3.66,4.07,4.09,5.83,5.85,5.87,5.89,5.91,5.92,5.94,5.96,6.75,6.77,75.25,0.00,0.00,1.00,0.00,0.00,0.00,-1.00,0,None,0,aggregation
160,159.54,remora6,remora0,9.36,9.86,10.97,10.97,10.97,10.05,10.05,9.36,9.36,9.61,-0.07,0.56,1.95,1.95,1.95,0.80,0.80,-0.07,-0.07,0.24,4.11,4.14,4.16,4.18,4.21,4.23,4.26,4.28,4.31,4.34,6.79,6.81,6.83,6.86,6.89,6.92,6.95,6.98,7.00,7.02,77.64,0.00,0.00,1.00,0.00,0.00,0.00,-1.00,0,None,0,aggregation
160,160.54,remora6,remora0,9.61,9.12,9.12,9.12,9.12,8.80,8.80,9.52,9.10,9.10,0.24,-0.38,-0.38,-0.37,-0.37,-0.77,-0.77,0.13,-0.39,-0.39,4.36,4.39,4.42,4.44,4.47,4.50,4.53,4.55,4.58,4.61,7.04,7.06,7.09,7.11,7.13,7.15,7.17,7.20,7.22,7.25,75.49,0.00,0.00,1.00,0.00,0.00,0.00,-1.00,0,None,0,aggregation
160,161.54,remora6,remora0,9.10,9.58,9.58,10.07,10.07,9.99,9.99,10.11,10.11,10.25,-0.39,0.21,0.21,0.83,0.83,0.72,0.72,0.88,0.88,1.05,4.64,4.67,4.70,4.73,4.76,4.79,4.81,4.84,4.87,4.90,7.28,7.30,7.33,7.36,7.38,7.41,7.44,7.46,7.49,7.52,72.97,0.00,0.00,1.00,0.00,0.00,0.00,-1.00,0,None,0,aggregation
160,193.54,remora6,remora0,30.00,30.00,30.00,30.00,30.00,30.00,30.00,30.00,30.00,30.00,30.00,30.00,30.00,30.00,30.00,30.00,30.00,30.00,30.00,30.00,6.47,6.46,6.44,6.43,6.41,6.40,6.38,6.37,6.36,6.34,8.60,8.57,8.55,8.52,8.49,8.47,8.44,8.42,8.39,8.37,300.00,0.00,0.00,1.00,0.00,0.00,0.00,-1.00,0,None,0,aggregation
160,194.54,remora6,remora0,30.00,30.00,30.00,30.00,30.00,30.00,30.00,30.00,30.00,30.00,30.00,30.00,30.00,30.00,30.00,30.00,30.00,30.00,30.00,30.00,6.33,6.31,6.30,6.29,6.27,6.26,6.25,6.23,6.22,6.21,8.34,8.31,8.29,8.26,8.24,8.21,8.19,8.16,8.14,8.11,300.00,0.00,0.00,1.00,0.00,0.00,0.00,-1.00,0,None,0,aggregation
160,195.54,remora6,remora0,30.00,30.00,30.00,30.00,30.00,30.00,30.00,30.00,30.00,30.00,30.00,30.00,30.00,30.00,30.00,30.00,30.00,30.00,30.00,30.00,6.20,6.18,6.17,6.16,6.15,6.13,6.12,6.11,6.10,6.09,8.09,8.06,8.04,8.01,7.99,7.96,7.94,7.91,7.89,7.86,300.00,0.00,0.00,1.00,0.00,0.00,0.00,-1.00,0,None,0,aggregation
160,196.54,remora6,remora0,30.00,30.00,30.00,30.00,30.00,30.00,30.00,30.00,30.00,30.00,30.00,30.00,30.00,30.00,30.00,30.00,30.00,30.00,30.00,30.00,6.08,6.06,6.05,6.04,6.03,6.02,6.01,6.00,5.99,5.98,7.84,7.81,7.79,7.76,7.74,7.71,7.69,7.66,7.64,7.61,300.00,0.00,0.00,1.00,0.00,0.00,0.00,-1.00,0,None,0,aggregation
160,197.54,remora6,remora0,30.00,30.00,30.00,30.00,30.00,30.00,30.00,30.00,30.00,30.00,30.00,30.00,30.00,30.00,30.00,30.00,30.00,30.00,30.00,30.00,5.97,5.96,5.95,5.94,5.93,5.92,5.91,5.90,5.89,5.88,7.59,7.57,7.54,7.52,7.49,7.47,7.45,7.42,7.40,7.37,300.00,0.00,0.00,1.00,0.00,0.00,0.00,-1.00,0,None,0,aggregation
160,198.54,remora6,remora0,30.00,30.00,30.00,30.00,30.00,30.00,30.00,30.00,30.00,30.00,30.00,30.00,30.00,30.00,30.00,30.00,30.00,30.00,30.00,30.00,5.87,5.87,5.86,5.85,5.84,5.83,5.83,5.82,5.81,5.80,7.35,7.33,7.30,7.28,7.25,7.23,7.21,7.18,7.16,7.14,300.00,0.00,0.00,1.00,0.00,0.00,0.00,-1.00,0,None,0,aggregation
160,199.54,remora6,remora0,30.00,30.00,30.00,30.00,30.00,30.00,30.00,30.00,30.00,30.00,30.00,30.00,30.00,30.00,30.00,30.00,30.00,30.00,30.00,30.00,5.79,5.79,5.78,5.77,5.77,5.76,5.75,5.75,5.74,5.73,7.11,7.09,7.07,7.04,7.02,7.00,6.98,6.95,6.93,6.91,300.00,0.00,0.00,1.00,0.00,0.00,0.00,-1.00,0,None,0,aggregation
160,200.54,remora6,remora0,30.00,30.00,30.00,30.00,30.00,30.00,30.00,30.00,30.00,30.00,30.00,30.00,30.00,30.00,30.00,30.00,30.00,30.00,30.00,30.00,5.73,5.72,5.72,5.71,5.71,5.70,5.70,5.69,5.69,5.68,6.88,6.86,6.84,6.82,6.79,6.77,6.75,6.73,6.70,6.68,300.00,0.00,0.00,1.00,0.00,0.00,0.00,-1.00,0,None,0,aggregation
160,201.54,remora6,remora0,30.00,30.00,30.00,30.00,30.00,30.00,30.00,30.00,30.00,30.00,30.00,30.00,30.00,30.00,30.00,30.00,30.00,30.00,30.00,30.00,5.68,5.67,5.67,5.67,5.66,5.66,5.65,5.65,5.65,5.65,6.66,6.64,6.62,6.59,6.57,6.55,6.53,6.51,6.48,6.46,300.00,0.00,0.00,1.00,0.00,0.00,0.00,-1.00,0,None,0,aggregation
160,202.54,remora6,remora0,30.00,30.00,30.00,30.00,30.00,30.00,30.00,30.00,30.00,30.00,30.00,30.00,30.00,30.00,30.00,30.00,30.00,30.00,30.00,30.00,5.64,5.64,5.64,5.60,5.55,5.49,5.43,5.38,5.32,5.26,6.44,6.42,6.40,6.37,6.35,6.33,6.31,6.29,6.27,6.25,300.00,0.00,0.00,1.00,0.00,0.00,0.00,-1.00,0,None,0,aggregation
160,203.54,remora6,remora0,30.00,30.00,30.00,0.00,0.00,30.07,30.07,30.07,30.07,30.07,30.00,30.00,30.00,0.00,0.00,29.91,29.91,29.91,29.91,29.91,5.21,5.15,5.09,5.05,5.02,4.99,4.94,4.88,4.83,4.77,6.23,6.21,6.19,6.18,6.18,6.17,6.16,6.14,6.13,6.12,294.00,0.00,0.00,1.00,0.00,0.00,0.00,-1.00,0,None,0,aggregation
160,204.54,remora6,remora0,30.07,30.07,30.07,30.07,30.07,30.07,30.07,30.07,30.07,30.06,29.91,29.91,29.91,29.91,29.91,29.91,29.91,29.91,29.91,29.93,4.72,4.67,4.62,4.57,4.52,4.47,4.42,4.37,4.33,4.28,6.10,6.09,6.07,6.06,6.04,6.03,6.02,6.00,5.99,5.98,293.99,0.00,0.00,1.00,0.00,0.00,0.00,-1.00,0,None,0,aggregation
160,205.54,remora6,remora0,30.06,30.06,30.06,30.06,30.06,30.06,30.06,30.04,30.04,30.04,29.93,29.93,29.93,29.93,29.93,29.93,29.93,29.96,29.96,29.96,4.24,4.20,4.16,4.12,4.08,4.04,4.00,3.96,3.93,3.90,5.96,5.95,5.94,5.93,5.91,5.90,5.89,5.88,5.86,5.85,293.98,0.00,0.00,1.00,0.00,0.00,0.00,-1.00,0,None,0,aggregation
160,206.54,remora6,remora0,30.04,30.04,30.04,30.04,30.04,30.04,30.04,30.04,30.04,30.04,29.96,29.96,29.96,29.96,29.96,29.96,29.96,29.96,29.96,29.96,3.87,3.84,3.81,3.78,3.75,3.72,3.70,3.67,3.65,3.62,5.84,5.83,5.82,5.81,5.80,5.79,5.78,5.77,5.76,5.75,293.98,0.00,0.00,1.00,0.00,0.00,0.00,-1.00,0,None,0,aggregation
160,207.54,remora6,remora0,30.04,30.07,30.07,30.09,30.09,30.10,30.13,30.13,30.14,30.14,29.96,29.91,29.91,29.88,29.88,29.85,29.79,29.79,29.76,29.76,3.60,3.57,3.55,3.53,3.50,3.48,3.46,3.44,3.41,3.39,5.74,5.73,5.72,5.71,5.70,5.69,5.68,5.67,5.66,5.65,293.96,0.00,0.00,1.00,0.00,0.00,0.00,-1.00,0,None,0,aggregation
160,208.54,remora6,remora0,30.14,30.17,30.18,30.18,30.18,30.18,30.18,30.18,30.18,30.18,29.76,29.66,29.57,29.57,29.57,29.49,29.49,29.39,29.39,29.29,3.37,3.35,3.33,3.31,3.29,3.26,3.24,3.22,3.20,3.18,5.64,5.63,5.63,5.62,5.61,5.60,5.60,5.59,5.59,5.58,293.80,0.00,0.00,1.00,0.00,0.00,0.00,-1.00,0,None,0,aggregation
160,209.54,remora6,remora0,30.17,30.17,30.17,30.14,30.14,30.11,30.11,30.08,30.08,30.04,29.19,29.19,29.19,29.02,29.02,28.90,28.90,28.78,28.78,28.65,3.16,3.14,3.12,3.10,3.08,3.07,3.05,3.03,3.01,2.99,5.57,5.57,5.56,5.56,5.56,5.55,5.55,5.54,5.54,5.54,293.34,0.00,0.00,1.00,0.00,0.00,0.00,-1.00,0,None,0,aggregation
160,210.54,remora6,remora0,30.04,30.00,30.00,29.95,29.95,29.92,29.87,29.87,29.80,29.80,28.65,28.51,28.51,28.37,28.37,28.29,28.14,28.14,27.99,27.99,2.98,2.96,2.94,2.93,2.91,2.90,2.88,2.87,2.85,2.84,5.54,5.54,5.53,5.53,5.53,5.53,5.53,5.53,5.53,5.54,292.45,0.00,1.00,1.00,0.00,0.00,0.00,-1.00,0,None,0,aggregation
160,211.54,remora6,remora0,29.77,29.77,29.77,29.73,29.73,29.66,29.66,29.58,29.58,29.58,27.91,27.91,27.91,27.83,27.83,27.66,27.66,27.49,27.49,27.49,2.83,2.81,2.80,2.79,2.78,2.77,2.76,2.75,2.74,2.73,5.54,5.54,5.54,5.54,5.55,5.55,5.56,5.56,5.56,5.57,291.15,0.00,1.00,1.00,0.00,0.00,0.00,-1.00,0,None,0,aggregation
160,212.54,remora6,remora0,29.58,29.49,29.49,29.45,29.45,29.40,29.35,29.35,29.35,29.30,27.49,27.31,27.31,27.22,27.22,27.12,27.03,27.03,27.03,26.93,2.72,2.71,2.71,2.70,2.69,2.69,2.68,2.68,2.67,2.67,5.57,5.56,5.56,5.56,5.56,5.57,5.57,5.57,5.57,5.57,289.45,0.00,1.00,1.00,0.00,0.00,0.00,-1.00,0,None,0,aggregation
160,213.54,remora6,remora0,29.30,29.25,29.20,29.20,29.20,29.20,29.20,29.26,29.26,29.32,26.93,26.84,26.74,26.74,26.74,26.74,26.74,26.85,26.85,26.96,2.67,2.67,2.66,2.66,2.66,2.66,2.66,2.66,2.66,2.66,5.57,5.57,5.57,5.58,5.58,5.58,5.59,5.59,5.59,5.60,293.48,0.00,1.00,1.00,0.00,0.00,0.00,-1.00,0,None,0,aggregation
160,214.54,remora6,remora0,29.32,29.37,29.44,29.44,29.44,29.50,29.50,29.59,29.65,29.65,26.96,27.06,27.21,27.21,27.21,27.32,27.32,27.52,27.64,27.64,2.66,2.66,2.66,2.66,2.66,2.66,2.66,2.67,2.67,2.67,5.60,5.61,5.61,5.62,5.62,5.63,5.63,5.64,5.64,5.65,291.88,0.00,1.00,1.00,0.00,0.00,0.00,-1.00,0,None,0,aggregation
160,215.54,remora6,remora0,29.65,29.74,29.74,29.79,29.86,29.86,29.86,29.92,29.92,29.96,27.64,27.84,27.84,27.95,28.13,28.13,28.13,28.28,28.28,28.39,2.67,2.67,2.68,2.68,2.68,2.68,2.68,2.69,2.69,2.69,5.66,5.66,5.67,5.68,5.68,5.69,5.70,5.71,5.71,5.72,290.83,0.00,1.00,1.00,0.00,0.00,0.00,-1.00,0,None,0,aggregation
160,216.54,remora6,remora0,29.96,29.98,30.03,30.03,30.03,30.07,30.07,30.09,30.09,30.09,28.39,28.46,28.62,28.62,28.62,28.74,28.74,28.82,28.82,28.81,2.69,2.70,2.70,2.70,2.71,2.71,2.71,2.71,2.72,2.72,5.73,5.74,5.75,5.76,5.76,5.77,5.78,5.79,5.80,5.81,290.19,0.00,1.00,1.00,0.00,0.00,0.00,-1.00,0,None,0,aggregation
160,217.54,remora6,remora0,30.09,30.13,30.15,30.15,30.15,30.16,30.16,30.16,30.18,30.18,28.81,29.00,29.10,29.10,29.10,29.12,29.12,29.15,29.29,29.29,2.72,2.73,2.73,2.73,2.73,2.74,2.74,2.74,2.75,2.75,5.82,5.83,5.84,5.85,5.86,5.87,5.88,5.89,5.90,5.92,289.84,0.00,1.00,1.00,0.00,0.00,0.00,-1.00,0,None,0,aggregation
160,218.54,remora6,remora0,30.18,30.18,30.18,30.18,30.18,30.19,30.19,30.18,30.18,30.18,29.29,29.32,29.32,29.31,29.31,29.45,29.45,29.48,29.50,29.50,2.75,2.76,2.76,2.76,2.77,2.77,2.77,2.78,2.78,2.78,5.93,5.94,5.95,5.96,5.97,5.98,6.00,5.91,5.92,5.93,289.78,0.00,1.00,1.00,0.00,0.00,0.00,-1.00,0,None,0,aggregation
160,219.54,remora6,remora0,30.18,30.18,30.18,30.18,30.18,30.18,30.18,30.18,30.17,30.17,29.50,29.56,29.56,29.52,29.52,29.52,29.52,29.60,29.61,29.61,2.79,2.79,2.79,2.80,2.80,2.80,2.81,2.81,2.81,2.82,5.93,5.94,5.95,5.96,5.97,5.98,5.98,5.99,6.00,6.01,290.11,0.00,1.00,1.00,0.00,0.00,0.00,-1.00,0,None,0,aggregation
160,220.54,remora6,remora0,30.17,30.17,30.17,30.17,30.17,30.17,30.17,30.18,30.18,30.18,29.66,29.66,29.66,29.66,29.66,29.66,29.66,29.55,29.55,29.41,2.82,2.83,2.83,2.83,2.81,2.78,2.74,2.71,2.67,2.64,6.02,6.03,6.04,6.05,6.06,6.06,6.06,6.06,6.07,6.07,290.89,0.00,1.00,1.00,0.00,0.00,0.00,-1.00,0,None,0,aggregation
160,221.54,remora6,remora0,30.18,30.18,30.18,30.17,30.17,30.16,30.16,30.13,30.13,30.08,29.41,29.38,29.38,29.21,29.21,29.16,29.16,28.98,28.98,28.79,2.60,2.57,2.54,2.50,2.49,2.48,2.47,2.44,2.41,2.37,6.08,6.08,6.08,6.09,5.12,5.12,5.13,5.13,5.13,5.13,291.86,0.00,1.00,1.00,0.00,0.00,0.00,-1.00,0,None,0,aggregation
160,222.54,remora6,remora0,30.08,30.05,30.05,29.99,29.99,29.94,29.94,29.82,29.82,29.70,28.79,28.68,28.68,28.47,28.47,28.33,28.33,28.03,28.03,27.74,2.34,2.31,2.28,2.26,2.23,2.22,2.22,2.21,2.19,2.17,5.13,5.13,5.13,5.13,5.13,5.14,5.15,5.15,5.16,5.16,292.71,0.00,1.00,1.00,0.00,0.00,0.00,-1.00,0,None,0,aggregation
160,223.54,remora6,remora0,29.70,29.61,29.61,29.46,29.46,29.38,29.28,29.28,29.28,29.12,27.74,27.56,27.56,27.25,27.25,27.08,26.89,26.89,26.89,26.58,2.14,2.11,2.09,2.06,2.04,2.01,1.99,1.97,1.95,1.93,5.17,5.17,5.18,5.18,5.18,5.19,5.19,5.20,5.20,5.21,292.98,0.00,1.00,1.00,0.00,0.00,0.00,-1.00,0,None,0,aggregation
160,224.54,remora6,remora0,29.12,28.80,28.80,28.49,28.22,28.22,28.22,27.81,27.81,27.50,26.58,26.00,26.00,25.48,25.03,25.03,25.03,24.37,24.37,23.88,1.92,1.91,1.89,1.88,1.87,1.86,1.86,1.85,1.85,1.84,5.22,5.23,5.24,5.25,5.26,5.27,5.28,5.29,5.30,5.31,291.31,0.00,1.00,1.00,0.00,0.00,0.00,-1.00,0,None,0,aggregation
160,225.54,remora6,remora0,27.50,27.12,26.68,26.68,26.29,26.29,26.29,26.07,26.07,25.72,23.88,23.31,22.64,22.64,22.07,22.07,22.07,21.75,21.75,21.25,1.84,1.84,1.84,1.85,1.85,1.85,1.86,4.49,4.50,4.52,5.33,5.34,5.35,5.36,5.37,5.39,5.40,6.60,6.62,6.64,286.78,0.00,1.00,1.00,0.00,0.00,0.00,-1.00,0,None,0,aggregation
160,226.54,remora6,remora0,25.72,25.52,25.33,25.33,25.33,25.15,25.15,24.99,25.26,25.26,21.25,20.95,20.70,20.70,20.70,20.44,20.44,20.21,20.59,20.59,4.54,4.55,4.57,4.59,4.61,4.63,4.64,4.66,4.67,4.69,6.66,6.67,6.69,6.71,6.73,6.75,6.76,6.78,6.80,6.81,280.40,0.00,0.00,1.00,0.00,0.00,0.00,-1.00,0,None,0,aggregation
160,227.54,remora6,remora0,25.26,25.40,25.40,25.55,25.48,25.48,25.42,25.42,25.40,25.40,20.59,20.79,20.79,21.01,20.90,20.90,20.82,20.82,20.78,20.78,4.71,4.73,4.75,4.77,4.80,4.82,4.84,4.87,4.90,4.93,6.83,6.85,6.87,6.89,6.91,6.93,5.42,5.44,5.46,5.48,273.89,0.00,0.00,1.00,0.00,0.00,0.00,-1.00,0,None,0,aggregation
160,228.54,remora6,remora0,25.40,25.40,25.40,25.52,25.52,25.57,25.57,25.80,25.80,25.87,20.78,20.79,20.79,20.96,20.96,21.03,21.03,21.36,21.36,21.46,4.96,4.99,5.01,5.03,5.05,5.06,5.09,5.12,5.15,5.18,5.51,5.53,5.55,5.57,5.58,5.60,5.62,5.64,5.67,5.69,267.42,0.00,0.00,1.00,0.00,0.00,0.00,-1.00,0,None,0,aggregation
160,229.54,remora6,remora0,25.87,26.06,26.06,26.26,26.26,26.26,26.26,26.46,26.46,26.66,21.46,21.73,21.73,22.03,22.03,22.03,22.03,22.32,22.32,22.61,5.21,5.24,5.27,5.29,5.32,5.36,5.39,5.42,5.44,5.46,5.71,5.74,5.76,5.78,5.80,5.83,5.85,5.87,5.89,5.92,261.70,0.00,0.00,1.00,0.00,0.00,0.00,-1.00,0,None,0,aggregation
160,230.54,remora6,remora0,26.66,26.75,26.75,26.94,26.94,27.12,27.12,27.30,27.30,27.30,22.61,22.75,22.75,23.03,23.03,23.31,23.31,23.58,23.58,23.58,5.49,5.51,5.53,5.56,5.58,5.61,5.63,5.66,5.69,5.71,5.94,5.96,5.98,6.00,6.02,6.04,6.06,6.09,6.11,6.13,256.90,0.00,0.00,1.00,0.00,0.00,0.00,-1.00,0,None,0,aggregation
160,231.54,remora6,remora0,27.30,27.47,27.47,3.00,3.00,3.62,3.62,4.57,5.55,5.55,23.58,23.85,23.85,-12.69,-12.69,-12.08,-12.08,-11.13,-10.15,-10.15,5.74,5.77,5.80,5.81,5.81,5.81,5.81,5.81,5.81,5.81,6.15,6.18,6.20,6.21,6.22,6.23,6.23,6.24,6.25,6.25,237.51,0.00,0.00,1.00,0.00,0.00,0.00,-1.00,0,None,0,aggregation
160,232.54,remora6,remora0,5.55,6.56,6.56,7.59,7.59,8.23,8.23,8.73,8.73,9.18,-10.15,-9.14,-9.14,-8.11,-8.11,-6.69,-6.69,-5.19,-5.19,-3.79,5.81,5.82,5.82,5.82,5.83,5.83,5.84,5.84,5.85,5.86,6.26,6.27,6.28,6.29,6.29,6.30,6.31,6.32,6.33,6.34,209.68,0.00,0.00,1.00,0.00,0.00,0.00,-1.00,0,None,0,aggregation
160,233.54,remora6,remora0,9.18,9.58,9.58,9.93,9.93,10.23,10.23,10.48,10.48,10.69,-3.79,-2.50,-2.50,-1.32,-1.32,-0.24,-0.24,0.74,0.74,1.62,5.86,5.87,5.88,5.88,5.89,5.90,5.91,5.91,5.91,5.92,6.35,6.36,6.37,6.38,6.39,6.40,6.41,6.42,6.42,6.43,185.96,0.00,0.00,1.00,0.00,0.00,0.00,-1.00,0,None,0,aggregation
160,234.54,remora6,remora0,10.69,20.34,20.34,19.52,19.52,20.02,20.02,20.34,20.81,20.81,1.62,25.08,25.08,24.50,24.50,24.85,24.85,25.08,25.42,25.42,5.93,5.94,5.95,5.96,5.97,5.98,5.99,6.00,6.01,6.02,6.44,6.44,6.44,6.44,6.44,6.45,6.45,6.46,6.46,6.47,180.17,0.00,0.00,1.00,1.00,0.00,1.00,-1.00,0,None,0,aggregation
160,235.54,remora6,remora0,21.28,21.28,21.28,21.73,21.73,22.03,22.47,22.47,22.89,22.89,25.74,25.74,25.74,26.06,26.06,26.26,26.56,26.56,26.85,26.85,6.03,6.04,6.05,6.06,6.08,6.09,6.11,6.12,6.13,6.15,6.47,6.48,6.48,6.49,6.50,6.50,6.51,6.52,6.53,6.54,179.88,0.00,0.00,1.00,0.00,0.00,0.00,-1.00,0,None,0,aggregation
160,236.54,remora6,remora0,23.17,23.17,23.17,23.45,23.71,23.71,23.71,24.24,24.49,24.49,27.03,27.03,27.03,27.21,27.39,27.39,27.39,27.72,27.89,27.89,6.17,6.18,6.20,6.22,6.24,6.25,6.27,6.29,6.31,6.33,6.54,6.55,6.56,6.57,6.59,6.60,6.61,6.62,6.63,6.65,182.47,0.00,0.00,1.00,0.00,0.00,0.00,-1.00,0,None,0,aggregation
160,237.54,remora6,remora0,24.49,24.74,24.74,24.98,24.98,25.22,25.45,25.45,25.45,25.68,27.89,28.04,28.04,28.19,28.19,28.34,28.48,28.48,28.48,28.61,6.35,6.38,6.40,6.42,6.44,6.47,6.49,6.51,6.54,6.56,6.66,6.68,6.69,6.71,6.72,6.74,7.84,7.85,7.85,7.86,186.05,0.00,0.00,1.00,0.00,0.00,0.00,-1.00,0,None,0,aggregation
160,238.54,remora6,remora0,25.68,25.90,25.90,26.12,26.12,26.33,26.33,26.54,26.54,26.64,28.61,28.74,28.74,28.86,28.86,28.98,28.98,29.09,29.09,29.15,6.59,6.62,6.64,6.67,6.70,6.72,6.75,6.78,6.81,6.84,7.88,7.89,7.90,7.91,7.92,7.93,7.95,7.96,7.98,7.99,190.29,0.00,0.00,1.00,0.00,0.00,0.00,-1.00,0,None,0,aggregation
160,239.54,remora6,remora0,26.64,26.84,26.93,26.93,26.93,27.12,27.12,27.31,27.31,27.40,29.15,29.25,29.30,29.30,29.30,29.40,29.40,29.49,29.49,29.54,6.87,6.90,6.93,6.96,6.99,7.02,7.05,7.08,7.12,7.15,8.01,8.02,8.04,8.06,8.08,8.09,8.11,8.13,8.15,8.17,194.35,0.00,0.00,1.00,0.00,0.00,0.00,-1.00,0,None,0,aggregation
160,240.54,remora6,remora0,27.40,27.57,27.57,27.66,27.83,27.83,27.83,27.91,27.91,27.99,29.54,29.62,29.62,29.66,29.73,29.73,29.73,29.77,29.77,29.80,7.18,7.22,7.25,7.28,7.32,7.35,7.39,7.42,7.46,7.49,8.19,8.21,8.23,8.26,7.42,7.45,7.48,7.51,7.54,7.57,197.99,0.00,0.00,1.00,0.00,0.00,0.00,-1.00,0,None,0,aggregation
160,241.54,remora6,remora0,28.14,28.14,28.14,28.14,28.14,28.29,28.29,28.29,28.37,28.37,29.87,29.87,29.87,29.87,29.87,29.92,29.92,29.92,29.95,29.95,7.53,7.56,7.60,7.64,7.67,7.71,7.75,7.78,7.82,7.86,7.60,7.63,7.66,7.70,7.73,7.76,7.80,7.83,7.86,7.90,216.78,0.00,0.00,1.00,0.00,0.00,0.00,-1.00,0,None,0,aggregation
160,242.54,remora6,remora0,28.37,28.44,28.44,28.58,28.58,28.71,28.71,28.78,28.78,28.90,29.95,29.97,29.97,30.02,30.02,30.06,30.06,30.08,30.08,30.11,7.90,7.93,7.97,8.01,8.05,8.09,8.13,8.17,8.20,8.22,7.93,7.97,8.00,8.04,8.07,8.11,8.15,8.18,8.22,8.25,244.79,0.00,0.00,1.00,0.00,0.00,0.00,-1.00,0,None,0,aggregation
160,243.54,remora6,remora0,28.90,29.02,29.14,29.14,29.14,29.19,29.24,29.24,29.24,29.34,30.11,30.14,30.16,30.16,30.16,30.17,30.17,30.17,30.17,30.18,8.25,8.27,8.29,8.31,8.34,8.36,8.38,8.41,8.43,8.45,8.28,8.31,8.34,8.37,8.40,8.43,8.46,8.49,8.52,8.55,269.87,0.00,0.00,1.00,0.00,0.00,0.00,-1.00,0,None,0,aggregation
160,131.54,remora6,remora1,28.12,28.12,28.23,28.23,28.36,28.36,28.15,28.15,28.01,27.78,24.87,24.87,25.05,25.05,25.25,25.25,24.91,24.91,24.69,24.32,2.68,2.70,2.73,2.76,2.78,2.81,2.84,2.86,2.89,2.92,5.79,5.79,5.78,5.78,5.77,5.77,5.76,5.75,5.74,5.74,148.59,0.00,1.00,1.00,0.00,0.00,0.00,-1.00,0,None,1,aggregation
160,132.54,remora6,remora1,27.78,27.78,27.74,27.74,27.28,27.28,27.27,27.27,27.12,27.12,24.32,24.32,24.27,24.27,23.55,23.55,23.53,23.53,23.31,23.31,2.94,2.97,2.99,3.02,3.05,3.07,3.10,3.12,3.15,3.17,5.73,5.73,5.72,5.71,5.71,5.70,5.70,5.69,5.69,5.68,174.20,0.00,0.00,1.00,0.00,0.00,0.00,-1.00,0,None,1,aggregation
160,133.54,remora6,remora1,26.78,26.78,26.63,26.63,26.61,26.61,26.34,26.34,26.14,26.14,22.79,22.79,22.57,22.57,22.55,22.55,22.14,22.14,21.85,21.85,3.20,3.22,3.25,3.27,3.30,3.32,3.34,3.37,3.39,3.42,5.68,5.68,5.67,5.67,5.67,5.66,5.66,5.66,5.65,5.65,198.64,0.00,0.00,1.00,0.00,0.00,0.00,-1.00,0,None,1,aggregation
160,134.54,remora6,remora1,26.24,26.24,26.20,26.20,26.27,26.27,26.42,26.42,26.47,26.47,21.99,21.99,21.94,21.94,22.04,22.04,22.26,22.26,22.33,22.33,3.44,3.46,3.49,3.51,3.53,3.56,3.58,3.60,3.63,3.65,5.65,5.65,5.65,5.65,5.65,5.64,5.64,5.64,5.64,5.64,222.86,0.00,0.00,1.00,0.00,0.00,0.00,-1.00,0,None,1,aggregation
160,135.54,remora6,remora1,26.48,26.48,26.57,26.57,26.46,26.46,26.52,26.52,26.39,26.39,22.35,22.35,22.48,22.48,22.32,22.32,22.41,22.41,22.21,22.21,3.65,3.65,3.65,3.66,3.66,3.66,3.67,3.68,3.69,3.69,5.64,5.64,5.64,5.64,5.64,5.65,5.65,5.65,5.65,5.66,247.28,0.00,0.00,1.00,0.00,0.00,0.00,-1.00,0,None,1,aggregation
160,136.54,remora6,remora1,26.36,26.36,26.45,26.45,26.22,26.22,26.32,26.00,26.00,26.00,22.17,22.17,22.30,22.30,21.97,21.97,22.11,21.64,21.64,21.64,3.70,3.71,3.72,3.74,3.75,3.76,3.77,3.79,3.80,3.81,5.66,5.66,5.67,5.67,5.68,5.68,5.69,5.69,5.69,5.70,255.69,0.00,0.00,1.00,0.00,0.00,0.00,-1.00,0,None,1,aggregation
160,137.54,remora6,remora1,25.96,25.96,25.77,25.77,26.04,26.04,25.29,25.29,25.36,25.36,21.59,21.59,21.32,21.32,21.71,21.71,20.63,20.63,20.74,20.74,3.82,3.84,3.85,3.87,3.88,3.90,3.91,3.93,3.94,3.95,5.70,5.71,5.72,5.72,5.73,5.73,5.74,5.75,5.75,5.76,254.98,0.00,0.00,1.00,0.00,0.00,0.00,-1.00,0,None,1,aggregation
160,138.54,remora6,remora1,24.97,24.97,24.68,24.68,24.33,23.71,23.71,23.71,23.36,23.36,20.18,20.18,19.77,19.77,19.29,18.43,18.43,18.43,17.96,17.96,3.97,3.98,3.99,4.00,4.01,4.02,4.03,4.04,4.05,4.07,5.77,5.77,5.78,5.79,5.80,5.81,5.81,5.82,5.83,5.84,249.64,0.00,0.00,1.00,0.00,0.00,0.00,-1.00,0,None,1,aggregation
160,139.54,remora6,remora1,23.37,23.37,23.11,23.26,23.26,23.26,22.96,22.96,22.71,22.71,17.96,17.96,17.62,17.82,17.82,17.82,17.41,17.41,17.07,17.07,4.08,4.09,4.10,4.11,4.12,4.14,4.15,4.16,4.17,4.19,5.85,5.85,5.86,5.87,5.88,5.89,5.90,5.91,5.92,5.93,242.04,0.00,0.00,1.00,0.00,0.00,0.00,-1.00,0,None,1,aggregation
160,140.54,remora6,remora1,22.74,22.74,22.36,22.36,22.67,22.67,22.56,22.56,22.86,22.86,17.11,17.11,16.60,16.60,17.02,17.02,16.87,16.87,17.27,17.27,4.20,4.21,4.20,4.19,4.18,4.17,4.16,4.15,4.14,4.13,5.94,5.95,5.96,5.98,5.99,6.00,6.01,6.02,6.03,6.03,234.53,0.00,0.00,1.00,0.00,0.00,0.00,-1.00,0,None,1,aggregation
160,141.54,remora6,remora1,23.66,23.66,24.21,24.21,24.94,24.94,25.42,25.42,26.17,26.67,18.37,18.37,19.11,19.11,20.14,20.14,20.82,20.82,21.90,22.64,4.13,4.12,4.11,4.11,4.10,4.09,4.09,4.08,4.08,4.08,6.04,6.05,6.06,6.07,6.08,6.09,6.10,6.11,6.13,6.14,230.53,0.00,0.00,1.00,0.00,0.00,0.00,-1.00,0,None,1,aggregation
160,142.54,remora6,remora1,26.67,26.67,27.19,27.19,27.70,27.70,27.81,27.81,28.24,28.24,22.64,22.64,23.40,23.40,24.19,24.19,24.37,24.37,25.06,25.06,4.07,4.07,4.07,4.07,4.06,4.06,4.06,4.06,4.06,4.07,6.15,6.16,6.18,6.19,6.20,6.22,6.23,6.24,6.26,6.27,230.64,0.00,0.00,1.00,0.00,0.00,0.00,-1.00,0,None,1,aggregation
160,143.54,remora6,remora1,29.08,29.08,29.22,29.22,29.34,29.34,29.74,29.74,30.03,30.03,26.50,26.50,26.77,26.77,26.99,26.99,27.84,27.84,28.60,28.60,4.07,4.07,4.07,4.08,4.08,4.09,4.10,4.11,4.12,4.13,6.28,6.30,6.31,6.33,6.34,6.36,6.37,6.39,6.41,6.43,234.61,0.00,0.00,1.00,0.00,0.00,0.00,-1.00,0,None,1,aggregation
160,144.54,remora6,remora1,30.17,30.17,30.17,30.17,30.11,30.11,29.93,29.93,29.66,29.66,29.20,29.20,29.65,29.65,29.85,29.85,30.06,30.06,30.17,30.17,4.14,4.15,4.16,4.18,4.19,4.21,4.20,4.20,4.20,4.19,6.44,6.46,6.48,6.50,6.51,6.53,6.55,6.56,6.58,6.59,240.29,0.00,0.00,1.00,0.00,0.00,0.00,-1.00,0,None,1,aggregation
160,145.54,remora6,remora1,29.53,29.53,29.12,29.12,28.98,28.98,28.50,28.50,28.41,28.41,30.18,30.18,30.16,30.16,30.13,30.13,29.99,29.99,29.96,29.96,4.19,4.19,4.19,4.19,4.19,4.19,4.20,4.20,4.20,4.21,6.61,6.62,6.63,6.65,6.66,6.68,6.69,6.71,6.73,6.74,245.37,0.00,0.00,1.00,0.00,0.00,0.00,-1.00,0,None,1,aggregation
160,146.54,remora6,remora1,28.11,28.11,28.07,28.07,28.06,28.06,28.01,28.01,27.75,27.75,29.85,29.85,29.83,29.83,29.83,29.83,29.81,29.81,29.70,29.70,4.22,4.22,4.23,4.24,4.25,4.26,4.27,4.29,4.30,4.31,6.76,6.78,6.79,6.81,6.83,6.84,6.86,6.88,6.90,6.91,250.15,0.00,0.00,1.00,0.00,0.00,0.00,-1.00,0,None,1,aggregation
160,147.54,remora6,remora1,27.71,27.71,27.48,27.48,27.68,27.68,27.16,27.16,26.90,26.90,29.68,29.68,29.58,29.58,29.67,29.67,29.42,29.42,29.29,29.29,4.33,4.35,4.36,4.38,4.40,4.42,4.44,4.46,4.48,4.51,6.93,6.95,6.97,6.99,7.01,7.03,7.05,7.06,7.08,7.10,255.17,0.00,0.00,1.00,0.00,0.00,0.00,-1.00,0,None,1,aggregation
160,148.54,remora6,remora1,27.02,27.02,26.30,26.30,26.30,26.30,25.88,25.88,26.01,26.01,29.35,29.35,28.97,28.97,28.96,28.96,28.72,28.72,28.80,28.80,4.53,4.56,4.58,4.61,4.63,4.66,4.69,4.72,4.75,4.78,7.12,7.15,7.17,7.19,7.21,7.23,7.25,7.27,7.29,7.31,261.21,0.00,0.00,1.00,0.00,0.00,0.00,-1.00,0,None,1,aggregation
160,149.54,remora6,remora1,25.10,25.10,25.79,25.79,26.23,26.23,26.43,26.43,26.84,26.84,28.26,28.26,28.68,28.68,28.92,28.92,29.04,29.04,29.25,29.25,4.81,4.84,4.86,4.89,4.90,4.92,4.94,4.98,5.01,5.04,7.33,7.35,7.37,7.39,7.17,7.19,7.22,6.55,6.57,6.59,268.31,0.00,0.00,1.00,0.00,0.00,0.00,-1.00,0,None,1,aggregation
160,150.54,remora6,remora1,27.12,27.12,27.31,27.31,27.49,27.49,27.74,27.74,0.00,0.00,29.40,29.40,29.49,29.49,29.58,29.58,29.70,29.70,0.00,0.00,5.06,5.08,5.10,5.12,5.14,5.17,5.19,5.22,5.24,5.24,6.61,6.63,6.65,6.67,6.69,6.71,6.73,6.75,6.76,6.76,271.29,0.00,0.00,1.00,0.00,0.00,0.00,-1.00,0,None,1,aggregation
160,151.54,remora6,remora1,30.00,30.00,30.00,30.00,30.00,30.00,30.00,30.00,30.00,30.00,30.00,30.00,30.00,30.00,30.00,30.00,30.00,30.00,30.00,30.00,5.25,5.28,5.31,5.34,5.37,5.40,5.43,5.46,5.49,5.51,6.77,6.79,6.81,6.83,6.86,6.88,6.89,6.91,6.93,6.95,278.75,0.00,0.00,1.00,0.00,0.00,0.00,-1.00,0,None,1,aggregation
160,152.54,remora6,remora1,30.00,30.00,30.00,30.00,30.00,30.00,30.00,30.00,30.00,30.00,30.00,30.00,30.00,30.00,30.00,30.00,30.00,30.00,30.00,30.00,5.54,5.57,5.60,5.63,5.65,5.68,5.71,5.74,5.78,5.81,6.97,7.00,7.02,7.04,6.08,6.10,6.12,6.14,6.17,6.19,283.03,0.00,0.00,1.00,0.00,0.00,0.00,-1.00,0,None,1,aggregation
160,153.54,remora6,remora1,30.00,30.00,30.00,30.00,30.00,30.00,30.00,30.00,30.00,30.00,30.00,30.00,30.00,30.00,30.00,30.00,30.00,30.00,30.00,30.00,5.85,5.89,5.92,5.94,5.96,5.97,5.99,6.01,6.02,6.04,6.22,6.24,6.27,6.29,6.31,6.33,6.35,6.38,6.40,6.43,284.62,0.00,0.00,1.00,0.00,0.00,0.00,-1.00,0,None,1,aggregation
160,154.54,remora6,remora1,30.00,30.00,30.00,30.00,30.00,30.00,30.00,30.00,30.00,30.00,30.00,30.00,30.00,30.00,30.00,30.00,30.00,30.00,30.00,30.00,6.06,6.07,6.09,6.10,6.12,6.14,6.15,6.17,6.19,6.20,6.45,6.48,6.50,6.52,6.55,6.57,6.60,6.62,6.64,6.67,284.72,0.00,0.00,1.00,0.00,0.00,0.00,-1.00,0,None,1,aggregation
160,155.54,remora6,remora1,30.00,30.00,30.00,30.00,30.00,30.00,30.00,30.00,30.00,30.00,30.00,30.00,30.00,30.00,30.00,30.00,30.00,30.00,30.00,30.00,6.21,6.23,6.24,6.25,6.26,6.27,6.28,6.29,6.30,6.31,6.69,6.72,6.74,6.76,6.79,6.81,6.83,6.85,6.88,6.90,285.22,0.00,0.00,1.00,0.00,0.00,0.00,-1.00,0,None,1,aggregation
160,156.54,remora6,remora1,30.00,30.00,30.00,30.00,30.00,30.00,30.00,30.00,30.00,30.00,30.00,30.00,30.00,30.00,30.00,30.00,30.00,30.00,30.00,30.00,6.32,6.33,6.34,6.35,6.36,6.37,6.37,6.38,6.38,6.39,6.92,6.95,6.97,7.00,7.02,7.04,7.06,7.09,7.11,7.13,286.32,0.00,0.00,1.00,0.00,0.00,0.00,-1.00,0,None,1,aggregation
160,157.54,remora6,remora1,30.00,30.00,30.00,30.00,30.00,30.00,30.00,30.00,30.00,30.00,30.00,30.00,30.00,30.00,30.00,30.00,30.00,30.00,30.00,30.00,6.40,6.40,6.40,6.41,6.41,6.42,6.42,6.43,6.43,6.43,7.15,7.18,7.20,7.22,7.24,7.27,7.29,7.31,7.33,7.35,287.87,0.00,0.00,1.00,0.00,0.00,0.00,-1.00,0,None,1,aggregation
160,158.54,remora6,remora1,30.00,30.00,30.00,30.00,30.00,30.00,30.00,30.00,30.00,30.00,30.00,30.00,30.00,30.00,30.00,30.00,30.00,30.00,30.00,30.00,6.44,6.44,6.44,6.44,6.45,6.45,6.45,6.46,6.46,6.46,7.37,7.39,7.41,7.43,7.45,7.47,7.49,7.51,7.54,7.56,290.24,0.00,0.00,1.00,0.00,0.00,0.00,-1.00,0,None,1,aggregation
160,159.54,remora6,remora1,30.00,30.00,30.00,30.00,30.00,30.00,30.00,30.00,30.00,30.00,30.00,30.00,30.00,30.00,30.00,30.00,30.00,30.00,30.00,30.00,6.46,6.47,6.47,6.47,6.47,6.48,6.48,6.48,6.48,6.49,7.57,7.59,7.61,7.63,7.65,7.67,7.69,7.70,7.72,7.74,292.78,0.00,0.00,1.00,0.00,0.00,0.00,-1.00,0,None,1,aggregation
160,160.54,remora6,remora1,30.00,30.00,30.00,30.00,30.00,30.00,30.00,30.00,30.00,30.00,30.00,30.00,30.00,30.00,30.00,30.00,30.00,30.00,30.00,30.00,6.49,6.49,6.49,6.49,6.50,6.50,6.50,6.50,6.51,6.51,7.76,7.78,7.80,7.81,7.83,7.85,7.87,7.89,7.90,7.92,300.00,0.00,0.00,1.00,0.00,0.00,0.00,-1.00,0,None,1,aggregation
160,161.54,remora6,remora1,30.00,30.00,30.00,30.00,30.00,30.00,30.00,30.00,30.00,30.00,30.00,30.00,30.00,30.00,30.00,30.00,30.00,30.00,30.00,30.00,6.51,6.52,6.52,6.52,6.53,6.53,6.53,6.54,6.54,6.55,7.94,7.96,7.98,8.00,8.02,8.03,8.05,8.07,8.09,8.11,300.00,0.00,0.00,1.00,0.00,0.00,0.00,-1.00,0,None,1,aggregation
160,162.54,remora6,remora1,30.00,30.00,30.00,30.00,30.00,30.00,30.00,30.00,30.00,30.00,30.00,30.00,30.00,30.00,30.00,30.00,30.00,30.00,30.00,30.00,6.55,6.56,6.56,6.56,6.57,6.57,6.58,6.58,6.59,6.60,8.13,8.15,8.17,6.56,6.57,6.57,6.58,6.58,6.59,6.60,300.00,0.00,0.00,1.00,0.00,0.00,0.00,-1.00,0,None,1,aggregation
160,163.54,remora6,remora1,30.00,30.00,30.00,30.00,30.00,30.00,30.00,30.00,30.00,30.00,30.00,30.00,30.00,30.00,30.00,30.00,30.00,30.00,30.00,30.00,6.62,6.65,6.67,6.69,6.70,6.72,6.74,6.75,6.76,6.77,6.62,6.65,6.67,6.69,6.70,6.72,6.74,6.75,6.76,6.77,300.00,0.00,0.00,1.00,0.00,0.00,0.00,-1.00,0,None,1,aggregation
160,164.54,remora6,remora1,30.00,30.00,30.00,30.00,30.00,30.00,30.00,30.00,30.00,30.00,30.00,30.00,30.00,30.00,30.00,30.00,30.00,30.00,30.00,30.00,6.78,6.78,6.79,6.80,6.81,6.82,6.83,6.84,6.84,6.85,6.78,6.78,6.79,6.80,6.81,6.82,6.83,6.84,6.84,6.85,300.00,0.00,0.00,1.00,0.00,0.00,0.00,-1.00,0,None,1,aggregation
160,165.54,remora6,remora1,30.00,30.00,30.00,30.00,30.00,30.00,30.00,30.00,30.00,30.00,30.00,30.00,30.00,30.00,30.00,30.00,30.00,30.00,30.00,30.00,6.86,6.87,6.88,6.89,6.90,6.91,6.91,6.92,6.93,6.94,6.86,6.87,6.88,6.89,6.90,6.91,6.91,6.92,6.93,6.94,300.00,0.00,0.00,1.00,0.00,0.00,0.00,-1.00,0,None,1,aggregation
160,166.54,remora6,remora1,30.00,30.00,30.00,30.00,30.00,30.00,30.00,30.00,30.00,30.00,30.00,30.00,30.00,30.00,30.00,30.00,30.00,30.00,30.00,30.00,6.95,6.96,6.97,6.98,6.99,6.99,7.00,7.01,7.02,7.03,6.95,6.96,6.97,6.98,6.99,6.99,7.00,7.01,7.02,7.03,300.00,0.00,0.00,1.00,0.00,0.00,0.00,-1.00,0,None,1,aggregation
160,167.54,remora6,remora1,30.00,30.00,30.00,30.00,30.00,30.00,30.00,30.00,30.00,30.00,30.00,30.00,30.00,30.00,30.00,30.00,30.00,30.00,30.00,30.00,7.04,7.05,7.06,7.07,7.08,7.08,7.09,7.10,7.11,7.12,7.04,7.05,7.06,7.07,7.08,7.08,7.09,7.10,7.34,7.34,300.00,0.00,0.00,1.00,0.00,0.00,0.00,-1.00,0,None,1,aggregation
160,168.54,remora6,remora1,30.00,30.00,30.00,30.00,30.00,30.00,30.00,30.00,30.00,30.00,30.00,30.00,30.00,30.00,30.00,30.00,30.00,30.00,30.00,30.00,7.13,7.14,7.15,7.16,7.17,7.17,7.18,7.19,7.20,7.21,7.33,7.33,7.32,7.32,7.31,7.31,7.30,7.30,7.30,7.29,300.00,0.00,0.00,1.00,0.00,0.00,0.00,-1.00,0,None,1,aggregation
160,169.54,remora6,remora1,30.00,30.00,30.00,30.00,30.00,30.00,30.00,30.00,30.00,30.00,30.00,30.00,30.00,30.00,30.00,30.00,30.00,30.00,30.00,30.00,7.22,7.23,7.24,7.25,7.26,7.27,7.25,7.24,7.22,7.20,7.29,7.28,7.28,7.28,7.27,7.27,7.26,7.26,7.26,7.25,300.00,0.00,0.00,1.00,0.00,0.00,0.00,-1.00,0,None,1,aggregation
160,170.54,remora6,remora1,30.00,30.00,30.00,30.00,30.00,30.00,30.00,30.00,30.00,30.00,30.00,30.00,30.00,30.00,30.00,30.00,30.00,30.00,30.00,30.00,7.18,7.14,7.11,7.08,7.05,7.01,6.98,6.95,6.92,6.89,7.24,7.23,7.22,7.21,7.20,7.19,7.17,7.16,7.15,7.14,300.00,0.00,0.00,1.00,0.00,0.00,0.00,-1.00,0,None,1,aggregation
160,171.54,remora6,remora1,30.00,30.00,30.00,30.00,30.00,30.00,30.00,30.00,30.00,30.00,30.00,30.00,30.00,30.00,30.00,30.00,30.00,30.00,30.00,30.00,6.86,6.83,6.80,6.77,6.74,6.71,6.67,6.63,6.60,6.57,7.13,7.12,7.11,7.10,7.09,7.08,7.06,7.05,7.04,7.03,300.00,0.00,0.00,1.00,0.00,0.00,0.00,-1.00,0,None,1,aggregation
160,172.54,remora6,remora1,30.00,30.00,30.00,30.00,30.00,30.00,30.00,30.00,30.00,30.00,30.00,30.00,30.00,30.00,30.00,30.00,30.00,30.00,30.00,30.00,6.54,6.51,6.48,6.45,6.42,6.39,6.36,6.33,6.30,6.27,7.02,7.01,7.00,6.99,6.98,6.97,6.96,6.95,6.93,6.92,300.00,0.00,0.00,1.00,0.00,0.00,0.00,-1.00,0,None,1,aggregation
160,173.54,remora6,remora1,30.00,30.00,30.00,30.00,30.00,30.00,30.00,30.00,30.00,30.00,30.00,30.00,30.00,30.00,30.00,30.00,30.00,30.00,30.00,30.00,6.24,6.21,6.17,6.14,6.11,6.07,6.03,5.97,5.92,5.86,6.91,6.90,6.89,6.88,6.87,6.85,6.84,6.81,6.79,6.77,300.00,0.00,0.00,1.00,0.00,0.00,0.00,-1.00,0,None,1,aggregation
160,174.54,remora6,remora1,30.00,30.00,30.00,30.00,30.00,30.00,30.00,30.00,30.00,30.00,30.00,30.00,30.00,30.00,30.00,30.00,30.00,30.00,30.00,30.00,5.80,5.75,5.69,5.63,5.58,5.52,5.46,5.41,5.35,5.29,6.74,6.72,6.70,6.67,6.65,6.62,6.60,6.58,6.55,6.53,300.00,0.00,0.00,1.00,0.00,0.00,0.00,-1.00,0,None,1,aggregation
160,175.54,remora6,remora1,30.00,30.00,30.00,30.00,0.00,0.00,29.80,29.80,29.80,29.80,30.00,30.00,30.00,30.00,0.00,0.00,30.13,30.13,30.13,30.13,5.24,5.18,5.12,5.07,5.03,5.03,5.00,4.95,4.89,4.84,6.51,6.48,6.46,6.44,6.42,6.41,6.40,6.37,6.35,6.33,293.99,0.00,0.00,1.00,0.00,0.00,0.00,-1.00,0,None,1,aggregation
160,176.54,remora6,remora1,29.77,29.77,29.77,29.77,29.77,29.77,29.73,29.73,29.69,29.69,30.14,30.14,30.14,30.14,30.14,30.14,30.15,30.15,30.16,30.16,4.79,4.73,4.68,4.62,4.57,4.51,4.46,4.40,4.35,4.29,6.31,6.29,6.26,6.24,6.22,6.19,6.17,6.15,6.13,6.10,293.93,0.00,0.00,1.00,0.00,0.00,0.00,-1.00,0,None,1,aggregation
160,177.54,remora6,remora1,29.69,29.69,29.66,29.66,29.66,29.66,29.62,29.62,29.62,29.62,30.16,30.16,30.17,30.17,30.17,30.17,30.17,30.17,30.17,30.17,4.24,4.18,4.13,4.07,4.02,3.96,3.91,3.85,3.79,3.74,6.08,6.06,6.03,6.01,5.99,5.97,5.94,5.92,5.90,5.87,293.84,0.00,0.00,1.00,0.00,0.00,0.00,-1.00,0,None,1,aggregation
160,178.54,remora6,remora1,29.57,29.57,29.53,29.53,29.53,29.53,29.49,29.49,29.49,29.49,30.18,30.18,30.18,30.18,30.18,30.18,30.18,30.18,30.18,30.18,3.68,3.63,3.57,3.51,3.46,3.40,3.35,3.29,3.23,3.18,5.85,5.83,5.80,5.78,5.76,5.74,5.72,5.69,5.67,5.65,293.69,0.00,0.00,1.00,0.00,0.00,0.00,-1.00,0,None,1,aggregation
160,179.54,remora6,remora1,29.44,29.44,29.44,29.44,29.34,29.34,29.34,29.34,29.29,29.29,30.19,30.19,30.19,30.19,30.18,30.18,30.18,30.18,30.18,30.18,3.12,3.06,3.01,2.95,2.89,2.84,2.78,2.72,2.67,2.61,5.62,5.60,5.58,5.55,5.53,5.50,5.48,5.45,5.43,5.41,293.47,0.00,1.00,1.00,0.00,0.00,0.00,-1.00,0,None,1,aggregation
160,180.54,remora6,remora1,29.29,29.29,29.24,29.24,29.19,29.19,29.14,29.14,29.02,28.96,30.18,30.18,30.17,30.17,30.17,30.17,30.16,30.16,30.14,30.13,2.56,2.50,2.44,2.39,2.33,2.27,2.22,2.16,2.10,2.05,5.38,5.36,5.33,5.31,5.28,5.26,5.23,5.21,5.18,5.16,293.14,0.00,1.00,1.00,0.00,0.00,0.00,-1.00,0,None,1,aggregation
160,181.54,remora6,remora1,28.96,28.96,28.90,28.90,28.84,28.84,28.78,28.78,0.00,0.00,30.13,30.13,30.11,30.11,30.10,30.10,30.08,30.08,0.00,0.00,1.99,1.94,1.88,1.82,1.77,1.71,1.66,1.60,1.58,1.58,5.13,5.11,5.08,5.06,5.03,5.00,4.98,4.95,4.94,4.93,286.73,0.00,1.00,1.00,0.00,0.00,0.00,-1.00,0,None,1,aggregation
160,182.54,remora6,remora1,0.00,0.00,0.00,0.00,0.00,0.00,0.00,0.00,0.00,0.00,0.00,0.00,0.00,0.00,0.00,0.00,0.00,0.00,0.00,0.00,1.57,1.57,1.57,1.57,1.57,1.57,1.57,1.57,1.57,1.57,4.93,4.92,4.91,4.91,4.90,4.89,4.89,4.88,4.88,4.87,256.73,0.00,1.00,1.00,0.00,0.00,0.00,-1.00,0,None,1,aggregation
160,183.54,remora6,remora1,0.00,0.00,0.00,0.00,0.00,0.00,0.00,0.00,0.00,0.00,0.00,0.00,0.00,0.00,0.00,0.00,0.00,0.00,0.00,0.00,1.57,1.57,1.57,1.57,1.57,1.57,1.57,1.57,1.57,1.57,4.86,4.86,4.85,4.84,4.84,4.83,4.82,4.82,4.81,4.81,226.73,0.00,1.00,1.00,0.00,0.00,0.00,-1.00,0,None,1,aggregation
160,184.54,remora6,remora1,0.00,0.00,0.00,0.00,0.00,0.00,0.00,0.00,0.00,0.00,0.00,0.00,0.00,0.00,0.00,0.00,0.00,0.00,0.00,0.00,1.57,1.57,1.57,1.57,1.57,1.57,1.57,1.57,1.57,1.57,4.80,4.79,4.79,4.78,4.78,4.77,4.76,4.76,4.75,4.74,196.73,0.00,1.00,1.00,0.00,0.00,0.00,-1.00,0,None,1,aggregation
160,185.54,remora6,remora1,0.00,0.00,0.00,0.00,0.00,0.00,0.00,0.00,0.00,0.00,0.00,0.00,0.00,0.00,0.00,0.00,0.00,0.00,0.00,0.00,1.57,1.57,1.57,1.57,1.57,1.57,1.57,1.57,1.57,1.57,4.74,4.73,4.73,4.72,4.72,4.71,4.70,4.70,4.69,4.69,172.74,0.00,1.00,1.00,0.00,0.00,0.00,-1.00,0,None,1,aggregation
160,186.54,remora6,remora1,0.00,0.00,0.00,0.00,0.00,0.00,0.00,0.00,0.00,0.00,0.00,0.00,0.00,0.00,0.00,0.00,0.00,0.00,0.00,0.00,1.57,1.57,1.57,1.57,1.57,1.57,1.57,1.57,1.57,1.57,4.68,4.67,4.67,4.66,4.66,4.65,4.65,4.64,4.63,4.63,142.79,0.00,1.00,1.00,0.00,0.00,0.00,-1.00,0,None,1,aggregation
160,187.54,remora6,remora1,0.00,0.00,0.00,0.00,0.00,0.00,0.00,0.00,0.00,0.00,0.00,0.00,0.00,0.00,0.00,0.00,0.00,0.00,0.00,0.00,1.57,1.57,1.57,1.57,1.57,1.57,1.57,1.57,1.57,1.57,4.62,4.62,4.61,4.61,4.60,4.59,4.59,4.59,6.39,6.38,112.89,0.00,1.00,1.00,0.00,0.00,0.00,-1.00,0,None,1,aggregation
160,188.54,remora6,remora1,0.00,0.00,0.00,0.00,0.00,0.00,0.00,0.00,0.00,0.00,0.00,0.00,0.00,0.00,0.00,0.00,0.00,0.00,0.00,0.00,1.57,1.57,1.57,1.57,1.57,1.57,1.57,1.57,1.57,1.57,6.37,6.36,6.35,6.34,6.33,6.32,6.31,6.30,6.29,6.28,83.03,0.00,1.00,1.00,0.00,0.00,0.00,-1.00,0,None,1,aggregation
160,189.54,remora6,remora1,0.00,0.00,0.00,0.00,0.00,0.00,0.00,0.00,0.00,0.00,0.00,0.00,0.00,0.00,0.00,0.00,0.00,0.00,0.00,0.00,1.57,1.57,1.57,1.57,1.57,1.57,1.57,1.57,1.57,1.57,6.27,6.26,6.25,6.24,6.23,6.22,6.21,6.20,6.19,6.18,53.26,0.00,1.00,1.00,0.00,0.00,0.00,-1.00,0,None,1,aggregation
160,190.54,remora6,remora1,0.00,0.00,0.00,0.00,0.00,0.00,0.00,0.00,0.00,0.00,0.00,0.00,0.00,0.00,0.00,0.00,0.00,0.00,0.00,0.00,1.57,1.57,1.57,1.57,1.57,1.57,1.57,1.57,1.57,1.57,6.17,6.16,6.15,6.14,6.13,6.12,6.11,6.10,6.09,6.08,23.59,0.00,1.00,0.00,0.00,0.00,0.00,-1.00,0,None,1,aggregation
160,191.54,remora6,remora1,0.00,0.00,0.00,0.00,0.00,0.00,0.00,0.00,0.00,0.00,0.00,0.00,0.00,0.00,0.00,0.00,0.00,0.00,0.00,0.00,1.57,1.57,1.57,1.57,1.57,1.57,1.57,1.57,1.57,1.57,6.07,6.06,6.05,6.04,6.03,6.02,6.01,6.00,5.99,5.98,0.00,0.00,1.00,0.00,0.00,0.00,0.00,-1.00,0,None,1,aggregation
160,192.54,remora6,remora1,0.00,0.00,0.00,0.00,0.00,0.00,0.00,0.00,0.00,0.00,0.00,0.00,0.00,0.00,0.00,0.00,0.00,0.00,0.00,0.00,1.57,1.57,1.57,1.57,1.57,1.57,1.57,1.57,1.57,1.57,5.97,5.96,5.95,5.94,5.93,5.92,5.91,5.90,5.89,5.88,0.00,0.00,1.00,0.00,0.00,0.00,0.00,-1.00,0,None,1,aggregation
160,193.54,remora6,remora1,0.00,0.00,0.00,0.00,0.00,0.00,0.00,0.00,0.00,0.00,0.00,0.00,0.00,0.00,0.00,0.00,0.00,0.00,0.00,0.00,1.57,1.57,1.57,1.57,1.57,1.57,1.57,1.57,1.57,1.57,5.87,5.86,5.85,5.84,5.83,5.82,5.81,5.80,5.79,5.78,0.00,0.00,1.00,0.00,0.00,0.00,0.00,-1.00,0,None,1,aggregation
160,194.54,remora6,remora1,0.00,0.00,0.00,0.00,0.00,0.00,0.00,0.00,0.00,0.00,0.00,0.00,0.00,0.00,0.00,0.00,0.00,0.00,0.00,0.00,1.57,1.57,1.57,1.57,1.57,1.57,1.57,1.57,1.58,1.58,5.77,5.76,5.76,5.75,5.74,5.73,5.72,5.71,5.70,5.69,0.00,0.00,1.00,0.00,0.00,0.00,0.00,-1.00,0,None,1,aggregation
160,195.54,remora6,remora1,0.00,0.00,0.00,0.00,0.00,0.00,0.00,0.00,0.00,0.00,0.00,0.00,0.00,0.00,0.00,0.00,0.00,0.00,0.00,0.00,1.58,1.58,1.58,1.58,1.58,1.58,1.58,1.58,1.58,1.58,5.68,5.67,5.66,5.65,5.64,5.63,5.62,5.61,5.60,5.59,0.00,0.00,1.00,0.00,0.00,0.00,0.00,-1.00,0,None,1,aggregation
160,196.54,remora6,remora1,0.00,0.00,0.00,0.00,0.00,0.00,0.00,0.00,0.00,0.00,0.00,0.00,0.00,0.00,0.00,0.00,0.00,0.00,0.00,0.00,1.58,1.58,1.58,1.58,1.58,1.58,1.58,1.58,1.58,1.58,5.58,5.57,5.56,5.55,5.54,5.53,5.52,5.51,5.50,5.49,0.00,0.00,1.00,0.00,0.00,0.00,0.00,-1.00,0,None,1,aggregation
160,197.54,remora6,remora1,0.00,0.00,0.00,0.00,0.00,0.00,0.00,0.00,0.00,0.00,0.00,0.00,0.00,0.00,0.00,0.00,0.00,0.00,0.00,0.00,1.58,1.58,1.58,1.58,1.58,1.58,1.58,1.58,1.58,1.58,5.48,5.47,5.46,5.45,5.44,5.43,5.42,5.41,5.40,5.39,0.00,0.00,1.00,0.00,0.00,0.00,0.00,-1.00,0,None,1,aggregation
160,198.54,remora6,remora1,0.00,0.00,0.00,0.00,0.00,0.00,0.00,0.00,0.00,0.00,0.00,0.00,0.00,0.00,0.00,0.00,0.00,0.00,0.00,0.00,1.58,1.58,1.58,1.58,1.58,1.58,1.58,1.58,1.58,1.58,5.38,5.37,5.36,5.35,5.34,5.33,5.32,5.31,5.30,5.29,0.00,0.00,1.00,0.00,0.00,0.00,0.00,-1.00,0,None,1,aggregation
160,199.54,remora6,remora1,0.00,0.00,0.00,0.00,0.00,0.00,0.00,0.00,0.00,0.00,0.00,0.00,0.00,0.00,0.00,0.00,0.00,0.00,0.00,0.00,1.58,1.58,1.58,1.58,1.58,1.58,1.58,1.58,1.58,1.58,5.28,5.27,5.26,5.25,5.24,5.23,5.22,5.21,5.20,5.19,0.00,0.00,1.00,0.00,0.00,0.00,0.00,-1.00,0,None,1,aggregation
160,200.54,remora6,remora1,0.00,0.00,0.00,0.00,0.00,0.00,0.00,0.00,0.00,0.00,0.00,0.00,0.00,0.00,0.00,0.00,0.00,0.00,0.00,0.00,1.58,1.58,1.58,1.58,1.58,1.58,1.58,1.58,1.58,1.58,5.18,5.17,5.16,5.15,5.14,5.13,6.33,6.32,6.30,6.29,0.00,0.00,1.00,0.00,0.00,0.00,0.00,-1.00,0,None,1,aggregation
160,201.54,remora6,remora1,0.00,0.00,0.00,0.00,0.00,0.00,0.00,0.00,0.00,0.00,0.00,0.00,0.00,0.00,0.00,0.00,0.00,0.00,0.00,0.00,1.58,1.58,1.58,1.58,1.58,1.58,1.58,1.58,1.58,1.58,6.27,6.26,6.24,6.23,6.22,6.20,6.19,6.17,6.16,6.14,0.00,0.00,1.00,0.00,0.00,0.00,0.00,-1.00,0,None,1,aggregation
160,202.54,remora6,remora1,0.00,0.00,-23.72,-23.72,-23.55,-23.55,-23.10,-22.58,-22.58,-22.58,0.00,0.00,-34.18,-34.18,-34.01,-34.01,-33.56,-33.05,-33.05,-33.05,1.58,1.58,1.60,1.65,1.71,1.76,1.81,1.87,1.92,1.97,6.13,6.11,6.10,6.08,6.07,6.06,6.04,6.03,6.01,6.00,22.72,0.00,1.00,0.00,0.00,0.00,0.00,-1.00,0,None,1,aggregation
160,203.54,remora6,remora1,-22.00,-22.00,-21.26,-21.26,-20.17,-20.17,-19.16,-19.16,-17.95,-17.95,-32.47,-32.47,-31.73,-31.73,-30.63,-30.63,-29.63,-29.63,-28.41,-28.41,2.02,2.07,2.12,2.17,2.21,2.26,2.30,2.35,2.39,2.43,5.99,5.97,5.96,5.95,5.95,5.95,5.94,5.93,5.92,5.91,48.06,0.00,1.00,1.00,0.00,0.00,0.00,-1.00,0,None,1,aggregation
160,204.54,remora6,remora1,-16.51,-16.51,-14.75,-14.75,-13.04,-13.04,-11.17,-11.17,-9.22,-9.22,-26.97,-26.97,-25.22,-25.22,-23.50,-23.50,-21.63,-21.63,-19.69,-19.69,2.47,2.51,2.54,2.58,2.61,2.64,2.67,2.70,2.73,2.75,5.89,5.88,5.87,5.86,5.85,5.84,5.83,5.82,5.81,5.79,66.23,0.00,1.00,1.00,0.00,0.00,0.00,-1.00,0,None,1,aggregation
160,205.54,remora6,remora1,-6.89,-6.89,-4.77,-4.77,-2.17,-2.17,0.46,0.46,3.37,3.37,-17.35,-17.35,-15.23,-15.23,-12.64,-12.64,-10.00,-10.00,-7.10,-7.10,2.78,2.80,2.82,2.83,2.85,2.87,2.88,2.89,2.90,2.91,5.78,5.77,5.76,5.75,5.74,5.73,5.72,5.71,5.71,5.70,73.47,0.00,1.00,1.00,0.00,0.00,0.00,-1.00,0,None,1,aggregation
160,206.54,remora6,remora1,6.38,6.38,8.81,8.81,11.57,11.57,14.31,14.31,16.67,16.67,-3.80,-3.80,-0.76,-0.76,2.71,2.71,6.17,6.17,9.17,9.17,2.91,2.92,2.93,2.93,2.93,2.93,2.94,2.94,2.94,2.94,5.69,5.69,5.68,5.68,5.67,5.67,5.67,5.67,5.67,5.67,80.59,0.00,1.00,1.00,0.00,0.00,0.00,-1.00,0,None,1,aggregation
160,207.54,remora6,remora1,19.35,19.35,22.17,22.17,24.49,24.49,26.44,27.81,27.81,27.81,12.63,12.63,16.35,16.35,19.51,19.51,22.30,24.37,24.37,24.37,2.94,2.94,2.94,2.94,2.95,2.95,2.95,2.96,2.97,2.98,5.67,5.67,5.67,5.68,5.68,5.69,5.69,5.70,5.71,5.72,102.30,0.00,1.00,1.00,0.00,0.00,0.00,-1.00,0,None,1,aggregation
160,208.54,remora6,remora1,29.04,29.04,29.65,29.65,30.07,30.07,30.18,30.18,30.07,30.07,26.43,26.43,27.65,27.65,28.74,28.74,29.51,29.51,29.91,29.91,2.99,3.00,3.01,3.03,3.05,3.07,3.09,3.11,3.13,3.16,5.73,5.74,5.75,5.76,5.77,5.78,5.80,5.81,5.82,5.84,131.43,0.00,0.00,1.00,0.00,0.00,0.00,-1.00,0,None,1,aggregation
160,209.54,remora6,remora1,29.82,29.82,29.51,29.51,28.98,28.98,28.58,28.58,28.14,28.14,30.12,30.12,30.18,30.18,30.13,30.13,30.02,30.02,29.86,29.86,3.16,3.14,3.12,3.10,3.08,3.07,3.05,3.03,3.01,2.99,5.85,5.87,5.88,5.90,5.92,5.93,5.95,5.97,5.98,6.00,160.97,0.00,0.00,1.00,0.00,0.00,0.00,-1.00,0,None,1,aggregation
160,210.54,remora6,remora1,27.80,27.80,27.46,27.46,27.19,27.19,26.81,26.81,26.59,26.59,29.72,29.72,29.57,29.57,29.43,29.43,29.24,29.24,29.12,29.12,2.98,2.96,2.94,2.93,2.91,2.90,2.88,2.87,2.85,2.84,6.02,6.04,6.06,6.07,6.09,6.11,6.13,6.15,6.17,6.19,189.26,0.00,1.00,1.00,0.00,0.00,0.00,-1.00,0,None,1,aggregation
160,211.54,remora6,remora1,26.51,26.51,26.38,26.38,26.27,26.27,26.27,26.16,25.97,25.97,29.08,29.08,29.01,29.01,28.95,28.95,28.95,28.89,28.78,28.78,2.83,2.81,2.80,2.79,2.78,2.77,2.76,2.75,2.74,2.73,6.21,6.23,6.25,6.27,6.29,6.32,6.34,5.14,5.16,5.18,216.87,0.00,1.00,1.00,0.00,0.00,0.00,-1.00,0,None,1,aggregation
160,212.54,remora6,remora1,25.95,25.95,26.42,26.42,26.78,26.78,27.14,27.14,27.36,27.36,28.77,28.77,29.03,29.03,29.23,29.23,29.41,29.41,29.52,29.52,2.72,2.71,2.71,2.70,2.69,2.69,2.68,2.68,2.67,2.67,5.19,5.20,5.21,5.22,5.23,5.25,5.26,5.28,5.29,5.30,222.10,0.00,1.00,1.00,0.00,0.00,0.00,-1.00,0,None,1,aggregation
160,213.54,remora6,remora1,27.58,27.58,28.01,28.01,28.16,28.16,28.29,28.29,28.49,28.49,29.62,29.62,29.81,29.81,29.87,29.87,29.92,29.92,29.99,29.99,2.67,2.67,2.66,2.66,2.66,2.66,2.66,2.66,2.66,2.66,5.31,5.32,5.33,5.35,5.37,5.38,5.39,5.40,5.42,5.44,225.74,0.00,1.00,1.00,0.00,0.00,0.00,-1.00,0,None,1,aggregation
160,214.54,remora6,remora1,28.66,28.66,28.75,28.75,28.91,28.91,28.98,28.98,29.09,29.09,30.05,30.05,30.07,30.07,30.11,30.11,30.13,30.13,30.15,30.15,2.66,2.66,2.66,2.66,2.66,2.66,2.66,2.67,2.67,2.67,5.46,5.47,5.48,5.50,5.51,5.53,5.55,5.56,5.58,5.59,237.06,0.00,1.00,1.00,0.00,0.00,0.00,-1.00,0,None,1,aggregation
160,215.54,remora6,remora1,29.22,29.22,29.22,29.31,29.31,29.31,29.42,29.42,29.44,29.44,30.17,30.17,30.17,30.18,30.18,30.18,30.18,30.18,30.19,30.19,2.67,2.67,2.68,2.68,2.68,2.68,2.68,2.69,2.69,2.69,5.61,5.62,5.64,5.66,5.68,5.69,5.71,5.72,5.74,5.75,259.58,0.00,1.00,1.00,0.00,0.00,0.00,-1.00,0,None,1,aggregation
160,216.54,remora6,remora1,29.45,29.45,29.55,29.55,29.54,29.54,29.58,29.58,29.58,29.58,30.19,30.19,30.18,30.18,30.18,30.18,30.18,30.18,30.18,30.18,2.69,2.70,2.70,2.70,2.71,2.71,2.71,2.71,2.72,2.72,5.77,5.79,5.81,5.82,5.84,5.86,5.87,5.89,5.91,5.92,282.32,0.00,1.00,1.00,0.00,0.00,0.00,-1.00,0,None,1,aggregation
160,217.54,remora6,remora1,29.65,29.65,29.73,29.73,29.73,29.80,29.80,29.80,29.87,29.87,30.17,30.17,30.15,30.15,30.15,30.13,30.13,30.13,30.10,30.10,2.72,2.73,2.73,2.73,2.73,2.74,2.74,2.74,2.75,2.75,5.94,5.95,5.97,3.97,3.98,3.99,4.01,4.02,4.03,4.05,290.56,0.00,1.00,1.00,0.00,0.00,0.00,-1.00,0,None,1,aggregation
160,218.54,remora6,remora1,29.92,29.92,29.92,29.92,29.98,29.98,30.02,30.02,30.06,30.06,30.06,30.06,30.06,30.06,30.02,30.02,29.98,29.98,29.92,29.92,2.75,2.76,2.76,2.76,2.77,2.77,2.77,2.78,2.78,2.78,4.06,4.07,4.07,4.08,4.09,4.11,4.12,4.68,4.68,4.69,291.43,0.00,1.00,1.00,0.00,0.00,0.00,-1.00,0,None,1,aggregation
160,219.54,remora6,remora1,30.08,30.08,30.10,30.10,30.11,30.11,30.13,30.13,30.15,30.15,29.90,29.90,29.87,29.87,29.83,29.83,29.80,29.80,29.73,29.73,2.79,2.79,2.79,2.80,2.80,2.80,2.81,2.81,2.81,2.82,4.70,4.71,4.72,4.73,4.74,4.75,4.76,4.77,4.78,4.79,291.86,0.00,1.00,1.00,0.00,0.00,0.00,-1.00,0,None,1,aggregation
160,220.54,remora6,remora1,30.15,30.15,30.16,-1.62,-1.62,-1.37,-1.37,-1.37,-0.93,-0.93,29.73,29.73,29.69,-17.31,-17.31,-17.07,-17.07,-17.07,-16.63,-16.63,2.82,2.83,2.83,2.83,2.81,2.78,2.74,2.71,2.67,2.64,4.81,4.82,4.83,4.85,4.84,4.83,4.81,4.79,4.78,4.76,278.96,0.00,1.00,1.00,0.00,0.00,0.00,-1.00,0,None,1,aggregation
160,221.54,remora6,remora1,-0.40,-0.40,0.22,0.22,27.03,27.03,1.18,1.18,1.64,2.47,-16.09,-16.09,-15.47,-15.47,29.35,29.35,-14.51,-14.51,-14.06,-13.22,2.60,2.57,2.54,2.50,2.49,2.48,2.47,2.44,2.41,2.37,4.75,4.74,4.72,4.71,4.70,4.71,4.71,4.70,4.68,4.67,262.66,0.00,1.00,1.00,1.00,1.00,0.00,-1.00,0,None,1,aggregation
160,222.54,remora6,remora1,2.47,3.36,3.36,3.36,21.12,21.12,20.66,20.66,4.44,4.95,-13.22,-12.33,-12.33,-12.33,25.64,25.64,25.31,25.31,-11.26,-10.75,2.34,2.31,2.28,2.26,2.23,2.22,2.22,2.21,2.19,2.17,4.66,4.65,4.64,4.63,4.63,4.63,4.63,4.63,4.63,4.62,246.48,0.00,1.00,1.00,1.00,1.00,0.00,-1.00,0,None,1,aggregation
160,223.54,remora6,remora1,4.95,4.95,5.94,6.96,6.96,7.92,7.92,12.12,12.12,12.12,-10.75,-10.75,-9.76,-8.74,-8.74,-7.64,-7.64,18.96,18.96,18.96,2.14,2.11,2.09,2.06,2.04,2.01,1.99,1.97,1.95,1.93,4.61,4.61,4.60,4.59,4.59,4.58,4.57,4.56,4.56,4.56,223.15,0.00,1.00,1.00,1.00,1.00,0.00,-1.00,0,None,1,aggregation
160,224.54,remora6,remora1,12.73,12.73,14.69,14.69,16.74,16.74,18.51,18.51,20.18,20.18,19.42,19.42,20.92,20.92,22.46,22.46,23.77,23.77,24.97,24.97,1.92,1.91,1.89,1.88,1.87,1.86,1.86,1.85,1.85,1.84,4.56,4.56,4.56,4.55,4.55,4.56,4.56,4.56,4.57,4.57,213.10,0.00,1.00,1.00,0.00,0.00,0.00,-1.00,0,None,1,aggregation
160,136.54,remora6,remora5,0.00,0.00,0.00,0.00,0.00,0.00,0.00,0.00,0.00,0.00,0.00,0.00,0.00,0.00,0.00,0.00,0.00,0.00,0.00,0.00,3.90,3.92,3.95,3.97,3.99,4.01,4.03,4.05,4.07,4.09,7.01,7.03,7.04,7.05,7.06,7.08,7.09,7.10,7.11,7.13,0.00,0.00,1.00,0.00,0.00,0.00,0.00,-1.00,0,None,0,aggregation
160,137.54,remora6,remora5,0.00,0.00,0.00,0.00,0.00,0.00,0.00,0.00,0.00,0.00,0.00,0.00,0.00,0.00,0.00,0.00,0.00,0.00,0.00,0.00,4.11,4.14,4.16,4.18,4.20,4.21,4.23,4.25,4.27,4.29,7.14,7.15,7.16,7.17,7.19,7.20,7.21,7.22,7.23,7.25,0.00,0.00,0.00,0.00,0.00,0.00,0.00,-1.00,0,None,0,aggregation
160,138.54,remora6,remora5,0.00,0.00,0.00,0.00,0.00,0.00,0.00,0.00,0.00,0.00,0.00,0.00,0.00,0.00,0.00,0.00,0.00,0.00,0.00,0.00,4.31,4.33,4.34,4.36,4.38,4.40,4.41,4.43,4.44,4.46,7.26,7.27,7.28,7.29,7.30,7.31,7.32,7.33,7.34,6.46,0.00,0.00,0.00,0.00,0.00,0.00,0.00,-1.00,0,None,0,aggregation
160,139.54,remora6,remora5,0.00,0.00,0.00,0.00,0.00,0.00,0.00,0.00,0.00,0.00,0.00,0.00,0.00,0.00,0.00,0.00,0.00,0.00,0.00,0.00,4.47,4.49,4.50,4.52,4.53,4.54,4.56,4.57,4.58,4.60,6.47,6.47,6.47,6.48,6.48,6.48,6.49,6.49,6.49,6.50,0.00,0.00,0.00,0.00,0.00,0.00,0.00,-1.00,0,None,0,aggregation
160,140.54,remora6,remora5,0.00,0.00,0.00,0.00,0.00,0.00,21.25,21.25,21.53,21.53,0.00,0.00,0.00,0.00,0.00,0.00,25.72,25.72,25.92,25.92,4.61,4.62,4.63,4.64,4.65,4.67,4.67,4.66,4.65,4.64,6.50,6.50,6.50,6.51,6.51,6.51,6.51,6.49,7.36,7.33,9.44,0.00,0.00,0.00,0.00,0.00,0.00,-1.00,0,None,0,aggregation
160,141.54,remora6,remora5,22.41,22.41,23.09,23.09,23.85,23.85,24.21,24.21,24.49,24.49,26.52,26.52,26.98,26.98,27.48,27.48,27.71,27.71,27.88,27.88,4.62,4.61,4.60,4.58,4.57,4.56,4.54,4.53,4.51,4.50,7.31,7.29,7.27,7.25,7.23,7.21,7.18,7.16,7.14,7.12,34.91,0.00,0.00,0.00,0.00,0.00,0.00,-1.00,0,None,0,aggregation
160,142.54,remora6,remora5,25.01,25.01,25.31,25.31,25.53,25.53,25.84,25.84,25.96,25.96,28.21,28.21,28.39,28.39,28.52,28.52,28.71,28.71,28.77,28.77,4.49,4.47,4.46,4.44,4.43,4.42,4.40,4.39,4.38,4.36,7.10,7.08,7.06,7.03,7.01,6.99,6.97,6.95,6.93,6.91,61.93,0.00,0.00,1.00,0.00,0.00,0.00,-1.00,0,None,0,aggregation
160,143.54,remora6,remora5,26.14,26.14,26.30,26.30,26.48,26.48,26.44,26.44,26.49,26.49,28.87,28.87,28.97,28.97,29.06,29.06,29.04,29.04,29.07,29.07,4.35,4.34,4.32,4.31,4.30,4.29,4.28,4.27,4.26,4.25,6.89,6.87,6.84,6.82,6.80,6.78,6.76,6.74,6.72,6.69,89.62,0.00,0.00,1.00,0.00,0.00,0.00,-1.00,0,None,0,aggregation
160,144.54,remora6,remora5,26.63,26.63,26.70,26.70,26.65,26.65,26.75,26.75,26.73,26.73,29.14,29.14,29.18,29.18,29.16,29.16,29.21,29.21,29.20,29.20,4.24,4.23,4.23,4.22,4.21,4.21,4.20,4.20,4.20,4.19,6.67,6.65,6.63,6.61,6.59,6.57,6.55,6.53,6.51,6.49,117.55,0.00,0.00,1.00,0.00,0.00,0.00,-1.00,0,None,0,aggregation
160,145.54,remora6,remora5,26.68,26.68,26.69,26.69,26.61,26.61,26.54,26.54,26.72,26.72,29.17,29.17,29.18,29.18,29.13,29.13,29.09,29.09,29.19,29.19,4.19,4.19,4.19,4.19,4.19,4.19,4.20,4.20,4.20,4.21,6.46,6.44,6.42,6.40,6.38,6.36,6.35,6.33,6.31,6.29,145.45,0.00,0.00,1.00,0.00,0.00,0.00,-1.00,0,None,0,aggregation
160,146.54,remora6,remora5,26.87,26.87,26.99,26.99,26.91,26.91,26.98,26.98,26.95,26.95,29.27,29.27,29.33,29.33,29.29,29.29,29.33,29.33,29.31,29.31,4.22,4.22,4.23,4.24,4.25,4.26,4.27,4.29,4.30,4.31,6.27,6.25,6.23,6.21,6.19,6.17,6.16,6.14,6.12,6.10,173.57,0.00,0.00,1.00,0.00,0.00,0.00,-1.00,0,None,0,aggregation
160,147.54,remora6,remora5,27.17,27.17,26.97,26.97,26.90,26.90,27.49,27.49,27.00,27.00,29.42,29.42,29.32,29.32,29.29,29.29,29.58,29.58,29.34,29.34,4.33,4.35,4.36,4.38,4.40,4.42,4.44,4.46,4.44,4.42,6.08,6.07,6.05,6.03,6.02,6.00,5.98,5.96,5.95,5.93,201.82,0.00,0.00,1.00,0.00,0.00,0.00,-1.00,0,None,0,aggregation
160,148.54,remora6,remora5,27.27,27.27,26.94,26.94,27.17,27.17,27.28,27.28,27.44,27.44,29.48,29.48,29.31,29.31,29.43,29.43,29.48,29.48,29.56,29.56,4.39,4.36,4.33,4.30,4.28,4.25,4.22,4.19,4.16,4.14,5.92,5.90,5.89,5.87,5.86,5.84,5.83,5.82,5.80,5.79,230.16,0.00,0.00,1.00,0.00,0.00,0.00,-1.00,0,None,0,aggregation
160,149.54,remora6,remora5,25.01,25.01,-4.90,-4.90,-35.18,-35.18,27.73,27.73,6.00,6.00,28.21,28.21,5.50,5.50,-24.72,-24.72,24.25,24.25,-4.27,-4.27,4.11,4.09,4.07,4.07,4.08,4.10,4.10,4.08,4.06,4.06,5.78,6.61,6.61,6.61,5.78,5.79,5.80,5.79,5.79,5.80,246.90,0.00,0.00,1.00,1.00,0.00,1.00,-1.00,0,None,0,aggregation
160,150.54,remora6,remora5,-18.39,-18.39,-3.85,-3.85,7.37,7.37,12.74,12.74,8.14,8.14,-28.85,-28.85,-14.32,-14.32,-2.56,-2.56,4.18,4.18,-1.60,-1.60,4.07,4.08,4.10,4.10,4.10,4.09,4.08,4.07,4.05,4.04,5.80,5.82,5.83,5.84,5.85,5.85,5.85,5.85,5.85,5.84,246.83,0.00,0.00,1.00,0.00,0.00,0.00,-1.00,0,None,0,aggregation
160,151.54,remora6,remora5,9.95,9.95,6.81,6.81,0.90,0.90,0.59,0.59,3.15,3.15,0.67,0.67,-3.25,-3.25,-9.57,-9.57,-9.88,-9.88,-7.31,-7.31,4.03,4.02,4.01,4.00,4.00,3.99,3.99,3.99,3.98,3.98,5.84,5.84,5.84,5.84,5.85,5.85,5.86,5.86,5.87,5.88,224.99,0.00,0.00,1.00,0.00,0.00,0.00,-1.00,0,None,0,aggregation
160,152.54,remora6,remora5,6.09,6.09,7.37,7.37,19.00,19.00,-8.29,-8.29,-12.77,-12.77,-4.16,-4.16,-2.56,-2.56,12.18,12.18,-18.76,-18.76,-23.23,-23.23,3.97,3.96,3.95,3.94,3.92,3.90,3.89,3.89,3.90,3.90,5.88,5.88,5.88,5.89,5.88,5.87,5.88,5.89,5.90,5.92,208.07,0.00,0.00,1.00,0.00,0.00,0.00,-1.00,0,None,0,aggregation
160,153.54,remora6,remora5,-18.94,-18.94,-2.56,-2.56,8.83,8.83,-23.00,-23.00,-18.77,-18.77,-29.41,-29.41,7.37,7.37,16.41,16.41,-12.53,-12.53,-8.30,-8.30,3.91,3.92,3.93,3.91,3.90,3.87,3.87,3.87,3.87,3.87,5.94,5.96,5.97,5.98,5.97,5.97,5.97,5.99,6.01,6.02,194.48,0.00,0.00,1.00,1.00,0.00,1.00,-1.00,0,None,0,aggregation
160,154.54,remora6,remora5,1.36,1.36,0.35,0.35,-9.24,-9.24,-19.10,-19.10,-3.14,-3.14,10.50,10.50,9.70,9.70,1.23,1.23,-8.64,-8.64,6.90,6.90,3.86,3.85,3.83,3.81,3.80,3.79,3.79,3.79,3.78,3.77,6.03,6.02,6.02,6.02,6.02,6.03,6.04,6.05,6.06,6.06,172.69,0.00,0.00,1.00,0.00,0.00,0.00,-1.00,0,None,0,aggregation
160,155.54,remora6,remora5,-4.11,-4.11,-2.16,-2.16,-7.39,-7.39,-13.14,-13.14,-4.13,-4.13,6.13,6.13,7.69,7.69,3.08,3.08,-2.68,-2.68,6.12,6.12,3.76,3.75,3.74,3.74,3.73,3.72,3.72,3.72,3.72,3.72,5.50,5.51,5.51,5.52,5.52,5.53,5.54,5.55,5.56,5.56,147.76,0.00,0.00,1.00,0.00,0.00,0.00,-1.00,0,None,0,aggregation
160,156.54,remora6,remora5,1.83,1.83,1.96,1.96,-8.27,-8.27,-6.52,-6.52,-3.49,-3.49,10.88,10.88,10.98,10.98,2.20,2.20,3.95,3.95,6.63,6.63,3.71,3.70,3.69,3.68,3.67,3.67,3.67,3.67,3.66,3.66,5.57,5.57,5.58,5.58,5.58,5.59,5.60,5.61,5.61,5.62,123.38,0.00,0.00,1.00,0.00,0.00,0.00,-1.00,0,None,0,aggregation
160,157.54,remora6,remora5,-4.84,-4.84,-3.88,-3.88,-2.10,-2.10,-5.63,-5.63,-5.63,-9.89,5.55,5.55,6.31,6.31,7.73,7.73,4.83,4.83,4.83,0.57,3.65,3.65,3.65,3.64,3.64,3.63,3.63,3.63,3.63,3.63,5.63,5.63,5.64,5.65,5.66,5.67,5.67,5.68,5.69,5.70,96.59,0.00,0.00,1.00,0.00,0.00,0.00,-1.00,0,None,0,aggregation
160,228.54,remora6,remora8,30.00,30.00,30.00,30.00,30.00,30.00,30.00,30.00,30.00,30.00,30.00,30.00,30.00,30.00,30.00,30.00,30.00,30.00,30.00,30.00,6.06,6.07,6.09,6.10,6.12,6.14,6.15,6.17,6.18,6.20,7.72,7.71,7.69,7.68,7.66,7.64,7.63,7.61,7.59,7.58,300.00,0.00,0.00,1.00,0.00,0.00,0.00,-1.00,0,None,0,aggregation
160,229.54,remora6,remora8,30.00,30.00,30.00,30.00,30.00,30.00,30.00,30.00,30.00,30.00,30.00,30.00,30.00,30.00,30.00,30.00,30.00,30.00,30.00,30.00,6.22,6.23,6.25,6.27,6.28,6.30,6.32,6.33,6.35,6.37,7.56,7.54,7.53,7.51,7.49,7.48,7.46,7.45,7.43,7.42,300.00,0.00,0.00,1.00,0.00,0.00,0.00,-1.00,0,None,0,aggregation
160,230.54,remora6,remora8,30.00,30.00,30.00,30.00,30.00,30.00,30.00,30.00,30.00,30.00,30.00,30.00,30.00,30.00,30.00,30.00,30.00,30.00,30.00,30.00,6.39,6.40,6.42,6.44,6.45,6.42,6.39,6.37,6.34,6.31,7.41,7.39,7.38,7.36,7.35,7.34,7.32,7.31,7.30,7.28,300.00,0.00,0.00,1.00,0.00,0.00,0.00,-1.00,0,None,0,aggregation
160,231.54,remora6,remora8,30.00,30.00,30.00,30.00,30.00,30.00,30.00,30.00,30.00,30.00,30.00,30.00,30.00,30.00,30.00,30.00,30.00,30.00,30.00,30.00,6.28,6.24,6.21,6.18,6.15,6.12,6.08,6.05,6.01,5.98,7.27,7.25,7.23,7.21,7.19,7.17,7.15,7.13,7.11,7.09,300.00,0.00,0.00,1.00,0.00,0.00,0.00,-1.00,0,None,0,aggregation
160,232.54,remora6,remora8,30.00,30.00,30.00,30.00,30.00,30.00,30.00,30.00,30.00,30.00,30.00,30.00,30.00,30.00,30.00,30.00,30.00,30.00,30.00,30.00,5.94,5.90,5.86,5.82,5.79,5.75,5.71,5.66,5.62,5.58,7.07,7.05,7.03,7.01,6.99,6.97,6.95,6.93,6.91,6.89,300.00,0.00,0.00,1.00,0.00,0.00,0.00,-1.00,0,None,0,aggregation
160,233.54,remora6,remora8,30.00,30.00,30.00,30.00,30.00,30.00,30.00,30.00,30.00,30.00,30.00,30.00,30.00,30.00,30.00,30.00,30.00,30.00,30.00,30.00,5.54,5.49,5.45,5.41,5.36,5.32,5.27,5.23,5.18,5.13,6.87,6.85,6.83,6.81,6.79,6.77,6.75,6.74,6.72,6.70,300.00,0.00,0.00,1.00,0.00,0.00,0.00,-1.00,0,None,0,aggregation
160,234.54,remora6,remora8,0.00,0.00,29.80,29.80,29.80,29.80,29.80,29.80,29.86,29.86,0.00,0.00,30.13,30.13,30.13,30.13,30.13,30.13,30.10,30.10,5.10,5.08,5.05,5.01,4.97,4.92,4.87,4.83,4.78,4.73,6.69,6.68,6.66,6.64,6.62,6.60,6.57,6.55,6.53,6.51,293.97,0.00,0.00,1.00,0.00,0.00,0.00,-1.00,0,None,0,aggregation
160,235.54,remora6,remora8,29.86,29.86,29.98,29.98,30.06,30.06,30.13,30.13,30.16,30.16,30.10,30.10,30.02,30.02,29.93,29.93,29.80,29.80,29.71,29.71,4.69,4.64,4.59,4.55,4.50,4.46,4.42,4.37,4.33,4.28,6.48,6.46,6.44,6.41,6.39,6.37,6.35,6.32,6.30,6.28,293.95,0.00,0.00,1.00,0.00,0.00,0.00,-1.00,0,None,0,aggregation
160,236.54,remora6,remora8,30.15,30.15,30.16,30.16,30.17,30.17,30.17,30.17,30.18,30.18,29.74,29.74,29.68,29.68,29.62,29.62,29.64,29.64,29.58,29.58,4.24,4.20,4.15,4.11,4.07,4.03,3.99,3.95,3.90,3.86,6.26,6.24,6.21,6.19,6.17,6.15,6.13,6.10,6.08,6.06,293.86,0.00,0.00,1.00,0.00,0.00,0.00,-1.00,0,None,0,aggregation
160,237.54,remora6,remora8,30.18,30.18,30.18,30.18,30.18,30.18,30.18,30.18,30.17,30.17,29.60,29.60,29.60,29.60,29.60,29.60,29.59,29.59,29.65,29.65,3.82,3.78,3.74,3.70,3.66,3.62,3.58,3.54,3.50,3.46,6.04,6.02,6.00,5.98,5.95,5.93,5.91,5.89,5.87,6.68,293.75,0.00,0.00,1.00,0.00,0.00,0.00,-1.00,0,None,0,aggregation
160,238.54,remora6,remora8,30.17,30.17,30.17,30.17,30.15,30.15,30.18,30.18,30.18,30.18,29.66,29.66,29.66,29.66,29.72,29.72,29.60,29.60,29.58,29.58,3.42,3.38,3.35,3.31,3.27,3.23,3.20,3.16,3.12,3.09,6.66,6.63,6.61,6.59,6.57,6.55,6.52,6.50,6.48,6.46,293.65,0.00,0.00,1.00,0.00,0.00,0.00,-1.00,0,None,0,aggregation
160,239.54,remora6,remora8,30.18,30.18,30.18,30.18,30.19,30.19,30.18,30.18,30.18,30.18,29.54,29.54,29.49,29.49,29.43,29.43,29.38,29.38,29.41,29.41,3.05,3.01,2.98,2.94,2.91,2.88,2.84,2.81,2.78,2.75,6.44,6.42,6.40,6.38,6.36,6.34,6.32,6.30,6.28,6.26,293.47,0.00,1.00,1.00,0.00,0.00,0.00,-1.00,0,None,0,aggregation
160,240.54,remora6,remora8,30.18,30.18,30.19,30.19,30.18,30.18,30.18,30.18,30.18,30.18,29.41,29.41,29.43,29.43,29.49,29.49,29.55,29.55,29.54,29.54,2.72,2.69,2.66,2.63,2.60,2.57,2.55,2.52,2.50,2.47,6.24,6.22,6.20,6.18,6.16,6.15,6.13,6.11,6.09,6.08,293.31,0.00,1.00,1.00,0.00,0.00,0.00,-1.00,0,None,0,aggregation
160,241.54,remora6,remora8,30.18,30.18,30.16,30.16,30.15,30.15,30.14,30.14,30.13,30.13,29.60,29.60,29.67,29.67,29.73,29.73,29.75,29.75,29.80,29.80,2.45,2.43,2.41,2.39,2.37,2.35,2.33,2.32,2.30,2.29,6.06,6.04,6.03,6.01,6.00,5.98,5.97,5.95,5.94,5.92,293.24,0.00,1.00,1.00,0.00,0.00,0.00,-1.00,0,None,0,aggregation
160,242.54,remora6,remora8,30.11,30.11,30.08,30.08,30.06,30.06,30.05,30.05,30.01,30.01,29.85,29.85,29.89,29.89,29.93,29.93,29.95,29.95,29.99,29.99,2.28,2.27,2.26,2.25,2.24,2.23,2.23,2.22,2.22,2.22,5.91,5.90,5.88,5.87,5.86,5.85,5.83,5.82,5.81,5.80,293.23,0.00,1.00,1.00,0.00,0.00,0.00,-1.00,0,None,0,aggregation
160,243.54,remora6,remora8,29.95,29.95,29.90,29.90,29.83,29.83,29.86,29.86,29.87,29.87,30.04,30.04,30.08,30.08,30.12,30.12,30.10,30.10,30.10,30.10,2.22,2.22,2.22,2.23,2.23,2.23,2.24,2.25,2.26,2.26,5.80,5.79,5.78,5.77,5.77,5.76,5.76,5.75,5.75,5.74,293.21,0.00,1.00,1.00,0.00,0.00,0.00,-1.00,0,None,0,aggregation
160,244.54,remora6,remora8,29.93,29.93,29.99,29.99,29.98,29.98,30.03,30.03,30.10,30.10,30.06,30.06,30.01,30.01,30.02,30.02,29.97,29.97,29.87,29.87,2.27,2.28,2.30,2.31,2.32,2.33,2.35,2.36,2.38,2.40,5.74,4.98,4.97,4.95,4.94,4.92,4.91,4.89,4.88,4.87,299.23,0.00,1.00,1.00,0.00,0.00,0.00,-1.00,0,None,0,aggregation
160,245.54,remora6,remora8,30.15,30.15,30.18,30.18,30.19,30.19,30.18,30.18,30.12,30.12,29.73,29.73,29.60,29.60,29.45,29.45,29.31,29.31,28.94,28.94,2.41,2.43,2.45,2.47,2.48,2.50,2.52,2.54,2.56,2.58,4.85,4.84,4.83,4.81,4.80,4.79,4.77,4.76,4.75,4.73,299.04,0.00,1.00,1.00,0.00,0.00,0.00,-1.00,0,None,0,aggregation
160,246.54,remora6,remora8,30.05,30.05,29.92,29.92,29.66,29.66,29.48,29.48,29.12,29.12,28.67,28.67,28.29,28.29,27.67,27.67,27.27,27.27,26.59,26.59,2.61,2.63,2.65,2.67,2.69,2.72,2.74,2.76,2.78,2.81,4.72,4.71,4.70,4.68,4.67,4.66,4.65,4.63,4.62,4.61,297.81,0.00,1.00,1.00,0.00,0.00,0.00,-1.00,0,None,0,aggregation
160,247.54,remora6,remora8,28.64,28.64,28.24,28.24,27.63,27.63,27.14,27.14,26.59,26.59,25.74,25.74,25.06,25.06,24.09,24.09,23.33,23.33,22.51,22.51,2.83,2.85,2.88,2.90,2.93,2.95,2.98,3.00,3.03,3.05,4.60,4.59,4.58,4.57,4.56,4.55,4.54,4.54,4.53,4.52,293.81,0.00,1.00,1.00,0.00,0.00,0.00,-1.00,0,None,0,aggregation
160,248.54,remora6,remora8,26.34,26.34,25.87,25.87,25.32,25.32,24.91,24.91,24.47,24.47,22.14,22.14,21.46,21.46,20.68,20.68,20.10,20.10,19.48,19.48,3.08,3.11,3.13,3.16,3.19,3.22,3.25,3.28,3.30,3.33,4.51,4.51,4.51,4.50,4.50,4.50,4.49,4.48,4.48,4.47,286.98,0.00,0.00,1.00,0.00,0.00,0.00,-1.00,0,None,0,aggregation
160,249.54,remora6,remora8,24.64,24.64,24.96,24.96,25.35,25.35,25.86,25.86,26.00,26.00,19.72,19.72,20.16,20.16,20.72,20.72,21.44,21.44,21.65,21.65,3.36,3.39,3.43,3.46,3.46,3.45,3.45,3.45,3.44,3.43,4.47,4.46,4.46,4.46,4.45,4.45,4.44,4.44,4.43,4.43,280.22,0.00,0.00,1.00,0.00,0.00,0.00,-1.00,0,None,0,aggregation
160,250.54,remora6,remora8,26.27,26.27,26.63,26.63,26.69,26.69,26.80,26.80,27.00,27.00,22.04,22.04,22.57,22.57,22.67,22.67,22.82,22.82,23.12,23.12,3.43,3.42,3.42,3.41,3.40,3.40,3.39,3.38,3.38,3.37,4.43,4.43,4.43,4.43,4.43,4.43,4.43,4.43,4.43,4.43,275.04,0.00,0.00,1.00,0.00,0.00,0.00,-1.00,0,None,0,aggregation
160,251.54,remora6,remora8,27.24,27.24,27.46,27.46,27.63,27.63,27.86,27.86,28.02,28.02,23.49,23.49,23.83,23.83,24.09,24.09,24.45,24.45,24.71,24.71,3.36,3.35,3.34,3.34,3.33,3.32,3.31,3.30,3.29,3.28,4.43,4.43,4.43,4.43,4.43,4.43,4.43,4.43,4.44,4.45,270.99,0.00,0.00,1.00,0.00,0.00,0.00,-1.00,0,None,0,aggregation
160,252.54,remora6,remora8,28.22,28.22,28.24,28.24,28.53,28.53,28.69,28.69,28.80,28.80,25.04,25.04,25.06,25.06,25.55,25.55,25.82,25.82,26.01,26.01,3.27,3.26,3.25,3.24,3.23,3.22,3.21,3.20,3.19,3.18,4.45,4.45,4.46,4.46,4.46,4.47,4.47,4.47,4.48,4.48,268.00,0.00,0.00,1.00,0.00,0.00,0.00,-1.00,0,None,0,aggregation
160,253.54,remora6,remora8,28.91,28.91,28.93,28.93,28.99,28.99,28.99,28.99,29.14,29.14,26.19,26.19,26.23,26.23,26.35,26.35,26.34,26.34,26.63,26.63,3.17,3.16,3.15,3.14,3.13,3.11,3.10,3.09,3.08,3.07,4.48,4.49,4.50,4.50,4.51,4.52,4.52,4.53,4.53,4.54,265.68,0.00,0.00,1.00,0.00,0.00,0.00,-1.00,0,None,0,aggregation
160,254.54,remora6,remora8,29.22,29.22,0.00,0.00,0.00,0.00,0.00,0.00,0.00,0.00,26.78,26.78,0.00,0.00,0.00,0.00,0.00,0.00,0.00,0.00,3.06,3.05,3.04,3.04,3.04,3.04,3.04,3.04,3.04,3.04,4.55,4.56,4.57,4.58,4.58,4.58,4.58,4.59,4.59,4.59,241.29,0.00,0.00,1.00,0.00,0.00,0.00,-1.00,0,None,0,aggregation
160,255.54,remora6,remora8,0.00,0.00,0.00,0.00,0.00,0.00,0.00,0.00,0.00,0.00,0.00,0.00,0.00,0.00,0.00,0.00,0.00,0.00,0.00,0.00,3.04,3.04,3.04,3.04,3.04,3.04,3.04,3.04,3.04,3.04,4.59,4.59,4.60,4.60,4.60,4.60,4.60,4.60,4.61,4.61,211.50,0.00,0.00,1.00,0.00,0.00,0.00,-1.00,0,None,0,aggregation
160,256.54,remora6,remora8,0.00,0.00,0.00,0.00,0.00,0.00,0.00,0.00,0.00,0.00,0.00,0.00,0.00,0.00,0.00,0.00,0.00,0.00,0.00,0.00,3.04,3.04,3.04,3.04,3.04,3.04,3.04,3.04,3.04,3.04,4.61,4.61,4.61,4.61,4.61,4.61,4.60,4.60,4.60,4.60,182.83,0.00,0.00,1.00,0.00,0.00,0.00,-1.00,0,None,0,aggregation
160,257.54,remora6,remora8,0.00,0.00,0.00,0.00,0.00,0.00,0.00,0.00,0.00,0.00,0.00,0.00,0.00,0.00,0.00,0.00,0.00,0.00,0.00,0.00,3.04,3.04,3.04,3.04,3.04,3.04,3.04,3.04,3.04,3.04,4.59,4.59,4.59,4.59,4.59,4.59,4.59,4.59,4.59,4.58,156.93,0.00,0.00,1.00,0.00,0.00,0.00,-1.00,0,None,0,aggregation
160,258.54,remora6,remora8,0.00,0.00,0.00,0.00,0.00,0.00,0.00,0.00,0.00,0.00,0.00,0.00,0.00,0.00,0.00,0.00,0.00,0.00,0.00,0.00,3.04,3.04,3.04,3.04,3.04,3.04,3.04,3.04,3.04,3.04,4.58,4.58,4.58,4.58,4.58,4.58,4.58,4.58,4.58,4.58,133.86,0.00,0.00,1.00,0.00,0.00,0.00,-1.00,0,None,0,aggregation
160,259.54,remora6,remora8,0.00,0.00,0.00,0.00,0.00,0.00,0.00,0.00,0.00,0.00,0.00,0.00,0.00,0.00,0.00,0.00,0.00,0.00,0.00,0.00,3.04,3.04,3.04,3.04,3.04,3.04,3.04,3.04,3.04,3.04,4.58,4.57,4.57,4.57,4.57,4.57,4.57,4.56,4.56,4.56,110.80,0.00,0.00,1.00,0.00,0.00,0.00,-1.00,0,None,0,aggregation
160,260.54,remora6,remora8,0.00,0.00,0.00,0.00,0.00,0.00,0.00,0.00,0.00,0.00,0.00,0.00,0.00,0.00,0.00,0.00,0.00,0.00,0.00,0.00,3.04,3.04,3.04,3.04,3.04,3.04,3.04,3.04,3.05,3.05,4.56,4.56,4.56,4.56,4.55,4.55,4.55,4.54,4.54,4.54,86.14,0.00,0.00,1.00,0.00,0.00,0.00,-1.00,0,None,0,aggregation
160,261.54,remora6,remora8,0.00,0.00,0.00,0.00,0.00,0.00,0.00,0.00,0.00,0.00,0.00,0.00,0.00,0.00,0.00,0.00,0.00,0.00,0.00,0.00,3.05,3.05,3.05,3.05,3.05,3.05,3.05,3.05,3.05,3.05,4.54,4.53,4.53,4.53,4.52,4.52,4.52,4.52,4.51,4.51,60.27,0.00,0.00,1.00,0.00,0.00,0.00,-1.00,0,None,0,aggregation
160,262.54,remora6,remora8,0.00,0.00,0.00,0.00,0.00,0.00,0.00,0.00,0.00,0.00,0.00,0.00,0.00,0.00,0.00,0.00,0.00,0.00,0.00,0.00,3.05,3.05,3.05,3.05,3.05,3.05,3.05,3.05,3.05,3.05,4.50,4.50,4.49,4.49,4.48,4.48,4.47,4.47,4.47,4.46,33.27,0.00,0.00,0.00,0.00,0.00,0.00,-1.00,0,None,0,aggregation
160,263.54,remora6,remora8,0.00,0.00,0.00,0.00,0.00,0.00,0.00,0.00,0.00,0.00,0.00,0.00,0.00,0.00,0.00,0.00,0.00,0.00,0.00,0.00,3.05,3.05,3.06,3.09,3.12,3.15,3.17,3.20,3.23,3.26,4.46,5.31,5.30,5.29,5.29,5.28,5.28,5.27,5.27,5.27,5.60,0.00,0.00,0.00,0.00,0.00,0.00,-1.00,0,None,0,aggregation
160,264.54,remora6,remora8,0.00,0.00,0.00,0.00,0.00,0.00,0.00,0.00,0.00,0.00,0.00,0.00,0.00,0.00,0.00,0.00,0.00,0.00,0.00,0.00,3.29,3.31,3.34,3.36,3.39,3.41,3.44,3.46,3.47,3.46,5.26,5.26,5.25,5.25,5.24,5.24,5.23,5.23,5.22,5.21,0.00,0.00,0.00,0.00,0.00,0.00,0.00,-1.00,0,None,0,aggregation
160,265.54,remora6,remora8,0.00,0.00,0.00,0.00,0.00,0.00,0.00,0.00,0.00,0.00,0.00,0.00,0.00,0.00,0.00,0.00,0.00,0.00,0.00,0.00,3.46,3.46,3.46,3.46,3.45,3.45,3.45,3.45,3.45,3.45,5.21,5.20,5.20,5.19,5.18,5.17,5.17,5.16,5.15,5.15,0.00,0.00,0.00,0.00,0.00,0.00,0.00,-1.00,0,None,0,aggregation
160,266.54,remora6,remora8,0.00,0.00,0.00,0.00,0.00,0.00,0.00,0.00,0.00,0.00,0.00,0.00,0.00,0.00,0.00,0.00,0.00,0.00,0.00,0.00,3.45,3.45,3.45,3.45,3.44,3.44,3.44,3.43,3.43,3.43,5.14,5.13,5.12,5.11,5.11,5.10,5.09,5.08,5.07,5.06,0.00,0.00,0.00,0.00,0.00,0.00,0.00,-1.00,0,None,0,aggregation
160,267.54,remora6,remora8,0.00,0.00,0.00,0.00,0.00,0.00,0.00,0.00,0.00,0.00,0.00,0.00,0.00,0.00,0.00,0.00,0.00,0.00,0.00,0.00,3.42,3.42,3.43,3.43,3.43,3.43,3.42,3.42,3.41,3.41,5.05,5.04,5.03,5.02,5.01,5.00,4.99,4.98,4.97,4.96,0.00,0.00,0.00,0.00,0.00,0.00,0.00,-1.00,0,None,0,aggregation
160,268.54,remora6,remora8,0.00,0.00,0.00,0.00,0.00,0.00,0.00,0.00,0.00,0.00,0.00,0.00,0.00,0.00,0.00,0.00,0.00,0.00,0.00,0.00,3.41,3.40,3.40,3.40,3.40,3.41,3.41,3.40,3.40,3.40,4.96,4.95,4.95,4.94,4.94,4.93,4.93,4.92,4.92,4.91,0.00,0.00,0.00,0.00,0.00,0.00,0.00,-1.00,0,None,0,aggregation
160,269.54,remora6,remora8,0.00,0.00,0.00,0.00,0.00,0.00,0.00,0.00,0.00,0.00,0.00,0.00,0.00,0.00,0.00,0.00,0.00,0.00,0.00,0.00,3.40,3.40,3.40,3.39,3.39,3.39,3.39,3.39,3.38,3.38,4.91,4.90,4.90,4.90,4.89,4.89,4.88,4.88,4.87,4.87,0.00,0.00,0.00,0.00,0.00,0.00,0.00,-1.00,0,None,0,aggregation
160,270.54,remora6,remora8,0.00,0.00,0.00,0.00,0.00,0.00,0.00,0.00,0.00,0.00,0.00,0.00,0.00,0.00,0.00,0.00,0.00,0.00,0.00,0.00,3.38,3.38,3.38,3.38,3.38,3.38,3.38,3.38,3.37,3.37,4.86,4.86,4.86,4.85,4.85,4.85,4.84,4.84,4.83,4.83,0.00,0.00,0.00,0.00,0.00,0.00,0.00,-1.00,0,None,0,aggregation
160,271.54,remora6,remora8,0.00,0.00,0.00,0.00,0.00,0.00,0.00,0.00,0.00,0.00,0.00,0.00,0.00,0.00,0.00,0.00,0.00,0.00,0.00,0.00,3.37,3.37,3.37,3.37,3.37,3.36,3.36,3.36,3.36,3.36,4.83,4.82,4.82,4.82,4.81,4.81,4.81,4.80,4.80,4.80,0.00,0.00,0.00,0.00,0.00,0.00,0.00,-1.00,0,None,0,aggregation
160,272.54,remora6,remora8,0.00,0.00,0.00,0.00,0.00,0.00,0.00,0.00,0.00,0.00,0.00,0.00,0.00,0.00,0.00,0.00,0.00,0.00,0.00,0.00,3.36,3.36,3.35,3.35,3.35,3.35,3.35,3.35,3.35,3.34,4.80,4.79,4.79,4.79,4.79,4.79,4.79,4.79,4.78,4.78,0.00,0.00,0.00,0.00,0.00,0.00,0.00,-1.00,0,None,0,aggregation
160,273.54,remora6,remora8,0.00,0.00,0.00,0.00,0.00,0.00,0.00,0.00,0.00,0.00,0.00,0.00,0.00,0.00,0.00,0.00,0.00,0.00,0.00,0.00,3.34,3.34,3.34,3.34,3.34,3.33,3.33,3.33,3.33,3.33,4.78,4.78,4.79,4.79,4.79,4.79,4.79,4.79,4.79,4.80,0.00,0.00,0.00,0.00,0.00,0.00,0.00,-1.00,0,None,0,aggregation
160,274.54,remora6,remora8,0.00,0.00,0.00,0.00,0.00,0.00,0.00,0.00,0.00,0.00,0.00,0.00,0.00,0.00,0.00,0.00,0.00,0.00,0.00,0.00,3.33,3.32,3.32,3.32,3.32,3.32,3.32,3.32,3.31,3.31,4.80,4.80,4.80,4.81,4.81,4.82,4.82,4.82,4.83,4.83,0.00,0.00,0.00,0.00,0.00,0.00,0.00,-1.00,0,None,0,aggregation
160,275.54,remora6,remora8,0.00,0.00,0.00,0.00,0.00,0.00,0.00,0.00,0.00,0.00,0.00,0.00,0.00,0.00,0.00,0.00,0.00,0.00,0.00,0.00,3.31,3.31,3.31,3.31,3.31,3.30,3.30,3.30,3.30,3.30,4.84,4.85,4.85,4.86,4.86,4.87,4.88,4.88,4.89,4.90,0.00,0.00,0.00,0.00,0.00,0.00,0.00,-1.00,0,None,0,aggregation
160,276.54,remora6,remora8,0.00,0.00,0.00,0.00,0.00,0.00,0.00,0.00,0.00,0.00,0.00,0.00,0.00,0.00,0.00,0.00,0.00,0.00,0.00,0.00,3.30,3.29,3.29,3.29,3.29,3.29,3.29,3.29,3.29,3.28,4.91,4.91,4.92,4.93,4.94,4.95,4.95,4.96,4.96,4.97,0.00,0.00,0.00,0.00,0.00,0.00,0.00,-1.00,0,None,0,aggregation
160,277.54,remora6,remora8,0.00,0.00,0.00,0.00,0.00,0.00,0.00,0.00,0.00,0.00,0.00,0.00,0.00,0.00,0.00,0.00,0.00,0.00,0.00,0.00,3.28,3.28,3.28,3.28,3.28,3.28,3.28,3.28,3.28,3.28,4.98,4.99,5.00,5.01,5.02,5.03,5.04,5.05,5.06,5.07,0.00,0.00,0.00,0.00,0.00,0.00,0.00,-1.00,0,None,0,aggregation
160,278.54,remora6,remora8,0.00,0.00,0.00,0.00,0.00,0.00,0.00,0.00,0.00,0.00,0.00,0.00,0.00,0.00,0.00,0.00,0.00,0.00,0.00,0.00,3.28,3.27,3.27,3.26,3.26,3.26,3.26,3.26,3.26,3.26,5.08,5.09,5.10,5.11,5.12,5.13,5.15,5.16,5.17,5.18,0.00,0.00,0.00,0.00,0.00,0.00,0.00,-1.00,0,None,0,aggregation
160,279.54,remora6,remora8,0.00,0.00,0.00,0.00,0.00,0.00,0.00,0.00,0.00,0.00,0.00,0.00,0.00,0.00,0.00,0.00,0.00,0.00,0.00,0.00,3.26,3.26,3.26,3.26,3.26,3.25,3.25,3.25,3.26,3.26,5.19,5.20,5.21,5.23,5.24,5.25,5.26,5.27,5.29,5.30,0.00,0.00,0.00,0.00,0.00,0.00,0.00,-1.00,0,None,0,aggregation
160,280.54,remora6,remora8,0.00,0.00,0.00,0.00,0.00,0.00,0.00,0.00,0.00,0.00,0.00,0.00,0.00,0.00,0.00,0.00,0.00,0.00,0.00,0.00,3.27,3.26,3.25,3.25,3.24,3.23,3.24,3.25,3.27,3.29,5.31,5.32,5.34,5.35,5.36,5.37,5.38,5.40,5.41,5.42,0.00,0.00,0.00,0.00,0.00,0.00,0.00,-1.00,0,None,0,aggregation
160,281.54,remora6,remora8,0.00,0.00,0.00,0.00,0.00,0.00,0.00,0.00,0.00,0.00,0.00,0.00,0.00,0.00,0.00,0.00,0.00,0.00,0.00,0.00,3.30,3.29,3.29,3.28,3.27,3.27,3.26,3.25,3.25,3.24,5.43,5.45,5.46,5.47,5.48,5.49,5.50,5.52,5.53,5.54,0.00,0.00,0.00,0.00,0.00,0.00,0.00,-1.00,0,None,0,aggregation
160,282.54,remora6,remora8,0.00,0.00,0.00,0.00,0.00,0.00,0.00,0.00,0.00,0.00,0.00,0.00,0.00,0.00,0.00,0.00,0.00,0.00,0.00,0.00,3.24,3.23,3.24,3.26,3.29,3.32,3.33,3.33,3.33,3.33,5.55,5.57,5.58,5.60,5.62,5.64,5.65,5.67,5.68,5.69,0.00,0.00,0.00,0.00,0.00,0.00,0.00,-1.00,0,None,0,aggregation
160,283.54,remora6,remora8,0.00,0.00,0.00,0.00,0.00,0.00,0.00,0.00,0.00,0.00,0.00,0.00,0.00,0.00,0.00,0.00,0.00,0.00,0.00,0.00,3.33,3.32,3.32,3.32,3.32,3.32,3.32,3.32,3.33,3.33,5.71,5.72,5.73,5.75,5.76,5.78,5.79,5.79,5.80,5.81,0.00,0.00,0.00,0.00,0.00,0.00,0.00,-1.00,0,None,0,aggregation
160,284.54,remora6,remora8,0.00,0.00,0.00,0.00,0.00,0.00,0.00,0.00,0.00,0.00,0.00,0.00,0.00,0.00,0.00,0.00,0.00,0.00,0.00,0.00,3.33,3.33,3.33,3.34,3.34,3.34,3.35,3.35,3.36,3.37,5.81,5.82,5.83,5.84,5.86,5.86,5.87,5.88,5.89,5.90,0.00,0.00,0.00,0.00,0.00,0.00,0.00,-1.00,0,None,0,aggregation
160,285.54,remora6,remora8,0.00,0.00,0.00,0.00,0.00,0.00,0.00,0.00,0.00,0.00,0.00,0.00,0.00,0.00,0.00,0.00,0.00,0.00,0.00,0.00,3.38,3.39,3.40,3.41,3.42,3.43,3.44,3.45,3.47,3.48,5.91,5.92,5.94,5.95,5.96,5.97,5.98,5.99,6.00,6.01,0.00,0.00,0.00,0.00,0.00,0.00,0.00,-1.00,0,None,0,aggregation
160,286.54,remora6,remora8,0.00,0.00,0.00,0.00,0.00,0.00,0.00,0.00,0.00,0.00,0.00,0.00,0.00,0.00,0.00,0.00,0.00,0.00,0.00,0.00,3.50,3.51,3.53,3.54,3.56,3.58,3.59,3.61,3.63,3.65,6.03,6.04,6.05,6.06,6.08,6.09,6.10,6.11,6.13,6.14,0.00,0.00,0.00,0.00,0.00,0.00,0.00,-1.00,0,None,0,aggregation
160,287.54,remora6,remora8,0.00,0.00,0.00,0.00,0.00,0.00,0.00,0.00,0.00,0.00,0.00,0.00,0.00,0.00,0.00,0.00,0.00,0.00,0.00,0.00,3.67,3.69,3.70,3.70,3.69,3.69,3.68,3.68,3.67,3.67,6.15,6.17,6.18,6.20,6.21,6.22,6.24,6.25,6.27,6.28,0.00,0.00,0.00,0.00,0.00,0.00,0.00,-1.00,0,None,0,aggregation
160,288.54,remora6,remora8,0.00,0.00,0.00,0.00,0.00,0.00,0.00,0.00,0.00,0.00,0.00,0.00,0.00,0.00,0.00,0.00,0.00,0.00,0.00,0.00,3.66,3.66,3.65,3.65,3.64,3.64,3.64,3.63,3.63,3.62,6.29,6.31,6.32,6.34,6.35,6.37,6.38,6.39,6.41,6.42,0.00,0.00,0.00,0.00,0.00,0.00,0.00,-1.00,0,None,0,aggregation
160,289.54,remora6,remora8,0.00,0.00,0.00,0.00,0.00,0.00,0.00,0.00,0.00,0.00,0.00,0.00,0.00,0.00,0.00,0.00,0.00,0.00,0.00,0.00,3.62,3.61,3.61,3.60,3.60,3.60,3.59,3.59,3.58,3.58,6.44,6.45,6.46,6.48,6.49,6.51,6.52,6.53,6.54,6.55,0.00,0.00,0.00,0.00,0.00,0.00,0.00,-1.00,0,None,0,aggregation
160,290.54,remora6,remora8,0.00,0.00,0.00,0.00,0.00,0.00,0.00,0.00,0.00,0.00,0.00,0.00,0.00,0.00,0.00,0.00,0.00,0.00,0.00,0.00,3.57,3.57,3.56,3.56,3.56,3.55,3.55,3.54,3.54,3.53,6.56,6.56,6.56,6.57,6.57,6.57,6.58,6.58,6.58,6.59,0.00,0.00,0.00,0.00,0.00,0.00,0.00,-1.00,0,None,0,aggregation
160,291.54,remora6,remora8,0.00,0.00,0.00,0.00,0.00,0.00,0.00,0.00,0.00,0.00,0.00,0.00,0.00,0.00,0.00,0.00,0.00,0.00,0.00,0.00,3.53,3.52,3.52,3.51,3.51,3.50,3.49,3.49,3.48,3.48,6.59,6.59,6.59,6.59,6.59,6.59,6.59,6.59,6.59,6.59,0.00,0.00,0.00,0.00,0.00,0.00,0.00,-1.00,0,None,0,aggregation
160,292.54,remora6,remora8,0.00,0.00,0.00,0.00,0.00,0.00,0.00,0.00,0.00,0.00,0.00,0.00,0.00,0.00,0.00,0.00,0.00,0.00,0.00,0.00,3.47,3.46,3.46,3.45,3.44,3.43,3.43,3.42,3.41,3.40,6.59,6.59,6.59,6.59,6.60,6.60,6.60,6.60,6.60,6.60,0.00,0.00,0.00,0.00,0.00,0.00,0.00,-1.00,0,None,0,aggregation
160,293.54,remora6,remora8,0.00,0.00,0.00,0.00,0.00,0.00,0.00,0.00,0.00,0.00,0.00,0.00,0.00,0.00,0.00,0.00,0.00,0.00,0.00,0.00,3.39,3.39,3.38,3.37,3.36,3.35,3.34,3.33,3.32,3.31,6.60,6.60,6.60,6.60,6.60,6.60,6.60,6.60,6.60,6.60,0.00,0.00,0.00,0.00,0.00,0.00,0.00,-1.00,0,None,0,aggregation
160,294.54,remora6,remora8,0.00,0.00,0.00,0.00,0.00,0.00,0.00,0.00,-35.23,-35.23,0.00,0.00,0.00,0.00,0.00,0.00,0.00,0.00,-24.76,-24.76,3.30,3.28,3.27,3.26,3.25,3.23,3.22,3.21,3.19,3.16,6.60,6.60,6.60,6.60,6.60,6.59,6.59,6.59,6.59,6.58,6.00,0.00,0.00,0.00,0.00,0.00,0.00,-1.00,0,None,0,aggregation
160,295.54,remora6,remora8,-35.17,-35.17,-34.60,-34.60,-33.57,-33.57,-32.24,-32.24,-30.77,-30.77,-24.70,-24.70,-24.14,-24.14,-23.10,-23.10,-21.77,-21.77,-20.31,-20.31,3.13,3.11,3.08,3.05,3.02,2.99,2.96,2.94,2.91,2.88,6.56,6.55,6.54,6.53,6.52,6.51,6.50,6.49,6.48,6.47,34.04,0.00,0.00,0.00,0.00,0.00,0.00,-1.00,0,None,0,aggregation
160,296.54,remora6,remora8,-28.91,-28.91,-26.90,-26.90,-24.43,-24.43,-21.70,-21.70,-19.28,-19.28,-18.44,-18.44,-16.44,-16.44,-13.97,-13.97,-11.24,-11.24,-8.82,-8.82,2.85,2.82,2.80,2.77,2.74,2.72,2.69,2.67,2.64,2.62,6.45,6.44,6.44,6.43,6.42,6.41,6.40,6.39,6.38,6.38,53.05,0.00,1.00,1.00,0.00,0.00,0.00,-1.00,0,None,0,aggregation
160,297.54,remora6,remora8,-16.85,-16.85,-14.52,-14.52,-12.04,-12.04,-9.61,-9.61,-7.33,-7.33,-6.38,-6.38,-4.05,-4.05,-1.58,-1.58,0.85,0.85,3.13,3.13,2.59,2.57,2.54,2.52,2.50,2.48,2.46,2.44,2.42,2.40,6.37,6.36,6.35,6.34,6.33,6.32,6.31,6.31,6.30,6.29,59.89,0.00,1.00,1.00,0.00,0.00,0.00,-1.00,0,None,0,aggregation
160,298.54,remora6,remora8,-5.15,-5.15,-2.84,-2.84,-0.60,-0.60,1.74,1.74,3.80,3.80,5.29,5.29,7.15,7.15,8.93,8.93,10.80,10.80,12.44,12.44,2.38,2.37,2.35,2.34,2.32,2.31,2.29,2.28,2.27,2.26,6.28,6.27,6.27,6.26,6.25,6.25,6.24,6.24,6.23,6.23,64.04,0.00,1.00,1.00,0.00,0.00,0.00,-1.00,0,None,0,aggregation
160,299.54,remora6,remora8,5.48,5.48,7.25,7.25,8.49,8.49,9.72,9.72,11.15,11.15,13.77,13.77,15.16,15.16,16.14,16.14,17.10,17.10,18.21,18.21,2.25,2.24,2.23,2.22,2.21,2.21,2.20,2.19,2.19,2.18,6.22,6.21,6.21,6.20,6.19,6.19,6.18,6.18,6.17,6.17,76.29,0.00,1.00,1.00,0.00,0.00,0.00,-1.00,0,None,0,aggregation
160,300.54,remora6,remora8,12.54,12.54,13.82,13.82,14.83,14.83,15.58,15.58,16.24,16.24,19.28,19.28,20.26,20.26,21.02,21.02,21.60,21.60,22.09,22.09,2.18,2.17,2.17,2.17,2.16,2.16,2.16,2.16,2.15,2.15,6.16,6.16,6.15,6.14,6.14,6.13,6.12,6.11,6.10,6.10,94.02,0.00,1.00,1.00,0.00,0.00,0.00,-1.00,0,None,0,aggregation
160,301.54,remora6,remora8,16.95,16.95,17.70,17.70,18.63,18.63,19.53,19.53,19.93,19.93,22.62,22.62,23.17,23.17,23.85,23.85,24.50,24.50,24.79,24.79,2.15,2.15,2.15,2.15,2.15,2.15,2.15,2.15,2.15,2.15,6.09,6.09,6.08,6.08,6.07,6.06,6.05,6.05,6.04,6.03,115.18,0.00,1.00,1.00,0.00,0.00,0.00,-1.00,0,None,0,aggregation
160,302.54,remora6,remora8,20.21,20.21,20.57,20.57,20.66,20.66,20.89,20.89,21.30,21.30,24.99,24.99,25.25,25.25,25.31,25.31,25.47,25.47,25.76,25.76,2.16,2.16,2.16,2.16,2.16,2.16,2.17,2.17,2.17,2.17,6.02,5.26,5.24,5.23,5.21,5.20,5.19,5.18,5.17,5.17,138.22,0.00,1.00,1.00,0.00,0.00,0.00,-1.00,0,None,0,aggregation
160,303.54,remora6,remora8,21.68,21.68,22.01,22.01,22.16,22.16,22.48,22.48,22.77,22.77,26.02,26.02,26.25,26.25,26.35,26.35,26.57,26.57,26.76,26.76,2.18,2.18,2.18,2.19,2.19,2.19,2.20,2.20,2.21,2.21,5.16,5.15,5.14,5.13,5.13,5.12,5.11,5.10,5.09,5.08,162.53,0.00,1.00,1.00,0.00,0.00,0.00,-1.00,0,None,0,aggregation
160,304.54,remora6,remora8,22.74,22.74,22.87,22.87,23.23,23.23,23.41,23.41,23.46,23.46,26.74,26.74,26.83,26.83,27.07,27.07,27.19,27.19,27.22,27.22,2.21,2.22,2.22,2.23,2.23,2.24,2.24,2.25,2.26,2.26,5.08,5.07,5.06,5.06,5.05,5.04,5.04,5.03,5.02,5.01,181.61,0.00,1.00,1.00,0.00,0.00,0.00,-1.00,0,None,0,aggregation
160,305.54,remora6,remora8,23.45,23.45,23.61,23.61,23.59,23.59,23.72,23.72,23.80,23.80,27.22,27.22,27.32,27.32,27.31,27.31,27.40,27.40,27.44,27.44,2.27,2.27,2.28,2.29,2.29,2.30,2.31,2.32,2.32,2.33,5.01,5.00,5.00,4.99,4.99,4.98,4.98,4.97,4.96,4.96,179.05,0.00,1.00,1.00,0.00,0.00,0.00,-1.00,0,None,0,aggregation
160,306.54,remora6,remora8,23.90,23.90,23.98,23.98,23.90,23.90,23.90,23.90,24.14,24.14,27.51,27.51,27.56,27.56,27.51,27.51,27.51,27.51,27.66,27.66,2.35,2.37,2.40,2.42,2.45,2.47,2.50,2.52,2.55,2.57,4.96,4.95,4.95,4.95,4.95,4.95,4.95,4.96,4.96,4.96,185.80,0.00,1.00,1.00,0.00,0.00,0.00,-1.00,0,None,0,aggregation
160,307.54,remora6,remora8,24.22,24.22,24.26,24.26,24.31,24.31,24.32,24.32,24.46,24.46,27.72,27.72,27.74,27.74,27.77,27.77,27.78,27.78,27.87,27.87,2.60,2.62,2.65,2.67,2.70,2.72,2.74,2.77,2.79,2.82,4.96,4.96,4.96,4.96,4.96,3.29,3.29,3.29,3.29,3.30,205.01,0.00,1.00,1.00,0.00,0.00,0.00,-1.00,0,None,0,aggregation
160,308.54,remora6,remora8,24.50,24.50,24.61,24.61,24.83,24.83,24.86,24.86,25.03,25.03,27.89,27.89,27.96,27.96,28.10,28.10,28.12,28.12,28.22,28.22,2.84,2.86,2.89,2.91,2.94,2.96,2.98,3.01,3.03,3.06,3.30,3.30,3.31,4.97,4.97,4.98,4.98,4.98,3.33,3.34,227.26,0.00,1.00,1.00,0.00,0.00,0.00,-1.00,0,None,0,aggregation
160,309.54,remora6,remora8,25.09,25.09,25.22,25.22,25.32,25.32,25.49,25.49,25.63,25.63,28.26,28.26,28.34,28.34,28.39,28.39,28.50,28.50,28.58,28.58,3.08,3.10,3.13,3.15,3.17,3.20,3.22,3.24,3.27,3.29,3.34,3.35,3.36,3.36,3.37,3.38,3.39,3.40,5.02,5.03,241.90,0.00,0.00,1.00,0.00,0.00,0.00,-1.00,0,None,0,aggregation
160,310.54,remora6,remora8,25.85,25.85,26.11,26.11,26.13,26.13,26.25,26.25,26.45,26.45,28.71,28.71,28.86,28.86,28.87,28.87,28.93,28.93,29.05,29.05,3.31,3.34,3.36,3.38,3.41,3.43,3.45,3.48,3.50,3.50,5.03,5.04,5.04,5.05,3.46,3.47,3.48,3.50,3.51,3.52,251.69,0.00,0.00,1.00,0.00,0.00,0.00,-1.00,0,None,0,aggregation
160,311.54,remora6,remora8,26.59,26.59,26.73,26.73,26.90,26.90,26.98,26.98,27.18,27.18,29.12,29.12,29.20,29.20,29.29,29.29,29.33,29.33,29.43,29.43,3.50,3.50,3.50,3.50,3.50,3.51,3.51,3.52,3.52,3.53,3.53,3.54,3.55,3.57,3.58,5.13,3.61,3.62,3.64,3.65,258.60,0.00,0.00,1.00,0.00,0.00,0.00,-1.00,0,None,0,aggregation
160,312.54,remora6,remora8,27.24,27.24,27.35,27.35,27.45,27.45,27.59,27.59,27.67,27.67,29.46,29.46,29.51,29.51,29.56,29.56,29.63,29.63,29.66,29.66,3.53,3.54,3.54,3.55,3.56,3.57,3.57,3.58,3.59,3.60,3.67,3.68,3.70,3.71,3.73,3.75,3.76,3.78,3.80,3.81,264.07,0.00,0.00,1.00,0.00,0.00,0.00,-1.00,0,None,0,aggregation
160,313.54,remora6,remora8,27.80,27.80,27.92,27.92,28.02,28.02,28.08,28.08,28.18,28.18,29.72,29.72,29.77,29.77,29.82,29.82,29.84,29.84,29.88,29.88,3.61,3.62,3.63,3.64,3.66,3.67,3.68,3.69,3.71,3.72,3.83,3.85,3.87,3.89,3.90,3.92,3.94,3.96,3.98,4.00,268.67,0.00,0.00,1.00,0.00,0.00,0.00,-1.00,0,None,0,aggregation
160,314.54,remora6,remora8,28.20,28.20,28.32,28.32,28.26,28.26,28.29,28.29,28.48,28.48,29.89,29.89,29.93,29.93,29.91,29.91,29.92,29.92,29.99,29.99,3.73,3.75,3.76,3.78,3.79,3.81,3.82,3.84,3.85,3.87,4.02,4.04,4.06,4.08,4.10,4.12,4.14,4.16,4.18,4.20,272.71,0.00,0.00,1.00,0.00,0.00,0.00,-1.00,0,None,0,aggregation
160,315.54,remora6,remora8,28.44,28.44,28.51,28.51,28.53,28.53,28.38,28.38,28.42,28.42,29.97,29.97,30.00,30.00,30.01,30.01,29.95,29.95,29.97,29.97,3.89,3.90,3.92,3.94,3.96,3.98,3.99,4.01,4.03,4.05,4.22,4.24,4.27,4.29,4.31,4.33,4.35,4.37,4.40,4.42,276.44,0.00,0.00,1.00,0.00,0.00,0.00,-1.00,0,None,0,aggregation
160,316.54,remora6,remora8,28.45,28.45,28.36,28.36,28.30,28.30,28.14,28.14,28.07,28.07,29.98,29.98,29.95,29.95,29.92,29.92,29.86,29.86,29.84,29.84,4.07,4.09,4.11,4.13,4.15,4.17,4.19,4.21,4.23,4.26,4.44,4.46,4.49,4.51,4.53,4.56,4.58,4.60,4.62,4.65,279.77,0.00,0.00,1.00,0.00,0.00,0.00,-1.00,0,None,0,aggregation
160,317.54,remora6,remora8,27.96,27.96,27.70,27.70,27.28,27.28,27.24,27.24,26.72,26.72,29.79,29.79,29.68,29.68,29.48,29.48,29.46,29.46,29.19,29.19,4.28,4.30,4.32,4.34,4.36,4.39,4.41,4.43,4.45,4.47,4.67,4.69,4.72,4.74,4.76,4.79,4.81,4.83,4.85,4.88,282.18,0.00,0.00,1.00,0.00,0.00,0.00,-1.00,0,None,0,aggregation
160,318.54,remora6,remora8,26.74,26.74,26.31,26.31,25.80,25.80,25.58,25.58,25.10,25.10,29.21,29.21,28.97,28.97,28.68,28.68,28.55,28.55,28.26,28.26,4.50,4.52,4.54,4.57,4.59,4.61,4.63,4.66,4.68,4.70,4.90,4.92,4.95,4.97,4.99,5.02,5.04,5.06,5.08,5.11,283.09,0.00,0.00,1.00,0.00,0.00,0.00,-1.00,0,None,0,aggregation
160,319.54,remora6,remora8,25.57,25.57,26.01,26.01,26.23,26.23,26.64,26.64,26.93,26.93,28.54,28.54,28.80,28.80,28.92,28.92,29.15,29.15,29.30,29.30,4.73,4.75,4.77,4.80,4.82,4.85,4.87,4.90,4.92,4.95,5.13,5.15,5.17,5.20,5.22,5.24,5.27,5.29,5.32,5.34,283.81,0.00,0.00,1.00,0.00,0.00,0.00,-1.00,0,None,0,aggregation
160,320.54,remora6,remora8,27.22,27.22,27.49,27.49,27.74,27.74,27.99,27.99,28.07,28.07,29.45,29.45,29.58,29.58,29.70,29.70,29.80,29.80,29.83,29.83,4.97,5.00,5.03,5.05,5.08,5.11,5.13,5.16,5.19,5.21,5.36,5.39,5.41,5.44,5.46,5.49,5.51,5.53,5.56,5.58,284.98,0.00,0.00,1.00,0.00,0.00,0.00,-1.00,0,None,0,aggregation
160,321.54,remora6,remora8,0.00,0.00,30.00,30.00,30.00,30.00,30.00,30.00,30.00,30.00,0.00,0.00,30.00,30.00,30.00,30.00,30.00,30.00,30.00,30.00,5.24,5.24,5.25,5.28,5.31,5.33,5.36,5.39,5.42,5.45,5.60,5.61,5.62,5.64,5.67,5.69,5.72,5.74,5.77,5.79,280.90,0.00,0.00,1.00,0.00,0.00,0.00,-1.00,0,None,0,aggregation
160,322.54,remora6,remora8,30.00,30.00,30.00,30.00,30.00,30.00,30.00,30.00,30.00,30.00,30.00,30.00,30.00,30.00,30.00,30.00,30.00,30.00,30.00,30.00,5.48,5.51,5.54,5.57,5.59,5.62,5.65,5.68,5.71,5.74,5.82,5.84,5.87,5.89,5.92,5.95,5.97,6.00,6.02,6.05,282.39,0.00,0.00,1.00,0.00,0.00,0.00,-1.00,0,None,0,aggregation
160,323.54,remora6,remora8,30.00,30.00,30.00,30.00,30.00,30.00,30.00,30.00,30.00,30.00,30.00,30.00,30.00,30.00,30.00,30.00,30.00,30.00,30.00,30.00,5.77,5.79,5.81,5.83,5.86,5.88,5.90,5.92,5.94,5.96,6.08,6.10,6.12,6.15,6.17,6.19,6.22,6.24,6.26,6.29,283.49,0.00,0.00,1.00,0.00,0.00,0.00,-1.00,0,None,0,aggregation
160,324.54,remora6,remora8,0.00,0.00,29.66,29.66,29.69,29.69,29.77,29.77,29.86,29.86,0.00,0.00,30.17,30.17,30.16,30.16,30.14,30.14,30.10,30.10,5.98,5.97,5.97,5.99,6.00,6.02,6.04,6.05,6.07,6.09,6.30,6.30,6.31,6.33,6.35,6.37,6.40,6.42,6.44,6.46,278.33,0.00,0.00,1.00,0.00,0.00,0.00,-1.00,0,None,0,aggregation
160,325.54,remora6,remora8,29.91,29.91,29.96,29.96,30.00,30.00,30.04,30.04,30.07,30.07,30.07,30.07,30.04,30.04,30.00,30.00,29.96,29.96,29.91,29.91,6.10,6.12,6.13,6.15,6.16,6.18,6.19,6.21,6.22,6.24,6.48,6.50,6.52,6.55,6.57,6.59,6.61,6.63,6.66,6.68,279.10,0.00,0.00,1.00,0.00,0.00,0.00,-1.00,0,None,0,aggregation
160,326.54,remora6,remora8,30.09,30.09,30.10,30.10,30.14,30.14,30.15,30.15,30.16,30.16,29.88,29.88,29.86,29.86,29.77,29.77,29.73,29.73,29.69,29.69,6.25,6.27,6.28,6.30,6.31,6.33,6.35,6.36,6.38,6.40,6.70,6.72,6.75,6.77,6.79,6.81,6.83,6.85,6.87,6.90,279.97,0.00,0.00,1.00,0.00,0.00,0.00,-1.00,0,None,0,aggregation
160,327.54,remora6,remora8,30.17,30.17,30.17,30.17,30.18,30.18,30.18,30.18,30.18,30.18,29.66,29.66,29.62,29.62,29.57,29.57,29.53,29.53,29.49,29.49,6.42,6.44,6.46,6.48,6.51,6.53,6.56,6.58,6.61,6.64,6.92,6.94,6.96,6.98,7.01,7.03,7.05,7.08,7.10,7.12,281.40,0.00,0.00,1.00,0.00,0.00,0.00,-1.00,0,None,0,aggregation
160,328.54,remora6,remora8,30.19,30.19,30.18,30.18,30.18,30.18,30.18,30.18,30.18,30.18,29.44,29.44,29.39,29.39,29.39,29.39,29.34,29.34,29.29,29.29,6.67,6.70,6.73,6.76,6.79,6.82,6.86,6.89,6.93,6.94,7.14,7.16,7.19,7.21,7.23,7.26,7.28,7.30,7.33,7.35,283.86,0.00,0.00,1.00,0.00,0.00,0.00,-1.00,0,None,0,aggregation
160,329.54,remora6,remora8,30.17,30.17,30.17,30.17,30.16,30.16,30.16,30.16,30.16,30.16,29.24,29.24,29.24,29.24,29.14,29.14,29.14,29.14,29.14,29.14,6.95,6.95,6.96,6.97,6.97,6.98,6.99,6.99,7.00,7.01,7.37,7.40,7.42,7.45,7.47,7.50,7.53,7.55,7.58,7.61,285.92,0.00,0.00,1.00,0.00,0.00,0.00,-1.00,0,None,0,aggregation
160,330.54,remora6,remora8,30.14,30.14,30.14,30.14,30.14,30.14,30.13,30.13,30.11,30.11,29.02,29.02,29.02,29.02,29.02,29.02,28.96,28.96,28.90,28.90,7.02,7.03,7.04,7.05,7.06,7.07,7.08,7.10,7.11,7.13,7.63,7.65,7.68,7.71,7.74,7.76,7.79,7.82,7.85,7.88,286.79,0.00,0.00,1.00,0.00,0.00,0.00,-1.00,0,None,0,aggregation
160,331.54,remora6,remora8,30.11,30.11,30.11,30.11,30.10,30.10,30.10,30.10,30.10,30.10,28.90,28.90,28.90,28.90,28.84,28.84,28.84,28.84,28.84,28.84,7.14,7.16,7.18,7.20,7.22,7.24,7.27,7.29,7.31,7.34,7.91,7.94,7.97,7.99,8.02,8.05,8.09,8.12,8.15,8.18,292.27,0.00,0.00,1.00,0.00,0.00,0.00,-1.00,0,None,0,aggregation
160,332.54,remora6,remora8,30.10,30.10,30.08,30.08,30.08,30.08,30.08,30.08,30.10,30.10,28.84,28.84,28.78,28.78,28.78,28.78,28.78,28.78,28.84,28.84,7.37,7.40,7.42,7.45,7.49,7.52,7.55,7.58,7.62,7.65,8.21,8.25,8.28,8.31,8.35,8.38,8.42,8.45,8.49,8.52,291.72,0.00,0.00,1.00,0.00,0.00,0.00,-1.00,0,None,0,aggregation
160,333.54,remora6,remora8,30.10,30.10,30.10,30.10,30.10,30.10,30.10,30.10,30.11,30.11,28.84,28.84,28.84,28.84,28.84,28.84,28.84,28.84,28.90,28.90,7.68,7.72,7.76,7.79,7.83,7.87,7.90,7.94,7.98,8.01,8.55,8.58,8.61,8.65,8.68,8.71,8.75,8.78,8.82,8.85,291.19,0.00,0.00,1.00,0.00,0.00,0.00,-1.00,0,None,0,aggregation
160,334.54,remora6,remora8,30.11,30.11,30.11,30.11,30.11,30.11,30.13,30.13,30.13,30.13,28.90,28.90,28.90,28.90,28.90,28.90,28.96,28.96,28.96,28.96,8.05,8.09,8.13,8.17,8.20,8.24,8.28,8.32,8.35,8.39,8.89,8.92,8.96,8.99,9.03,9.06,9.10,9.13,9.17,9.20,296.76,0.00,0.00,1.00,0.00,0.00,0.00,-1.00,0,None,0,aggregation
160,335.54,remora6,remora8,30.14,30.14,30.14,30.14,30.15,30.15,30.15,30.15,30.16,30.16,29.02,29.02,29.02,29.02,29.08,29.08,29.08,29.08,29.14,29.14,8.43,8.47,8.50,8.54,8.58,8.61,8.65,8.69,8.72,8.76,9.23,9.26,9.29,8.99,9.02,9.06,9.09,9.13,9.16,9.19,296.37,0.00,0.00,1.00,0.00,0.00,0.00,-1.00,0,None,0,aggregation
160,273.54,remora6,remora2,30.18,30.18,30.17,30.17,30.15,30.15,30.13,30.10,30.10,30.10,29.41,29.41,29.22,29.22,29.06,29.06,28.98,28.84,28.84,28.84,3.31,3.31,3.30,3.30,3.30,3.30,3.30,3.30,3.29,3.29,5.90,5.89,5.88,5.87,5.87,5.86,5.85,5.85,5.84,5.83,294.61,0.00,0.00,1.00,0.00,0.00,0.00,-1.00,0,None,0,aggregation
160,274.54,remora6,remora2,30.10,30.10,30.10,30.10,30.10,30.10,30.10,30.10,30.10,30.10,28.84,28.84,28.84,28.84,28.84,28.84,28.84,28.84,28.84,28.84,3.29,3.29,3.29,3.29,3.29,3.28,3.28,3.28,3.28,3.28,5.82,5.82,5.81,5.81,5.80,5.79,5.79,5.78,5.78,5.78,295.08,0.00,0.00,1.00,0.00,0.00,0.00,-1.00,0,None,0,aggregation
160,275.54,remora6,remora2,30.10,30.10,30.10,30.10,30.10,30.10,30.10,30.10,30.06,30.06,28.84,28.84,28.84,28.84,28.84,28.84,28.84,28.84,28.71,28.71,3.28,3.28,3.28,3.28,3.27,3.27,3.27,3.27,3.27,3.27,5.77,5.77,5.77,5.76,5.76,5.75,5.75,5.75,5.75,5.75,295.45,0.00,0.00,1.00,0.00,0.00,0.00,-1.00,0,None,0,aggregation
160,276.54,remora6,remora2,30.06,30.06,30.09,30.09,30.12,30.12,30.15,30.15,30.16,30.16,28.71,28.71,28.81,28.81,28.94,28.94,29.09,29.09,29.12,29.12,3.27,3.27,3.27,3.27,3.27,3.27,3.26,3.26,3.26,3.26,5.75,5.74,5.74,5.74,5.74,5.75,5.74,5.74,5.73,5.73,295.75,0.00,0.00,1.00,0.00,0.00,0.00,-1.00,0,None,0,aggregation
160,277.54,remora6,remora2,30.17,30.17,30.18,30.18,30.18,30.18,30.18,30.18,30.17,30.17,29.26,29.26,29.38,29.38,29.41,29.41,29.52,29.52,29.62,29.65,3.26,3.26,3.26,3.26,3.26,3.26,3.26,3.26,3.26,3.26,5.73,5.73,5.73,5.73,5.73,5.74,5.74,5.74,5.74,5.75,296.22,0.00,0.00,1.00,0.00,0.00,0.00,-1.00,0,None,0,aggregation
160,278.54,remora6,remora2,30.17,30.17,30.15,30.15,30.14,30.14,30.11,30.11,30.10,30.10,29.65,29.65,29.74,29.74,29.76,29.76,29.84,29.84,29.86,29.86,3.26,3.25,3.25,3.25,3.25,3.25,3.25,3.25,3.25,3.25,5.75,5.75,5.75,5.75,5.75,5.75,5.76,5.76,5.76,5.77,296.69,0.00,0.00,1.00,0.00,0.00,0.00,-1.00,0,None,0,aggregation
160,279.54,remora6,remora2,30.07,30.07,30.06,30.06,30.04,30.04,30.03,30.03,30.00,30.00,29.92,29.92,29.93,29.93,29.96,29.96,29.97,29.97,30.00,30.00,3.25,3.25,3.25,3.25,3.25,3.25,3.25,3.25,3.25,3.25,5.77,5.77,5.78,5.78,5.79,5.79,5.79,5.80,5.80,5.81,297.13,0.00,0.00,1.00,0.00,0.00,0.00,-1.00,0,None,0,aggregation
160,280.54,remora6,remora2,29.94,29.94,29.93,29.93,29.95,29.95,29.90,29.90,29.88,29.88,30.05,30.05,30.06,30.06,30.05,30.05,30.08,30.08,30.09,30.09,3.25,3.26,3.26,3.26,3.26,3.26,3.26,3.26,3.26,3.26,5.82,5.82,5.82,5.82,5.83,5.83,5.84,5.84,5.85,5.86,297.48,0.00,0.00,1.00,0.00,0.00,0.00,-1.00,0,None,0,aggregation
160,281.54,remora6,remora2,29.83,29.83,29.86,29.86,29.79,29.79,29.77,29.77,29.76,29.76,30.11,30.11,30.10,30.10,30.13,30.13,30.14,30.14,30.14,30.14,3.26,3.27,3.27,3.27,3.27,3.27,3.27,3.27,3.28,3.28,5.86,5.87,5.87,5.88,5.88,5.89,5.89,5.90,5.90,5.91,297.62,0.00,0.00,1.00,0.00,0.00,0.00,-1.00,0,None,0,aggregation
160,282.54,remora6,remora2,29.75,29.75,29.73,29.73,29.70,29.70,29.63,29.63,29.63,29.63,30.14,30.14,30.15,30.15,30.16,30.16,30.17,30.17,30.17,30.17,3.28,3.28,3.28,3.29,3.29,3.29,3.29,3.30,3.30,3.30,5.91,5.92,5.93,5.94,5.95,5.96,5.97,5.97,5.98,5.99,297.70,0.00,0.00,1.00,0.00,0.00,0.00,-1.00,0,None,0,aggregation
160,283.54,remora6,remora2,29.60,29.60,29.58,29.58,29.61,29.61,29.55,29.55,29.51,29.51,30.18,30.18,30.18,30.18,30.17,30.17,30.18,30.18,30.18,30.18,3.31,3.31,3.31,3.31,3.32,3.32,3.32,3.33,3.33,3.34,6.00,6.00,6.01,6.02,6.03,6.04,6.04,6.04,6.05,6.05,297.96,0.00,0.00,1.00,0.00,0.00,0.00,-1.00,0,None,0,aggregation
160,284.54,remora6,remora2,29.49,29.49,29.51,29.51,29.44,29.44,29.40,29.40,29.43,29.43,30.18,30.18,30.18,30.18,30.19,30.19,30.18,30.18,30.19,30.19,3.34,3.34,3.35,3.35,3.36,3.36,3.37,3.37,3.37,3.38,6.05,6.05,6.06,6.06,6.07,6.07,6.07,6.08,6.08,6.08,298.31,0.00,0.00,1.00,0.00,0.00,0.00,-1.00,0,None,0,aggregation
160,285.54,remora6,remora2,29.35,29.35,29.31,29.31,29.33,29.33,29.29,28.70,28.70,28.70,30.18,30.18,30.18,30.18,30.18,30.18,30.18,30.06,30.06,30.06,3.38,3.39,3.39,3.40,3.40,3.41,3.42,3.42,3.43,3.43,6.09,6.09,6.10,6.10,6.11,6.11,6.11,6.12,6.12,6.13,298.50,0.00,0.00,1.00,0.00,0.00,0.00,-1.00,0,None,0,aggregation
160,286.54,remora6,remora2,28.64,28.64,28.60,28.60,28.48,28.48,28.33,28.33,28.11,28.11,30.04,30.04,30.03,30.03,29.99,29.99,29.94,29.94,29.85,29.85,3.44,3.45,3.45,3.46,3.47,3.47,3.48,3.49,3.50,3.50,6.14,6.14,6.15,6.15,6.16,6.17,6.17,6.18,6.19,6.20,298.17,0.00,0.00,1.00,0.00,0.00,0.00,-1.00,0,None,0,aggregation
160,287.54,remora6,remora2,27.93,27.93,27.96,27.96,27.70,27.70,27.52,27.52,27.13,27.13,29.78,29.78,29.79,29.79,29.68,29.68,29.60,29.60,29.41,29.41,3.51,3.52,3.53,3.54,3.55,3.55,3.56,3.57,3.58,3.59,6.20,6.21,6.22,6.23,6.24,6.24,6.25,6.26,5.33,5.34,297.01,0.00,0.00,1.00,0.00,0.00,0.00,-1.00,0,None,0,aggregation
160,288.54,remora6,remora2,27.22,27.22,27.05,27.05,26.87,26.87,26.53,26.53,26.08,26.08,29.45,29.45,29.37,29.37,29.27,29.27,29.09,29.09,28.84,28.84,3.60,3.61,3.62,3.64,3.64,3.64,3.64,3.63,3.63,3.62,5.35,5.35,5.36,5.37,5.38,5.38,5.39,5.40,5.41,5.42,295.04,0.00,0.00,1.00,0.00,0.00,0.00,-1.00,0,None,0,aggregation
160,289.54,remora6,remora2,25.85,25.85,25.66,25.66,25.13,25.13,24.54,24.54,23.80,23.80,28.71,28.71,28.60,28.60,28.28,28.28,27.92,27.92,27.44,27.44,3.62,3.61,3.61,3.60,3.60,3.60,3.59,3.59,3.58,3.58,5.42,5.43,5.44,5.45,5.46,5.47,5.48,5.49,5.50,5.51,291.63,0.00,0.00,1.00,0.00,0.00,0.00,-1.00,0,None,0,aggregation
160,290.54,remora6,remora2,23.43,23.43,22.84,22.84,21.91,21.91,21.55,21.55,21.00,21.00,27.20,27.20,26.81,26.81,26.18,26.18,25.93,25.93,25.55,25.55,3.57,3.57,3.56,3.56,3.56,3.55,3.55,3.54,3.54,3.53,5.51,5.51,5.51,5.51,5.51,5.52,5.52,5.52,5.52,5.53,285.88,0.00,0.00,1.00,0.00,0.00,0.00,-1.00,0,None,0,aggregation
160,291.54,remora6,remora2,20.34,20.34,19.98,19.98,19.31,19.31,19.03,19.03,18.45,18.45,25.08,25.08,24.83,24.83,24.35,24.35,24.15,24.15,23.72,23.72,3.53,3.52,3.52,3.51,3.51,3.50,3.49,3.49,3.48,3.48,5.53,5.53,5.53,5.53,5.53,5.53,5.54,5.54,5.54,5.54,277.84,0.00,0.00,1.00,0.00,0.00,0.00,-1.00,0,None,0,aggregation
160,292.54,remora6,remora2,18.19,18.19,18.06,18.06,17.91,17.91,17.93,17.93,17.82,17.82,23.53,23.53,23.44,23.44,23.32,23.32,23.34,23.34,23.26,23.26,3.47,3.46,3.46,3.45,3.44,3.43,3.43,3.42,3.41,3.40,5.54,5.55,5.55,5.55,5.55,5.56,5.56,5.56,5.56,6.45,268.60,0.00,0.00,1.00,0.00,0.00,0.00,-1.00,0,None,0,aggregation
160,293.54,remora6,remora2,17.91,17.71,17.71,17.71,18.04,18.04,18.21,18.21,18.55,18.55,23.33,23.18,23.18,23.18,23.42,23.42,23.55,23.55,23.80,23.80,3.39,3.39,3.38,3.37,3.36,3.35,3.34,3.33,3.32,3.31,6.45,6.45,6.45,6.45,6.45,6.45,6.45,6.45,6.44,6.44,259.48,0.00,0.00,1.00,0.00,0.00,0.00,-1.00,0,None,0,aggregation
160,294.54,remora6,remora2,18.88,18.88,19.02,19.02,19.47,19.47,19.94,19.94,20.12,20.12,24.03,24.03,24.13,24.13,24.46,24.46,24.80,24.80,24.93,24.93,3.30,3.28,3.27,3.26,3.25,3.23,3.22,3.21,3.19,3.16,6.44,6.44,6.44,6.44,6.44,6.43,6.43,6.43,6.43,6.42,251.64,0.00,0.00,1.00,0.00,0.00,0.00,-1.00,0,None,0,aggregation
160,295.54,remora6,remora2,20.36,20.36,20.48,20.48,20.65,20.65,20.79,20.79,20.95,20.95,25.09,25.09,25.19,25.19,25.30,25.30,25.40,25.40,25.52,25.52,3.13,3.11,3.08,3.05,3.02,2.99,2.96,2.94,2.91,2.88,6.42,6.41,6.40,6.40,6.39,6.39,6.38,6.38,6.37,6.37,244.97,0.00,0.00,1.00,0.00,0.00,0.00,-1.00,0,None,0,aggregation
160,296.54,remora6,remora2,21.16,21.16,21.26,21.26,21.57,21.57,21.90,21.90,22.04,22.04,25.66,25.66,25.73,25.73,25.94,25.94,26.17,26.17,26.27,26.27,2.85,2.82,2.80,2.77,2.74,2.72,2.69,2.67,2.64,2.62,6.36,6.36,6.35,6.35,6.34,6.34,6.34,6.33,6.33,6.32,239.54,0.00,1.00,1.00,0.00,0.00,0.00,-1.00,0,None,0,aggregation
160,297.54,remora6,remora2,22.33,22.33,22.44,22.44,22.77,22.77,22.99,23.23,23.23,23.23,26.47,26.47,26.54,26.54,26.77,26.77,26.91,27.07,27.07,27.07,2.59,2.57,2.54,2.52,2.50,2.48,2.46,2.44,2.42,2.40,6.32,6.31,6.31,6.30,6.29,6.29,6.28,6.28,6.27,6.27,235.66,0.00,1.00,1.00,0.00,0.00,0.00,-1.00,0,None,0,aggregation
160,298.54,remora6,remora2,23.42,23.42,23.62,23.62,24.03,24.03,24.17,24.17,24.42,24.42,27.20,27.20,27.33,27.33,27.59,27.59,27.68,27.68,27.84,27.84,2.38,2.37,2.35,2.34,2.32,2.31,2.29,2.28,2.27,2.26,6.26,6.26,6.25,6.25,6.25,6.24,6.24,6.24,6.23,6.23,233.41,0.00,1.00,1.00,0.00,0.00,0.00,-1.00,0,None,0,aggregation
160,299.54,remora6,remora2,24.61,24.89,24.89,24.89,25.10,25.10,25.30,25.30,25.47,25.47,27.96,28.13,28.13,28.13,28.26,28.26,28.38,28.38,28.49,28.49,2.25,2.24,2.23,2.22,2.21,2.21,2.20,2.19,2.19,2.18,6.23,6.22,6.22,6.22,6.21,6.21,6.21,6.21,6.20,6.20,233.50,0.00,1.00,1.00,0.00,0.00,0.00,-1.00,0,None,0,aggregation
160,300.54,remora6,remora2,25.76,25.76,25.90,25.90,26.07,26.07,26.20,26.20,26.39,26.39,28.66,28.66,28.74,28.74,28.83,28.83,28.91,28.91,29.02,29.02,2.18,2.17,2.17,2.17,2.16,2.16,2.16,2.16,2.15,2.15,6.20,6.20,6.20,6.19,6.19,6.19,6.18,6.18,6.17,6.17,236.71,0.00,1.00,1.00,0.00,0.00,0.00,-1.00,0,None,0,aggregation
160,301.54,remora6,remora2,26.46,26.46,26.52,26.65,26.65,26.65,26.82,26.82,26.95,26.95,29.06,29.06,29.08,29.16,29.16,29.16,29.25,29.25,29.32,29.32,2.15,2.15,2.15,2.15,2.15,2.15,2.15,2.15,2.15,2.15,6.17,6.17,6.17,6.17,6.17,6.17,6.16,6.16,6.16,6.16,242.72,0.00,1.00,1.00,0.00,0.00,0.00,-1.00,0,None,0,aggregation
160,302.54,remora6,remora2,27.03,27.03,27.06,27.06,27.20,27.20,27.22,27.41,27.41,27.41,29.36,29.36,29.37,29.37,29.44,29.44,29.45,29.54,29.54,29.54,2.16,2.16,2.16,2.16,2.16,2.16,2.17,2.17,2.17,2.17,6.15,5.81,5.80,5.79,5.78,5.76,5.75,5.75,5.74,5.74,250.36,0.00,1.00,1.00,0.00,0.00,0.00,-1.00,0,None,0,aggregation
160,303.54,remora6,remora2,27.47,27.47,27.58,27.58,27.61,27.61,27.67,27.76,27.76,27.76,29.57,29.57,29.62,29.62,29.64,29.64,29.66,29.70,29.70,29.70,2.18,2.18,2.18,2.19,2.19,2.19,2.20,2.20,2.21,2.21,5.73,5.73,5.72,5.72,5.71,5.70,5.70,5.69,5.68,5.68,258.24,0.00,1.00,1.00,0.00,0.00,0.00,-1.00,0,None,0,aggregation
160,304.54,remora6,remora2,27.90,27.90,27.91,27.91,27.99,27.99,28.07,28.07,28.18,28.18,29.76,29.76,29.77,29.77,29.80,29.80,29.84,29.84,29.88,29.88,2.21,2.22,2.22,2.23,2.23,2.24,2.24,2.25,2.26,2.26,5.67,5.67,5.66,5.66,5.65,5.65,5.64,5.64,5.63,5.63,265.18,0.00,1.00,1.00,0.00,0.00,0.00,-1.00,0,None,0,aggregation
160,305.54,remora6,remora2,28.25,28.25,28.27,28.27,28.36,28.36,28.49,28.49,28.58,28.58,29.91,29.91,29.91,29.91,29.95,29.95,29.99,29.99,30.02,30.02,2.27,2.27,2.28,2.29,2.29,2.30,2.31,2.32,2.32,2.33,5.62,5.62,5.61,5.61,5.61,5.60,5.60,5.59,5.59,5.58,271.38,0.00,1.00,1.00,0.00,0.00,0.00,-1.00,0,None,0,aggregation
160,306.54,remora6,remora2,0.00,0.00,0.00,0.00,0.00,0.00,0.00,0.00,0.00,0.00,0.00,0.00,0.00,0.00,0.00,0.00,0.00,0.00,0.00,0.00,2.35,2.37,2.40,2.42,2.45,2.47,2.50,2.52,2.55,2.57,5.58,5.58,5.59,5.59,5.60,5.60,5.61,5.62,5.62,5.63,247.61,0.00,1.00,1.00,0.00,0.00,0.00,-1.00,0,None,0,aggregation
160,307.54,remora6,remora2,0.00,0.00,0.00,0.00,0.00,0.00,0.00,0.00,0.00,0.00,0.00,0.00,0.00,0.00,0.00,0.00,0.00,0.00,0.00,0.00,2.60,2.62,2.65,2.67,2.70,2.72,2.74,2.77,2.79,2.82,5.63,5.64,5.64,5.64,5.65,4.71,4.72,4.73,4.74,4.75,222.84,0.00,1.00,1.00,0.00,0.00,0.00,-1.00,0,None,0,aggregation
160,308.54,remora6,remora2,0.00,0.00,0.00,0.00,0.00,0.00,0.00,0.00,0.00,0.00,0.00,0.00,0.00,0.00,0.00,0.00,0.00,0.00,0.00,0.00,2.84,2.86,2.89,2.91,2.94,2.96,2.98,3.01,3.03,3.06,4.76,4.76,4.77,5.69,5.70,5.70,5.71,5.71,4.81,4.81,197.11,0.00,1.00,1.00,0.00,0.00,0.00,-1.00,0,None,0,aggregation
160,309.54,remora6,remora2,0.00,0.00,0.00,0.00,0.00,0.00,0.00,0.00,0.00,0.00,0.00,0.00,0.00,0.00,0.00,0.00,0.00,0.00,0.00,0.00,3.08,3.10,3.13,3.15,3.17,3.20,3.22,3.24,3.27,3.29,4.82,4.82,4.83,4.84,4.85,4.86,4.86,4.87,5.77,5.78,170.43,0.00,0.00,1.00,0.00,0.00,0.00,-1.00,0,None,0,aggregation
160,310.54,remora6,remora2,0.00,0.00,0.00,0.00,0.00,0.00,0.00,0.00,0.00,0.00,0.00,0.00,0.00,0.00,0.00,0.00,0.00,0.00,0.00,0.00,3.31,3.34,3.36,3.38,3.41,3.43,3.45,3.48,3.50,3.52,5.78,5.78,5.79,5.80,4.91,4.92,4.93,4.93,4.94,4.95,142.98,0.00,0.00,1.00,0.00,0.00,0.00,-1.00,0,None,0,aggregation
160,311.54,remora6,remora2,0.00,0.00,0.00,0.00,0.00,0.00,0.00,0.00,0.00,0.00,0.00,0.00,0.00,0.00,0.00,0.00,0.00,0.00,0.00,0.00,3.54,3.57,3.59,3.61,3.64,3.66,3.68,3.70,3.73,3.75,4.95,4.96,4.96,4.97,4.97,5.86,4.99,5.00,5.00,5.01,115.04,0.00,0.00,1.00,0.00,0.00,0.00,-1.00,0,None,0,aggregation
160,312.54,remora6,remora2,0.00,0.00,0.00,0.00,0.00,0.00,0.00,0.00,0.00,0.00,0.00,0.00,0.00,0.00,0.00,0.00,0.00,0.00,0.00,0.00,3.77,3.80,3.82,3.84,3.86,3.89,3.91,3.93,3.95,3.98,5.01,5.02,5.03,5.03,5.04,5.05,5.06,5.06,5.07,5.07,86.72,0.00,0.00,1.00,0.00,0.00,0.00,-1.00,0,None,0,aggregation
160,313.54,remora6,remora2,0.00,0.00,0.00,0.00,0.00,0.00,0.00,0.00,0.00,0.00,0.00,0.00,0.00,0.00,0.00,0.00,0.00,0.00,0.00,0.00,4.00,4.02,4.04,4.06,4.09,4.11,4.13,4.15,4.18,4.20,5.08,5.08,5.09,5.09,5.10,5.10,5.11,5.12,5.12,5.13,58.08,0.00,0.00,1.00,0.00,0.00,0.00,-1.00,0,None,0,aggregation
160,314.54,remora6,remora2,0.00,0.00,0.00,0.00,0.00,0.00,0.00,0.00,0.00,0.00,0.00,0.00,0.00,0.00,0.00,0.00,0.00,0.00,0.00,0.00,4.22,4.24,4.27,4.29,4.31,4.33,4.35,4.38,4.40,4.42,5.14,5.15,5.16,5.16,5.17,5.17,5.18,5.18,5.19,5.19,29.17,0.00,0.00,0.00,0.00,0.00,0.00,-1.00,0,None,0,aggregation
160,315.54,remora6,remora2,0.00,0.00,0.00,0.00,0.00,0.00,0.00,0.00,0.00,0.00,0.00,0.00,0.00,0.00,0.00,0.00,0.00,0.00,0.00,0.00,4.44,4.46,4.49,4.51,4.53,4.55,4.57,4.60,4.62,4.64,5.20,5.20,5.21,5.21,5.22,5.23,5.24,5.24,5.25,5.25,0.00,0.00,0.00,0.00,0.00,0.00,0.00,-1.00,0,None,0,aggregation
160,316.54,remora6,remora2,0.00,0.00,0.00,0.00,0.00,0.00,0.00,0.00,0.00,0.00,0.00,0.00,0.00,0.00,0.00,0.00,0.00,0.00,0.00,0.00,4.66,4.68,4.71,4.73,4.75,4.77,4.79,4.81,4.84,4.86,5.26,5.26,5.27,5.27,5.28,5.28,5.29,5.30,5.31,5.31,0.00,0.00,0.00,0.00,0.00,0.00,0.00,-1.00,0,None,0,aggregation
160,317.54,remora6,remora2,0.00,0.00,0.00,0.00,0.00,0.00,0.00,0.00,0.00,0.00,0.00,0.00,0.00,0.00,0.00,0.00,0.00,0.00,0.00,0.00,4.88,4.88,4.87,4.86,4.86,4.86,4.86,4.86,4.86,4.86,5.32,5.32,5.32,5.33,5.33,5.34,5.35,5.36,5.36,5.37,0.00,0.00,0.00,0.00,0.00,0.00,0.00,-1.00,0,None,0,aggregation
160,318.54,remora6,remora2,0.00,0.00,0.00,0.00,0.00,0.00,0.00,0.00,0.00,0.00,0.00,0.00,0.00,0.00,0.00,0.00,0.00,0.00,0.00,0.00,4.85,4.85,4.84,4.83,4.83,4.82,4.81,4.81,4.81,4.82,5.37,5.38,5.38,5.39,5.39,5.39,5.40,5.41,5.41,5.42,0.00,0.00,0.00,0.00,0.00,0.00,0.00,-1.00,0,None,0,aggregation
160,319.54,remora6,remora2,0.00,0.00,0.00,0.00,0.00,0.00,0.00,0.00,0.00,0.00,0.00,0.00,0.00,0.00,0.00,0.00,0.00,0.00,0.00,0.00,4.82,4.81,4.81,4.80,4.80,4.79,4.78,4.78,4.77,4.77,5.43,5.43,5.44,5.44,5.44,5.45,5.45,5.46,5.46,5.47,0.00,0.00,0.00,0.00,0.00,0.00,0.00,-1.00,0,None,0,aggregation
160,320.54,remora6,remora2,0.00,0.00,0.00,0.00,0.00,0.00,0.00,0.00,0.00,0.00,0.00,0.00,0.00,0.00,0.00,0.00,0.00,0.00,0.00,0.00,4.77,4.77,4.76,4.75,4.75,4.75,4.75,4.76,4.76,4.75,5.47,5.48,5.48,5.49,5.49,5.50,5.50,5.51,5.52,5.52,0.00,0.00,0.00,0.00,0.00,0.00,0.00,-1.00,0,None,0,aggregation
160,321.54,remora6,remora2,0.00,0.00,0.00,0.00,0.00,0.00,0.00,0.00,0.00,0.00,0.00,0.00,0.00,0.00,0.00,0.00,0.00,0.00,0.00,0.00,4.75,4.74,4.74,4.73,4.73,4.72,4.72,4.72,4.73,4.73,5.53,5.53,5.53,5.53,5.54,5.54,5.54,5.55,5.56,5.57,0.00,0.00,0.00,0.00,0.00,0.00,0.00,-1.00,0,None,0,aggregation
160,322.54,remora6,remora2,0.00,0.00,0.00,0.00,0.00,0.00,0.00,0.00,0.00,0.00,0.00,0.00,0.00,0.00,0.00,0.00,0.00,0.00,0.00,0.00,4.73,4.72,4.72,4.72,4.71,4.71,4.70,4.70,4.69,4.68,5.57,5.58,5.58,5.59,5.59,5.60,5.60,5.61,5.61,5.61,0.00,0.00,0.00,0.00,0.00,0.00,0.00,-1.00,0,None,0,aggregation
160,323.54,remora6,remora2,0.00,0.00,0.00,0.00,0.00,0.00,0.00,0.00,0.00,0.00,0.00,0.00,0.00,0.00,0.00,0.00,0.00,0.00,0.00,0.00,4.68,4.68,4.69,4.69,4.69,4.69,4.68,4.68,4.68,4.68,5.62,5.64,5.65,5.67,5.68,5.69,5.70,5.72,5.73,5.74,0.00,0.00,0.00,0.00,0.00,0.00,0.00,-1.00,0,None,0,aggregation
160,324.54,remora6,remora2,0.00,0.00,0.00,0.00,0.00,0.00,0.00,0.00,0.00,0.00,0.00,0.00,0.00,0.00,0.00,0.00,0.00,0.00,0.00,0.00,4.67,4.67,4.67,4.66,4.66,4.66,4.67,4.67,4.67,4.67,5.75,5.76,5.77,5.78,5.79,5.80,5.81,5.82,5.84,5.85,0.00,0.00,0.00,0.00,0.00,0.00,0.00,-1.00,0,None,0,aggregation
160,325.54,remora6,remora2,0.00,0.00,0.00,0.00,0.00,0.00,0.00,0.00,0.00,0.00,0.00,0.00,0.00,0.00,0.00,0.00,0.00,0.00,0.00,0.00,4.67,4.67,4.67,4.67,4.67,4.67,4.66,4.66,4.66,4.66,5.86,5.87,5.88,5.89,5.90,5.91,5.91,5.92,5.93,5.94,0.00,0.00,0.00,0.00,0.00,0.00,0.00,-1.00,0,None,0,aggregation
160,326.54,remora6,remora2,0.00,0.00,0.00,0.00,-24.77,-24.77,-24.75,-24.75,-24.63,-24.63,0.00,0.00,0.00,0.00,-35.23,-35.23,-35.21,-35.21,-35.09,-35.09,4.66,4.65,4.65,4.65,4.66,4.68,4.71,4.74,4.77,4.80,5.95,5.95,5.96,5.97,5.98,6.00,6.03,6.05,6.07,6.09,17.97,0.00,0.00,0.00,0.00,0.00,0.00,-1.00,0,None,0,aggregation
160,327.54,remora6,remora2,-24.33,-24.33,-23.96,-23.96,-23.46,-23.46,-22.84,-22.84,-22.17,-22.17,-34.79,-34.79,-34.43,-34.43,-33.93,-33.93,-33.31,-33.31,-32.63,-32.63,4.82,4.85,4.87,4.89,4.92,4.94,4.96,4.99,5.01,5.04,6.11,6.13,6.15,6.17,6.19,6.21,6.22,6.24,6.26,6.28,46.55,0.00,0.00,1.00,0.00,0.00,0.00,-1.00,0,None,0,aggregation
160,328.54,remora6,remora2,-21.38,-21.38,-20.57,-19.47,-19.47,-19.47,-18.52,-17.37,-17.37,-17.37,-31.85,-31.85,-31.03,-29.93,-29.93,-29.93,-28.98,-27.84,-27.84,-27.84,5.06,5.08,5.10,5.11,5.13,5.14,5.16,5.18,5.20,5.21,6.29,6.31,6.32,6.34,6.35,6.36,6.37,6.39,6.40,6.41,71.02,0.00,0.00,1.00,0.00,0.00,0.00,-1.00,0,None,0,aggregation
160,329.54,remora6,remora2,-16.20,-16.20,-14.84,-14.84,-13.57,-13.57,-11.89,-11.89,-10.49,-10.49,-26.67,-26.67,-25.31,-25.31,-24.03,-24.03,-22.35,-22.35,-20.95,-20.95,5.23,5.24,5.25,5.25,5.26,5.27,5.28,5.28,5.29,5.29,6.43,6.44,6.45,6.46,6.47,6.48,6.49,6.50,6.51,6.52,89.65,0.00,0.00,1.00,0.00,0.00,0.00,-1.00,0,None,0,aggregation
160,330.54,remora6,remora2,-8.85,-8.85,-7.16,-7.16,-5.42,-5.42,-3.64,-3.64,-1.82,-1.82,-19.32,-19.32,-17.63,-17.63,-15.89,-15.89,-14.10,-14.10,-12.29,-12.29,5.30,5.31,5.31,5.31,5.31,5.32,5.32,5.32,5.32,5.32,6.53,6.54,6.55,6.56,6.57,6.58,6.60,6.61,6.62,6.63,100.26,0.00,0.00,1.00,0.00,0.00,0.00,-1.00,0,None,0,aggregation
160,331.54,remora6,remora2,0.02,0.02,2.10,4.19,4.19,4.19,4.19,5.98,7.83,7.83,-10.44,-10.44,-8.37,-6.28,-6.28,-6.28,-6.28,-4.30,-1.98,-1.98,5.32,5.32,5.32,5.32,5.32,5.32,5.32,5.32,5.32,5.32,6.64,6.66,6.67,6.69,6.70,6.72,6.74,6.75,6.77,6.79,102.70,0.00,0.00,1.00,0.00,0.00,0.00,-1.00,0,None,0,aggregation
160,332.54,remora6,remora2,9.68,9.68,11.50,11.50,13.10,13.10,14.68,14.68,16.21,16.21,0.33,0.33,2.61,2.61,4.64,4.64,6.63,6.63,8.58,8.58,5.32,5.32,5.33,5.33,5.33,5.34,5.34,5.35,5.35,5.36,6.81,6.83,6.85,6.87,6.89,6.92,6.94,6.96,6.99,7.02,111.50,0.00,0.00,1.00,0.00,0.00,0.00,-1.00,0,None,0,aggregation
160,333.54,remora6,remora2,17.69,17.69,18.96,20.18,20.18,20.18,21.35,21.35,22.19,22.19,10.48,10.48,12.12,13.72,13.72,13.72,15.26,15.26,16.38,16.38,5.37,5.37,5.38,5.39,5.40,5.42,5.43,5.44,5.45,5.47,7.04,7.07,7.10,7.13,7.16,7.19,7.22,7.25,7.29,7.32,128.47,0.00,0.00,1.00,0.00,0.00,0.00,-1.00,0,None,0,aggregation
160,334.54,remora6,remora2,23.26,23.26,24.02,24.02,24.85,24.85,25.64,25.64,26.26,26.26,17.82,17.82,18.85,18.85,20.02,20.02,21.12,21.12,22.03,22.03,5.49,5.50,5.52,5.54,5.56,5.58,5.60,5.62,5.64,5.66,7.35,7.39,7.42,7.46,7.49,7.53,7.56,7.60,7.64,7.67,150.86,0.00,0.00,1.00,0.00,0.00,0.00,-1.00,0,None,0,aggregation
160,335.54,remora6,remora2,26.85,26.85,27.30,27.30,27.64,27.64,28.12,28.12,28.41,28.41,22.89,22.89,23.58,23.58,24.11,24.11,24.86,24.86,25.34,25.34,5.68,5.69,5.72,5.75,5.78,5.81,5.84,5.86,5.88,5.90,7.71,7.75,7.78,7.82,7.86,7.91,7.95,7.98,8.02,8.06,176.77,0.00,0.00,1.00,0.00,0.00,0.00,-1.00,0,None,0,aggregation
160,131.54,remora5,remora0,-14.37,-16.36,-16.36,4.51,4.51,14.55,14.55,12.46,12.46,10.38,-24.83,-26.83,-26.83,-5.95,-5.95,6.47,6.47,3.83,3.83,1.21,4.16,4.16,4.16,4.15,4.13,4.11,4.08,4.06,4.03,4.01,6.40,6.40,6.40,6.40,6.40,6.39,6.39,6.38,6.38,6.37,47.27,0.00,0.00,1.00,0.00,0.00,0.00,-1.00,0,None,0,aggregation
160,132.54,remora5,remora0,10.38,8.87,8.87,6.72,6.72,10.51,10.51,11.12,11.12,9.50,1.21,-0.69,-0.69,-3.38,-3.38,1.37,1.37,2.14,2.14,0.11,3.99,3.97,3.95,3.93,3.91,3.90,3.88,3.86,3.84,3.83,6.37,6.36,6.36,6.36,6.35,6.35,6.35,5.73,5.73,5.72,51.99,0.00,0.00,1.00,0.00,0.00,0.00,-1.00,0,None,0,aggregation
160,133.54,remora5,remora0,9.50,9.02,9.02,13.42,13.42,14.19,14.19,13.38,13.38,12.14,0.11,-0.50,-0.50,5.04,5.04,6.01,6.01,4.99,4.99,3.43,3.81,3.80,3.78,3.77,3.76,3.74,3.73,3.72,3.71,3.70,5.71,5.70,5.70,5.69,5.68,5.68,5.67,5.67,5.66,5.66,59.81,0.00,0.00,1.00,0.00,0.00,0.00,-1.00,0,None,0,aggregation
160,134.54,remora5,remora0,12.14,13.40,13.40,14.54,13.82,13.82,14.44,14.44,14.44,15.62,3.43,5.01,5.01,6.46,5.54,5.54,6.33,6.33,6.33,7.83,3.69,3.68,3.67,3.67,3.66,3.66,3.65,3.65,3.65,3.65,5.65,5.65,5.64,5.64,5.63,5.63,5.63,5.63,5.62,5.62,69.70,0.00,0.00,1.00,0.00,0.00,0.00,-1.00,0,None,0,aggregation
160,135.54,remora5,remora0,15.62,14.99,14.99,15.71,15.71,15.26,15.26,15.83,15.83,15.88,7.83,7.03,7.03,7.95,7.95,7.38,7.38,8.09,8.09,8.16,3.65,3.65,3.65,3.66,3.66,3.66,3.67,3.68,3.69,3.69,5.62,5.62,5.62,5.62,5.62,5.62,5.62,5.62,5.62,5.62,81.30,0.00,0.00,1.00,0.00,0.00,0.00,-1.00,0,None,0,aggregation
160,136.54,remora5,remora0,15.88,14.49,14.49,15.06,15.06,12.17,12.17,10.82,10.82,12.29,8.16,6.39,6.39,7.11,7.11,3.47,3.47,1.76,1.76,3.61,3.70,3.71,3.72,3.74,3.75,3.76,3.77,3.79,3.80,3.81,5.62,5.62,5.62,5.63,5.78,5.77,5.77,5.77,5.77,5.77,90.42,0.00,0.00,1.00,0.00,0.00,0.00,-1.00,0,None,0,aggregation
160,137.54,remora5,remora0,12.29,11.48,11.48,9.39,9.39,9.20,9.20,7.77,7.77,4.24,3.61,2.59,2.59,-0.03,-0.03,-0.27,-0.27,-2.06,-2.06,-6.23,3.82,3.83,3.82,3.81,3.81,3.80,3.80,3.80,3.79,3.79,5.77,5.77,5.77,5.78,5.78,5.79,5.79,5.80,5.80,5.80,95.12,0.00,0.00,1.00,0.00,0.00,0.00,-1.00,0,None,0,aggregation
160,138.54,remora5,remora0,3.89,3.89,3.89,3.85,3.85,1.36,1.36,3.22,3.22,2.74,-6.57,-6.57,-6.57,-6.61,-6.61,-9.10,-9.10,-7.24,-7.24,-7.72,3.79,3.79,3.79,3.78,3.78,3.78,3.79,3.79,3.79,3.79,5.80,5.80,5.81,5.81,5.81,5.81,5.51,5.52,5.52,5.52,97.23,0.00,0.00,1.00,0.00,0.00,0.00,-1.00,0,None,0,aggregation
160,139.54,remora5,remora0,2.74,1.64,1.64,1.28,1.28,1.12,1.12,0.90,0.50,0.50,-7.72,-8.82,-8.82,-9.19,-9.19,-9.34,-9.34,-9.56,-9.96,-9.96,3.79,3.79,3.79,3.78,3.78,3.78,3.78,3.78,3.78,3.78,5.52,5.52,5.52,5.52,5.52,5.52,5.52,5.52,5.52,5.52,92.22,0.00,0.00,1.00,0.00,0.00,0.00,-1.00,0,None,0,aggregation
160,140.54,remora5,remora0,0.50,2.05,2.05,3.12,4.62,4.62,4.62,5.13,5.13,4.00,-9.96,-8.41,-8.41,-7.35,-5.84,-5.84,-5.84,-5.34,-5.34,-6.46,3.79,3.79,3.79,3.78,3.78,3.78,3.78,3.78,3.78,3.78,5.52,5.53,5.53,5.53,5.53,5.53,5.53,5.54,5.54,5.54,66.30,0.00,0.00,1.00,0.00,0.00,0.00,-1.00,0,None,0,aggregation
160,141.54,remora5,remora0,4.00,5.81,5.81,5.86,5.86,6.50,6.50,7.51,7.51,8.52,-6.46,-4.51,-4.51,-4.45,-4.45,-3.65,-3.65,-2.38,-2.38,-1.13,3.78,3.78,3.78,3.78,3.78,3.78,3.78,3.78,3.78,3.78,5.54,5.54,5.55,5.55,5.55,5.55,5.56,5.56,5.56,5.57,57.13,0.00,0.00,1.00,0.00,0.00,0.00,-1.00,0,None,0,aggregation
160,142.54,remora5,remora0,8.52,9.47,10.57,10.57,10.57,11.89,11.89,12.46,12.46,13.05,-1.13,0.06,1.45,1.45,1.45,3.11,3.11,3.82,3.82,4.56,3.79,3.79,3.79,3.80,3.80,3.81,3.81,3.82,3.83,3.83,5.57,5.57,5.58,5.58,5.59,5.59,5.59,5.60,5.60,5.60,59.06,0.00,0.00,1.00,0.00,0.00,0.00,-1.00,0,None,0,aggregation
160,143.54,remora5,remora0,14.50,14.50,15.01,15.01,15.01,16.08,16.08,16.41,16.41,17.43,6.41,6.41,7.06,7.06,7.06,8.42,8.42,8.84,8.84,10.15,3.84,3.85,3.85,3.84,3.83,3.82,3.82,3.81,3.80,3.79,5.61,5.61,5.61,5.61,5.61,5.61,5.61,5.61,5.61,5.61,63.00,0.00,0.00,1.00,0.00,0.00,0.00,-1.00,0,None,0,aggregation
160,144.54,remora5,remora0,17.43,18.14,18.14,18.74,18.74,19.05,19.05,20.05,20.05,20.72,10.15,11.06,11.06,11.83,11.83,12.24,12.24,13.55,13.55,14.43,3.79,3.78,3.77,3.77,3.76,3.76,3.75,3.75,3.74,3.74,5.61,5.61,5.61,5.61,5.61,5.60,5.60,5.60,5.60,5.60,68.71,0.00,0.00,1.00,0.00,0.00,0.00,-1.00,0,None,0,aggregation
160,145.54,remora5,remora0,20.72,21.76,21.76,22.38,22.38,22.48,22.48,22.47,22.47,23.10,14.43,15.80,15.80,16.63,16.63,16.76,16.76,16.75,16.75,17.60,3.74,3.73,3.73,3.73,3.72,3.72,3.72,3.72,3.72,3.72,5.59,5.59,5.59,5.59,5.58,5.58,5.58,5.57,5.57,5.56,76.41,0.00,0.00,1.00,0.00,0.00,0.00,-1.00,0,None,0,aggregation
160,146.54,remora5,remora0,23.10,23.01,23.01,22.65,22.65,22.09,22.09,21.41,21.41,21.27,17.60,17.48,17.48,17.00,17.00,16.24,16.24,15.33,15.33,15.14,3.73,3.73,3.73,3.74,3.74,3.74,3.74,3.75,3.75,3.76,5.56,5.56,5.57,5.57,5.57,5.57,5.57,5.57,5.57,5.57,86.66,0.00,0.00,1.00,0.00,0.00,0.00,-1.00,0,None,0,aggregation
160,147.54,remora5,remora0,21.27,20.72,20.72,19.57,19.57,18.90,18.90,17.32,17.32,15.19,15.14,14.42,14.42,12.91,12.91,12.04,12.04,10.01,10.01,7.29,3.77,3.78,3.78,3.79,3.80,3.81,3.81,3.82,3.82,3.83,5.57,5.58,5.58,5.58,5.58,5.58,5.58,5.58,5.59,5.59,97.49,0.00,0.00,1.00,0.00,0.00,0.00,-1.00,0,None,0,aggregation
160,148.54,remora5,remora0,13.08,13.08,13.08,11.43,11.43,9.45,9.45,9.41,7.58,7.58,4.61,4.61,4.61,2.53,2.53,0.04,0.04,-0.01,-2.30,-2.30,3.84,3.85,3.85,3.86,3.86,3.86,3.85,3.83,3.81,3.80,5.59,5.68,5.68,5.68,5.69,5.69,5.69,5.70,5.70,5.70,101.38,0.00,0.00,1.00,0.00,0.00,0.00,-1.00,0,None,0,aggregation
160,149.54,remora5,remora0,7.58,7.02,7.02,5.76,5.76,8.77,9.65,9.65,9.65,8.42,-2.30,-2.99,-2.99,-4.57,-4.57,-0.81,0.29,0.29,0.29,-1.24,3.79,3.78,3.77,3.76,3.75,3.74,3.73,3.72,3.71,3.70,5.71,5.71,5.71,5.72,5.73,5.73,5.74,5.74,5.74,5.75,100.46,0.00,0.00,1.00,0.00,0.00,0.00,-1.00,0,None,0,aggregation
160,150.54,remora5,remora0,8.42,8.54,8.54,11.32,12.39,12.39,12.39,13.22,11.64,11.64,-1.24,-1.10,-1.10,2.39,3.74,3.74,3.74,4.78,2.80,2.80,3.70,3.69,3.68,3.67,3.66,3.65,3.64,3.63,3.62,3.61,5.75,5.76,5.76,5.77,5.77,5.77,5.78,5.78,5.78,5.78,105.36,0.00,0.00,1.00,0.00,0.00,0.00,-1.00,0,None,0,aggregation
160,151.54,remora5,remora0,11.64,12.53,12.53,11.44,11.44,11.90,11.90,12.12,12.12,13.62,2.80,3.91,3.91,2.54,2.54,3.12,3.12,3.39,3.39,5.29,3.61,3.60,3.59,3.58,3.58,3.57,3.56,3.56,3.55,3.54,5.78,5.79,5.79,5.80,5.80,5.80,5.80,5.70,5.71,5.71,111.56,0.00,0.00,1.00,0.00,0.00,0.00,-1.00,0,None,0,aggregation
160,152.54,remora5,remora0,13.91,13.91,13.91,13.56,12.93,12.93,12.93,11.16,13.28,13.28,5.66,5.66,5.66,5.21,4.42,4.42,4.42,2.19,4.86,4.86,3.54,3.53,3.53,3.52,3.52,3.51,3.51,3.51,3.51,3.50,5.71,5.72,5.72,5.84,5.84,5.85,5.74,5.74,5.75,5.75,113.86,0.00,0.00,1.00,0.00,0.00,0.00,-1.00,0,None,0,aggregation
160,153.54,remora5,remora0,15.90,15.90,15.90,16.71,16.71,16.17,16.17,15.98,15.98,16.73,8.19,8.19,8.19,9.22,9.22,8.53,8.53,8.29,8.29,9.25,3.50,3.50,3.51,3.51,3.51,3.52,3.52,3.53,3.53,3.54,5.76,5.76,5.76,5.77,5.77,5.78,5.79,5.79,5.80,5.81,114.51,0.00,0.00,1.00,0.00,0.00,0.00,-1.00,0,None,0,aggregation
160,154.54,remora5,remora0,16.73,16.80,16.80,16.94,16.94,14.56,14.56,14.47,14.47,12.63,9.25,9.33,9.33,9.52,9.52,6.48,6.48,6.37,6.37,4.04,3.54,3.55,3.55,3.56,3.57,3.57,3.58,3.59,3.59,3.60,5.81,5.82,5.83,5.84,5.85,5.85,5.86,5.87,5.88,5.89,110.49,0.00,0.00,1.00,0.00,0.00,0.00,-1.00,0,None,0,aggregation
160,155.54,remora5,remora0,12.63,13.30,12.03,12.03,12.03,10.90,10.90,10.32,10.32,11.87,4.04,4.89,3.29,3.29,3.29,1.86,1.86,1.13,1.13,3.09,3.60,3.61,3.62,3.62,3.63,3.63,3.64,3.64,3.65,3.65,5.89,5.90,5.91,5.92,5.93,5.94,5.95,5.96,5.97,5.97,98.40,0.00,0.00,1.00,0.00,0.00,0.00,-1.00,0,None,0,aggregation
160,156.54,remora5,remora0,11.57,11.57,11.57,12.93,10.95,10.95,10.95,11.91,11.91,10.08,2.70,2.70,2.70,4.42,1.93,1.93,1.93,3.13,3.13,0.83,3.66,3.67,3.68,3.69,3.70,3.71,3.72,3.73,3.74,3.76,5.98,5.99,6.00,6.02,6.03,6.04,6.05,6.06,6.07,6.08,86.02,0.00,0.00,1.00,0.00,0.00,0.00,-1.00,0,None,0,aggregation
160,157.54,remora5,remora0,10.08,11.06,11.06,10.85,10.85,9.90,9.09,9.09,9.09,8.53,0.83,2.07,2.07,1.80,1.80,0.61,-0.41,-0.41,-0.41,-1.11,3.77,3.78,3.79,3.81,3.82,3.84,3.85,3.87,3.88,3.90,6.09,6.10,6.11,6.12,6.14,6.16,6.17,6.19,6.21,6.22,75.80,0.00,0.00,1.00,0.00,0.00,0.00,-1.00,0,None,0,aggregation
160,158.54,remora5,remora0,10.23,10.23,10.47,10.47,10.47,9.22,9.22,10.46,10.46,9.36,1.03,1.03,1.32,1.32,1.32,-0.24,-0.24,1.32,1.32,-0.07,3.91,3.93,3.95,3.97,3.99,4.01,4.03,4.05,4.07,4.09,6.24,6.26,6.28,6.29,6.31,6.33,6.35,5.84,5.85,5.87,75.25,0.00,0.00,1.00,0.00,0.00,0.00,-1.00,0,None,0,aggregation
160,159.54,remora5,remora0,9.36,9.86,10.97,10.97,10.97,10.05,10.05,9.36,9.36,9.61,-0.07,0.56,1.95,1.95,1.95,0.80,0.80,-0.07,-0.07,0.24,4.11,4.14,4.16,4.18,4.21,4.23,4.26,4.28,4.31,4.33,5.88,5.90,5.91,5.93,5.94,5.96,5.97,5.99,6.00,6.02,77.64,0.00,0.00,1.00,0.00,0.00,0.00,-1.00,0,None,0,aggregation
160,160.54,remora5,remora0,9.61,9.12,9.12,9.12,9.12,8.80,8.80,9.52,9.10,9.10,0.24,-0.38,-0.38,-0.37,-0.37,-0.77,-0.77,0.13,-0.39,-0.39,4.33,4.32,4.32,4.31,4.31,4.31,4.30,4.30,4.30,4.30,6.03,6.05,6.06,6.07,6.09,6.10,6.11,6.13,6.14,6.16,75.49,0.00,0.00,1.00,0.00,0.00,0.00,-1.00,0,None,0,aggregation
160,161.54,remora5,remora0,9.10,9.58,9.58,10.07,10.07,9.99,9.99,10.11,10.11,10.25,-0.39,0.21,0.21,0.83,0.83,0.72,0.72,0.88,0.88,1.05,4.30,4.29,4.29,4.28,4.27,4.26,4.26,4.25,4.25,4.25,6.17,6.19,6.20,6.21,6.22,6.24,6.25,6.26,6.28,6.29,72.97,0.00,0.00,1.00,0.00,0.00,0.00,-1.00,0,None,0,aggregation
160,162.54,remora5,remora0,10.25,11.03,11.03,10.90,11.13,11.13,11.13,11.51,11.51,11.74,1.05,2.03,2.03,1.87,2.16,2.16,2.16,2.62,2.62,2.91,4.24,4.24,4.23,4.23,4.22,4.21,4.20,4.19,4.19,4.18,6.30,6.32,6.33,6.34,6.35,6.37,6.38,6.39,6.40,5.52,70.66,0.00,0.00,1.00,0.00,0.00,0.00,-1.00,0,None,0,aggregation
160,163.54,remora5,remora0,11.74,12.16,12.16,12.51,12.51,13.00,13.00,13.15,13.15,13.19,2.91,3.45,3.45,3.88,3.88,4.51,4.51,4.69,4.69,4.75,4.18,4.17,4.17,4.16,4.16,4.15,4.14,4.13,4.12,4.11,5.52,5.52,5.52,5.53,5.53,5.53,5.54,5.54,5.55,5.56,66.62,0.00,0.00,1.00,0.00,0.00,0.00,-1.00,0,None,0,aggregation
160,164.54,remora5,remora0,13.19,13.79,13.79,13.78,13.78,14.87,14.87,14.59,14.59,15.22,4.75,5.51,5.51,5.50,5.50,6.87,6.87,6.52,6.52,7.32,4.11,4.10,4.10,4.09,4.09,4.08,4.07,4.06,4.05,4.05,5.57,5.58,5.60,5.61,5.62,5.63,5.64,5.65,5.66,5.67,65.20,0.00,0.00,1.00,0.00,0.00,0.00,-1.00,0,None,0,aggregation
160,165.54,remora5,remora0,15.60,15.60,15.60,16.13,16.13,17.23,17.23,17.42,17.42,17.80,7.81,7.81,7.81,8.48,8.48,9.89,9.89,10.13,10.13,10.62,4.04,4.04,4.03,4.03,4.02,4.02,4.01,4.01,4.01,4.01,5.68,5.70,5.71,5.72,5.73,5.75,5.76,5.77,5.79,5.80,70.85,0.00,0.00,1.00,0.00,0.00,0.00,-1.00,0,None,0,aggregation
160,166.54,remora5,remora0,17.80,18.36,18.36,18.54,18.54,19.05,19.05,19.50,20.14,20.14,10.62,11.35,11.35,11.58,11.58,12.24,12.24,12.82,13.66,13.66,4.00,4.00,3.99,3.98,3.98,3.98,3.98,3.98,3.98,3.99,5.82,5.83,5.85,5.86,5.88,5.89,5.91,5.92,5.94,5.96,79.39,0.00,0.00,1.00,0.00,0.00,0.00,-1.00,0,None,0,aggregation
160,167.54,remora5,remora0,20.14,20.19,20.31,20.31,20.31,21.11,21.11,21.19,21.44,21.44,13.66,13.72,13.88,13.88,13.88,14.94,14.94,15.05,15.38,15.38,3.99,3.98,3.98,3.99,3.99,4.00,4.00,4.00,4.00,4.01,5.98,5.99,6.01,6.02,6.04,6.06,6.07,6.09,6.11,6.12,91.68,0.00,0.00,1.00,0.00,0.00,0.00,-1.00,0,None,0,aggregation
160,168.54,remora5,remora0,21.44,21.75,21.75,22.28,22.28,22.32,22.32,22.22,22.22,22.90,15.38,15.79,15.79,16.50,16.50,16.55,16.55,16.42,16.42,17.34,4.01,4.02,4.03,4.03,4.04,4.06,4.06,4.07,4.08,4.09,6.14,6.16,6.18,6.20,6.22,6.24,6.26,6.27,6.29,6.31,105.48,0.00,0.00,1.00,0.00,0.00,0.00,-1.00,0,None,0,aggregation
160,169.54,remora5,remora0,22.90,23.42,23.42,23.39,23.39,24.02,24.59,24.59,24.59,24.83,17.34,18.04,18.04,18.00,18.00,18.86,19.64,19.64,19.64,19.98,4.10,4.11,4.12,4.14,4.15,4.17,4.18,4.19,4.20,4.22,6.33,6.35,5.15,5.16,5.18,5.19,5.21,5.22,5.23,5.25,121.37,0.00,0.00,1.00,0.00,0.00,0.00,-1.00,0,None,0,aggregation
160,170.54,remora5,remora0,24.83,24.85,24.85,25.53,25.53,26.16,26.66,26.66,26.66,27.21,19.98,20.02,20.02,20.97,20.97,21.88,22.61,22.61,22.61,23.45,4.23,4.25,4.26,4.28,4.30,4.32,4.34,4.36,4.39,4.41,5.26,5.28,5.29,5.31,5.32,5.34,5.36,5.38,5.40,5.42,140.67,0.00,0.00,1.00,0.00,0.00,0.00,-1.00,0,None,0,aggregation
160,171.54,remora5,remora0,27.21,27.64,27.96,27.96,27.96,28.26,28.54,28.54,28.80,28.80,23.45,24.11,24.61,24.61,24.61,25.10,25.57,25.57,26.01,26.01,4.43,4.45,4.47,4.49,4.51,4.53,4.56,4.58,4.60,4.63,5.43,4.97,4.99,5.00,5.03,5.05,5.08,5.11,5.14,5.16,162.00,0.00,0.00,1.00,0.00,0.00,0.00,-1.00,0,None,0,aggregation
160,172.54,remora5,remora0,28.80,29.04,29.04,29.25,29.25,29.35,29.35,29.54,29.62,29.62,26.01,26.43,26.43,26.84,26.84,27.03,27.03,27.40,27.57,27.57,4.66,4.68,4.71,4.74,4.77,4.80,4.83,4.86,4.88,4.91,5.18,5.20,5.23,5.26,5.29,5.33,5.36,5.38,5.41,5.43,183.45,0.00,0.00,1.00,0.00,0.00,0.00,-1.00,0,None,0,aggregation
160,173.54,remora5,remora0,29.73,29.73,29.73,29.83,29.83,29.89,29.89,29.95,30.00,30.00,27.83,27.83,27.83,28.07,28.07,28.22,28.22,28.37,28.51,28.51,4.93,4.95,4.97,5.00,5.02,5.05,5.07,5.10,5.12,5.15,5.45,5.47,5.49,5.51,5.54,5.57,5.60,5.63,5.66,5.69,204.09,0.00,0.00,1.00,0.00,0.00,0.00,-1.00,0,None,0,aggregation
160,174.54,remora5,remora0,30.00,30.04,0.00,0.00,0.00,30.00,30.00,30.00,30.00,30.00,28.51,28.65,0.00,0.00,0.00,30.00,30.00,30.00,30.00,30.00,5.18,5.20,5.23,5.24,5.23,5.25,5.28,5.31,5.34,5.37,5.71,5.74,5.76,5.77,5.77,5.78,5.81,5.85,5.88,5.90,214.78,0.00,0.00,1.00,0.00,0.00,0.00,-1.00,0,None,0,aggregation
160,175.54,remora5,remora0,30.00,30.00,30.00,30.00,30.00,30.00,30.00,30.00,30.00,30.00,30.00,30.00,30.00,30.00,30.00,30.00,30.00,30.00,30.00,30.00,5.41,5.44,5.47,5.51,5.55,5.59,5.62,5.64,5.66,5.68,5.93,5.96,5.99,6.03,6.06,6.10,6.13,6.15,6.18,6.20,231.92,0.00,0.00,1.00,0.00,0.00,0.00,-1.00,0,None,0,aggregation
160,176.54,remora5,remora0,30.00,30.00,30.00,30.00,30.00,30.00,30.00,30.00,30.00,30.00,30.00,30.00,30.00,30.00,30.00,30.00,30.00,30.00,30.00,30.00,5.71,5.74,5.78,5.81,5.85,5.88,5.91,5.93,5.96,6.00,6.23,6.26,6.30,6.33,6.37,6.40,6.43,6.46,6.49,6.52,246.40,0.00,0.00,1.00,0.00,0.00,0.00,-1.00,0,None,0,aggregation
160,177.54,remora5,remora0,30.00,30.00,30.00,30.00,30.00,30.00,30.00,30.00,30.00,30.00,30.00,30.00,30.00,30.00,30.00,30.00,30.00,30.00,30.00,30.00,6.03,6.07,6.10,6.12,6.15,6.18,6.22,6.26,6.29,6.31,6.55,6.59,6.62,6.65,6.68,6.72,6.75,6.78,6.81,6.83,258.78,0.00,0.00,1.00,0.00,0.00,0.00,-1.00,0,None,0,aggregation
160,178.54,remora5,remora0,30.00,30.00,30.00,30.00,30.00,30.00,30.00,30.00,30.00,30.00,30.00,30.00,30.00,30.00,30.00,30.00,30.00,30.00,30.00,30.00,6.33,6.35,6.38,6.41,6.45,6.48,6.51,6.55,6.59,6.62,6.86,6.88,6.91,6.95,6.98,7.02,7.05,7.09,7.12,7.16,269.55,0.00,0.00,1.00,0.00,0.00,0.00,-1.00,0,None,0,aggregation
160,179.54,remora5,remora0,30.00,30.00,30.00,30.00,30.00,30.00,30.00,30.00,30.00,30.00,30.00,30.00,30.00,30.00,30.00,30.00,30.00,30.00,30.00,30.00,6.65,6.67,6.69,6.71,6.74,6.77,6.81,6.84,6.87,6.91,7.19,7.22,7.25,7.28,7.32,7.35,7.39,7.41,7.45,7.49,278.23,0.00,0.00,1.00,0.00,0.00,0.00,-1.00,0,None,0,aggregation
160,180.54,remora5,remora0,30.00,30.00,30.00,30.00,30.00,30.00,30.00,30.00,30.00,30.00,30.00,30.00,30.00,30.00,30.00,30.00,30.00,30.00,30.00,30.00,6.94,6.98,7.02,7.05,7.08,7.11,7.13,7.15,7.18,7.21,7.52,7.55,7.59,7.62,7.66,7.69,7.72,7.74,7.77,7.80,284.53,0.00,0.00,1.00,0.00,0.00,0.00,-1.00,0,None,0,aggregation
160,181.54,remora5,remora0,30.00,30.00,30.00,30.00,30.00,30.00,30.00,30.00,30.00,30.00,30.00,30.00,30.00,30.00,30.00,30.00,30.00,30.00,30.00,30.00,7.25,7.28,7.32,7.36,7.39,7.41,7.43,7.45,7.48,7.51,7.83,7.87,7.91,7.94,7.97,8.00,8.03,8.06,8.10,8.13,287.96,0.00,0.00,1.00,0.00,0.00,0.00,-1.00,0,None,0,aggregation
160,182.54,remora5,remora0,30.00,30.00,30.00,30.00,30.00,30.00,30.00,30.00,30.00,30.00,30.00,30.00,30.00,30.00,30.00,30.00,30.00,30.00,30.00,30.00,7.54,7.58,7.61,7.64,7.68,7.72,7.75,7.79,7.82,7.84,8.17,8.21,8.24,8.28,8.32,8.36,8.40,8.44,8.48,8.51,289.86,0.00,0.00,1.00,0.00,0.00,0.00,-1.00,0,None,0,aggregation
160,183.54,remora5,remora0,30.00,30.00,30.00,30.00,30.00,30.00,30.00,30.00,30.00,30.00,30.00,30.00,30.00,30.00,30.00,30.00,30.00,30.00,30.00,30.00,7.86,7.88,7.91,7.95,7.98,8.01,8.05,8.08,8.11,8.14,8.54,8.58,8.61,8.64,8.67,8.70,8.73,8.77,8.81,8.84,290.86,0.00,0.00,1.00,0.00,0.00,0.00,-1.00,0,None,0,aggregation
160,184.54,remora5,remora0,30.00,30.00,30.00,30.00,30.00,30.00,30.00,30.00,30.00,30.00,30.00,30.00,30.00,30.00,30.00,30.00,30.00,30.00,30.00,30.00,8.17,8.20,8.24,8.27,8.30,8.32,8.35,8.39,8.43,8.46,8.87,8.91,8.95,8.98,9.01,9.04,9.08,9.12,9.16,9.20,300.00,0.00,0.00,1.00,0.00,0.00,0.00,-1.00,0,None,0,aggregation
160,185.54,remora5,remora0,30.00,30.00,30.00,30.00,30.00,30.00,30.00,30.00,30.00,30.00,30.00,30.00,30.00,30.00,30.00,30.00,30.00,30.00,30.00,30.00,8.49,8.51,8.53,8.56,8.59,8.62,8.65,8.69,8.72,8.76,9.23,8.51,8.53,8.56,8.59,8.62,8.65,8.69,8.72,8.76,300.00,0.00,0.00,1.00,0.00,0.00,0.00,-1.00,0,None,0,aggregation
160,186.54,remora5,remora0,30.00,30.00,30.00,30.00,30.00,30.00,30.00,30.00,30.00,30.00,30.00,30.00,30.00,30.00,30.00,30.00,30.00,30.00,30.00,30.00,8.80,8.83,8.86,8.89,8.91,8.93,8.96,8.99,9.03,9.06,8.80,8.83,8.86,8.89,8.91,8.93,8.96,8.99,9.03,9.06,300.00,0.00,0.00,1.00,0.00,0.00,0.00,-1.00,0,None,0,aggregation
160,187.54,remora5,remora0,30.00,30.00,30.00,30.00,30.00,30.00,30.00,30.00,30.00,30.00,30.00,30.00,30.00,30.00,30.00,30.00,30.00,30.00,30.00,30.00,9.10,9.13,9.17,9.19,9.21,9.23,9.26,9.29,9.33,9.36,9.10,9.13,9.17,9.19,9.21,9.23,9.26,9.29,9.33,9.36,300.00,0.00,0.00,1.00,0.00,0.00,0.00,-1.00,0,None,0,aggregation
160,261.54,remora5,remora0,30.02,30.02,30.02,30.02,30.02,30.02,30.02,30.04,30.04,30.04,29.98,29.98,29.98,29.98,29.98,29.98,29.98,29.95,29.95,29.95,1.82,1.81,1.80,1.79,1.78,1.77,1.76,1.75,1.74,1.74,1.82,1.81,1.80,1.79,1.78,1.77,1.76,1.75,1.74,1.74,299.96,0.00,1.00,1.00,0.00,0.00,0.00,-1.00,0,None,0,aggregation
160,262.54,remora5,remora0,30.04,30.04,30.04,30.04,30.04,30.02,30.02,0.00,0.00,0.00,29.95,29.95,29.95,29.95,29.95,29.98,29.98,0.00,0.00,0.00,1.73,1.72,1.71,1.70,1.69,1.68,1.67,1.67,1.68,1.70,1.73,1.72,1.71,1.70,1.69,1.68,1.67,1.67,1.68,1.70,290.96,0.00,1.00,1.00,0.00,0.00,0.00,-1.00,0,None,0,aggregation
160,263.54,remora5,remora0,0.00,0.00,0.00,0.00,0.00,0.00,0.00,0.00,0.00,0.00,0.00,0.00,0.00,0.00,0.00,0.00,0.00,0.00,0.00,0.00,1.72,1.74,1.76,1.78,1.80,1.82,1.84,1.86,1.88,1.90,1.72,1.74,1.76,1.78,1.80,1.82,1.84,1.86,1.88,1.90,260.97,0.00,1.00,1.00,0.00,0.00,0.00,-1.00,0,None,0,aggregation
160,264.54,remora5,remora0,0.00,0.00,0.00,0.00,0.00,0.00,0.00,0.00,0.00,0.00,0.00,0.00,0.00,0.00,0.00,0.00,0.00,0.00,0.00,0.00,1.92,1.94,1.96,1.98,2.00,2.02,2.04,2.06,2.08,2.10,1.92,1.94,1.96,1.98,2.00,2.02,2.04,2.06,2.08,2.10,230.97,0.00,1.00,1.00,0.00,0.00,0.00,-1.00,0,None,0,aggregation
160,265.54,remora5,remora0,0.00,0.00,0.00,0.00,0.00,0.00,0.00,0.00,0.00,0.00,0.00,0.00,0.00,0.00,0.00,0.00,0.00,0.00,0.00,0.00,2.12,2.14,2.16,2.18,2.20,2.22,2.24,2.26,2.28,2.30,2.12,2.14,2.16,2.18,2.20,2.22,2.24,2.26,2.28,2.30,200.98,0.00,1.00,1.00,0.00,0.00,0.00,-1.00,0,None,0,aggregation
160,266.54,remora5,remora0,0.00,0.00,0.00,0.00,0.00,0.00,0.00,0.00,0.00,0.00,0.00,0.00,0.00,0.00,0.00,0.00,0.00,0.00,0.00,0.00,2.30,2.30,2.30,2.30,2.30,2.30,2.32,2.33,2.35,2.37,2.30,2.30,2.30,2.30,2.30,2.30,2.32,2.33,2.35,2.37,170.98,0.00,1.00,1.00,0.00,0.00,0.00,-1.00,0,None,0,aggregation
160,267.54,remora5,remora0,0.00,0.00,0.00,0.00,0.00,0.00,0.00,0.00,0.00,0.00,0.00,0.00,0.00,0.00,0.00,0.00,0.00,0.00,0.00,0.00,2.39,2.41,2.42,2.44,2.46,2.48,2.50,2.52,2.54,2.55,2.39,2.41,2.42,2.44,2.46,2.48,2.50,2.52,2.54,2.55,140.99,0.00,1.00,1.00,0.00,0.00,0.00,-1.00,0,None,0,aggregation
160,268.54,remora5,remora0,0.00,0.00,0.00,0.00,0.00,0.00,0.00,0.00,0.00,0.00,0.00,0.00,0.00,0.00,0.00,0.00,0.00,0.00,0.00,0.00,2.57,2.59,2.61,2.63,2.64,2.66,2.68,2.70,2.72,2.74,2.57,2.59,2.61,2.63,2.64,2.66,2.68,2.70,2.72,2.74,110.99,0.00,1.00,1.00,0.00,0.00,0.00,-1.00,0,None,0,aggregation
160,269.54,remora5,remora0,0.00,0.00,0.00,0.00,0.00,0.00,0.00,0.00,0.00,0.00,0.00,0.00,0.00,0.00,0.00,0.00,0.00,0.00,0.00,0.00,2.75,2.77,2.79,2.81,2.83,2.85,2.86,2.88,2.90,2.92,2.75,2.77,2.79,2.81,2.83,2.85,2.86,2.88,2.90,2.92,81.00,0.00,1.00,1.00,0.00,0.00,0.00,-1.00,0,None,0,aggregation
160,270.54,remora5,remora0,0.00,0.00,0.00,0.00,0.00,0.00,0.00,0.00,0.00,0.00,0.00,0.00,0.00,0.00,0.00,0.00,0.00,0.00,0.00,0.00,2.94,2.95,2.97,2.99,3.01,3.03,3.04,3.06,3.08,3.10,2.94,2.95,2.97,2.99,3.01,3.03,3.04,3.06,3.08,3.10,51.00,0.00,0.00,1.00,0.00,0.00,0.00,-1.00,0,None,0,aggregation
160,271.54,remora5,remora0,0.00,0.00,0.00,0.00,0.00,0.00,0.00,0.00,0.00,0.00,0.00,0.00,0.00,0.00,0.00,0.00,0.00,0.00,0.00,0.00,3.12,3.13,3.15,3.17,3.19,3.20,3.22,3.24,3.26,3.28,3.12,3.13,3.15,3.17,3.19,3.20,3.22,3.24,3.26,3.28,21.00,0.00,0.00,0.00,0.00,0.00,0.00,-1.00,0,None,0,aggregation
160,272.54,remora5,remora0,0.00,0.00,0.00,0.00,0.00,0.00,0.00,0.00,0.00,0.00,0.00,0.00,0.00,0.00,0.00,0.00,0.00,0.00,0.00,0.00,3.29,3.31,3.33,3.35,3.36,3.38,3.40,3.42,3.43,3.45,3.29,3.31,3.33,3.35,3.36,3.38,3.40,3.42,3.43,3.45,0.00,0.00,0.00,0.00,0.00,0.00,0.00,-1.00,0,None,0,aggregation
160,273.54,remora5,remora0,0.00,0.00,0.00,0.00,0.00,0.00,0.00,0.00,0.00,0.00,0.00,0.00,0.00,0.00,0.00,0.00,0.00,0.00,0.00,0.00,3.47,3.49,3.50,3.52,3.54,3.55,3.57,3.59,3.61,3.62,3.47,3.49,3.50,3.52,3.54,3.55,3.57,3.59,3.61,3.62,0.00,0.00,0.00,0.00,0.00,0.00,0.00,-1.00,0,None,0,aggregation
160,274.54,remora5,remora0,0.00,0.00,0.00,0.00,0.00,0.00,0.00,0.00,0.00,0.00,0.00,0.00,0.00,0.00,0.00,0.00,0.00,0.00,0.00,0.00,3.64,3.66,3.67,3.69,3.71,3.72,3.74,3.76,3.78,3.79,3.64,3.66,3.67,3.69,3.71,3.72,3.74,3.76,3.78,3.79,0.00,0.00,0.00,0.00,0.00,0.00,0.00,-1.00,0,None,0,aggregation
160,275.54,remora5,remora0,0.00,0.00,0.00,0.00,0.00,0.00,0.00,0.00,0.00,0.00,0.00,0.00,0.00,0.00,0.00,0.00,0.00,0.00,0.00,0.00,3.81,3.83,3.84,3.86,3.88,3.89,3.91,3.93,3.94,3.96,3.81,3.83,3.84,3.86,3.88,3.89,3.91,3.93,3.94,3.96,0.00,0.00,0.00,0.00,0.00,0.00,0.00,-1.00,0,None,0,aggregation
160,276.54,remora5,remora0,0.00,0.00,0.00,0.00,0.00,0.00,0.00,0.00,0.00,0.00,0.00,0.00,0.00,0.00,0.00,0.00,0.00,0.00,0.00,0.00,3.97,3.99,4.01,4.02,4.04,4.06,4.07,4.09,4.11,4.12,3.97,3.99,4.01,4.02,4.04,4.06,4.07,4.09,4.11,4.12,0.00,0.00,0.00,0.00,0.00,0.00,0.00,-1.00,0,None,0,aggregation
160,277.54,remora5,remora0,0.00,0.00,0.00,0.00,0.00,0.00,0.00,0.00,0.00,0.00,0.00,0.00,0.00,0.00,0.00,0.00,0.00,0.00,0.00,0.00,4.14,4.15,4.17,4.19,4.20,4.22,4.23,4.25,4.27,4.28,4.14,4.15,4.17,4.19,4.20,4.22,4.23,4.25,4.27,4.28,0.00,0.00,0.00,0.00,0.00,0.00,0.00,-1.00,0,None,0,aggregation
160,278.54,remora5,remora0,0.00,0.00,0.00,0.00,0.00,0.00,0.00,0.00,0.00,0.00,0.00,0.00,0.00,0.00,0.00,0.00,0.00,0.00,0.00,0.00,4.30,4.31,4.33,4.35,4.36,4.38,4.39,4.41,4.42,4.44,4.30,4.31,4.33,4.35,4.36,4.38,4.39,4.41,4.42,4.44,0.00,0.00,0.00,0.00,0.00,0.00,0.00,-1.00,0,None,0,aggregation
160,279.54,remora5,remora0,0.00,0.00,0.00,0.00,0.00,0.00,0.00,0.00,0.00,0.00,0.00,0.00,0.00,0.00,0.00,0.00,0.00,0.00,0.00,0.00,4.46,4.47,4.49,4.50,4.52,4.53,4.55,4.56,4.58,4.59,4.46,4.47,4.49,4.50,4.52,4.53,4.55,4.56,4.58,4.59,0.00,0.00,0.00,0.00,0.00,0.00,0.00,-1.00,0,None,0,aggregation
160,280.54,remora5,remora0,0.00,0.00,0.00,0.00,0.00,0.00,0.00,0.00,0.00,0.00,0.00,0.00,0.00,0.00,0.00,0.00,0.00,0.00,0.00,0.00,4.61,4.63,4.64,4.66,4.67,4.69,4.70,4.72,4.73,4.75,4.61,4.63,4.64,4.66,4.67,4.69,4.70,4.72,4.73,4.75,0.00,0.00,0.00,0.00,0.00,0.00,0.00,-1.00,0,None,0,aggregation
160,281.54,remora5,remora0,0.00,0.00,0.00,0.00,0.00,0.00,0.00,0.00,0.00,0.00,0.00,0.00,0.00,0.00,0.00,0.00,0.00,0.00,0.00,0.00,4.76,4.78,4.79,4.81,4.82,4.84,4.85,4.87,4.88,4.90,4.76,4.78,4.79,4.81,7.41,7.40,7.39,7.39,7.38,7.38,0.00,0.00,0.00,0.00,0.00,0.00,0.00,-1.00,0,None,0,aggregation
160,282.54,remora5,remora0,0.00,0.00,0.00,0.00,0.00,0.00,0.00,0.00,0.00,0.00,0.00,0.00,0.00,0.00,0.00,0.00,0.00,0.00,0.00,0.00,4.91,4.92,4.93,4.92,4.92,4.91,4.92,4.93,4.94,4.93,7.37,7.37,7.35,7.34,7.32,7.31,7.30,7.29,7.28,7.27,0.00,0.00,0.00,0.00,0.00,0.00,0.00,-1.00,0,None,0,aggregation
160,283.54,remora5,remora0,0.00,0.00,0.00,0.00,0.00,0.00,0.00,0.00,0.00,0.00,0.00,0.00,0.00,0.00,0.00,0.00,0.00,0.00,0.00,0.00,4.93,4.92,4.92,4.91,4.92,4.93,4.94,4.93,4.93,4.92,7.25,7.24,7.22,7.21,7.20,7.19,7.18,7.17,7.15,7.14,0.00,0.00,0.00,0.00,0.00,0.00,0.00,-1.00,0,None,0,aggregation
160,284.54,remora5,remora0,0.00,0.00,0.00,0.00,0.00,0.00,0.00,0.00,0.00,0.00,0.00,0.00,0.00,0.00,0.00,0.00,0.00,0.00,0.00,0.00,4.92,4.91,4.91,4.91,4.91,4.92,4.92,4.92,4.91,4.91,7.12,7.11,7.09,7.08,7.07,7.06,7.05,7.03,7.02,7.00,0.00,0.00,0.00,0.00,0.00,0.00,0.00,-1.00,0,None,0,aggregation
160,285.54,remora5,remora0,0.00,0.00,0.00,0.00,0.00,0.00,0.00,0.00,0.00,0.00,0.00,0.00,0.00,0.00,0.00,0.00,0.00,0.00,0.00,0.00,4.92,4.92,4.93,4.92,4.92,4.92,4.91,4.91,4.91,4.92,6.99,6.99,6.98,6.96,6.95,6.93,6.92,6.91,7.93,7.91,0.00,0.00,0.00,0.00,0.00,0.00,0.00,-1.00,0,None,0,aggregation
160,286.54,remora5,remora0,0.00,0.00,0.00,0.00,0.00,0.00,0.00,0.00,0.00,0.00,0.00,0.00,0.00,0.00,0.00,0.00,0.00,0.00,0.00,0.00,4.92,4.92,4.92,4.92,4.92,4.92,4.93,4.92,4.92,4.92,7.90,7.89,7.87,7.86,7.85,7.84,7.82,7.81,7.80,7.78,0.00,0.00,0.00,0.00,0.00,0.00,0.00,-1.00,0,None,0,aggregation
160,287.54,remora5,remora0,0.00,0.00,0.00,0.00,0.00,0.00,0.00,0.00,0.00,0.00,0.00,0.00,0.00,0.00,0.00,0.00,0.00,0.00,0.00,0.00,4.92,4.91,4.92,4.92,4.92,4.92,4.92,4.92,4.92,4.91,7.77,7.75,7.74,7.73,7.72,7.70,7.69,7.68,7.66,7.65,0.00,0.00,0.00,0.00,0.00,0.00,0.00,-1.00,0,None,0,aggregation
160,288.54,remora5,remora0,0.00,0.00,0.00,0.00,0.00,0.00,0.00,0.00,0.00,0.00,0.00,0.00,0.00,0.00,0.00,0.00,0.00,0.00,0.00,0.00,4.91,4.92,4.92,4.92,4.93,4.92,4.92,4.92,4.92,4.92,7.64,7.62,7.61,7.60,7.59,7.58,7.56,7.55,7.54,7.52,0.00,0.00,0.00,0.00,0.00,0.00,0.00,-1.00,0,None,0,aggregation
160,289.54,remora5,remora0,0.00,0.00,0.00,0.00,0.00,0.00,0.00,0.00,0.00,0.00,0.00,0.00,0.00,0.00,0.00,0.00,0.00,0.00,0.00,0.00,4.92,4.92,4.92,4.91,4.91,4.92,4.92,4.92,4.92,4.92,7.51,7.50,7.48,7.47,7.46,7.45,7.44,7.42,7.41,7.40,0.00,0.00,0.00,0.00,0.00,0.00,0.00,-1.00,0,None,0,aggregation
160,290.54,remora5,remora0,0.00,0.00,0.00,0.00,0.00,0.00,0.00,0.00,0.00,0.00,0.00,0.00,0.00,0.00,0.00,0.00,0.00,0.00,0.00,0.00,4.92,4.92,4.92,4.92,4.92,4.92,4.92,4.92,4.92,4.92,7.40,7.39,7.38,7.38,7.37,7.36,7.36,7.35,7.35,7.34,0.00,0.00,0.00,0.00,0.00,0.00,0.00,-1.00,0,None,0,aggregation
160,291.54,remora5,remora0,0.00,0.00,0.00,0.00,0.00,0.00,0.00,0.00,0.00,0.00,0.00,0.00,0.00,0.00,0.00,0.00,0.00,0.00,0.00,0.00,4.92,4.92,4.92,4.92,4.92,4.92,4.92,4.92,4.92,4.92,7.33,7.33,7.32,7.31,7.30,7.29,7.29,7.28,7.27,7.26,0.00,0.00,0.00,0.00,0.00,0.00,0.00,-1.00,0,None,0,aggregation
160,292.54,remora5,remora0,0.00,0.00,0.00,0.00,0.00,0.00,0.00,0.00,0.00,0.00,0.00,0.00,0.00,0.00,0.00,0.00,0.00,0.00,0.00,0.00,4.92,4.92,4.92,4.92,4.92,4.92,4.92,4.92,4.92,4.92,7.25,7.24,7.23,7.22,7.21,7.20,7.19,7.18,7.17,7.16,0.00,0.00,0.00,0.00,0.00,0.00,0.00,-1.00,0,None,0,aggregation
160,293.54,remora5,remora0,0.00,0.00,0.00,0.00,0.00,0.00,0.00,0.00,0.00,0.00,0.00,0.00,0.00,0.00,0.00,0.00,0.00,0.00,0.00,0.00,4.92,4.92,4.92,4.92,4.92,4.92,4.92,4.92,4.92,4.92,7.14,7.13,7.12,7.11,7.10,7.08,7.07,7.06,7.05,7.03,0.00,0.00,0.00,0.00,0.00,0.00,0.00,-1.00,0,None,0,aggregation
160,294.54,remora5,remora0,0.00,0.00,0.00,0.00,0.00,0.00,0.00,0.00,0.00,0.00,0.00,0.00,0.00,0.00,0.00,0.00,0.00,0.00,0.00,0.00,4.92,4.92,4.92,4.92,4.92,4.92,4.92,4.92,4.92,4.92,7.02,7.01,7.00,6.98,6.97,6.96,6.94,6.93,6.92,6.91,0.00,0.00,0.00,0.00,0.00,0.00,0.00,-1.00,0,None,0,aggregation
160,295.54,remora5,remora0,0.00,0.00,0.00,0.00,0.00,0.00,0.00,0.00,0.00,0.00,0.00,0.00,0.00,0.00,0.00,0.00,0.00,0.00,0.00,0.00,4.92,4.92,4.92,4.92,4.92,4.92,4.92,4.92,4.92,4.92,6.89,6.88,6.87,6.86,6.85,6.83,6.82,6.81,6.80,6.78,0.00,0.00,0.00,0.00,0.00,0.00,0.00,-1.00,0,None,0,aggregation
160,296.54,remora5,remora0,0.00,0.00,0.00,0.00,0.00,0.00,0.00,0.00,0.00,0.00,0.00,0.00,0.00,0.00,0.00,0.00,0.00,0.00,0.00,0.00,4.92,4.92,4.92,4.92,4.92,4.92,4.92,4.92,4.92,4.92,6.77,6.76,6.75,6.73,6.72,6.71,6.69,6.68,6.67,6.65,0.00,0.00,0.00,0.00,0.00,0.00,0.00,-1.00,0,None,0,aggregation
160,297.54,remora5,remora0,0.00,0.00,0.00,0.00,0.00,0.00,0.00,0.00,0.00,0.00,0.00,0.00,0.00,0.00,0.00,0.00,0.00,0.00,0.00,0.00,4.92,4.92,4.92,4.92,4.92,4.92,4.92,4.92,4.92,4.92,6.64,6.63,6.61,6.60,6.58,6.57,6.56,6.54,6.53,6.52,0.00,0.00,0.00,0.00,0.00,0.00,0.00,-1.00,0,None,0,aggregation
160,298.54,remora5,remora0,0.00,0.00,0.00,0.00,0.00,0.00,0.00,0.00,0.00,0.00,0.00,0.00,0.00,0.00,0.00,0.00,0.00,0.00,0.00,0.00,4.92,4.92,4.92,4.92,4.92,4.92,4.92,4.92,4.92,4.92,6.50,6.49,6.48,6.46,6.45,6.44,6.42,6.41,6.40,6.38,0.00,0.00,0.00,0.00,0.00,0.00,0.00,-1.00,0,None,0,aggregation
160,299.54,remora5,remora0,0.00,0.00,0.00,0.00,0.00,0.00,0.00,0.00,0.00,0.00,0.00,0.00,0.00,0.00,0.00,0.00,0.00,0.00,0.00,0.00,4.92,4.92,4.92,4.92,4.92,4.92,4.92,4.92,4.92,4.92,6.37,6.36,6.34,6.33,6.32,6.31,6.30,6.28,6.27,6.26,0.00,0.00,0.00,0.00,0.00,0.00,0.00,-1.00,0,None,0,aggregation
160,300.54,remora5,remora0,0.00,0.00,0.00,0.00,0.00,0.00,0.00,0.00,0.00,0.00,0.00,0.00,0.00,0.00,0.00,0.00,0.00,0.00,0.00,0.00,4.92,4.92,4.92,4.92,4.92,4.92,4.92,4.92,4.92,4.92,6.25,6.24,6.22,6.21,6.20,6.19,6.18,6.17,6.16,6.15,0.00,0.00,0.00,0.00,0.00,0.00,0.00,-1.00,0,None,0,aggregation
160,301.54,remora5,remora0,0.00,0.00,0.00,0.00,0.00,0.00,0.00,0.00,0.00,0.00,0.00,0.00,0.00,0.00,0.00,0.00,0.00,0.00,0.00,0.00,4.92,4.92,4.92,4.92,4.92,4.92,4.92,4.92,4.92,4.92,6.14,6.13,6.12,6.11,6.10,6.09,6.08,6.07,6.06,6.05,0.00,0.00,0.00,0.00,0.00,0.00,0.00,-1.00,0,None,0,aggregation
160,302.54,remora5,remora0,0.00,0.00,0.00,0.00,0.00,0.00,0.00,0.00,0.00,0.00,0.00,0.00,0.00,0.00,0.00,0.00,0.00,0.00,0.00,0.00,4.92,4.92,4.92,4.92,4.92,4.92,4.92,4.92,4.92,4.92,6.05,6.04,6.03,6.02,6.01,6.01,6.00,5.99,5.99,5.98,0.00,0.00,0.00,0.00,0.00,0.00,0.00,-1.00,0,None,0,aggregation
160,303.54,remora5,remora0,0.00,0.00,0.00,15.72,15.72,16.58,16.58,17.56,17.56,18.74,0.00,0.00,0.00,21.70,21.70,22.34,22.34,23.07,23.07,23.93,4.92,4.92,4.92,4.91,4.89,4.87,4.85,4.84,4.82,4.79,5.97,5.97,5.96,5.96,5.95,5.95,5.95,5.95,5.95,5.95,13.83,0.00,0.00,0.00,0.00,0.00,0.00,-1.00,0,None,0,aggregation
160,304.54,remora5,remora0,19.48,19.48,19.48,20.53,20.53,21.36,21.36,22.00,22.00,22.62,24.47,24.47,24.47,25.22,25.22,25.80,25.80,26.24,26.24,26.66,4.77,4.75,4.73,4.71,4.69,4.66,4.64,4.62,4.59,4.57,5.96,5.96,5.96,5.96,5.96,5.96,5.97,5.97,5.97,5.98,37.00,0.00,0.00,0.00,0.00,0.00,0.00,-1.00,0,None,0,aggregation
160,305.54,remora5,remora0,22.62,23.26,23.26,23.64,23.64,24.13,24.13,24.45,24.45,24.59,26.66,27.09,27.09,27.34,27.34,27.66,27.66,27.86,27.86,27.95,4.55,4.52,4.50,4.47,4.45,4.42,4.40,4.38,4.35,4.33,5.98,5.99,5.99,5.99,6.00,6.01,6.01,6.02,6.02,6.03,62.63,0.00,0.00,1.00,0.00,0.00,0.00,-1.00,0,None,0,aggregation
160,306.54,remora5,remora0,24.59,24.87,24.97,24.97,24.97,25.04,25.04,25.26,2.40,2.40,27.95,28.12,28.18,28.18,28.18,28.23,28.23,28.36,-13.30,-13.30,4.30,4.28,4.25,4.23,4.20,4.18,4.16,4.13,4.11,4.11,6.04,6.04,6.05,6.06,6.06,6.07,6.08,6.09,6.10,6.10,84.98,0.00,0.00,1.00,0.00,0.00,0.00,-1.00,0,None,0,aggregation
160,307.54,remora5,remora0,2.40,2.93,2.93,3.82,3.82,4.77,5.75,5.75,5.75,14.95,-13.30,-12.77,-12.77,-11.87,-11.87,-10.92,-9.95,-9.95,-9.95,21.12,4.11,4.11,4.11,4.12,4.12,4.12,4.13,4.13,4.13,4.13,6.09,6.09,6.09,6.09,6.08,6.08,6.08,6.08,6.08,6.08,90.05,0.00,0.00,1.00,1.00,0.00,1.00,-1.00,0,None,0,aggregation
160,308.54,remora5,remora0,14.95,13.89,13.89,14.66,14.66,15.70,15.70,6.00,6.00,15.15,21.12,20.31,20.31,20.90,20.90,21.69,21.69,-9.69,-9.69,21.27,4.11,4.09,4.07,4.06,4.04,4.02,4.00,3.99,4.00,3.99,6.08,6.09,6.09,6.10,6.10,6.10,6.11,6.11,6.11,6.11,104.76,0.00,0.00,1.00,1.00,0.00,1.00,-1.00,0,None,0,aggregation
160,309.54,remora5,remora0,15.15,14.76,14.76,6.23,6.23,14.00,14.00,13.07,13.07,13.93,21.27,20.97,20.97,-9.47,-9.47,20.40,20.40,19.69,19.69,20.35,3.97,3.95,3.93,3.92,3.92,3.92,3.90,3.88,3.87,3.85,6.12,6.12,6.13,6.13,6.13,6.13,6.14,6.14,6.15,6.15,118.91,0.00,0.00,1.00,1.00,0.00,1.00,-1.00,0,None,0,aggregation
160,310.54,remora5,remora0,13.93,6.01,13.56,13.56,13.56,13.33,6.06,6.06,6.06,6.53,20.35,-9.69,20.06,20.06,20.06,19.89,-9.64,-9.64,-9.64,-9.17,3.83,3.82,3.82,3.81,3.80,3.78,3.77,3.76,3.76,3.76,6.16,6.16,6.16,6.16,6.17,6.17,6.18,6.18,6.18,6.18,128.18,0.00,0.00,1.00,1.00,0.00,1.00,-1.00,0,None,0,aggregation
160,311.54,remora5,remora0,9.28,9.28,8.97,8.97,8.97,10.19,11.15,11.15,11.66,11.66,16.76,16.76,16.51,16.51,16.51,17.47,18.21,18.21,18.60,18.60,3.76,3.75,3.74,3.73,3.72,3.70,3.69,3.67,3.66,3.65,6.18,6.19,6.19,6.19,6.20,6.20,6.21,6.21,6.22,6.22,141.95,0.00,0.00,1.00,1.00,0.00,1.00,-1.00,0,None,0,aggregation
160,312.54,remora5,remora0,11.66,12.43,12.43,13.51,13.51,4.92,4.92,5.24,5.24,9.36,18.60,19.19,19.19,20.02,20.02,-10.77,-10.77,-10.45,-10.45,16.82,3.63,3.61,3.60,3.58,3.57,3.56,3.56,3.56,3.56,3.56,6.22,6.23,6.24,6.24,6.25,6.25,6.25,6.25,6.25,6.26,152.39,0.00,0.00,1.00,1.00,0.00,1.00,-1.00,0,None,0,aggregation
160,313.54,remora5,remora0,9.36,8.61,8.61,8.92,8.92,9.79,5.03,5.03,5.03,9.15,16.82,16.23,16.23,16.47,16.47,17.16,-10.67,-10.67,-10.67,16.66,3.55,3.53,3.52,3.51,3.50,3.48,3.47,3.47,3.47,3.46,6.26,6.26,6.27,6.27,6.28,6.28,6.29,6.29,6.29,6.29,148.38,0.00,0.00,1.00,1.00,0.00,1.00,-1.00,0,None,0,aggregation
160,314.54,remora5,remora0,9.15,8.26,8.26,5.14,5.14,5.36,5.36,4.38,4.38,4.06,16.66,15.96,15.96,-10.56,-10.56,-10.34,-10.34,12.90,12.90,12.64,3.45,3.44,3.42,3.42,3.42,3.42,3.42,3.42,3.41,3.40,6.30,6.30,6.31,6.31,6.31,6.31,6.32,6.32,6.32,6.33,132.52,0.00,0.00,1.00,1.00,0.00,1.00,-1.00,0,None,0,aggregation
160,315.54,remora5,remora0,4.06,5.05,5.91,5.91,4.94,4.94,4.94,5.22,5.22,4.60,12.64,13.43,14.11,14.11,-10.76,-10.76,-10.76,13.56,13.56,13.07,3.39,3.39,3.38,3.37,3.36,3.35,3.36,3.35,3.34,3.34,6.33,6.33,6.34,6.34,6.35,6.35,6.35,6.35,6.36,6.36,114.29,0.00,0.00,1.00,1.00,0.00,1.00,-1.00,0,None,0,aggregation
160,316.54,remora5,remora0,5.41,5.41,4.50,4.50,4.92,4.92,4.92,1.76,0.64,0.64,13.72,13.72,-11.19,-11.19,-10.78,-10.78,-10.78,10.81,9.93,9.93,3.33,3.32,3.31,3.31,3.31,3.31,3.31,3.31,3.31,3.30,6.37,6.37,6.38,6.38,6.38,6.38,6.39,6.39,6.39,6.40,97.09,0.00,0.00,1.00,1.00,0.00,1.00,-1.00,0,None,0,aggregation
160,317.54,remora5,remora0,0.64,2.33,2.33,3.55,4.97,4.97,4.97,3.94,3.94,4.13,9.93,11.27,11.27,12.24,13.37,13.37,13.37,-11.75,-11.75,-11.57,3.30,3.29,3.28,3.27,3.27,3.26,3.25,3.25,3.25,3.25,6.40,6.40,6.41,6.41,6.42,6.42,6.43,6.43,6.44,6.44,98.60,0.00,0.00,1.00,0.00,0.00,0.00,-1.00,0,None,0,aggregation
160,318.54,remora5,remora0,4.13,1.62,0.43,0.43,0.43,2.00,2.00,2.68,2.68,3.58,-11.57,10.70,9.76,9.76,9.76,11.01,11.01,11.55,11.55,12.26,3.25,3.25,3.25,3.25,3.24,3.23,3.23,3.22,3.21,3.21,6.44,6.44,6.45,6.45,6.46,6.46,6.47,6.47,6.48,6.48,89.92,0.00,0.00,1.00,1.00,0.00,1.00,-1.00,0,None,0,aggregation
160,319.54,remora5,remora0,3.36,3.36,3.36,3.81,3.81,0.35,0.35,-0.08,-0.08,1.31,-12.34,-12.34,-12.34,-11.89,-11.89,9.69,9.69,9.35,9.35,10.46,3.20,3.20,3.20,3.21,3.21,3.21,3.20,3.20,3.19,3.19,6.49,6.49,6.49,6.50,6.50,6.50,6.51,6.51,6.52,6.52,80.45,0.00,0.00,1.00,1.00,0.00,1.00,-1.00,0,None,0,aggregation
160,320.54,remora5,remora0,1.31,2.23,2.23,3.81,3.81,2.82,2.92,2.92,2.92,1.72,10.46,11.20,11.20,12.45,12.45,-12.88,-12.78,-12.78,-12.78,10.79,3.18,3.18,3.17,3.16,3.16,3.15,3.15,3.16,3.16,3.16,6.53,6.53,6.54,6.55,6.55,6.56,6.56,6.56,6.57,6.57,77.34,0.00,0.00,1.00,1.00,0.00,1.00,-1.00,0,None,0,aggregation
160,321.54,remora5,remora0,1.72,0.48,0.48,1.58,1.58,2.84,2.84,2.85,0.25,0.25,10.79,9.80,9.80,10.68,10.68,-12.86,-12.86,-12.84,9.62,9.62,3.15,3.15,3.14,3.14,3.13,3.13,3.13,3.13,3.14,3.14,6.58,6.58,6.59,6.60,6.60,6.61,6.61,6.61,6.62,6.62,68.94,0.00,0.00,1.00,1.00,0.00,1.00,-1.00,0,None,0,aggregation
160,322.54,remora5,remora0,0.25,0.13,1.88,1.88,1.88,2.68,2.83,2.83,2.83,-0.84,9.62,9.52,10.91,10.91,10.91,-13.02,-12.86,-12.86,-12.86,8.75,3.13,3.13,3.12,3.12,3.11,3.11,3.11,3.12,3.12,3.12,6.63,6.63,6.64,6.65,6.65,6.66,4.99,4.99,4.98,4.98,63.81,0.00,0.00,1.00,0.00,0.00,0.00,-1.00,0,None,0,aggregation
160,323.54,remora5,remora0,-0.84,-1.29,-1.29,-0.62,1.81,1.81,1.81,2.67,1.92,1.92,8.75,8.39,8.39,8.92,10.85,10.85,10.85,11.54,-13.78,-13.78,3.12,3.11,3.11,3.11,3.10,3.10,3.09,3.09,3.08,3.08,4.98,4.97,4.97,4.97,4.96,4.96,4.96,4.96,4.95,4.95,59.31,0.00,0.00,1.00,0.00,0.00,0.00,-1.00,0,None,0,aggregation
160,324.54,remora5,remora0,1.92,2.26,2.26,-0.86,-1.55,-1.55,-1.55,-0.69,-0.69,0.69,-13.78,-13.44,-13.44,8.73,8.17,8.17,8.17,8.87,8.87,9.96,3.08,3.09,3.09,3.09,3.09,3.08,3.08,3.08,3.07,3.07,4.95,4.94,4.94,4.94,4.93,4.93,4.93,4.92,4.92,4.92,56.44,0.00,0.00,1.00,0.00,0.00,0.00,-1.00,0,None,0,aggregation
160,325.54,remora5,remora0,0.69,1.60,1.17,1.17,1.17,2.08,2.08,0.68,1.22,1.22,9.96,10.69,-14.53,-14.53,-14.53,11.08,11.08,9.96,-14.48,-14.48,3.06,3.06,3.05,3.05,3.06,3.06,3.05,3.05,3.04,3.04,4.92,4.91,4.91,4.91,4.91,4.90,4.90,4.90,4.90,4.89,55.37,0.00,0.00,1.00,0.00,0.00,0.00,-1.00,0,None,0,aggregation
160,326.54,remora5,remora0,1.22,0.60,0.60,0.87,0.87,1.13,1.20,1.20,-0.57,-0.57,-14.48,9.90,9.90,10.11,10.11,-14.57,-14.49,-14.49,8.96,8.96,3.05,3.05,3.04,3.04,3.03,3.03,3.04,3.04,3.04,3.04,4.89,4.89,4.88,4.88,4.88,4.87,4.87,4.87,4.86,4.86,55.87,0.00,0.00,1.00,0.00,0.00,0.00,-1.00,0,None,0,aggregation
160,327.54,remora5,remora0,-0.57,-0.47,-0.47,0.98,0.98,2.67,2.67,0.62,0.62,0.74,8.96,9.04,9.04,10.20,10.20,11.54,11.54,-15.08,-15.08,-14.95,3.04,3.03,3.03,3.03,3.02,3.02,3.01,3.01,3.01,3.02,4.85,4.85,4.84,4.84,4.83,4.83,4.82,4.82,4.81,4.80,55.26,0.00,0.00,1.00,0.00,0.00,0.00,-1.00,0,None,0,aggregation
160,328.54,remora5,remora0,0.74,-0.03,-0.03,-0.45,-0.45,0.08,1.53,1.53,1.53,0.24,-14.95,9.39,9.39,9.05,9.05,9.48,10.64,10.64,10.64,-15.45,3.02,3.02,3.02,3.01,3.01,3.00,3.00,3.00,2.99,2.99,4.79,4.79,4.78,4.77,4.76,4.76,4.75,4.74,4.73,4.73,54.80,0.00,0.00,1.00,0.00,0.00,0.00,-1.00,0,None,0,aggregation
160,329.54,remora5,remora0,0.24,0.11,0.11,-1.40,0.10,0.10,0.10,-2.50,-2.50,-4.89,-15.45,9.50,9.50,8.30,-15.59,-15.59,-15.59,7.42,7.42,5.51,2.99,2.99,2.99,2.99,2.98,2.99,2.99,2.99,2.99,2.99,4.72,4.71,4.70,4.69,4.68,4.67,4.66,4.65,4.64,4.63,55.04,0.00,1.00,1.00,1.00,1.00,0.00,-1.00,0,None,0,aggregation
160,330.54,remora5,remora0,-4.89,-4.71,-4.71,-3.31,-2.81,-2.81,-3.02,-3.02,-3.02,-2.57,5.51,5.65,5.65,6.77,7.17,7.17,7.00,7.00,7.00,7.36,2.98,2.98,2.98,2.98,2.98,2.98,2.98,2.98,2.97,2.97,4.62,4.61,4.60,4.58,4.57,4.56,4.55,4.54,4.53,4.52,50.44,0.00,1.00,1.00,0.00,0.00,0.00,-1.00,0,None,0,aggregation
160,331.54,remora5,remora0,-2.57,-1.60,-3.41,-3.41,-3.41,-5.00,-5.00,-4.15,-4.15,-2.67,7.36,-17.29,6.69,6.69,6.69,5.42,5.42,6.10,6.10,7.28,2.97,2.97,2.97,2.97,2.97,2.97,2.97,2.97,2.97,2.97,4.51,4.50,4.48,4.47,4.46,4.45,4.43,4.42,4.41,4.40,47.22,0.00,1.00,1.00,0.00,0.00,0.00,-1.00,0,None,0,aggregation
160,332.54,remora5,remora0,-2.66,-2.66,-2.66,-2.12,-2.12,-2.95,-2.95,-4.42,-2.54,-2.54,7.29,7.29,7.29,-17.82,-17.82,7.06,7.06,5.88,7.39,7.39,2.97,2.97,2.97,2.97,2.97,2.97,2.97,2.97,2.96,2.96,4.39,4.37,4.36,4.35,4.33,4.32,4.31,4.29,4.28,4.27,45.56,0.00,1.00,1.00,0.00,0.00,0.00,-1.00,0,None,0,aggregation
160,333.54,remora5,remora0,-0.71,-0.71,-0.71,1.26,1.26,-17.74,-17.74,-17.58,7.17,7.17,8.85,8.85,8.85,10.42,10.42,-2.05,-2.05,-1.89,15.10,15.10,2.96,2.96,2.96,2.96,2.96,2.96,2.96,2.96,2.95,2.96,4.26,4.25,4.24,4.23,4.22,4.20,4.18,4.17,4.15,4.14,47.81,0.00,1.00,1.00,0.00,0.00,0.00,-1.00,0,None,0,aggregation
160,334.54,remora5,remora0,9.18,9.18,-16.84,-16.84,-16.84,-16.44,16.29,16.29,16.29,-15.48,16.68,16.68,-1.14,-1.14,-1.14,-0.74,22.12,22.12,22.12,0.22,2.96,2.97,2.97,2.97,2.97,2.96,2.96,2.96,2.98,2.98,4.13,4.13,4.12,4.11,4.09,4.07,4.06,4.05,4.05,4.04,56.03,0.00,1.00,1.00,0.00,0.00,0.00,-1.00,0,None,0,aggregation
160,335.54,remora5,remora0,-14.98,-14.98,-14.98,-14.22,-14.22,25.33,25.33,-12.91,-12.91,-12.41,0.72,0.72,0.72,1.48,1.48,28.40,28.40,2.79,2.79,3.29,2.98,2.97,2.97,2.96,2.96,2.97,2.99,3.00,3.00,3.00,4.02,4.00,3.99,3.97,3.96,3.95,3.95,3.94,3.93,3.91,59.96,0.00,1.00,1.00,0.00,0.00,0.00,-1.00,0,None,0,aggregation
160,131.54,remora5,remora8,29.96,29.96,29.93,29.93,29.93,29.93,29.93,29.93,29.93,29.93,30.04,30.04,30.06,30.06,30.06,30.06,30.06,30.06,30.06,30.06,5.81,5.81,5.81,5.80,5.80,5.80,5.79,5.79,5.79,5.78,8.15,8.14,8.13,8.12,8.11,8.10,8.08,8.07,8.05,8.04,293.97,0.00,0.00,1.00,0.00,0.00,0.00,-1.00,0,None,0,aggregation
160,132.54,remora5,remora8,29.95,29.95,29.95,29.95,29.95,29.95,29.95,29.95,29.95,29.95,30.04,30.04,30.04,30.04,30.04,30.04,30.04,30.04,30.04,30.04,5.78,5.78,5.77,5.77,5.76,5.76,5.75,5.75,5.74,5.74,8.03,8.01,8.00,7.98,7.97,7.96,7.94,7.93,7.91,7.90,293.97,0.00,0.00,1.00,0.00,0.00,0.00,-1.00,0,None,0,aggregation
160,133.54,remora5,remora8,29.95,29.95,29.93,29.93,29.93,29.93,29.93,29.93,29.95,29.95,30.04,30.04,30.06,30.06,30.06,30.06,30.06,30.06,30.04,30.04,5.73,5.73,5.72,5.72,5.71,5.70,5.70,5.69,5.68,5.68,7.89,7.88,7.87,7.85,7.84,7.83,7.81,7.80,7.79,7.78,293.97,0.00,0.00,1.00,0.00,0.00,0.00,-1.00,0,None,0,aggregation
160,134.54,remora5,remora8,29.95,29.95,29.95,29.95,29.93,29.93,29.93,29.93,29.93,29.93,30.04,30.04,30.04,30.04,30.06,30.06,30.06,30.06,30.06,30.06,5.67,5.66,5.66,5.65,5.64,5.64,5.63,5.62,5.61,5.61,7.76,7.75,7.73,7.72,7.71,7.69,7.68,7.67,7.66,7.65,293.96,0.00,0.00,1.00,0.00,0.00,0.00,-1.00,0,None,0,aggregation
160,135.54,remora5,remora8,29.93,29.93,29.95,29.95,29.93,29.93,29.93,29.93,29.93,29.93,30.06,30.06,30.04,30.04,30.06,30.06,30.06,30.06,30.06,30.06,5.60,5.59,5.59,5.58,5.57,5.56,5.56,5.55,5.54,5.53,7.64,7.62,7.61,7.60,7.58,7.57,7.56,7.55,7.54,7.53,299.96,0.00,0.00,1.00,0.00,0.00,0.00,-1.00,0,None,0,aggregation
160,136.54,remora5,remora8,29.93,29.93,29.93,29.93,29.93,29.93,29.93,29.93,29.90,29.90,30.06,30.06,30.06,30.06,30.06,30.06,30.06,30.06,30.08,30.08,5.52,5.52,5.51,5.50,5.49,5.48,5.47,5.47,5.46,5.45,7.52,7.51,7.50,7.49,7.48,7.47,7.46,7.45,7.44,7.43,299.96,0.00,0.00,1.00,0.00,0.00,0.00,-1.00,0,None,0,aggregation
160,137.54,remora5,remora8,0.00,0.00,0.00,0.00,0.00,0.00,0.00,0.00,0.00,0.00,0.00,0.00,0.00,0.00,0.00,0.00,0.00,0.00,0.00,0.00,5.44,5.46,5.47,5.49,5.50,5.52,5.54,5.55,5.57,5.58,7.42,7.43,7.44,7.45,7.46,7.47,7.49,7.50,7.51,7.52,269.96,0.00,0.00,1.00,0.00,0.00,0.00,-1.00,0,None,0,aggregation
160,138.54,remora5,remora8,0.00,0.00,0.00,0.00,0.00,0.00,0.00,0.00,0.00,0.00,0.00,0.00,0.00,0.00,0.00,0.00,0.00,0.00,0.00,0.00,5.60,5.61,5.63,5.64,5.65,5.67,5.68,5.69,5.70,5.72,7.53,7.54,7.54,7.56,7.57,7.58,7.59,7.60,7.61,7.62,239.97,0.00,0.00,1.00,0.00,0.00,0.00,-1.00,0,None,0,aggregation
160,139.54,remora5,remora8,0.00,0.00,0.00,0.00,0.00,0.00,0.00,0.00,0.00,0.00,0.00,0.00,0.00,0.00,0.00,0.00,0.00,0.00,0.00,0.00,5.73,5.74,5.75,5.76,5.77,5.78,5.79,5.80,5.81,5.82,7.63,6.84,6.85,6.85,6.85,6.85,6.86,6.86,6.86,6.87,209.97,0.00,0.00,1.00,0.00,0.00,0.00,-1.00,0,None,0,aggregation
160,140.54,remora5,remora8,0.00,0.00,0.00,0.00,0.00,0.00,0.00,0.00,0.00,0.00,0.00,0.00,0.00,0.00,0.00,0.00,0.00,0.00,0.00,0.00,5.83,5.84,5.84,5.85,5.86,5.87,5.87,5.88,5.89,5.89,6.87,6.88,6.88,6.88,6.88,6.88,6.88,6.89,6.89,6.90,179.97,0.00,0.00,1.00,0.00,0.00,0.00,-1.00,0,None,0,aggregation
160,141.54,remora5,remora8,0.00,0.00,0.00,0.00,0.00,0.00,0.00,0.00,0.00,0.00,0.00,0.00,0.00,0.00,0.00,0.00,0.00,0.00,0.00,0.00,5.90,5.90,5.91,5.91,5.92,5.92,5.93,5.93,5.94,5.94,6.90,6.90,6.91,6.91,6.91,6.91,6.91,6.92,6.92,6.92,149.98,0.00,0.00,1.00,0.00,0.00,0.00,-1.00,0,None,0,aggregation
160,142.54,remora5,remora8,0.00,0.00,0.00,0.00,0.00,0.00,0.00,0.00,0.00,0.00,0.00,0.00,0.00,0.00,0.00,0.00,0.00,0.00,0.00,0.00,5.94,5.95,5.95,5.95,5.95,5.96,5.96,5.96,5.96,5.96,6.93,6.93,6.94,6.94,6.94,6.95,6.95,6.96,6.96,6.96,119.98,0.00,0.00,1.00,0.00,0.00,0.00,-1.00,0,None,0,aggregation
160,143.54,remora5,remora8,0.00,0.00,0.00,0.00,0.00,0.00,0.00,0.00,0.00,0.00,0.00,0.00,0.00,0.00,0.00,0.00,0.00,0.00,0.00,0.00,5.97,5.97,5.97,5.97,5.97,5.97,5.97,5.97,5.97,5.97,6.96,6.96,6.97,6.97,6.98,6.98,6.99,6.99,6.99,7.00,89.98,0.00,0.00,1.00,0.00,0.00,0.00,-1.00,0,None,0,aggregation
160,144.54,remora5,remora8,0.00,0.00,0.00,0.00,0.00,0.00,0.00,0.00,0.00,0.00,0.00,0.00,0.00,0.00,0.00,0.00,0.00,0.00,0.00,0.00,5.97,5.97,5.97,5.97,5.97,5.97,5.97,5.96,5.96,5.96,7.00,7.00,7.01,7.01,7.76,7.76,7.76,7.76,7.77,7.77,59.99,0.00,0.00,1.00,0.00,0.00,0.00,-1.00,0,None,0,aggregation
160,145.54,remora5,remora8,0.00,0.00,0.00,0.00,0.00,0.00,0.00,0.00,0.00,0.00,0.00,0.00,0.00,0.00,0.00,0.00,0.00,0.00,0.00,0.00,5.96,5.96,5.96,5.96,5.96,5.96,5.96,5.97,5.97,5.97,7.77,7.77,7.78,7.78,7.78,7.78,7.78,7.78,7.78,7.78,29.99,0.00,0.00,0.00,0.00,0.00,0.00,-1.00,0,None,0,aggregation
160,146.54,remora5,remora8,0.00,0.00,0.00,0.00,0.00,0.00,0.00,0.00,0.00,0.00,0.00,0.00,0.00,0.00,0.00,0.00,0.00,0.00,0.00,0.00,5.97,5.97,5.97,5.97,5.98,5.98,5.98,5.98,5.99,5.99,7.78,7.79,7.79,7.79,7.79,7.80,7.80,7.80,7.80,7.80,0.00,0.00,0.00,0.00,0.00,0.00,0.00,-1.00,0,None,0,aggregation
160,147.54,remora5,remora8,0.00,0.00,0.00,0.00,0.00,0.00,0.00,0.00,0.00,0.00,0.00,0.00,0.00,0.00,0.00,0.00,0.00,0.00,0.00,0.00,5.99,6.00,6.00,6.01,6.01,6.02,6.02,6.03,6.03,6.04,7.80,7.80,7.80,7.81,7.81,7.81,7.81,7.81,7.81,7.81,0.00,0.00,0.00,0.00,0.00,0.00,0.00,-1.00,0,None,0,aggregation
160,148.54,remora5,remora8,0.00,0.00,0.00,0.00,0.00,0.00,0.00,0.00,0.00,0.00,0.00,0.00,0.00,0.00,0.00,0.00,0.00,0.00,0.00,0.00,6.05,6.05,6.06,6.07,6.08,6.08,6.09,6.10,6.11,6.12,7.81,7.82,7.82,7.82,7.82,7.82,7.82,7.83,7.83,7.83,0.00,0.00,0.00,0.00,0.00,0.00,0.00,-1.00,0,None,0,aggregation
160,149.54,remora5,remora8,0.00,0.00,0.00,0.00,0.00,0.00,0.00,0.00,0.00,0.00,0.00,0.00,0.00,0.00,0.00,0.00,0.00,0.00,0.00,0.00,6.13,6.14,6.15,6.16,6.17,6.18,6.19,6.20,6.22,6.23,7.84,7.84,7.85,7.86,7.86,7.87,7.87,7.88,7.88,7.89,0.00,0.00,0.00,0.00,0.00,0.00,0.00,-1.00,0,None,0,aggregation
160,150.54,remora5,remora8,0.00,0.00,0.00,0.00,0.00,0.00,0.00,0.00,0.00,0.00,0.00,0.00,0.00,0.00,0.00,0.00,0.00,0.00,0.00,0.00,6.24,6.26,6.27,6.28,6.30,6.31,6.33,6.34,6.35,6.35,7.89,7.89,7.89,7.90,7.90,7.91,7.91,7.92,7.92,7.92,0.00,0.00,0.00,0.00,0.00,0.00,0.00,-1.00,0,None,0,aggregation
160,151.54,remora5,remora8,0.00,0.00,0.00,0.00,0.00,0.00,0.00,0.00,0.00,0.00,0.00,0.00,0.00,0.00,0.00,0.00,0.00,0.00,0.00,0.00,6.36,6.37,6.39,6.41,6.43,6.44,6.46,6.48,6.50,6.52,7.92,7.92,7.92,7.92,7.93,7.93,7.93,7.94,7.94,7.95,0.00,0.00,0.00,0.00,0.00,0.00,0.00,-1.00,0,None,0,aggregation
160,152.54,remora5,remora8,0.00,0.00,0.00,0.00,0.00,0.00,0.00,0.00,0.00,0.00,0.00,0.00,0.00,0.00,0.00,0.00,0.00,0.00,0.00,0.00,6.54,6.55,6.57,6.59,6.61,6.63,6.65,6.67,6.69,6.71,7.95,7.96,7.96,7.97,7.97,7.97,7.97,7.98,7.98,7.99,0.00,0.00,0.00,0.00,0.00,0.00,0.00,-1.00,0,None,0,aggregation
160,153.54,remora5,remora8,0.00,0.00,0.00,0.00,0.00,0.00,0.00,0.00,0.00,0.00,0.00,0.00,0.00,0.00,0.00,0.00,0.00,0.00,0.00,0.00,6.73,6.75,6.77,6.79,6.80,6.82,6.84,6.86,6.88,6.90,7.99,7.99,7.99,7.99,7.99,8.00,8.00,8.00,8.01,8.01,0.00,0.00,0.00,0.00,0.00,0.00,0.00,-1.00,0,None,0,aggregation
160,154.54,remora5,remora8,0.00,0.00,0.00,0.00,0.00,0.00,0.00,0.00,0.00,0.00,0.00,0.00,0.00,0.00,0.00,0.00,0.00,0.00,0.00,0.00,6.93,6.95,6.97,6.99,7.01,7.03,7.05,7.07,7.09,7.11,8.01,8.02,8.02,8.03,8.03,8.03,8.03,8.04,8.04,8.05,0.00,0.00,0.00,0.00,0.00,0.00,0.00,-1.00,0,None,0,aggregation
160,155.54,remora5,remora8,0.00,0.00,0.00,0.00,0.00,0.00,0.00,0.00,0.00,0.00,0.00,0.00,0.00,0.00,0.00,0.00,0.00,0.00,0.00,0.00,7.13,7.15,7.17,7.19,7.22,7.24,7.26,7.28,7.30,7.32,8.05,8.05,8.05,8.05,8.05,8.06,8.06,8.07,8.07,8.07,0.00,0.00,0.00,0.00,0.00,0.00,0.00,-1.00,0,None,0,aggregation
160,156.54,remora5,remora8,0.00,0.00,0.00,0.00,0.00,0.00,0.00,0.00,0.00,0.00,0.00,0.00,0.00,0.00,0.00,0.00,0.00,0.00,0.00,0.00,7.34,7.37,7.39,7.41,7.41,7.41,7.41,7.40,7.40,7.39,8.08,8.08,8.09,8.09,8.10,8.10,8.10,8.11,8.11,8.11,0.00,0.00,0.00,0.00,0.00,0.00,0.00,-1.00,0,None,0,aggregation
160,157.54,remora5,remora8,0.00,0.00,0.00,0.00,-35.16,-35.16,-35.07,-35.07,-35.07,-34.81,0.00,0.00,0.00,0.00,-24.69,-24.69,-24.60,-24.60,-24.60,-24.35,7.39,7.39,7.39,7.38,7.39,7.42,7.44,7.47,7.50,7.53,8.11,8.12,8.12,8.13,8.14,8.17,8.19,8.22,8.25,8.27,17.89,0.00,0.00,0.00,0.00,0.00,0.00,-1.00,0,None,0,aggregation
160,158.54,remora5,remora8,-34.39,-34.39,-33.83,-33.83,-33.20,-33.20,-32.38,-32.38,-31.42,-31.42,-23.93,-23.93,-23.36,-23.36,-22.74,-22.74,-21.91,-21.91,-20.96,-20.96,7.55,7.58,7.61,7.64,7.67,7.69,7.72,7.75,7.77,7.80,8.30,8.33,8.36,8.38,8.41,8.43,8.46,8.49,8.51,8.53,45.71,0.00,0.00,1.00,0.00,0.00,0.00,-1.00,0,None,0,aggregation
160,159.54,remora5,remora8,-30.34,-30.34,-29.13,-29.13,-28.08,-28.08,-26.67,-26.67,-25.31,-25.31,-19.87,-19.87,-18.66,-18.66,-17.61,-17.61,-16.20,-16.20,-14.84,-14.84,7.82,7.85,7.87,7.90,7.92,7.94,7.97,7.99,8.01,8.03,8.56,8.58,8.60,8.63,8.65,8.67,8.69,8.71,8.73,8.74,68.38,0.00,0.00,1.00,0.00,0.00,0.00,-1.00,0,None,0,aggregation
160,160.54,remora5,remora8,-23.87,-23.87,-22.35,-22.35,-20.77,-20.77,-19.13,-19.13,-17.63,-17.63,-13.40,-13.40,-11.89,-11.89,-10.31,-10.31,-8.67,-8.67,-7.16,-7.16,8.04,8.06,8.08,8.09,8.11,8.12,8.14,8.15,8.16,8.17,8.76,8.78,8.80,8.81,8.83,8.84,8.85,8.87,8.88,8.89,83.89,0.00,0.00,1.00,0.00,0.00,0.00,-1.00,0,None,0,aggregation
160,161.54,remora5,remora8,-15.89,-15.89,-14.10,-14.10,-12.49,-12.49,-10.65,-10.65,-8.99,-8.99,-5.42,-5.42,-3.64,-3.64,-2.03,-2.03,-0.18,-0.18,1.47,1.47,8.18,8.19,8.21,8.21,8.22,8.23,8.24,8.25,8.26,8.27,8.91,8.92,8.93,8.94,8.96,8.97,8.98,8.99,9.00,9.01,91.09,0.00,0.00,1.00,0.00,0.00,0.00,-1.00,0,None,0,aggregation
160,162.54,remora5,remora8,-7.12,-7.12,-5.44,-5.44,-3.37,-3.37,-1.52,-1.52,0.33,0.33,3.35,3.35,5.02,5.02,6.72,6.72,8.20,8.20,9.68,9.68,8.27,8.28,8.29,8.30,8.30,8.31,8.32,8.33,8.34,8.35,9.02,9.03,9.04,9.05,9.06,8.76,8.78,8.79,8.80,8.82,93.51,0.00,0.00,1.00,0.00,0.00,0.00,-1.00,0,None,0,aggregation
160,163.54,remora5,remora8,2.16,2.16,3.97,3.97,5.53,5.53,7.07,7.07,8.36,8.36,11.13,11.13,12.57,12.57,13.81,13.81,15.02,15.02,16.04,16.04,8.36,8.37,8.38,8.39,8.40,8.41,8.43,8.44,8.45,8.47,8.83,8.85,8.86,8.88,8.89,8.90,8.92,8.94,8.95,8.97,103.07,0.00,0.00,1.00,0.00,0.00,0.00,-1.00,0,None,0,aggregation
160,164.54,remora5,remora8,9.85,9.85,11.31,11.31,12.53,12.53,13.72,13.72,14.88,14.88,17.20,17.20,18.33,18.33,19.27,19.27,20.18,20.18,21.06,21.06,8.48,8.50,8.52,8.54,8.55,8.57,8.59,8.61,8.64,8.66,8.99,9.01,9.03,9.05,9.07,9.09,9.11,9.14,9.16,9.19,118.91,0.00,0.00,1.00,0.00,0.00,0.00,-1.00,0,None,0,aggregation
160,165.54,remora5,remora8,16.19,16.19,17.28,17.28,18.34,18.34,19.19,19.19,20.18,20.18,22.05,22.05,22.86,22.86,23.64,23.64,24.26,24.26,24.97,24.97,8.68,8.70,8.73,8.75,8.78,8.81,8.83,8.86,8.89,8.92,9.21,9.23,9.25,9.07,9.08,9.10,9.12,9.14,9.16,9.18,139.80,0.00,0.00,1.00,0.00,0.00,0.00,-1.00,0,None,0,aggregation
160,166.54,remora5,remora8,20.97,20.97,21.73,21.73,22.47,22.47,23.03,23.03,23.58,23.58,25.53,25.53,26.06,26.06,26.56,26.56,26.94,26.94,27.30,27.30,8.95,8.98,9.01,9.04,9.08,9.11,9.14,9.17,9.21,9.24,9.21,9.23,9.25,9.28,9.30,9.32,9.35,9.37,9.40,9.43,164.22,0.00,0.00,1.00,0.00,0.00,0.00,-1.00,0,None,0,aggregation
160,167.54,remora5,remora8,24.11,24.11,24.61,24.61,24.98,24.98,25.34,25.34,25.79,25.79,27.64,27.64,27.96,27.96,28.19,28.19,28.41,28.41,28.68,28.68,9.27,9.31,9.34,9.38,9.41,9.44,9.48,9.51,9.55,9.58,9.45,9.48,9.50,9.53,9.55,9.58,9.61,9.63,9.66,9.69,172.90,0.00,0.00,1.00,0.00,0.00,0.00,-1.00,0,None,0,aggregation
160,168.54,remora5,remora8,26.01,26.01,26.23,26.23,26.54,26.54,26.84,26.84,27.03,27.03,28.80,28.80,28.92,28.92,29.09,29.09,29.25,29.25,29.35,29.35,9.62,9.65,9.69,9.72,9.75,9.79,9.82,9.86,9.89,9.92,9.72,9.75,9.78,9.81,9.84,9.87,9.90,9.92,9.89,9.92,172.89,0.00,0.00,1.00,0.00,0.00,0.00,-1.00,0,None,0,aggregation
160,169.54,remora5,remora8,27.22,27.22,27.49,27.49,0.00,0.00,30.00,30.00,30.00,30.00,29.45,29.45,29.58,29.58,0.00,0.00,30.00,30.00,30.00,30.00,9.96,9.99,10.00,10.00,10.00,10.00,10.00,10.00,10.00,10.00,9.96,9.99,10.00,10.00,10.00,10.00,10.00,10.00,10.00,10.00,173.59,0.00,0.00,1.00,0.00,0.00,0.00,-1.00,0,None,0,aggregation
160,170.54,remora5,remora8,30.00,30.00,30.00,30.00,30.00,30.00,30.00,30.00,30.00,30.00,30.00,30.00,30.00,30.00,30.00,30.00,30.00,30.00,30.00,30.00,10.00,10.00,10.00,10.00,10.00,10.00,10.00,10.00,10.00,10.00,10.00,10.00,10.00,10.00,10.00,10.00,10.00,10.00,10.00,10.00,188.08,0.00,0.00,1.00,0.00,0.00,0.00,-1.00,0,None,0,aggregation
160,171.54,remora5,remora8,30.00,30.00,30.00,30.00,30.00,30.00,30.00,30.00,30.00,30.00,30.00,30.00,30.00,30.00,30.00,30.00,30.00,30.00,30.00,30.00,10.00,10.00,10.00,10.00,10.00,10.00,10.00,10.00,10.00,10.00,10.00,10.00,10.00,10.00,10.00,10.00,10.00,10.00,10.00,10.00,210.89,0.00,0.00,1.00,0.00,0.00,0.00,-1.00,0,None,0,aggregation
160,172.54,remora5,remora8,30.00,30.00,30.00,30.00,30.00,30.00,30.00,30.00,30.00,30.00,30.00,30.00,30.00,30.00,30.00,30.00,30.00,30.00,30.00,30.00,10.00,10.00,10.00,10.00,10.00,10.00,10.00,10.00,10.00,10.00,10.00,10.00,10.00,10.00,10.00,10.00,10.00,10.00,10.00,10.00,238.46,0.00,0.00,1.00,0.00,0.00,0.00,-1.00,0,None,0,aggregation
160,173.54,remora5,remora8,30.00,30.00,30.00,30.00,30.00,30.00,30.00,30.00,30.00,30.00,30.00,30.00,30.00,30.00,30.00,30.00,30.00,30.00,30.00,30.00,10.00,10.00,10.00,10.00,10.00,10.00,10.00,10.00,10.00,10.00,10.00,10.00,10.00,10.00,10.00,10.00,10.00,10.00,10.00,10.00,258.90,0.00,0.00,1.00,0.00,0.00,0.00,-1.00,0,None,0,aggregation
160,174.54,remora5,remora8,30.00,30.00,30.00,30.00,30.00,30.00,30.00,30.00,30.00,30.00,30.00,30.00,30.00,30.00,30.00,30.00,30.00,30.00,30.00,30.00,10.00,10.00,10.00,10.00,10.00,10.00,10.00,10.00,10.00,10.00,10.00,10.00,10.00,10.00,10.00,10.00,10.00,10.00,10.00,10.00,273.06,0.00,0.00,1.00,0.00,0.00,0.00,-1.00,0,None,0,aggregation
160,175.54,remora5,remora8,30.00,30.00,30.00,30.00,30.00,30.00,30.00,30.00,30.00,30.00,30.00,30.00,30.00,30.00,30.00,30.00,30.00,30.00,30.00,30.00,10.00,10.00,10.00,10.00,10.00,10.00,10.00,10.00,10.00,10.00,10.00,10.00,10.00,10.00,10.00,10.00,10.00,10.00,10.00,10.00,282.17,0.00,0.00,1.00,0.00,0.00,0.00,-1.00,0,None,0,aggregation
160,176.54,remora5,remora8,30.00,30.00,30.00,30.00,-11.87,-11.87,-11.46,-11.46,-10.50,-10.50,30.00,30.00,30.00,30.00,3.83,3.83,4.24,4.24,5.19,5.19,10.00,10.00,10.00,10.00,10.00,10.00,10.00,10.00,10.00,10.00,10.00,10.00,10.00,10.00,10.00,10.00,10.00,10.00,10.00,10.00,271.81,0.00,0.00,1.00,1.00,0.00,1.00,-1.00,0,None,0,aggregation
160,177.54,remora5,remora8,-9.51,-9.51,-8.50,-8.50,-7.29,-7.29,-5.77,-5.77,-4.34,-4.34,6.19,6.19,7.20,7.20,8.04,8.04,8.54,8.54,9.00,9.00,10.00,10.00,10.00,10.00,10.00,10.00,10.00,10.00,10.00,10.00,10.00,10.00,10.00,10.00,10.00,10.00,10.00,10.00,10.00,10.00,246.52,0.00,0.00,1.00,0.00,0.00,0.00,-1.00,0,None,0,aggregation
160,178.54,remora5,remora8,-3.01,-3.01,-1.79,-1.79,-0.68,-0.68,0.34,0.34,1.26,1.26,9.43,9.43,9.79,9.79,10.11,10.11,10.38,10.38,10.61,10.61,10.00,10.00,10.00,10.00,10.00,10.00,10.00,10.00,10.00,10.00,10.00,10.00,10.00,10.00,10.00,10.00,10.00,10.00,10.00,10.00,223.35,0.00,0.00,1.00,0.00,0.00,0.00,-1.00,0,None,0,aggregation
160,179.54,remora5,remora8,2.09,2.09,2.84,2.84,30.00,30.00,30.00,30.00,30.00,30.00,10.79,10.79,10.94,10.94,30.00,30.00,30.00,30.00,30.00,30.00,10.00,10.00,10.00,10.00,10.00,10.00,10.00,10.00,10.00,10.00,10.00,10.00,10.00,10.00,10.00,10.00,10.00,10.00,10.00,10.00,220.65,0.00,0.00,1.00,0.00,0.00,0.00,-1.00,0,None,0,aggregation
160,131.54,remora5,remora2,2.43,2.43,3.97,3.97,3.07,3.07,3.01,3.01,3.52,3.52,-13.26,-13.26,12.57,12.57,11.86,11.86,-12.69,-12.69,12.21,12.21,4.28,4.29,4.30,4.31,4.31,4.30,4.29,4.28,4.28,4.27,7.30,7.29,7.29,7.28,7.28,7.28,7.27,7.26,7.25,7.24,180.51,0.00,0.00,1.00,1.00,0.00,1.00,-1.00,0,None,0,aggregation
160,132.54,remora5,remora2,3.07,3.07,3.06,3.06,3.44,3.44,0.33,0.33,-0.13,-0.13,11.86,11.86,-12.64,-12.64,-12.25,-12.25,9.68,9.68,9.31,9.31,4.27,4.26,4.26,4.25,4.25,4.24,4.24,4.23,4.23,4.22,7.24,7.23,7.23,7.22,7.21,7.20,7.19,7.19,7.18,7.18,157.19,0.00,0.00,1.00,1.00,0.00,1.00,-1.00,0,None,0,aggregation
160,133.54,remora5,remora2,2.16,2.16,3.97,3.97,2.94,2.94,4.64,4.64,4.42,4.42,11.13,11.13,12.57,12.57,-12.76,-12.76,13.10,13.10,12.93,12.93,4.22,4.21,4.21,4.21,4.20,4.18,4.17,4.17,4.16,4.15,7.17,7.17,7.17,7.17,7.16,7.15,7.15,7.14,7.14,7.14,136.72,0.00,0.00,1.00,1.00,0.00,1.00,-1.00,0,None,0,aggregation
160,134.54,remora5,remora2,2.94,3.32,3.32,1.70,1.70,1.70,1.70,1.70,3.97,3.15,-12.75,-12.37,-12.37,10.77,10.77,10.77,10.77,10.77,12.57,-12.55,4.14,4.13,4.12,4.11,4.10,4.09,4.08,4.07,4.06,4.05,7.14,7.13,7.12,7.11,7.11,7.10,7.10,7.10,7.10,7.10,115.84,0.00,0.00,1.00,1.00,0.00,1.00,-1.00,0,None,0,aggregation
160,135.54,remora5,remora2,3.15,3.60,3.60,3.60,0.79,0.79,0.33,0.33,2.16,2.16,-12.55,-12.10,-12.10,-12.10,10.04,10.04,9.68,9.68,11.13,11.13,4.04,4.02,4.01,4.00,3.98,3.97,3.96,3.95,3.94,3.93,7.09,7.09,7.08,7.07,7.07,7.07,7.07,7.06,7.06,7.06,95.85,0.00,0.00,1.00,1.00,0.00,1.00,-1.00,0,None,0,aggregation
160,136.54,remora5,remora2,4.19,4.19,3.03,3.03,3.41,3.41,1.25,1.25,1.25,1.25,12.75,12.75,-12.67,-12.67,-12.29,-12.29,10.41,10.41,10.41,10.41,3.92,3.91,3.90,3.89,3.87,3.86,3.85,3.85,3.84,3.84,7.06,7.06,7.06,7.06,6.65,6.64,6.64,6.64,6.64,6.64,75.52,0.00,0.00,1.00,1.00,0.00,1.00,-1.00,0,None,0,aggregation
160,137.54,remora5,remora2,3.07,3.07,3.28,3.28,3.52,3.07,3.07,3.07,3.31,3.70,11.86,11.86,-12.42,-12.42,12.21,11.86,11.86,11.86,-12.38,-12.00,3.83,3.83,3.82,3.81,3.81,3.80,3.80,3.80,3.79,3.79,6.64,6.65,6.65,6.65,6.65,6.66,6.67,6.68,6.68,6.68,69.93,0.00,0.00,1.00,1.00,0.00,1.00,-1.00,0,None,0,aggregation
160,138.54,remora5,remora2,3.70,3.70,0.10,0.10,0.10,0.10,2.39,2.39,4.19,4.19,-12.00,-12.00,9.49,9.49,9.49,9.49,11.32,11.32,12.75,12.75,3.79,3.79,3.79,3.78,3.78,3.78,3.79,3.79,3.79,3.79,6.69,6.69,6.69,6.70,6.71,6.72,6.72,6.73,6.73,6.74,65.98,0.00,0.00,1.00,1.00,0.00,1.00,-1.00,0,None,0,aggregation
160,139.54,remora5,remora2,3.03,3.03,3.41,3.41,1.70,1.70,1.25,1.25,3.29,3.29,-12.66,-12.66,-12.28,-12.28,10.77,10.77,10.41,10.41,12.04,12.04,3.79,3.79,3.79,3.78,3.78,3.78,3.78,3.78,3.78,3.78,6.74,6.74,6.74,6.73,6.73,6.74,6.74,6.74,6.75,6.75,62.28,0.00,0.00,1.00,1.00,0.00,1.00,-1.00,0,None,0,aggregation
160,140.54,remora5,remora2,5.31,5.31,2.94,2.94,3.26,3.26,3.07,3.07,2.39,2.39,13.63,13.63,-12.76,-12.76,-12.44,-12.44,11.86,11.86,11.32,11.32,3.79,3.79,3.79,3.78,3.78,3.78,3.78,3.78,3.78,3.78,6.75,6.76,6.77,6.77,6.77,6.77,6.77,6.77,6.78,6.78,60.90,0.00,0.00,1.00,1.00,0.00,1.00,-1.00,0,None,0,aggregation
160,141.54,remora5,remora2,4.42,4.42,3.31,3.63,3.63,3.63,1.93,1.93,1.70,1.70,12.93,12.93,-12.39,-12.07,-12.07,-12.07,10.95,10.95,10.77,10.77,3.78,3.78,3.78,3.78,3.78,3.78,3.78,3.78,3.78,3.78,6.79,6.79,6.79,6.79,6.79,6.79,6.79,6.79,6.80,6.80,60.12,0.00,0.00,1.00,1.00,0.00,1.00,-1.00,0,None,0,aggregation
160,142.54,remora5,remora2,3.74,3.74,3.59,4.19,4.19,4.19,4.19,3.43,3.43,3.43,12.39,12.39,-12.11,12.75,12.75,12.75,12.75,-12.27,-12.27,-12.27,3.79,3.79,3.79,3.80,3.80,3.81,3.81,3.82,3.83,3.83,6.81,6.81,6.82,6.82,6.82,6.83,6.84,6.85,6.85,6.85,61.63,0.00,0.00,1.00,1.00,0.00,1.00,-1.00,0,None,0,aggregation
160,143.54,remora5,remora2,3.89,3.89,1.02,1.02,1.02,1.02,2.84,2.84,3.76,3.76,-11.81,-11.81,10.23,10.23,10.23,10.23,11.68,11.68,-11.94,-11.94,3.84,3.85,3.85,3.86,3.87,3.89,3.90,3.91,3.92,3.93,6.86,6.86,6.86,6.87,6.87,6.88,6.88,6.89,6.89,6.89,59.46,0.00,0.00,1.00,1.00,0.00,1.00,-1.00,0,None,0,aggregation
160,144.54,remora5,remora2,3.74,3.74,3.52,3.52,3.66,3.66,4.05,4.05,0.33,0.33,12.39,12.39,12.21,12.21,-12.04,-12.04,-11.65,-11.65,9.68,9.68,3.95,3.96,3.98,3.99,4.01,4.02,4.03,4.05,4.06,4.08,6.89,6.90,6.90,6.91,6.91,6.92,6.92,6.92,6.92,6.93,59.44,0.00,0.00,1.00,1.00,0.00,1.00,-1.00,0,None,0,aggregation
160,145.54,remora5,remora2,0.33,0.33,2.61,2.61,4.42,4.42,3.38,3.38,3.77,3.77,9.68,9.68,11.50,11.50,12.93,12.93,-12.32,-12.32,-11.92,-11.92,4.10,4.12,4.14,4.16,4.18,4.20,4.22,4.23,4.25,4.27,6.93,6.94,6.94,6.95,6.96,6.96,6.97,6.97,6.97,6.97,60.13,0.00,0.00,1.00,0.00,0.00,0.00,-1.00,0,None,0,aggregation
160,146.54,remora5,remora2,3.61,3.61,4.37,7.02,7.02,7.02,3.81,3.81,4.15,4.15,12.29,12.29,12.89,14.99,14.99,14.99,-11.89,-11.89,-11.55,-11.55,4.29,4.31,4.33,4.35,4.37,4.39,4.41,4.42,4.44,4.45,6.97,6.98,6.99,6.99,7.00,7.01,7.01,7.01,7.02,7.02,61.56,0.00,0.00,1.00,1.00,0.00,1.00,-1.00,0,None,0,aggregation
160,147.54,remora5,remora2,7.33,7.33,8.33,8.33,4.69,4.69,5.05,5.05,8.83,8.83,15.23,15.23,16.01,16.01,-11.01,-11.01,-10.65,-10.65,16.40,16.40,4.47,4.49,4.51,4.52,4.54,4.55,4.56,4.58,4.59,4.60,7.02,7.03,7.03,7.04,7.04,7.04,7.05,7.05,7.05,7.05,63.67,0.00,0.00,1.00,1.00,0.00,1.00,-1.00,0,None,0,aggregation
160,148.54,remora5,remora2,9.21,9.21,5.79,5.79,6.16,6.16,8.79,8.79,9.08,10.75,16.70,16.70,-9.91,-9.91,-9.53,-9.53,16.37,16.37,16.60,17.90,4.61,4.62,4.63,4.63,4.64,4.64,4.64,4.65,4.65,4.65,7.06,7.06,7.07,7.07,7.07,7.07,7.07,7.08,7.08,7.09,66.43,0.00,0.00,1.00,1.00,0.00,1.00,-1.00,0,None,0,aggregation
160,149.54,remora5,remora2,10.75,10.75,12.78,12.78,13.73,13.73,14.38,14.38,5.21,5.21,17.90,17.90,19.47,19.47,20.19,20.19,20.69,20.69,-10.49,-10.49,4.66,4.66,4.66,4.66,4.67,4.67,4.67,4.68,4.68,4.68,7.09,7.10,7.11,7.11,7.12,7.13,7.14,7.15,7.15,7.15,74.15,0.00,0.00,1.00,0.00,0.00,0.00,-1.00,0,None,0,aggregation
160,150.54,remora5,remora2,5.68,5.68,11.37,10.66,10.66,10.66,11.78,11.78,13.14,5.46,-10.01,-10.01,18.38,17.83,17.83,17.83,18.70,18.70,19.74,-10.24,4.68,4.68,4.68,4.68,4.69,4.69,4.69,4.69,4.70,4.70,7.15,7.16,7.16,7.17,7.18,7.18,7.19,7.20,7.20,7.21,78.62,0.00,0.00,1.00,1.00,0.00,1.00,-1.00,0,None,0,aggregation
160,151.54,remora5,remora2,5.46,5.46,5.99,5.99,10.20,10.20,9.62,9.62,10.76,10.76,-10.24,-10.24,-9.70,-9.70,17.47,17.47,17.02,17.02,17.91,17.91,4.70,4.70,4.70,4.70,4.70,4.70,4.70,4.71,4.71,4.71,7.21,7.21,7.21,7.21,7.22,7.22,7.23,6.54,6.54,6.54,81.77,0.00,0.00,1.00,1.00,0.00,1.00,-1.00,0,None,0,aggregation
160,152.54,remora5,remora2,12.19,12.19,12.34,5.28,5.28,5.28,11.65,11.65,11.36,11.36,19.01,19.01,19.13,-10.42,-10.42,-10.42,18.60,18.60,18.37,18.37,4.71,4.71,4.71,4.71,4.71,4.71,4.71,4.71,4.71,4.71,6.54,6.54,6.54,6.54,6.54,6.53,6.53,6.53,6.53,6.53,86.48,0.00,0.00,1.00,1.00,0.00,1.00,-1.00,0,None,0,aggregation
160,153.54,remora5,remora2,5.46,5.85,5.85,5.85,8.28,8.28,7.69,8.62,8.62,8.62,-10.24,-9.85,-9.85,-9.85,15.97,15.97,15.51,16.24,16.24,16.24,4.71,4.70,4.70,4.69,4.69,4.68,4.68,4.67,4.67,4.67,6.53,6.53,6.52,6.52,6.51,6.51,6.51,6.51,6.51,6.51,89.33,0.00,0.00,1.00,1.00,0.00,1.00,-1.00,0,None,0,aggregation
160,154.54,remora5,remora2,9.49,9.49,10.69,10.69,5.08,5.08,9.41,9.41,8.47,8.47,16.92,16.92,17.85,17.85,-10.62,-10.62,16.86,16.86,16.12,16.12,4.66,4.66,4.66,4.65,4.65,4.64,4.63,4.63,4.63,4.62,6.51,6.50,6.50,6.50,6.50,6.50,6.49,6.50,6.50,6.50,94.68,0.00,0.00,1.00,1.00,0.00,1.00,-1.00,0,None,0,aggregation
160,155.54,remora5,remora2,5.19,5.63,5.63,5.63,4.23,4.23,2.77,2.77,3.00,3.00,-10.50,-10.07,-10.07,-10.07,12.78,12.78,11.62,11.62,11.80,11.80,4.62,4.61,4.60,4.59,4.59,4.58,4.58,4.58,4.57,4.57,6.49,6.49,6.48,6.48,6.48,6.48,6.47,6.47,6.47,6.47,94.37,0.00,0.00,1.00,1.00,0.00,1.00,-1.00,0,None,0,aggregation
160,156.54,remora5,remora2,4.81,4.81,6.30,6.30,7.89,7.89,4.16,4.16,4.58,4.58,13.24,13.24,14.42,14.42,15.67,15.67,-11.53,-11.53,-11.12,-11.12,4.57,4.56,4.56,4.56,4.55,4.55,4.55,4.54,4.53,4.52,6.47,6.47,6.48,6.48,6.48,6.48,6.48,6.48,6.47,6.47,94.69,0.00,0.00,1.00,0.00,0.00,0.00,-1.00,0,None,0,aggregation
160,157.54,remora5,remora2,4.32,4.32,3.49,3.49,5.30,5.30,4.67,4.67,4.67,5.16,12.85,12.85,12.19,12.19,13.63,13.63,-11.02,-11.02,-11.02,13.52,4.51,4.51,4.51,4.50,4.50,4.50,4.49,4.48,4.48,4.48,6.47,6.47,6.48,6.48,6.48,6.49,6.50,6.51,6.51,6.52,93.35,0.00,0.00,1.00,1.00,0.00,1.00,-1.00,0,None,0,aggregation
160,158.54,remora5,remora2,4.45,4.45,4.90,4.90,4.49,4.49,3.92,4.88,4.88,4.88,12.95,12.95,-10.80,-10.80,12.99,12.99,12.53,-10.82,-10.82,-10.82,4.48,4.47,4.47,4.46,4.46,4.45,4.45,4.45,4.44,4.44,6.53,6.54,6.55,6.56,6.57,6.58,6.59,6.60,6.61,6.62,90.57,0.00,0.00,1.00,1.00,0.00,1.00,-1.00,0,None,0,aggregation
160,159.54,remora5,remora2,3.44,3.44,3.40,4.85,4.85,4.85,3.43,3.43,2.37,4.46,12.16,12.16,12.12,-10.85,-10.85,-10.85,12.14,12.14,11.30,12.96,4.43,4.43,4.43,4.42,4.42,4.41,4.41,4.40,4.40,4.40,6.63,6.64,6.65,6.66,6.67,6.68,6.69,6.70,6.71,6.72,83.40,0.00,0.00,1.00,1.00,0.00,1.00,-1.00,0,None,0,aggregation
160,160.54,remora5,remora2,4.46,4.46,4.44,4.84,4.84,4.84,1.71,1.71,0.91,0.91,12.96,12.96,-11.26,-10.86,-10.86,-10.86,10.78,10.78,10.14,10.14,4.40,4.40,4.39,4.39,4.38,4.38,4.37,4.37,4.37,4.37,6.74,6.75,6.76,6.77,6.77,6.78,6.79,6.80,6.81,6.82,77.62,0.00,0.00,1.00,1.00,0.00,1.00,-1.00,0,None,0,aggregation
160,161.54,remora5,remora2,2.48,2.48,4.03,4.03,4.24,4.24,4.06,4.06,4.16,4.16,11.39,11.39,12.62,12.62,-11.45,-11.45,12.65,12.65,12.73,12.73,4.37,4.37,4.37,4.37,4.37,4.36,4.36,4.36,4.36,4.36,6.83,6.83,6.85,6.86,6.87,6.87,6.88,6.89,6.90,6.91,75.60,0.00,0.00,1.00,1.00,0.00,1.00,-1.00,0,None,0,aggregation
160,162.54,remora5,remora2,4.22,4.22,4.62,4.62,0.65,0.65,0.36,0.36,2.32,2.32,-11.47,-11.47,-11.08,-11.08,9.93,9.93,9.70,9.70,11.26,11.26,4.36,4.36,4.35,4.35,4.35,4.35,4.35,4.35,4.35,4.35,6.91,6.92,6.92,6.93,6.94,6.94,6.95,6.96,6.97,6.97,68.93,0.00,0.00,1.00,1.00,0.00,1.00,-1.00,0,None,0,aggregation
160,163.54,remora5,remora2,3.92,3.92,3.93,3.93,4.25,4.25,0.76,0.76,0.36,0.36,12.53,12.53,-11.76,-11.76,-11.45,-11.45,10.02,10.02,9.71,9.71,4.35,4.36,4.36,4.36,4.35,4.35,4.35,4.36,4.36,4.36,6.98,6.97,6.97,6.98,6.98,6.98,6.98,6.99,7.00,7.00,66.01,0.00,0.00,1.00,1.00,0.00,1.00,-1.00,0,None,0,aggregation
160,164.54,remora5,remora2,1.98,1.98,3.58,3.58,3.64,3.64,3.67,3.67,2.98,2.98,10.99,10.99,12.26,12.26,-12.06,-12.06,12.34,12.34,11.79,11.79,4.37,4.37,4.38,4.39,4.39,4.39,4.40,4.40,4.41,4.42,7.01,7.02,7.03,7.04,7.05,7.06,7.07,7.08,7.09,7.11,61.68,0.00,0.00,1.00,1.00,0.00,1.00,-1.00,0,None,0,aggregation
160,165.54,remora5,remora2,3.68,3.68,4.06,4.06,-0.95,-0.95,-2.02,-2.02,-0.38,-0.38,-12.02,-12.02,-11.64,-11.64,8.66,8.66,7.80,7.80,9.11,9.11,4.43,4.43,4.43,4.44,4.44,4.45,4.46,4.47,4.48,4.50,6.15,6.15,6.15,6.15,6.16,6.16,6.17,6.17,6.18,6.19,59.94,0.00,0.00,1.00,0.00,0.00,0.00,-1.00,0,None,0,aggregation
160,166.54,remora5,remora2,0.88,0.88,2.58,2.58,2.99,2.99,2.82,2.82,1.40,1.40,10.12,10.12,11.47,11.47,-12.71,-12.71,11.66,11.66,10.53,10.53,4.51,4.52,4.54,4.55,4.56,4.57,4.59,4.59,4.58,4.58,6.19,6.20,6.21,6.23,6.23,6.24,6.25,6.26,6.27,6.28,58.44,0.00,0.00,1.00,0.00,0.00,0.00,-1.00,0,None,0,aggregation
160,167.54,remora5,remora2,2.99,2.99,3.36,3.36,-3.03,-3.03,-4.06,-4.06,-2.42,-0.78,-12.70,-12.70,-12.34,-12.34,6.99,6.99,6.17,6.17,7.48,8.79,4.57,4.57,4.57,4.57,4.56,4.56,4.55,4.55,4.55,4.55,6.29,6.29,6.30,6.31,6.32,6.33,6.34,6.35,6.37,6.38,54.50,0.00,0.00,1.00,0.00,0.00,0.00,-1.00,0,None,0,aggregation
160,168.54,remora5,remora2,-0.78,-0.78,0.05,1.41,1.41,1.41,1.61,1.61,1.57,1.57,8.79,8.79,9.46,10.54,10.54,10.54,-14.09,-14.09,10.67,10.67,4.55,4.54,4.54,4.53,4.53,4.52,4.52,4.52,4.52,4.51,6.39,6.41,6.42,6.43,6.45,6.46,6.48,6.49,4.74,4.75,54.25,0.00,0.00,1.00,0.00,0.00,0.00,-1.00,0,None,0,aggregation
160,169.54,remora5,remora2,0.89,1.47,1.47,-1.80,-1.80,-1.80,-4.01,-4.01,-2.39,0.79,10.12,-14.23,-14.23,7.97,7.97,7.97,6.21,6.21,7.51,-14.91,4.51,4.51,4.51,4.50,4.50,4.49,4.49,4.49,4.49,4.49,4.76,4.77,4.78,4.79,4.79,4.80,4.81,4.83,4.84,4.85,51.84,0.00,0.00,1.00,0.00,0.00,0.00,-1.00,0,None,0,aggregation
160,170.54,remora5,remora2,0.79,0.79,-4.07,-4.07,-1.84,-1.84,0.68,0.68,4.02,4.02,-14.91,-14.91,6.16,6.16,7.95,7.95,9.96,9.96,12.62,12.62,4.49,4.49,4.48,4.48,4.48,4.47,4.47,4.47,4.46,4.46,4.86,4.86,4.87,4.88,4.89,4.90,4.91,4.93,4.94,4.95,51.46,0.00,0.00,1.00,0.00,0.00,0.00,-1.00,0,None,0,aggregation
160,171.54,remora5,remora2,-0.05,-0.05,0.22,0.22,7.05,7.05,8.74,8.74,0.70,0.70,-15.75,-15.75,-15.48,-15.48,15.01,15.01,16.33,16.33,-15.00,-15.00,4.46,4.46,4.46,4.45,4.45,4.45,4.45,4.45,4.44,4.44,4.96,4.97,4.98,4.99,5.00,5.01,5.03,5.04,5.06,5.06,53.57,0.00,0.00,1.00,0.00,0.00,0.00,-1.00,0,None,0,aggregation
160,172.54,remora5,remora2,1.02,1.02,12.07,12.07,13.34,13.34,1.71,1.71,1.98,1.98,-14.68,-14.68,18.92,18.92,19.89,19.89,-13.99,-13.99,-13.72,-13.72,4.44,4.43,4.43,4.42,4.42,4.42,4.41,4.41,4.41,4.41,5.07,5.08,5.09,5.10,5.12,5.14,5.15,5.16,5.17,5.18,58.97,0.00,0.00,1.00,1.00,0.00,1.00,-1.00,0,None,0,aggregation
160,173.54,remora5,remora2,2.82,2.82,2.82,2.82,14.22,14.22,14.03,14.03,15.64,15.64,-12.88,-12.88,-12.88,-12.88,20.56,20.56,20.42,20.42,21.64,21.64,4.41,4.41,4.41,4.41,4.40,4.40,4.39,4.38,4.37,4.37,5.19,5.20,5.21,5.22,5.23,5.24,5.25,5.27,5.28,5.29,66.40,0.00,0.00,1.00,1.00,0.00,1.00,-1.00,0,None,0,aggregation
160,174.54,remora5,remora2,4.19,4.19,4.66,4.66,15.47,15.47,15.20,5.47,5.47,5.47,-11.51,-11.51,-11.03,-11.03,21.51,21.51,21.31,-10.22,-10.22,-10.22,4.36,4.36,4.36,4.36,4.36,4.35,4.34,4.33,4.33,4.33,5.31,5.32,5.33,5.33,5.33,5.34,5.35,5.36,5.37,5.38,67.20,0.00,0.00,1.00,1.00,0.00,1.00,-1.00,0,None,0,aggregation
160,175.54,remora5,remora2,6.03,6.03,14.59,14.59,15.03,15.03,16.15,6.41,6.41,6.41,-9.67,-9.67,20.84,20.84,21.18,21.18,22.02,-9.29,-9.29,-9.29,4.33,4.33,4.32,4.32,4.31,4.30,4.29,4.27,4.26,4.26,5.39,5.41,5.42,5.43,5.44,5.45,5.46,5.47,5.48,5.49,73.26,0.00,0.00,1.00,1.00,0.00,1.00,-1.00,0,None,0,aggregation
160,176.54,remora5,remora2,16.27,16.27,15.63,15.63,16.95,16.95,17.43,17.43,6.10,6.10,22.11,22.11,21.63,21.63,22.62,22.62,22.97,22.97,-9.60,-9.60,4.25,4.24,4.23,4.22,4.21,4.20,4.18,4.17,4.16,4.16,5.50,5.51,5.52,5.53,5.54,5.56,5.57,5.58,5.59,5.60,83.05,0.00,0.00,1.00,1.00,0.00,1.00,-1.00,0,None,0,aggregation
160,177.54,remora5,remora2,17.58,17.68,17.68,17.68,18.13,18.13,6.14,6.14,6.57,6.57,23.08,23.16,23.16,23.16,23.49,23.49,-9.56,-9.56,-9.13,-9.13,4.15,4.14,4.13,4.12,4.10,4.09,4.09,4.09,4.08,4.08,5.61,5.62,5.64,5.65,5.66,5.67,5.68,5.69,5.71,5.72,92.84,0.00,0.00,1.00,1.00,0.00,1.00,-1.00,0,None,0,aggregation
160,178.54,remora5,remora2,16.45,16.45,15.88,15.88,16.80,16.80,17.72,17.72,18.62,18.62,22.25,22.25,21.82,21.82,22.50,22.50,23.19,23.19,23.84,23.84,4.07,4.06,4.04,4.03,4.02,4.01,4.00,3.98,3.97,3.96,5.73,5.74,5.75,5.76,5.77,5.78,5.79,5.80,5.82,5.83,107.21,0.00,0.00,1.00,1.00,0.00,1.00,-1.00,0,None,0,aggregation
160,179.54,remora5,remora2,19.20,19.20,20.03,20.03,21.02,5.49,5.49,20.60,20.60,6.18,24.27,24.27,24.86,24.86,25.56,-10.21,-10.21,25.26,25.26,-9.52,3.95,3.94,3.92,3.91,3.90,3.89,3.88,3.88,3.87,3.86,5.84,5.86,5.87,5.88,5.90,5.91,5.92,5.93,5.95,5.96,119.66,0.00,0.00,1.00,1.00,0.00,1.00,-1.00,0,None,0,aggregation
160,180.54,remora5,remora2,6.18,19.39,19.39,19.39,19.02,19.02,6.55,6.55,7.07,7.07,-9.52,24.40,24.40,24.40,24.14,24.14,-9.14,-9.14,-8.63,-8.63,3.86,3.86,3.85,3.84,3.83,3.82,3.81,3.80,3.80,3.80,5.98,5.99,6.00,6.02,6.03,6.05,6.06,6.07,6.08,6.09,126.17,0.00,0.00,1.00,1.00,0.00,1.00,-1.00,0,None,0,aggregation
160,181.54,remora5,remora2,17.00,17.00,16.51,16.51,17.49,17.49,18.45,18.45,19.28,19.28,22.66,22.66,22.29,22.29,23.02,23.02,23.72,23.72,24.32,24.32,3.79,3.78,3.77,3.76,3.75,3.73,3.72,3.71,3.69,3.68,6.11,6.12,6.13,6.14,6.16,6.17,6.18,6.19,6.20,6.22,137.39,0.00,0.00,1.00,1.00,0.00,1.00,-1.00,0,None,0,aggregation
160,182.54,remora5,remora2,19.90,19.90,20.71,20.71,21.34,21.96,21.96,21.96,22.44,22.44,24.77,24.77,25.35,25.35,25.79,26.21,26.21,26.21,26.55,26.55,3.67,3.66,3.65,3.64,3.63,3.62,3.61,3.61,3.60,3.59,6.23,6.25,6.26,6.28,6.29,6.31,6.33,6.35,6.36,6.38,150.76,0.00,0.00,1.00,0.00,0.00,0.00,-1.00,0,None,0,aggregation
160,183.54,remora5,remora2,22.99,5.26,5.26,5.26,5.84,5.84,20.86,20.86,20.66,20.66,26.91,-10.44,-10.44,-10.44,-9.85,-9.85,25.45,25.45,25.31,25.31,3.58,3.57,3.56,3.56,3.55,3.55,3.55,3.54,3.53,3.52,6.40,6.42,6.43,6.44,6.45,6.47,6.48,6.50,6.51,6.53,150.99,0.00,0.00,1.00,1.00,0.00,1.00,-1.00,0,None,0,aggregation
160,184.54,remora5,remora2,21.30,21.30,6.45,6.45,20.87,20.87,20.66,20.66,21.30,21.30,25.76,25.76,-9.24,-9.24,25.46,25.46,25.31,25.31,25.76,25.76,3.51,3.50,3.50,3.49,3.49,3.48,3.47,3.46,3.45,3.44,6.55,6.56,6.58,6.59,6.61,6.62,6.64,6.65,6.67,6.69,162.31,0.00,0.00,1.00,1.00,0.00,1.00,-1.00,0,None,0,aggregation
160,185.54,remora5,remora2,22.00,22.00,6.37,6.37,21.84,21.84,21.18,21.18,21.80,21.80,26.24,26.24,-9.33,-9.33,26.13,26.13,25.67,25.67,26.10,26.10,3.44,3.43,3.42,3.42,3.41,3.40,3.39,3.39,3.38,3.37,6.71,3.43,3.42,3.42,3.41,3.40,3.39,3.39,3.38,3.37,171.84,0.00,0.00,1.00,1.00,0.00,1.00,-1.00,0,None,0,aggregation
160,186.54,remora5,remora2,6.67,6.67,21.61,21.61,21.16,21.88,21.88,21.88,22.70,23.08,-9.02,-9.02,25.97,25.97,25.66,26.16,26.16,26.16,26.72,26.97,3.37,3.37,3.36,3.35,3.34,3.33,3.32,3.32,3.31,3.30,3.37,3.37,3.36,3.35,3.34,3.33,3.32,3.32,3.31,3.30,175.44,0.00,0.00,1.00,1.00,0.00,1.00,-1.00,0,None,0,aggregation
160,187.54,remora5,remora2,23.08,6.32,6.32,6.32,22.64,22.37,22.37,22.37,22.99,22.99,26.97,-9.38,-9.38,-9.38,26.68,26.49,26.49,26.49,26.91,26.91,3.30,3.29,3.29,3.29,3.28,3.27,3.27,3.26,3.26,3.25,3.30,3.29,3.29,3.29,3.28,3.27,3.27,3.26,3.26,3.25,180.27,0.00,0.00,1.00,1.00,0.00,1.00,-1.00,0,None,0,aggregation
160,188.54,remora5,remora2,6.61,22.61,22.61,22.61,22.37,22.37,23.01,23.01,23.62,23.62,-9.09,26.66,26.66,26.66,26.50,26.50,26.92,26.92,27.33,27.33,3.25,3.24,3.24,3.24,3.23,3.23,3.22,3.22,3.21,3.21,3.25,3.24,3.24,3.24,3.23,3.23,3.22,3.22,3.21,3.21,182.85,0.00,0.00,1.00,1.00,0.00,1.00,-1.00,0,None,0,aggregation
160,189.54,remora5,remora2,6.54,6.54,23.14,23.14,22.68,22.68,23.19,23.19,23.83,23.83,-9.16,-9.16,27.01,27.01,26.70,26.70,27.04,27.04,27.47,27.47,3.21,3.20,3.20,3.20,3.19,3.19,3.18,3.18,3.18,3.18,3.21,3.20,3.20,3.20,3.19,3.19,3.18,3.18,3.18,3.18,186.82,0.00,0.00,1.00,1.00,0.00,1.00,-1.00,0,None,0,aggregation
160,190.54,remora5,remora2,24.33,24.33,6.46,6.46,7.01,7.01,22.01,22.01,21.58,22.24,27.78,27.78,-9.24,-9.24,-8.69,-8.69,26.25,26.25,25.95,26.41,3.17,3.17,3.17,3.17,3.16,3.16,3.16,3.15,3.15,3.15,3.17,3.17,3.17,3.17,3.16,3.16,3.16,3.15,3.15,3.15,190.65,0.00,0.00,1.00,1.00,0.00,1.00,-1.00,0,None,0,aggregation
160,191.54,remora5,remora2,22.24,-17.85,-17.85,-17.85,-17.81,-17.81,26.22,26.22,-17.55,-17.55,26.41,-2.15,-2.15,-2.15,-2.11,-2.11,28.92,28.92,-1.86,-1.86,3.14,3.14,3.14,3.13,3.13,3.13,3.13,3.13,3.13,3.13,3.14,3.14,3.14,3.13,3.13,3.13,3.13,3.13,3.13,3.13,185.06,0.00,0.00,1.00,1.00,0.00,1.00,-1.00,0,None,0,aggregation
160,192.54,remora5,remora2,-17.36,-17.36,-16.99,-16.99,29.69,-16.30,-16.30,-16.30,-15.89,-15.89,-1.66,-1.66,-1.30,-1.30,30.16,-0.60,-0.60,-0.60,-0.20,-0.20,3.14,3.14,3.13,3.13,3.13,3.14,3.15,3.15,3.15,3.15,3.14,3.14,3.13,3.13,3.13,3.14,3.15,3.15,3.15,3.15,172.37,0.00,0.00,1.00,1.00,0.00,1.00,-1.00,0,None,0,aggregation
160,193.54,remora5,remora2,-15.24,-15.24,29.89,29.89,-14.19,-14.19,-17.65,-12.83,-12.83,-12.83,0.45,0.45,28.20,28.20,1.51,1.51,-1.96,2.87,2.87,2.87,3.14,3.13,3.13,3.15,3.16,3.18,3.18,3.16,3.15,3.15,3.14,3.13,3.13,3.15,3.16,3.18,3.18,3.16,3.15,3.15,170.50,0.00,0.00,1.00,1.00,0.00,1.00,-1.00,0,None,0,aggregation
160,194.54,remora5,remora2,27.17,27.17,-1.38,-1.38,-1.09,-0.60,-0.60,29.51,29.51,29.51,23.37,23.37,-17.08,-17.08,-16.79,-16.30,-16.30,27.35,27.35,27.35,3.17,3.21,3.22,3.21,3.20,3.19,3.18,3.17,3.18,3.20,3.17,3.21,3.22,3.21,3.20,3.19,3.18,3.17,3.18,3.20,169.59,0.00,0.00,1.00,1.00,0.00,1.00,-1.00,0,None,0,aggregation
160,195.54,remora5,remora2,-0.08,-0.08,-0.75,-0.75,1.45,1.45,2.26,2.26,29.55,29.55,-15.78,-15.78,-16.45,-16.45,-14.25,-14.25,-13.44,-13.44,30.18,30.18,3.20,3.20,3.19,3.19,3.18,3.18,3.18,3.18,3.18,3.22,3.20,3.20,3.19,3.19,3.18,3.18,3.18,3.18,3.18,3.22,161.88,0.00,0.00,1.00,1.00,0.00,1.00,-1.00,0,None,0,aggregation
160,196.54,remora5,remora2,0.86,0.86,-17.84,-17.81,-17.81,-17.81,29.82,29.82,0.59,0.59,-14.83,-14.83,-2.14,-2.11,-2.11,-2.11,30.12,30.12,-15.11,-15.11,3.24,3.26,3.28,3.30,3.32,3.34,3.37,3.41,3.44,3.46,3.24,3.26,3.28,3.30,3.32,3.34,3.37,3.41,3.44,3.46,155.19,0.00,0.00,1.00,1.00,0.00,1.00,-1.00,0,None,0,aggregation
160,197.54,remora5,remora2,-1.88,-1.88,3.21,3.21,4.95,27.58,27.58,27.58,-17.78,-17.78,-17.58,-17.58,-12.49,-12.49,-10.75,29.62,29.62,29.62,-2.08,-2.08,3.48,3.50,3.52,3.55,3.57,3.60,3.63,3.66,3.69,3.71,3.48,3.50,3.52,3.55,3.57,3.60,3.63,3.66,3.69,3.71,151.18,0.00,0.00,1.00,1.00,0.00,1.00,-1.00,0,None,0,aggregation
160,198.54,remora5,remora2,-17.62,-17.62,-17.29,-17.29,29.96,29.96,-17.60,-17.63,-17.63,-17.63,-1.92,-1.92,-1.60,-1.60,30.03,30.03,-1.90,-1.93,-1.93,-1.93,3.73,3.76,3.78,3.81,3.84,3.89,3.92,3.94,3.97,3.99,3.73,3.76,3.78,3.81,3.84,3.89,3.92,3.94,3.97,3.99,142.44,0.00,0.00,1.00,1.00,0.00,1.00,-1.00,0,None,0,aggregation
160,199.54,remora5,remora2,-17.25,-17.25,29.31,29.31,-0.84,-1.21,-1.21,-1.21,1.76,2.92,-1.55,-1.55,26.93,26.93,-16.54,-16.91,-16.91,-16.91,-13.93,-12.78,4.01,4.04,4.07,4.12,4.16,4.19,4.21,4.24,4.26,4.29,4.01,4.04,4.07,4.12,4.16,4.19,4.21,4.24,4.26,4.29,134.26,0.00,0.00,1.00,0.00,0.00,0.00,-1.00,0,None,0,aggregation
160,200.54,remora5,remora2,2.92,2.92,3.83,3.83,30.03,30.03,0.18,0.18,-2.01,-2.01,-12.78,-12.78,-11.87,-11.87,29.97,29.97,-15.52,-15.52,-17.70,-17.70,4.31,4.34,4.37,4.39,4.43,4.47,4.50,4.52,4.55,4.58,4.31,4.34,4.37,4.39,4.43,4.47,4.50,4.52,4.55,4.58,130.27,0.00,0.00,1.00,1.00,0.00,1.00,-1.00,0,None,0,aggregation
160,201.54,remora5,remora2,4.60,4.60,7.81,7.81,27.26,27.26,-2.07,-2.07,-1.98,-1.98,-11.10,-11.10,-7.88,-7.88,29.47,29.47,-17.76,-17.76,-17.68,-17.68,4.61,4.63,4.66,4.69,4.72,4.75,4.77,4.80,4.83,4.86,4.61,4.63,4.66,4.69,4.72,4.75,4.77,4.80,4.83,4.86,125.67,0.00,0.00,1.00,1.00,0.00,1.00,-1.00,0,None,0,aggregation
160,202.54,remora5,remora2,-1.73,-1.73,23.41,23.41,-1.21,-0.98,-0.98,-0.98,20.58,-0.30,-17.43,-17.43,27.19,27.19,-16.91,-16.68,-16.68,-16.68,25.25,-16.00,4.90,4.93,4.95,4.97,5.00,5.03,5.06,5.09,5.12,5.14,4.90,4.93,4.95,4.97,5.00,5.03,5.06,5.09,5.12,5.14,128.44,0.00,0.00,1.00,1.00,0.00,1.00,-1.00,0,None,0,aggregation
160,203.54,remora5,remora2,-0.30,-0.30,0.07,0.07,16.74,16.74,0.97,1.36,1.36,1.36,-16.00,-16.00,-15.63,-15.63,22.46,22.46,-14.73,-14.34,-14.34,-14.34,5.16,5.20,5.23,5.26,5.28,5.27,5.29,5.32,5.35,5.39,5.16,5.20,5.23,5.26,5.28,5.27,5.29,5.32,5.35,5.39,127.15,0.00,0.00,1.00,1.00,0.00,1.00,-1.00,0,None,0,aggregation
160,204.54,remora5,remora2,11.72,11.72,10.89,10.89,2.04,2.44,2.44,2.44,8.36,8.36,18.65,18.65,18.01,18.01,-13.66,-13.26,-13.26,-13.26,16.04,16.04,5.41,5.43,5.45,5.47,5.49,5.53,5.56,5.59,5.62,5.64,5.41,5.43,5.45,5.47,5.49,5.53,5.56,5.59,5.62,5.64,119.70,0.00,0.00,1.00,1.00,0.00,1.00,-1.00,0,None,0,aggregation
160,205.54,remora5,remora2,3.40,3.40,3.76,3.76,3.52,3.52,3.07,3.07,5.31,5.31,-12.30,-12.30,-11.93,-11.93,12.21,12.21,11.86,11.86,13.63,13.63,5.66,5.69,5.73,5.76,5.79,5.81,5.84,5.86,5.88,5.90,5.66,5.69,5.73,5.76,5.79,5.81,5.84,5.86,5.88,5.90,114.69,0.00,0.00,1.00,1.00,0.00,1.00,-1.00,0,None,0,aggregation
160,206.54,remora5,remora2,7.07,7.07,3.42,3.42,3.76,3.76,4.86,4.86,4.42,4.42,15.02,15.02,-12.27,-12.27,-11.93,-11.93,13.28,13.28,12.93,12.93,5.92,5.94,5.97,6.00,6.03,6.07,6.09,6.11,6.14,6.16,5.92,5.94,5.97,6.00,6.03,6.07,6.09,6.11,6.14,6.16,109.32,0.00,0.00,1.00,1.00,0.00,1.00,-1.00,0,None,0,aggregation
160,207.54,remora5,remora2,4.33,4.33,4.74,4.74,1.70,1.70,1.70,1.70,3.97,3.97,-11.37,-11.37,-10.96,-10.96,10.77,10.77,10.77,10.77,12.57,12.57,6.18,6.22,6.25,6.28,6.31,6.33,6.36,6.38,6.40,6.43,6.18,6.22,6.25,6.28,6.31,6.33,6.36,6.38,6.40,6.43,101.07,0.00,0.00,1.00,1.00,0.00,1.00,-1.00,0,None,0,aggregation
160,208.54,remora5,remora2,6.19,6.19,4.14,4.14,4.49,4.49,3.74,3.74,3.97,3.97,14.33,14.33,-11.55,-11.55,-11.21,-11.21,12.39,12.39,12.57,12.57,6.45,6.47,6.49,6.53,6.56,6.59,6.62,6.64,6.66,6.68,6.45,6.47,6.49,6.53,6.56,6.59,6.62,6.64,6.66,6.68,94.05,0.00,0.00,1.00,1.00,0.00,1.00,-1.00,0,None,0,aggregation
160,209.54,remora5,remora2,5.75,5.75,4.45,4.79,4.79,4.79,3.52,3.52,3.29,3.29,13.98,13.98,-11.25,-10.91,-10.91,-10.91,12.21,12.21,12.04,12.04,6.70,6.73,6.75,6.78,6.82,6.85,6.88,6.90,6.92,6.94,6.70,6.73,6.75,6.78,6.82,6.85,6.88,6.90,6.92,6.94,88.19,0.00,0.00,1.00,1.00,0.00,1.00,-1.00,0,None,0,aggregation
160,210.54,remora5,remora2,5.31,5.31,7.50,7.50,4.33,4.33,4.74,4.74,4.86,4.86,13.63,13.63,15.36,15.36,-11.37,-11.37,-10.95,-10.95,13.28,13.28,6.96,6.99,7.01,7.02,7.05,7.08,7.12,7.15,7.17,7.20,6.96,6.99,7.01,7.02,7.05,7.08,7.12,7.15,7.17,7.20,84.22,0.00,0.00,1.00,1.00,0.00,1.00,-1.00,0,None,0,aggregation
160,211.54,remora5,remora2,4.86,7.07,7.07,7.07,4.74,4.74,4.74,5.16,4.42,4.42,13.28,15.02,15.02,15.02,-10.96,-10.96,-10.96,-10.54,12.93,12.93,7.22,7.24,7.26,7.28,7.30,7.33,7.37,7.40,7.43,7.45,7.22,7.24,7.26,7.28,7.30,7.33,7.37,7.40,7.43,7.45,81.09,0.00,0.00,1.00,1.00,0.00,1.00,-1.00,0,None,0,aggregation
160,212.54,remora5,remora2,3.52,3.52,5.31,5.31,7.50,7.50,9.43,9.43,4.46,4.89,12.21,12.21,13.63,13.63,15.36,15.36,16.87,16.87,-11.24,-10.81,7.47,7.49,7.52,7.54,7.56,7.58,7.59,7.61,7.64,7.67,7.47,7.49,7.52,7.54,7.56,7.58,7.59,7.61,7.64,7.67,76.48,0.00,0.00,1.00,0.00,0.00,0.00,-1.00,0,None,0,aggregation
160,213.54,remora5,remora2,4.89,4.89,6.85,6.85,6.85,6.85,5.42,5.42,7.28,7.28,-10.81,-10.81,14.85,14.85,14.85,14.85,-10.28,-10.28,15.19,15.19,7.70,7.73,7.76,7.78,7.80,7.82,7.84,7.87,7.90,7.92,7.70,7.73,7.76,7.78,7.80,7.82,7.84,7.87,7.90,7.92,74.40,0.00,0.00,1.00,1.00,0.00,1.00,-1.00,0,None,0,aggregation
160,214.54,remora5,remora2,6.63,6.63,8.36,5.07,5.07,5.58,5.58,5.58,4.64,4.64,14.68,14.68,16.04,-10.63,-10.63,-10.12,-10.12,-10.12,13.10,13.10,7.94,7.96,7.98,8.00,8.02,8.05,8.09,8.12,8.15,8.17,7.94,7.96,7.98,8.00,8.02,8.05,8.09,8.12,8.15,8.17,70.19,0.00,0.00,1.00,1.00,0.00,1.00,-1.00,0,None,0,aggregation
160,215.54,remora5,remora2,3.29,3.29,5.08,5.08,6.63,6.63,8.36,8.36,4.84,4.84,12.04,12.04,13.46,13.46,14.68,14.68,16.04,16.04,-10.86,-10.86,8.19,8.21,8.24,8.26,8.28,8.30,8.31,8.33,8.36,8.39,8.19,8.21,8.24,8.26,8.28,8.30,8.31,8.33,8.36,8.39,72.09,0.00,0.00,1.00,0.00,0.00,0.00,-1.00,0,None,0,aggregation
160,216.54,remora5,remora2,8.15,8.15,7.07,5.06,5.06,5.56,5.56,5.56,3.29,3.29,15.87,15.87,15.02,-10.64,-10.64,-10.14,-10.14,-10.14,12.04,12.04,8.42,8.44,8.46,8.47,8.50,8.53,8.57,8.60,8.63,8.65,8.42,8.44,8.46,8.47,8.50,8.53,8.57,8.60,8.63,8.65,70.91,0.00,0.00,1.00,1.00,0.00,1.00,-1.00,0,None,0,aggregation
160,217.54,remora5,remora2,2.84,2.84,4.64,4.64,6.41,6.41,8.15,8.15,4.63,4.63,11.68,11.68,13.10,13.10,14.50,14.50,15.87,15.87,-11.07,-11.07,8.67,8.69,8.72,8.74,8.76,8.78,8.80,8.81,8.84,8.87,8.67,8.69,8.72,8.74,8.76,8.78,8.80,8.81,8.84,8.87,73.80,0.00,0.00,1.00,0.00,0.00,0.00,-1.00,0,None,0,aggregation
160,218.54,remora5,remora2,4.99,4.99,5.97,5.97,5.53,5.53,7.72,7.72,9.64,9.64,-10.71,-10.71,14.16,14.16,13.81,13.81,15.53,15.53,17.04,17.04,8.90,8.94,8.96,8.98,9.00,9.02,9.04,9.06,9.08,9.10,8.90,8.94,8.96,8.98,9.00,9.02,9.04,9.06,9.08,9.10,76.58,0.00,0.00,1.00,1.00,0.00,1.00,-1.00,0,None,0,aggregation
160,219.54,remora5,remora2,4.68,4.68,5.11,5.11,7.93,7.93,8.15,8.15,10.27,10.27,-11.02,-11.02,-10.59,-10.59,15.70,15.70,15.87,15.87,17.53,17.53,9.12,9.16,9.19,9.22,9.24,9.26,10.00,10.00,10.00,10.00,9.12,9.16,9.19,9.22,9.24,9.26,10.00,10.00,10.00,10.00,78.97,0.00,0.00,1.00,1.00,0.00,1.00,-1.00,0,None,0,aggregation
160,220.54,remora5,remora2,5.20,5.20,5.66,5.66,8.79,8.79,8.36,8.36,10.48,10.48,-10.49,-10.49,-10.04,-10.04,16.37,16.37,16.04,16.04,17.69,17.69,10.00,10.00,10.00,10.00,10.00,10.00,10.00,10.00,10.00,10.00,10.00,10.00,10.00,10.00,10.00,10.00,10.00,10.00,10.00,10.00,80.39,0.00,0.00,1.00,1.00,0.00,1.00,-1.00,0,None,0,aggregation
160,221.54,remora5,remora2,12.32,12.32,5.48,5.48,12.53,12.53,12.12,12.12,5.69,5.69,19.11,19.11,-10.22,-10.22,19.27,19.27,18.96,18.96,-10.01,-10.01,10.00,10.00,10.00,10.00,10.00,10.00,10.00,10.00,10.00,10.00,10.00,10.00,10.00,10.00,10.00,10.00,10.00,10.00,10.00,10.00,83.57,0.00,0.00,1.00,1.00,0.00,1.00,-1.00,0,None,0,aggregation
160,222.54,remora5,remora2,6.14,9.22,9.22,9.22,9.43,9.43,11.10,11.10,12.73,12.73,-9.55,16.71,16.71,16.71,16.87,16.87,18.17,18.17,19.42,19.42,10.00,10.00,10.00,10.00,10.00,10.00,10.00,10.00,10.00,10.00,10.00,10.00,10.00,10.00,10.00,10.00,10.00,10.00,10.00,10.00,87.38,0.00,0.00,1.00,1.00,0.00,1.00,-1.00,0,None,0,aggregation
160,223.54,remora5,remora2,14.30,14.30,5.38,5.38,5.78,5.78,11.51,11.51,11.10,11.10,20.63,20.63,-10.32,-10.32,-9.92,-9.92,18.49,18.49,18.17,18.17,10.00,10.00,10.00,10.00,10.00,10.00,10.00,10.00,10.00,10.00,10.00,10.00,10.00,10.00,10.00,10.00,10.00,10.00,10.00,10.00,90.05,0.00,0.00,1.00,1.00,0.00,1.00,-1.00,0,None,0,aggregation
160,224.54,remora5,remora2,12.73,12.73,13.91,13.91,5.65,5.65,13.91,13.12,13.12,13.12,19.42,19.42,20.33,20.33,-10.04,-10.04,20.33,19.73,19.73,19.73,10.00,10.00,10.00,10.00,10.00,10.00,10.00,10.00,10.00,10.00,10.00,10.00,10.00,10.00,10.00,10.00,10.00,10.00,10.00,10.00,97.40,0.00,0.00,1.00,1.00,0.00,1.00,-1.00,0,None,0,aggregation
160,225.54,remora5,remora2,5.82,6.15,6.15,6.15,10.06,10.06,9.22,9.22,10.69,10.69,-9.88,-9.55,-9.55,-9.55,17.36,17.36,16.71,16.71,17.85,17.85,10.00,10.00,10.00,10.00,10.00,10.00,10.00,10.00,10.00,10.00,10.00,10.00,10.00,10.00,10.00,10.00,10.00,10.00,10.00,10.00,97.74,0.00,0.00,1.00,1.00,0.00,1.00,-1.00,0,None,0,aggregation
160,226.54,remora5,remora2,12.12,12.12,13.32,13.32,14.49,5.11,5.11,5.11,5.71,5.71,18.96,18.96,19.88,19.88,20.77,-10.59,-10.59,-10.59,-9.99,-9.99,10.00,10.00,10.00,10.00,10.00,10.00,10.00,10.00,10.00,10.00,10.00,10.00,10.00,10.00,10.00,10.00,10.00,10.00,10.00,10.00,100.90,0.00,0.00,1.00,0.00,0.00,0.00,-1.00,0,None,0,aggregation
160,227.54,remora5,remora2,10.69,10.69,10.27,10.27,11.51,11.51,12.93,12.93,5.46,5.46,17.85,17.85,17.53,17.53,18.49,18.49,19.58,19.58,-10.23,-10.23,10.00,10.00,10.00,10.00,10.00,10.00,10.00,10.00,10.00,10.00,10.00,10.00,10.00,10.00,10.00,10.00,10.00,10.00,10.00,10.00,104.90,0.00,0.00,1.00,1.00,0.00,1.00,-1.00,0,None,0,aggregation
160,228.54,remora5,remora2,12.73,12.73,12.32,12.32,5.67,5.67,6.06,6.06,9.22,9.22,19.42,19.42,19.11,19.11,-10.03,-10.03,-9.64,-9.64,16.71,16.71,10.00,10.00,10.00,10.00,10.00,10.00,10.00,10.00,10.00,10.00,10.00,10.00,10.00,10.00,10.00,10.00,10.00,10.00,10.00,10.00,105.13,0.00,0.00,1.00,1.00,0.00,1.00,-1.00,0,None,0,aggregation
160,229.54,remora5,remora2,8.36,8.36,10.06,10.06,11.31,11.31,12.93,5.45,5.45,5.45,16.04,16.04,17.36,17.36,18.33,18.33,19.58,-10.25,-10.25,-10.25,10.00,10.00,10.00,10.00,10.00,10.00,10.00,10.00,10.00,10.00,10.00,10.00,10.00,10.00,10.00,10.00,10.00,10.00,10.00,10.00,106.90,0.00,0.00,1.00,0.00,0.00,0.00,-1.00,0,None,0,aggregation
160,230.54,remora5,remora2,12.53,12.53,12.12,12.12,5.73,5.73,11.92,11.92,11.92,5.85,19.27,19.27,18.96,18.96,-9.97,-9.97,18.80,18.80,18.80,-9.85,10.00,10.00,10.00,10.00,10.00,10.00,10.00,10.00,10.00,10.00,10.00,10.00,10.00,10.00,10.00,10.00,10.00,10.00,10.00,10.00,109.68,0.00,0.00,1.00,1.00,0.00,1.00,-1.00,0,None,0,aggregation
160,231.54,remora5,remora2,5.85,5.85,6.38,6.38,8.58,8.58,8.15,8.15,9.85,9.85,-9.85,-9.85,-9.32,-9.32,16.21,16.21,15.87,15.87,17.20,17.20,10.00,10.00,10.00,10.00,10.00,10.00,10.00,10.00,10.00,10.00,10.00,10.00,10.00,10.00,10.00,10.00,10.00,10.00,10.00,10.00,107.62,0.00,0.00,1.00,1.00,0.00,1.00,-1.00,0,None,0,aggregation
160,232.54,remora5,remora2,11.31,11.31,12.73,12.73,0.00,30.00,30.00,30.00,5.44,6.06,18.33,18.33,19.42,19.42,0.00,30.00,30.00,30.00,-10.26,-9.64,10.00,10.00,10.00,10.00,10.00,10.00,10.00,10.00,10.00,10.00,10.00,10.00,10.00,10.00,10.00,10.00,10.00,10.00,10.00,10.00,110.39,0.00,0.00,1.00,0.00,0.00,0.00,-1.00,0,None,0,aggregation
160,233.54,remora5,remora2,6.06,6.06,7.06,7.06,7.96,8.47,8.47,8.47,30.00,30.00,-9.64,-9.64,-8.64,-8.64,-7.51,-5.99,-5.99,-5.99,30.00,30.00,10.00,10.00,10.00,10.00,10.00,10.00,10.00,10.00,10.00,10.00,10.00,10.00,10.00,10.00,10.00,10.00,10.00,10.00,10.00,10.00,106.97,0.00,0.00,1.00,1.00,0.00,1.00,-1.00,0,None,0,aggregation
160,234.54,remora5,remora2,30.00,30.00,30.00,30.00,30.00,30.00,30.00,30.00,30.00,30.00,30.00,30.00,30.00,30.00,30.00,30.00,30.00,30.00,30.00,30.00,10.00,10.00,10.00,10.00,10.00,10.00,10.00,10.00,10.00,10.00,10.00,10.00,10.00,10.00,10.00,10.00,10.00,10.00,10.00,10.00,123.25,0.00,0.00,1.00,0.00,0.00,0.00,-1.00,0,None,0,aggregation
160,235.54,remora5,remora2,30.00,30.00,30.00,30.00,30.00,30.00,30.00,30.00,30.00,30.00,30.00,30.00,30.00,30.00,30.00,30.00,30.00,30.00,30.00,30.00,10.00,10.00,10.00,10.00,10.00,10.00,10.00,10.00,10.00,10.00,10.00,10.00,10.00,10.00,10.00,10.00,10.00,10.00,10.00,10.00,144.35,0.00,0.00,1.00,0.00,0.00,0.00,-1.00,0,None,0,aggregation
160,236.54,remora5,remora2,30.00,30.00,30.00,30.00,30.00,30.00,30.00,30.00,30.00,30.00,30.00,30.00,30.00,30.00,30.00,30.00,30.00,30.00,30.00,30.00,10.00,10.00,10.00,10.00,10.00,10.00,10.00,10.00,10.00,10.00,10.00,10.00,10.00,10.00,10.00,10.00,10.00,10.00,10.00,10.00,164.91,0.00,0.00,1.00,0.00,0.00,0.00,-1.00,0,None,0,aggregation
160,237.54,remora5,remora2,30.00,30.00,30.00,30.00,30.00,30.00,30.00,30.00,30.00,30.00,30.00,30.00,30.00,30.00,30.00,30.00,30.00,30.00,30.00,30.00,10.00,10.00,10.00,10.00,10.00,10.00,10.00,10.00,10.00,10.00,10.00,10.00,10.00,10.00,10.00,10.00,10.00,10.00,10.00,10.00,182.55,0.00,0.00,1.00,0.00,0.00,0.00,-1.00,0,None,0,aggregation
160,238.54,remora5,remora2,30.00,30.00,30.00,30.00,30.00,30.00,30.00,30.00,30.00,30.00,30.00,30.00,30.00,30.00,30.00,30.00,30.00,30.00,30.00,30.00,10.00,10.00,10.00,10.00,10.00,10.00,10.00,10.00,10.00,10.00,10.00,10.00,10.00,10.00,10.00,10.00,10.00,10.00,10.00,10.00,202.80,0.00,0.00,1.00,0.00,0.00,0.00,-1.00,0,None,0,aggregation
160,239.54,remora5,remora2,30.00,30.00,30.00,30.00,30.00,30.00,30.00,30.00,30.00,30.00,30.00,30.00,30.00,30.00,30.00,30.00,30.00,30.00,30.00,30.00,10.00,10.00,10.00,10.00,10.00,10.00,10.00,10.00,10.00,10.00,10.00,10.00,10.00,10.00,10.00,10.00,10.00,10.00,10.00,10.00,222.31,0.00,0.00,1.00,0.00,0.00,0.00,-1.00,0,None,0,aggregation
160,240.54,remora5,remora2,30.00,30.00,30.00,30.00,30.00,30.00,30.00,30.00,30.00,30.00,30.00,30.00,30.00,30.00,30.00,30.00,30.00,30.00,30.00,30.00,10.00,10.00,10.00,10.00,10.00,10.00,10.00,10.00,10.00,10.00,10.00,10.00,10.00,10.00,10.00,10.00,10.00,10.00,10.00,10.00,240.79,0.00,0.00,1.00,0.00,0.00,0.00,-1.00,0,None,0,aggregation
160,241.54,remora5,remora2,30.00,30.00,30.00,30.00,30.00,30.00,30.00,30.00,30.00,30.00,30.00,30.00,30.00,30.00,30.00,30.00,30.00,30.00,30.00,30.00,10.00,10.00,10.00,10.00,10.00,10.00,10.00,10.00,10.00,10.00,10.00,10.00,10.00,10.00,10.00,10.00,10.00,10.00,10.00,10.00,262.51,0.00,0.00,1.00,0.00,0.00,0.00,-1.00,0,None,0,aggregation
160,242.54,remora5,remora2,30.00,30.00,30.00,30.00,30.00,30.00,30.00,30.00,30.00,30.00,30.00,30.00,30.00,30.00,30.00,30.00,30.00,30.00,30.00,30.00,10.00,10.00,10.00,10.00,10.00,10.00,10.00,10.00,10.00,10.00,10.00,10.00,10.00,10.00,10.00,10.00,10.00,10.00,10.00,10.00,276.91,0.00,0.00,1.00,0.00,0.00,0.00,-1.00,0,None,0,aggregation
160,243.54,remora5,remora2,30.00,30.00,30.00,30.00,30.00,30.00,30.00,30.00,30.00,30.00,30.00,30.00,30.00,30.00,30.00,30.00,30.00,30.00,30.00,30.00,10.00,10.00,10.00,10.00,10.00,10.00,10.00,10.00,10.00,10.00,10.00,10.00,10.00,10.00,10.00,10.00,10.00,10.00,10.00,10.00,300.00,0.00,0.00,1.00,0.00,0.00,0.00,-1.00,0,None,0,aggregation
160,244.54,remora5,remora2,30.00,30.00,30.00,30.00,30.00,30.00,30.00,30.00,30.00,30.00,30.00,30.00,30.00,30.00,30.00,30.00,30.00,30.00,30.00,30.00,10.00,10.00,10.00,10.00,10.00,10.00,10.00,10.00,10.00,10.00,10.00,10.00,10.00,10.00,10.00,10.00,10.00,10.00,10.00,10.00,300.00,0.00,0.00,1.00,0.00,0.00,0.00,-1.00,0,None,0,aggregation
160,245.54,remora5,remora2,30.00,30.00,30.00,30.00,30.00,30.00,30.00,30.00,30.00,30.00,30.00,30.00,30.00,30.00,30.00,30.00,30.00,30.00,30.00,30.00,10.00,10.00,10.00,10.00,10.00,10.00,10.00,10.00,10.00,10.00,10.00,10.00,10.00,10.00,10.00,10.00,10.00,10.00,10.00,10.00,300.00,0.00,0.00,1.00,0.00,0.00,0.00,-1.00,0,None,0,aggregation
160,246.54,remora5,remora2,30.00,30.00,30.00,30.00,30.00,30.00,30.00,30.00,30.00,30.00,30.00,30.00,30.00,30.00,30.00,30.00,30.00,30.00,30.00,30.00,10.00,10.00,10.00,10.00,10.00,10.00,10.00,10.00,10.00,10.00,10.00,10.00,10.00,10.00,10.00,10.00,10.00,10.00,10.00,10.00,300.00,0.00,0.00,1.00,0.00,0.00,0.00,-1.00,0,None,0,aggregation
160,247.54,remora5,remora2,30.00,30.00,30.00,30.00,30.00,30.00,30.00,30.00,30.00,30.00,30.00,30.00,30.00,30.00,30.00,30.00,30.00,30.00,30.00,30.00,10.00,10.00,10.00,10.00,10.00,10.00,10.00,10.00,10.00,10.00,10.00,10.00,10.00,10.00,10.00,10.00,10.00,10.00,10.00,10.00,300.00,0.00,0.00,1.00,0.00,0.00,0.00,-1.00,0,None,0,aggregation
160,248.54,remora5,remora2,30.00,30.00,30.00,30.00,30.00,30.00,30.00,30.00,30.00,30.00,30.00,30.00,30.00,30.00,30.00,30.00,30.00,30.00,30.00,30.00,10.00,10.00,10.00,10.00,10.00,10.00,10.00,10.00,10.00,10.00,10.00,10.00,10.00,10.00,10.00,10.00,10.00,10.00,10.00,10.00,300.00,0.00,0.00,1.00,0.00,0.00,0.00,-1.00,0,None,0,aggregation
160,249.54,remora5,remora2,30.00,30.00,30.00,30.00,30.00,30.00,30.00,30.00,30.00,30.00,30.00,30.00,30.00,30.00,30.00,30.00,30.00,30.00,30.00,30.00,10.00,10.00,10.00,10.00,10.00,10.00,10.00,10.00,10.00,10.00,10.00,10.00,10.00,10.00,10.00,10.00,10.00,10.00,10.00,10.00,300.00,0.00,0.00,1.00,0.00,0.00,0.00,-1.00,0,None,0,aggregation
160,250.54,remora5,remora2,30.00,30.00,30.00,30.00,30.00,30.00,30.00,30.00,30.00,30.00,30.00,30.00,30.00,30.00,30.00,30.00,30.00,30.00,30.00,30.00,10.00,10.00,10.00,10.00,10.00,10.00,10.00,10.00,10.00,10.00,10.00,10.00,10.00,10.00,10.00,10.00,10.00,10.00,10.00,10.00,300.00,0.00,0.00,1.00,0.00,0.00,0.00,-1.00,0,None,0,aggregation
160,251.54,remora5,remora2,30.00,30.00,30.00,30.00,30.00,30.00,30.00,30.00,30.00,30.00,30.00,30.00,30.00,30.00,30.00,30.00,30.00,30.00,30.00,30.00,10.00,10.00,10.00,10.00,10.00,10.00,10.00,10.00,10.00,10.00,10.00,10.00,10.00,10.00,10.00,10.00,10.00,10.00,10.00,10.00,300.00,0.00,0.00,1.00,0.00,0.00,0.00,-1.00,0,None,0,aggregation
160,252.54,remora5,remora2,30.00,30.00,30.00,30.00,30.00,30.00,30.00,30.00,30.00,30.00,30.00,30.00,30.00,30.00,30.00,30.00,30.00,30.00,30.00,30.00,10.00,10.00,10.00,10.00,10.00,10.00,10.00,10.00,10.00,10.00,10.00,10.00,10.00,10.00,10.00,10.00,10.00,10.00,10.00,10.00,300.00,0.00,0.00,1.00,0.00,0.00,0.00,-1.00,0,None,0,aggregation
160,253.54,remora5,remora2,30.00,30.00,30.00,30.00,30.00,30.00,30.00,30.00,30.00,30.00,30.00,30.00,30.00,30.00,30.00,30.00,30.00,30.00,30.00,30.00,10.00,10.00,10.00,10.00,10.00,10.00,10.00,10.00,10.00,10.00,10.00,10.00,10.00,10.00,10.00,10.00,10.00,10.00,10.00,10.00,300.00,0.00,0.00,1.00,0.00,0.00,0.00,-1.00,0,None,0,aggregation
160,254.54,remora5,remora2,30.00,30.00,30.00,30.00,30.00,30.00,30.00,30.00,30.00,30.00,30.00,30.00,30.00,30.00,30.00,30.00,30.00,30.00,30.00,30.00,10.00,10.00,10.00,10.00,10.00,5.50,5.45,5.39,5.34,5.29,10.00,10.00,10.00,10.00,10.00,5.50,5.45,5.39,5.34,5.29,300.00,0.00,0.00,1.00,0.00,0.00,0.00,-1.00,0,None,0,aggregation
160,255.54,remora5,remora2,30.00,30.00,30.00,30.00,0.00,0.00,29.20,29.20,29.25,29.25,30.00,30.00,30.00,30.00,0.00,0.00,26.74,26.74,26.84,26.84,5.24,5.19,5.14,5.08,5.04,5.02,4.99,4.95,4.91,4.87,5.24,5.19,5.14,5.08,5.04,5.02,4.99,4.95,4.91,4.87,293.20,0.00,0.00,1.00,0.00,0.00,0.00,-1.00,0,None,0,aggregation
160,256.54,remora5,remora2,29.30,29.30,29.35,29.35,29.45,29.45,29.54,29.54,29.62,29.62,26.93,26.93,27.03,27.03,27.22,27.22,27.40,27.40,27.57,27.57,4.84,4.81,4.78,4.75,4.73,4.70,4.67,4.65,4.62,4.59,4.84,4.81,4.78,4.75,4.73,4.70,4.67,4.65,4.62,4.59,291.54,0.00,0.00,1.00,0.00,0.00,0.00,-1.00,0,None,0,aggregation
160,257.54,remora5,remora2,29.66,29.66,29.70,29.70,29.77,29.77,29.80,29.83,29.83,29.83,27.66,27.66,27.74,27.74,27.91,27.91,27.99,28.07,28.07,28.07,4.57,4.54,4.51,4.49,4.46,4.43,4.40,4.38,4.35,4.32,4.57,4.54,4.51,4.49,4.46,4.43,4.40,4.38,4.35,4.32,290.36,0.00,0.00,1.00,0.00,0.00,0.00,-1.00,0,None,0,aggregation
160,258.54,remora5,remora2,29.87,29.87,29.89,29.89,29.92,29.92,29.92,29.92,29.97,29.97,28.14,28.14,28.22,28.22,28.29,28.29,28.29,28.29,28.44,28.44,4.29,4.26,4.23,4.20,4.17,4.15,4.12,4.09,4.06,4.03,4.29,4.26,4.23,4.20,4.17,4.15,4.12,4.09,4.06,4.03,289.46,0.00,0.00,1.00,0.00,0.00,0.00,-1.00,0,None,0,aggregation
160,259.54,remora5,remora2,29.97,29.97,29.97,29.97,29.97,29.97,29.97,29.97,29.97,29.97,28.44,28.44,28.44,28.44,28.44,28.44,28.44,28.44,28.44,28.44,4.00,3.98,3.95,3.92,3.90,3.87,3.85,3.82,3.80,3.77,4.00,3.98,3.95,3.92,3.90,3.87,3.85,3.82,3.80,3.77,288.67,0.00,0.00,1.00,0.00,0.00,0.00,-1.00,0,None,0,aggregation
160,260.54,remora5,remora2,29.97,29.97,29.97,29.97,29.95,29.95,29.95,29.95,29.95,29.95,28.44,28.44,28.44,28.44,28.37,28.37,28.37,28.37,28.37,28.37,3.75,3.73,3.70,3.68,3.66,3.64,3.62,3.60,3.59,3.57,3.75,3.73,3.70,3.68,3.66,3.64,3.62,3.60,3.59,3.57,287.84,0.00,0.00,1.00,0.00,0.00,0.00,-1.00,0,None,0,aggregation
160,261.54,remora5,remora2,29.95,29.95,29.92,29.92,29.92,29.92,29.89,29.89,29.89,29.89,28.37,28.37,28.29,28.29,28.29,28.29,28.22,28.22,28.22,28.22,3.55,3.54,3.52,3.51,3.49,3.48,3.47,3.46,3.45,3.44,3.55,3.54,3.52,3.51,3.49,3.48,3.47,3.46,3.45,3.44,286.94,0.00,0.00,1.00,0.00,0.00,0.00,-1.00,0,None,0,aggregation
160,262.54,remora5,remora2,29.89,29.87,29.87,29.87,29.87,29.87,29.87,29.87,29.87,29.87,28.22,28.14,28.14,28.14,28.14,28.14,28.14,28.14,28.14,28.14,3.43,3.42,3.41,3.40,3.40,3.39,3.39,3.38,3.38,3.37,3.43,3.42,3.41,3.40,3.40,3.39,3.39,3.38,3.38,3.37,285.95,0.00,0.00,1.00,0.00,0.00,0.00,-1.00,0,None,0,aggregation
160,263.54,remora5,remora2,29.83,29.83,29.83,29.83,29.83,29.83,29.83,29.83,29.83,29.83,28.07,28.07,28.07,28.07,28.07,28.07,28.07,28.07,28.07,28.07,3.37,3.36,3.36,3.36,3.36,3.36,3.35,3.35,3.35,3.35,3.37,3.36,3.36,3.36,3.36,3.36,3.35,3.35,3.35,3.35,284.90,0.00,0.00,1.00,0.00,0.00,0.00,-1.00,0,None,0,aggregation
160,264.54,remora5,remora2,29.87,29.87,29.87,29.87,29.87,29.87,29.87,29.87,29.87,29.87,28.14,28.14,28.14,28.14,28.14,28.14,28.14,28.14,28.14,28.14,3.35,3.35,3.35,3.35,3.35,3.35,3.35,3.35,3.35,3.35,3.35,3.35,3.35,3.35,3.35,3.35,3.35,3.35,3.35,3.35,283.91,0.00,0.00,1.00,0.00,0.00,0.00,-1.00,0,None,0,aggregation
160,265.54,remora5,remora2,29.87,29.87,29.89,29.89,29.92,29.92,29.92,29.92,29.92,29.92,28.14,28.14,28.22,28.22,28.29,28.29,28.29,28.29,28.29,28.29,3.35,3.36,3.36,3.36,3.36,3.36,3.36,3.36,3.36,3.37,3.35,3.36,3.36,3.36,3.36,3.36,3.36,3.36,3.36,3.37,289.78,0.00,0.00,1.00,0.00,0.00,0.00,-1.00,0,None,0,aggregation
160,266.54,remora5,remora2,29.95,29.95,29.97,29.97,29.97,29.97,29.97,30.02,30.02,30.02,28.37,28.37,28.44,28.44,28.44,28.44,28.44,28.58,28.58,28.58,3.37,3.37,3.37,3.37,3.37,3.37,3.38,3.38,3.38,3.38,3.37,3.37,3.37,3.37,3.37,3.37,3.38,3.38,3.38,3.38,290.67,0.00,0.00,1.00,0.00,0.00,0.00,-1.00,0,None,0,aggregation
160,267.54,remora5,remora2,30.02,30.02,30.02,30.02,30.04,30.04,30.06,30.06,30.06,30.06,28.58,28.58,28.58,28.58,28.65,28.65,28.71,28.71,28.71,28.71,3.38,3.38,3.38,3.38,3.39,3.39,3.39,3.39,3.39,3.39,3.38,3.38,3.38,3.38,3.39,3.39,3.39,3.39,3.39,3.39,291.19,0.00,0.00,1.00,0.00,0.00,0.00,-1.00,0,None,0,aggregation
160,268.54,remora5,remora2,30.08,30.08,30.10,30.10,30.10,30.10,30.10,30.10,30.11,30.13,28.78,28.78,28.84,28.84,28.84,28.84,28.84,28.84,28.90,28.96,3.39,3.39,3.39,3.39,3.39,3.39,3.39,3.39,3.39,3.39,3.39,3.39,3.39,3.39,3.39,3.39,3.39,3.39,3.39,3.39,291.57,0.00,0.00,1.00,0.00,0.00,0.00,-1.00,0,None,0,aggregation
160,269.54,remora5,remora2,30.13,30.13,30.13,30.13,30.13,30.13,30.14,30.14,30.14,30.14,28.96,28.96,28.96,28.96,28.96,28.96,29.02,29.02,29.02,29.02,3.39,3.39,3.38,3.38,3.38,3.38,3.38,3.38,3.38,3.37,3.39,3.39,3.38,3.38,3.38,3.38,3.38,3.38,3.38,3.37,291.92,0.00,0.00,1.00,0.00,0.00,0.00,-1.00,0,None,0,aggregation
160,270.54,remora5,remora2,30.15,30.15,30.15,30.15,30.15,30.15,30.15,30.15,30.18,30.18,29.08,29.08,29.08,29.08,29.08,29.08,29.08,29.08,29.31,29.31,3.37,3.37,3.37,3.37,3.37,3.36,3.36,3.36,3.36,3.36,3.37,3.37,3.37,3.37,3.37,3.36,3.36,3.36,3.36,3.36,292.38,0.00,0.00,1.00,0.00,0.00,0.00,-1.00,0,None,0,aggregation
160,271.54,remora5,remora2,30.18,30.18,30.18,30.18,30.18,30.18,30.18,30.18,30.18,30.18,29.38,29.38,29.42,29.42,29.42,29.42,29.55,29.55,29.58,29.58,3.35,3.35,3.35,3.35,3.34,3.34,3.34,3.34,3.34,3.33,3.35,3.35,3.35,3.35,3.34,3.34,3.34,6.34,6.33,6.31,293.11,0.00,0.00,1.00,0.00,0.00,0.00,-1.00,0,None,0,aggregation
160,272.54,remora5,remora2,30.18,30.18,30.18,30.18,30.18,30.18,30.18,30.18,30.19,30.19,29.54,29.54,29.61,29.61,29.51,29.51,29.48,29.48,29.42,29.42,3.33,3.33,3.33,3.32,3.32,3.32,3.32,3.31,3.31,3.31,6.30,6.29,6.28,6.27,6.25,6.24,6.23,6.22,6.21,6.20,293.95,0.00,0.00,1.00,0.00,0.00,0.00,-1.00,0,None,0,aggregation
160,273.54,remora5,remora2,30.18,30.18,30.17,30.17,30.15,30.15,30.13,30.10,30.10,30.10,29.41,29.41,29.22,29.22,29.06,29.06,28.98,28.84,28.84,28.84,3.31,3.31,3.30,3.30,3.30,3.30,3.30,3.30,3.29,3.29,6.19,6.18,6.17,6.16,6.15,6.14,6.13,6.12,6.12,6.11,294.61,0.00,0.00,1.00,0.00,0.00,0.00,-1.00,0,None,0,aggregation
160,274.54,remora5,remora2,30.10,30.10,30.10,30.10,30.10,30.10,30.10,30.10,30.10,30.10,28.84,28.84,28.84,28.84,28.84,28.84,28.84,28.84,28.84,28.84,3.29,3.29,3.29,3.29,3.29,3.28,3.28,3.28,3.28,3.28,6.10,6.09,6.08,6.08,6.07,6.06,6.05,6.05,6.04,6.03,295.08,0.00,0.00,1.00,0.00,0.00,0.00,-1.00,0,None,0,aggregation
160,275.54,remora5,remora2,30.10,30.10,30.10,30.10,30.10,30.10,30.10,30.10,30.06,30.06,28.84,28.84,28.84,28.84,28.84,28.84,28.84,28.84,28.71,28.71,3.28,3.28,3.28,3.28,3.27,3.27,3.27,3.27,3.27,3.27,6.02,6.02,6.01,6.00,6.00,5.99,5.99,5.98,5.97,5.97,295.45,0.00,0.00,1.00,0.00,0.00,0.00,-1.00,0,None,0,aggregation
160,276.54,remora5,remora2,30.06,30.06,30.09,30.09,30.12,30.12,30.15,30.15,30.16,30.16,28.71,28.71,28.81,28.81,28.94,28.94,29.09,29.09,29.12,29.12,3.27,3.27,3.27,3.27,3.27,3.27,3.26,3.26,3.26,3.26,5.96,5.96,5.95,5.94,5.94,5.93,5.92,5.91,5.90,5.89,295.75,0.00,0.00,1.00,0.00,0.00,0.00,-1.00,0,None,0,aggregation
160,277.54,remora5,remora2,30.17,30.17,30.18,30.18,30.18,30.18,30.18,30.18,30.17,30.17,29.26,29.26,29.38,29.38,29.41,29.41,29.52,29.52,29.62,29.65,3.26,3.26,3.26,3.26,3.26,3.26,3.26,3.26,3.26,3.26,5.89,5.88,5.88,5.87,5.87,5.86,5.86,5.85,5.85,5.84,296.22,0.00,0.00,1.00,0.00,0.00,0.00,-1.00,0,None,0,aggregation
160,131.54,remora5,remora1,28.12,28.12,28.23,28.23,28.36,28.36,28.15,28.15,28.01,27.78,24.87,24.87,25.05,25.05,25.25,25.25,24.91,24.91,24.69,24.32,4.16,4.16,4.16,4.15,4.13,4.11,4.08,4.06,4.03,4.01,6.09,6.08,6.07,6.06,6.06,6.05,6.04,6.03,6.02,6.01,148.59,0.00,0.00,1.00,0.00,0.00,0.00,-1.00,0,None,1,aggregation
160,132.54,remora5,remora1,27.78,27.78,27.74,27.74,27.28,27.28,27.27,27.27,27.12,27.12,24.32,24.32,24.27,24.27,23.55,23.55,23.53,23.53,23.31,23.31,3.99,3.97,3.95,3.93,3.91,3.90,3.88,3.86,3.84,3.83,6.00,5.99,5.98,5.97,5.96,5.96,5.95,5.94,5.93,5.93,174.20,0.00,0.00,1.00,0.00,0.00,0.00,-1.00,0,None,1,aggregation
160,133.54,remora5,remora1,26.78,26.78,26.63,26.63,26.61,26.61,26.34,26.34,26.14,26.14,22.79,22.79,22.57,22.57,22.55,22.55,22.14,22.14,21.85,21.85,3.81,3.80,3.78,3.77,3.76,3.74,3.73,3.72,3.71,3.70,5.92,5.91,5.91,5.90,5.89,5.89,5.88,5.87,5.87,5.86,198.64,0.00,0.00,1.00,0.00,0.00,0.00,-1.00,0,None,1,aggregation
160,134.54,remora5,remora1,26.24,26.24,26.20,26.20,26.27,26.27,26.42,26.42,26.47,26.47,21.99,21.99,21.94,21.94,22.04,22.04,22.26,22.26,22.33,22.33,3.69,3.68,3.67,3.67,3.66,3.66,3.65,3.65,3.65,3.65,5.86,5.85,5.85,5.84,5.84,5.83,5.83,5.83,5.82,5.82,222.86,0.00,0.00,1.00,0.00,0.00,0.00,-1.00,0,None,1,aggregation
160,135.54,remora5,remora1,26.48,26.48,26.57,26.57,26.46,26.46,26.52,26.52,26.39,26.39,22.35,22.35,22.48,22.48,22.32,22.32,22.41,22.41,22.21,22.21,3.65,3.65,3.65,3.66,3.66,3.66,3.67,3.68,3.69,3.69,5.81,5.81,5.81,5.80,5.80,5.80,5.80,5.79,5.79,5.79,247.28,0.00,0.00,1.00,0.00,0.00,0.00,-1.00,0,None,1,aggregation
160,136.54,remora5,remora1,26.36,26.36,26.45,26.45,26.22,26.22,26.32,26.00,26.00,26.00,22.17,22.17,22.30,22.30,21.97,21.97,22.11,21.64,21.64,21.64,3.70,3.71,3.72,3.74,3.75,3.76,3.77,3.79,3.80,3.81,5.79,5.79,5.79,5.79,5.68,5.68,5.68,5.68,5.68,5.68,255.69,0.00,0.00,1.00,0.00,0.00,0.00,-1.00,0,None,1,aggregation
160,137.54,remora5,remora1,25.96,25.96,25.77,25.77,26.04,26.04,25.29,25.29,25.36,25.36,21.59,21.59,21.32,21.32,21.71,21.71,20.63,20.63,20.74,20.74,3.82,3.84,3.85,3.87,3.88,3.90,3.91,3.93,3.94,3.95,5.68,5.68,5.68,5.69,5.69,5.70,5.70,5.70,5.71,5.71,254.98,0.00,0.00,1.00,0.00,0.00,0.00,-1.00,0,None,1,aggregation
160,138.54,remora5,remora1,24.97,24.97,24.68,24.68,24.33,23.71,23.71,23.71,23.36,23.36,20.18,20.18,19.77,19.77,19.29,18.43,18.43,18.43,17.96,17.96,3.97,3.98,3.99,4.00,4.01,4.02,4.03,4.04,4.05,4.07,5.71,5.72,5.72,5.72,5.73,5.73,5.96,5.96,5.97,5.97,249.64,0.00,0.00,1.00,0.00,0.00,0.00,-1.00,0,None,1,aggregation
160,139.54,remora5,remora1,23.37,23.37,23.11,23.26,23.26,23.26,22.96,22.96,22.71,22.71,17.96,17.96,17.62,17.82,17.82,17.82,17.41,17.41,17.07,17.07,4.08,4.09,4.10,4.11,4.12,4.14,4.15,4.16,4.17,4.19,5.98,5.98,5.99,5.99,5.64,5.64,5.65,5.65,5.66,5.66,242.04,0.00,0.00,1.00,0.00,0.00,0.00,-1.00,0,None,1,aggregation
160,140.54,remora5,remora1,22.74,22.74,22.36,22.36,22.67,22.67,22.56,22.56,22.86,22.86,17.11,17.11,16.60,16.60,17.02,17.02,16.87,16.87,17.27,17.27,4.20,4.21,4.20,4.19,4.18,4.17,4.16,4.15,4.14,4.13,5.67,5.67,5.68,5.68,5.69,5.69,5.70,5.70,5.71,5.72,234.53,0.00,0.00,1.00,0.00,0.00,0.00,-1.00,0,None,1,aggregation
160,141.54,remora5,remora1,23.66,23.66,24.21,24.21,24.94,24.94,25.42,25.42,26.17,26.67,18.37,18.37,19.11,19.11,20.14,20.14,20.82,20.82,21.90,22.64,4.13,4.12,4.11,4.11,4.10,4.09,4.09,4.08,4.08,4.08,5.73,5.73,5.74,5.75,5.76,5.77,5.78,5.79,5.80,5.81,230.53,0.00,0.00,1.00,0.00,0.00,0.00,-1.00,0,None,1,aggregation
160,142.54,remora5,remora1,26.67,26.67,27.19,27.19,27.70,27.70,27.81,27.81,28.24,28.24,22.64,22.64,23.40,23.40,24.19,24.19,24.37,24.37,25.06,25.06,4.07,4.07,4.07,4.07,4.06,4.06,4.06,4.06,4.06,4.07,5.82,5.83,5.84,5.86,5.87,5.88,5.89,5.91,5.92,5.93,230.64,0.00,0.00,1.00,0.00,0.00,0.00,-1.00,0,None,1,aggregation
160,143.54,remora5,remora1,29.08,29.08,29.22,29.22,29.34,29.34,29.74,29.74,30.03,30.03,26.50,26.50,26.77,26.77,26.99,26.99,27.84,27.84,28.60,28.60,4.07,4.07,4.07,4.08,4.08,4.09,4.10,4.11,4.12,4.13,5.94,5.96,5.97,5.98,6.00,6.01,6.03,6.04,6.06,6.07,234.61,0.00,0.00,1.00,0.00,0.00,0.00,-1.00,0,None,1,aggregation
160,144.54,remora5,remora1,30.17,30.17,30.17,30.17,30.11,30.11,29.93,29.93,29.66,29.66,29.20,29.20,29.65,29.65,29.85,29.85,30.06,30.06,30.17,30.17,4.14,4.15,4.16,4.18,4.19,4.21,4.23,4.24,4.26,4.28,6.09,6.11,6.12,6.14,6.16,6.17,6.19,6.20,6.22,6.24,240.29,0.00,0.00,1.00,0.00,0.00,0.00,-1.00,0,None,1,aggregation
160,145.54,remora5,remora1,29.53,29.53,29.12,29.12,28.98,28.98,28.50,28.50,28.41,28.41,30.18,30.18,30.16,30.16,30.13,30.13,29.99,29.99,29.96,29.96,4.30,4.32,4.34,4.36,4.38,4.40,4.42,4.44,4.46,4.48,6.25,6.27,6.29,6.30,6.32,6.34,6.36,6.37,6.39,6.41,245.37,0.00,0.00,1.00,0.00,0.00,0.00,-1.00,0,None,1,aggregation
160,146.54,remora5,remora1,28.11,28.11,28.07,28.07,28.06,28.06,28.01,28.01,27.75,27.75,29.85,29.85,29.83,29.83,29.83,29.83,29.81,29.81,29.70,29.70,4.51,4.53,4.55,4.58,4.60,4.63,4.65,4.68,4.70,4.73,6.42,6.45,6.47,6.49,6.51,6.53,6.55,6.57,6.59,6.61,250.15,0.00,0.00,1.00,0.00,0.00,0.00,-1.00,0,None,1,aggregation
160,147.54,remora5,remora1,27.71,27.71,27.48,27.48,27.68,27.68,27.16,27.16,26.90,26.90,29.68,29.68,29.58,29.58,29.67,29.67,29.42,29.42,29.29,29.29,4.75,4.78,4.80,4.83,4.86,4.88,4.91,4.93,4.96,4.99,6.63,6.65,6.67,6.70,6.72,6.74,6.76,6.78,6.80,6.82,255.17,0.00,0.00,1.00,0.00,0.00,0.00,-1.00,0,None,1,aggregation
160,148.54,remora5,remora1,27.02,27.02,26.30,26.30,26.30,26.30,25.88,25.88,26.01,26.01,29.35,29.35,28.97,28.97,28.96,28.96,28.72,28.72,28.80,28.80,5.01,5.04,5.06,5.09,5.11,5.14,5.16,5.18,5.20,5.23,6.85,7.21,7.24,7.26,7.28,7.30,7.32,7.34,7.36,7.38,261.21,0.00,0.00,1.00,0.00,0.00,0.00,-1.00,0,None,1,aggregation
160,149.54,remora5,remora1,25.10,25.10,25.79,25.79,26.23,26.23,26.43,26.43,26.84,26.84,28.26,28.26,28.68,28.68,28.92,28.92,29.04,29.04,29.25,29.25,5.25,5.27,5.29,5.31,5.33,5.35,5.36,5.38,5.40,5.42,7.41,7.43,7.45,7.47,7.49,7.51,7.54,7.15,7.17,7.19,268.31,0.00,0.00,1.00,0.00,0.00,0.00,-1.00,0,None,1,aggregation
160,150.54,remora5,remora1,27.12,27.12,27.31,27.31,27.49,27.49,27.74,27.74,0.00,0.00,29.40,29.40,29.49,29.49,29.58,29.58,29.70,29.70,0.00,0.00,5.44,5.46,5.47,5.49,5.51,5.53,5.54,5.56,5.57,5.57,7.20,7.22,7.24,7.26,7.28,7.30,7.31,7.33,7.34,7.34,271.29,0.00,0.00,1.00,0.00,0.00,0.00,-1.00,0,None,1,aggregation
160,151.54,remora5,remora1,30.00,30.00,30.00,30.00,30.00,30.00,30.00,30.00,30.00,30.00,30.00,30.00,30.00,30.00,30.00,30.00,30.00,30.00,30.00,30.00,5.58,5.59,5.61,5.63,5.64,5.66,5.67,5.69,5.70,5.72,7.35,7.37,7.38,7.40,7.42,7.43,7.45,6.22,6.23,6.24,278.75,0.00,0.00,1.00,0.00,0.00,0.00,-1.00,0,None,1,aggregation
160,152.54,remora5,remora1,30.00,30.00,30.00,30.00,30.00,30.00,30.00,30.00,30.00,30.00,30.00,30.00,30.00,30.00,30.00,30.00,30.00,30.00,30.00,30.00,5.73,5.75,5.76,5.78,5.79,5.81,5.83,5.84,5.86,5.87,6.25,6.27,6.28,7.03,6.30,6.31,6.32,6.33,6.35,6.36,283.03,0.00,0.00,1.00,0.00,0.00,0.00,-1.00,0,None,1,aggregation
160,153.54,remora5,remora1,30.00,30.00,30.00,30.00,30.00,30.00,30.00,30.00,30.00,30.00,30.00,30.00,30.00,30.00,30.00,30.00,30.00,30.00,30.00,30.00,5.89,5.91,5.92,5.92,5.91,5.90,5.89,5.88,5.87,5.86,6.37,6.38,6.39,6.41,6.42,6.43,6.44,6.45,6.47,6.48,284.62,0.00,0.00,1.00,0.00,0.00,0.00,-1.00,0,None,1,aggregation
160,154.54,remora5,remora1,30.00,30.00,30.00,30.00,30.00,30.00,30.00,30.00,30.00,30.00,30.00,30.00,30.00,30.00,30.00,30.00,30.00,30.00,30.00,30.00,5.85,5.84,5.83,5.82,5.81,5.80,5.79,5.78,5.77,5.76,6.49,6.51,6.52,6.53,6.54,6.56,6.57,6.59,6.60,6.61,284.72,0.00,0.00,1.00,0.00,0.00,0.00,-1.00,0,None,1,aggregation
160,155.54,remora5,remora1,30.00,30.00,30.00,30.00,30.00,30.00,30.00,30.00,30.00,30.00,30.00,30.00,30.00,30.00,30.00,30.00,30.00,30.00,30.00,30.00,5.76,5.75,5.74,5.74,5.73,5.72,5.72,5.71,5.71,5.70,6.63,6.64,6.65,6.67,6.68,6.70,6.71,6.72,6.74,6.75,285.22,0.00,0.00,1.00,0.00,0.00,0.00,-1.00,0,None,1,aggregation
160,156.54,remora5,remora1,30.00,30.00,30.00,30.00,30.00,30.00,30.00,30.00,30.00,30.00,30.00,30.00,30.00,30.00,30.00,30.00,30.00,30.00,30.00,30.00,5.70,5.69,5.69,5.68,5.68,5.67,5.67,5.67,5.66,5.66,6.77,6.78,6.79,6.81,6.82,6.84,6.85,6.87,6.88,6.90,286.32,0.00,0.00,1.00,0.00,0.00,0.00,-1.00,0,None,1,aggregation
160,157.54,remora5,remora1,30.00,30.00,30.00,30.00,30.00,30.00,30.00,30.00,30.00,30.00,30.00,30.00,30.00,30.00,30.00,30.00,30.00,30.00,30.00,30.00,5.66,5.66,5.65,5.65,5.65,5.65,5.65,5.65,5.65,5.65,6.91,6.92,6.94,6.95,6.97,6.98,7.00,7.02,7.04,7.05,287.87,0.00,0.00,1.00,0.00,0.00,0.00,-1.00,0,None,1,aggregation
160,158.54,remora5,remora1,30.00,30.00,30.00,30.00,30.00,30.00,30.00,30.00,30.00,30.00,30.00,30.00,30.00,30.00,30.00,30.00,30.00,30.00,30.00,30.00,5.65,5.65,5.65,5.65,5.65,5.65,5.65,6.46,6.46,6.46,7.07,7.08,7.10,7.12,7.13,7.15,7.16,7.69,7.71,7.73,290.24,0.00,0.00,1.00,0.00,0.00,0.00,-1.00,0,None,1,aggregation
160,159.54,remora5,remora1,30.00,30.00,30.00,30.00,30.00,30.00,30.00,30.00,30.00,30.00,30.00,30.00,30.00,30.00,30.00,30.00,30.00,30.00,30.00,30.00,6.46,6.47,6.47,6.47,6.47,6.48,6.48,6.48,6.48,6.49,7.75,7.77,7.79,7.81,7.83,7.85,7.87,7.88,7.90,7.92,292.78,0.00,0.00,1.00,0.00,0.00,0.00,-1.00,0,None,1,aggregation
160,160.54,remora5,remora1,30.00,30.00,30.00,30.00,30.00,30.00,30.00,30.00,30.00,30.00,30.00,30.00,30.00,30.00,30.00,30.00,30.00,30.00,30.00,30.00,6.49,6.49,6.49,6.49,6.50,6.50,6.50,6.50,6.51,6.51,7.94,7.95,7.97,7.99,8.01,8.02,8.04,8.06,8.08,8.09,300.00,0.00,0.00,1.00,0.00,0.00,0.00,-1.00,0,None,1,aggregation
160,161.54,remora5,remora1,30.00,30.00,30.00,30.00,30.00,30.00,30.00,30.00,30.00,30.00,30.00,30.00,30.00,30.00,30.00,30.00,30.00,30.00,30.00,30.00,6.51,6.52,6.52,6.52,6.53,6.53,6.53,6.54,6.54,6.55,8.11,8.13,8.15,8.16,8.18,8.20,8.22,8.24,8.26,8.28,300.00,0.00,0.00,1.00,0.00,0.00,0.00,-1.00,0,None,1,aggregation
160,162.54,remora5,remora1,30.00,30.00,30.00,30.00,30.00,30.00,30.00,30.00,30.00,30.00,30.00,30.00,30.00,30.00,30.00,30.00,30.00,30.00,30.00,30.00,6.55,6.56,6.56,6.56,6.57,6.57,6.58,6.58,6.59,6.60,8.30,8.32,8.34,8.36,8.38,8.40,8.42,8.44,8.46,7.72,300.00,0.00,0.00,1.00,0.00,0.00,0.00,-1.00,0,None,1,aggregation
160,163.54,remora5,remora1,30.00,30.00,30.00,30.00,30.00,30.00,30.00,30.00,30.00,30.00,30.00,30.00,30.00,30.00,30.00,30.00,30.00,30.00,30.00,30.00,6.62,6.65,6.67,6.69,6.70,6.72,6.74,6.75,6.76,6.77,7.74,7.78,7.80,7.82,7.85,7.87,7.90,7.92,7.94,7.96,300.00,0.00,0.00,1.00,0.00,0.00,0.00,-1.00,0,None,1,aggregation
160,164.54,remora5,remora1,30.00,30.00,30.00,30.00,30.00,30.00,30.00,30.00,30.00,30.00,30.00,30.00,30.00,30.00,30.00,30.00,30.00,30.00,30.00,30.00,6.78,6.78,6.79,6.80,6.81,6.82,6.83,6.84,6.84,6.85,7.99,8.01,8.03,8.05,8.08,8.10,8.12,8.15,8.17,8.20,300.00,0.00,0.00,1.00,0.00,0.00,0.00,-1.00,0,None,1,aggregation
160,259.54,remora5,remora1,21.57,21.54,21.51,21.48,21.45,21.42,21.39,21.36,21.33,21.30,21.57,21.54,21.51,21.48,21.45,21.42,21.39,21.36,21.33,21.30,1.99,1.98,1.98,1.97,1.96,1.95,1.94,1.93,1.92,1.91,1.99,1.98,1.98,1.97,1.96,1.95,1.94,1.93,1.92,1.91,227.78,0.00,1.00,1.00,0.00,0.00,0.00,71.00,1,GradualMotor,1,aggregation
160,260.54,remora5,remora1,21.27,21.24,21.21,21.18,21.15,21.12,21.11,21.08,21.05,21.02,21.27,21.24,21.21,21.18,21.15,21.12,21.07,21.04,21.01,20.98,1.91,1.90,1.89,1.88,1.87,1.86,1.85,1.84,1.84,1.83,1.91,1.90,1.89,1.88,1.87,1.86,1.85,1.84,1.84,1.83,224.82,0.00,1.00,1.00,0.00,0.00,0.00,70.00,1,GradualMotor,1,aggregation
160,261.54,remora5,remora1,20.99,20.96,20.93,20.90,20.85,20.82,20.79,20.76,20.73,20.70,20.95,20.92,20.89,20.86,20.85,20.82,20.79,20.76,20.73,20.70,1.82,1.81,1.80,1.79,1.78,1.77,1.76,1.75,1.74,1.74,1.82,1.81,1.80,1.79,1.78,1.77,1.76,1.75,1.74,1.74,221.85,0.00,1.00,1.00,0.00,0.00,0.00,69.00,1,GradualMotor,1,aggregation
160,262.54,remora5,remora1,20.67,20.64,20.61,20.58,20.55,20.52,20.51,20.48,20.45,20.42,20.67,20.64,20.61,20.58,20.55,20.52,20.48,20.45,20.42,20.39,1.73,1.72,1.71,1.70,1.69,1.68,1.67,1.67,1.68,1.70,1.73,1.72,1.71,1.70,1.69,1.68,1.67,1.67,1.68,1.70,218.86,0.00,1.00,1.00,0.00,0.00,0.00,68.00,1,GradualMotor,1,aggregation
160,263.54,remora5,remora1,20.37,20.34,20.31,20.28,20.25,20.22,20.21,20.18,20.15,20.12,20.37,20.34,20.31,20.28,20.25,20.22,20.18,20.15,20.12,20.09,1.72,1.74,1.76,1.78,1.80,1.82,1.84,1.86,1.88,1.90,1.72,1.74,1.76,1.78,1.80,1.82,1.84,1.86,1.88,1.90,215.86,0.00,1.00,1.00,0.00,0.00,0.00,67.00,1,GradualMotor,1,aggregation
160,264.54,remora5,remora1,20.07,20.04,20.01,19.98,19.95,19.92,19.91,19.88,19.85,19.82,20.07,20.04,20.01,19.98,19.95,19.92,19.88,19.85,19.82,19.79,1.92,1.94,1.96,1.98,2.00,2.02,2.04,2.06,2.08,2.10,1.92,1.94,1.96,1.98,2.00,2.02,2.04,2.06,2.08,2.10,212.86,0.00,1.00,1.00,0.00,0.00,0.00,66.00,1,GradualMotor,1,aggregation
160,265.54,remora5,remora1,19.79,19.76,19.71,19.68,19.65,19.62,19.59,19.56,19.53,19.50,19.76,19.73,19.71,19.68,19.65,19.62,19.59,19.56,19.53,19.50,2.12,2.14,2.16,2.18,2.20,2.22,2.24,2.26,2.28,2.30,2.12,2.14,2.16,2.18,2.20,2.22,2.24,2.26,2.28,2.30,209.86,0.00,1.00,1.00,0.00,0.00,0.00,65.00,1,GradualMotor,1,aggregation
160,266.54,remora5,remora1,4.53,4.52,4.77,4.77,5.12,5.12,18.66,18.63,18.49,18.46,-5.66,-5.65,-5.38,-5.38,-4.88,-4.87,19.38,19.35,19.29,19.26,2.30,2.30,2.30,2.30,2.30,2.30,2.32,2.33,2.35,2.37,2.30,2.30,2.30,2.30,2.30,2.30,2.32,2.33,2.35,2.37,195.30,0.00,1.00,1.00,1.00,1.00,0.00,64.00,1,GradualMotor,1,aggregation
160,267.54,remora5,remora1,18.51,18.48,18.45,18.42,18.43,18.40,18.41,18.38,18.39,18.36,19.25,19.22,19.19,19.16,19.14,19.11,19.09,19.06,19.03,19.00,2.39,2.41,2.42,2.44,2.46,2.48,2.50,2.52,2.54,2.55,2.39,2.41,2.42,2.44,2.46,2.48,2.50,2.52,2.54,2.55,192.04,0.00,1.00,1.00,0.00,0.00,0.00,63.00,1,GradualMotor,1,aggregation
160,268.54,remora5,remora1,18.39,18.37,18.34,18.34,18.31,18.31,18.28,18.25,18.25,18.23,18.98,18.95,18.92,18.89,18.86,18.83,18.80,18.77,18.75,18.72,2.57,2.59,2.61,2.63,2.64,2.66,2.68,2.70,2.72,2.74,2.57,2.59,2.61,2.63,2.64,2.66,2.68,2.70,2.72,2.74,188.88,0.00,1.00,1.00,0.00,0.00,0.00,62.00,1,GradualMotor,1,aggregation
160,269.54,remora5,remora1,18.20,18.17,18.14,18.11,18.14,18.11,18.08,18.05,18.04,18.02,18.69,18.66,18.62,18.59,18.56,18.53,18.50,18.47,18.44,18.41,2.75,2.77,2.79,2.81,2.83,2.85,2.86,2.88,2.90,2.92,2.75,2.77,2.79,2.81,2.83,2.85,2.86,2.88,2.90,2.92,185.77,0.00,1.00,1.00,0.00,0.00,0.00,61.00,1,GradualMotor,1,aggregation
160,270.54,remora5,remora1,17.99,17.96,17.95,17.92,17.92,17.89,17.86,17.83,17.80,17.77,18.38,18.35,18.32,18.29,18.26,18.23,18.20,18.17,18.14,18.11,2.94,2.95,2.97,2.99,3.01,3.03,3.04,3.06,3.08,3.10,2.94,2.95,2.97,2.99,3.01,3.03,3.04,3.06,3.08,3.10,182.70,0.00,0.00,1.00,0.00,0.00,0.00,60.00,1,GradualMotor,1,aggregation
160,271.54,remora5,remora1,17.76,17.76,17.73,17.70,17.67,17.64,17.63,17.60,17.57,17.54,18.07,18.04,18.01,17.98,17.95,17.92,17.88,17.85,17.82,17.79,3.12,3.13,3.15,3.17,3.19,3.20,3.22,3.24,3.26,3.28,3.12,3.13,3.15,3.17,3.19,3.20,3.22,3.24,3.26,3.28,179.66,0.00,0.00,1.00,0.00,0.00,0.00,59.00,1,GradualMotor,1,aggregation
160,272.54,remora5,remora1,17.51,17.48,17.45,17.42,17.39,17.36,17.36,17.33,17.32,17.29,17.76,17.73,17.70,17.67,17.64,17.61,17.57,17.54,17.50,17.47,3.29,3.31,3.33,3.35,3.36,3.38,3.40,3.42,3.43,3.45,3.29,3.31,3.33,3.35,3.36,3.38,3.40,3.42,3.43,3.45,176.63,0.00,0.00,1.00,0.00,0.00,0.00,58.00,1,GradualMotor,1,aggregation
160,273.54,remora5,remora1,17.26,17.23,17.20,17.17,17.14,17.11,17.10,17.07,17.04,17.01,17.44,17.41,17.38,17.35,17.32,17.29,17.26,17.23,17.20,17.17,3.47,3.49,3.50,3.52,3.54,3.55,3.57,3.59,3.61,3.62,3.47,3.49,3.50,3.52,3.54,3.55,3.57,3.59,3.61,3.62,173.61,0.00,0.00,1.00,0.00,0.00,0.00,57.00,1,GradualMotor,1,aggregation
160,274.54,remora5,remora1,16.98,16.95,16.92,16.89,16.86,16.83,16.80,16.79,16.76,16.73,17.14,17.11,17.08,17.04,17.01,16.98,16.95,16.92,16.89,16.86,3.64,3.66,3.67,3.69,3.71,3.72,3.74,3.76,3.78,3.79,3.64,3.66,3.67,3.69,3.71,3.72,3.74,3.76,3.78,3.79,170.60,0.00,0.00,1.00,0.00,0.00,0.00,56.00,1,GradualMotor,1,aggregation
160,275.54,remora5,remora1,16.70,16.67,16.64,16.62,16.59,16.56,16.53,16.50,16.47,16.44,16.83,16.80,16.77,16.73,16.70,16.67,16.64,16.61,16.58,16.55,3.81,3.83,3.84,3.86,3.88,3.89,3.91,3.93,3.94,3.96,3.81,3.83,3.84,3.86,3.88,3.89,3.91,3.93,3.94,3.96,167.59,0.00,0.00,1.00,0.00,0.00,0.00,55.00,1,GradualMotor,1,aggregation
160,276.54,remora5,remora1,16.41,16.38,16.35,16.32,16.31,16.28,16.25,16.22,16.19,16.16,16.52,16.49,16.46,16.43,16.39,16.36,16.33,16.29,16.26,16.23,3.97,3.99,4.01,4.02,4.04,4.06,4.07,4.09,4.11,4.12,3.97,3.99,4.01,4.02,4.04,4.06,4.07,4.09,4.11,4.12,176.14,0.00,0.00,1.00,0.00,0.00,0.00,54.00,1,GradualMotor,1,aggregation
160,277.54,remora5,remora1,16.13,16.10,16.07,16.04,16.01,15.98,15.95,15.92,15.89,15.86,16.20,16.17,16.14,16.11,16.08,16.05,16.02,15.99,15.96,15.93,4.14,4.15,4.17,4.19,4.20,4.22,4.23,4.25,4.27,4.28,4.14,4.15,4.17,4.19,4.20,4.22,4.23,4.25,4.27,4.28,173.40,0.00,0.00,1.00,0.00,0.00,0.00,53.00,1,GradualMotor,1,aggregation
160,278.54,remora5,remora1,15.83,15.80,15.77,15.74,15.71,15.68,15.66,15.63,15.60,15.57,15.90,15.87,15.84,15.81,15.78,15.75,15.71,15.68,15.65,15.62,4.30,4.31,4.33,4.35,4.36,4.38,4.39,4.41,4.42,4.44,4.30,4.31,4.33,4.35,4.36,4.38,4.39,4.41,4.42,4.44,170.56,0.00,0.00,1.00,0.00,0.00,0.00,52.00,1,GradualMotor,1,aggregation
160,279.54,remora5,remora1,15.54,15.51,15.49,15.46,15.43,15.40,15.37,15.34,15.31,15.28,15.59,15.56,15.53,15.50,15.47,15.44,15.41,15.38,15.35,15.32,4.46,4.47,4.49,4.50,4.52,4.53,4.55,4.56,4.58,4.59,4.46,4.47,4.49,4.50,4.52,4.53,4.55,4.56,4.58,4.59,167.66,0.00,0.00,1.00,0.00,0.00,0.00,51.00,1,GradualMotor,1,aggregation
160,280.54,remora5,remora1,15.25,15.22,15.19,15.16,15.13,15.10,15.07,15.04,15.01,14.98,15.29,15.26,15.23,15.20,15.17,15.14,15.11,15.08,15.05,15.02,4.61,4.63,4.64,4.66,4.67,4.69,4.70,4.72,4.73,4.75,4.61,4.63,4.64,4.66,4.67,4.69,4.70,4.72,4.73,4.75,164.73,0.00,0.00,1.00,0.00,0.00,0.00,50.00,1,GradualMotor,1,aggregation
160,281.54,remora5,remora1,14.95,14.92,14.89,14.86,14.83,14.80,14.77,14.74,14.71,14.69,14.99,14.96,14.93,14.90,14.87,14.84,14.81,14.78,14.75,14.71,4.76,4.78,4.79,4.81,4.82,4.84,4.85,4.87,4.88,4.90,4.76,4.78,4.79,4.81,4.82,4.84,4.85,4.87,4.88,4.90,161.77,0.00,0.00,1.00,0.00,0.00,0.00,49.00,1,GradualMotor,1,aggregation
160,282.54,remora5,remora1,14.66,-8.71,-8.69,-8.67,-8.65,-8.64,14.57,14.54,-8.56,-8.54,14.68,-1.05,-1.05,-1.05,-1.04,-1.04,14.32,14.29,-1.01,-1.01,4.91,4.92,4.93,4.92,4.92,4.91,4.92,4.93,4.94,4.93,4.91,4.92,4.93,4.92,4.92,4.91,4.92,4.93,4.94,4.93,152.01,0.00,0.00,1.00,0.00,0.00,0.00,48.00,1,GradualMotor,1,aggregation
160,283.54,remora5,remora1,-8.51,-8.45,-8.43,-8.41,14.25,14.22,-8.29,-8.27,-8.22,-8.20,-0.99,-0.94,-0.94,-0.94,13.54,13.51,-0.87,-0.86,-0.83,-0.82,4.93,4.92,4.92,4.91,4.92,4.93,4.94,4.93,4.93,4.92,4.93,4.92,4.92,4.91,4.92,4.93,4.94,4.93,4.93,4.92,141.26,0.00,0.00,1.00,0.00,0.00,0.00,47.00,1,GradualMotor,1,aggregation
160,284.54,remora5,remora1,-8.12,-8.02,-8.00,-7.99,13.42,-7.83,-7.82,-7.80,-7.72,-7.70,-0.75,-0.67,-0.67,-0.67,12.15,-0.55,-0.55,-0.55,-0.48,-0.48,4.92,4.91,4.91,4.91,4.91,4.92,4.92,4.92,4.91,4.91,4.92,4.91,4.91,4.91,4.91,4.92,4.92,4.92,4.91,4.91,129.44,0.00,0.00,1.00,0.00,0.00,0.00,46.00,1,GradualMotor,1,aggregation
160,285.54,remora5,remora1,12.84,12.81,-7.52,-7.51,-7.43,-7.41,-7.28,-7.26,11.85,11.82,11.30,11.27,-0.35,-0.35,-0.28,-0.28,-0.17,-0.17,9.94,9.91,4.92,4.92,4.93,4.92,4.92,4.92,4.91,4.91,4.91,4.92,4.92,4.92,4.93,4.92,4.92,4.92,4.91,4.91,4.91,4.92,119.70,0.00,0.00,1.00,0.00,0.00,0.00,45.00,1,GradualMotor,1,aggregation
160,286.54,remora5,remora1,-7.05,-7.04,-6.95,-6.94,11.11,11.09,-6.72,-6.70,-6.62,-6.61,0.00,0.00,0.07,0.07,8.98,8.96,0.24,0.24,0.30,0.30,4.92,4.92,4.92,4.92,4.92,4.92,4.93,4.92,4.92,4.92,4.92,4.92,4.92,4.92,4.92,4.92,4.93,4.92,4.92,4.92,108.05,0.00,0.00,1.00,0.00,0.00,0.00,44.00,1,GradualMotor,1,aggregation
160,287.54,remora5,remora1,-6.45,-6.44,9.93,9.91,-6.20,-6.12,-6.10,-5.94,-5.92,-5.91,0.44,0.44,7.47,7.46,0.63,0.69,0.69,0.84,0.84,0.84,4.92,4.91,4.92,4.92,4.92,4.92,4.92,4.92,4.92,4.91,4.92,4.91,4.92,4.92,4.92,4.92,4.92,4.92,4.92,4.91,95.94,0.00,0.00,1.00,0.00,0.00,0.00,43.00,1,GradualMotor,1,aggregation
160,288.54,remora5,remora1,8.72,8.70,8.55,8.53,-5.70,-5.61,-5.60,-5.43,-5.42,-5.40,5.97,5.95,5.77,5.76,0.97,1.04,1.04,1.20,1.19,1.19,4.91,4.92,4.92,4.92,4.93,4.92,4.92,4.92,4.92,4.92,4.91,4.92,4.92,4.92,4.93,4.92,4.92,4.92,4.92,4.92,84.43,0.00,0.00,1.00,0.00,0.00,0.00,42.00,1,GradualMotor,1,aggregation
160,289.54,remora5,remora1,-5.23,-5.05,-5.04,-5.03,6.59,6.57,6.56,6.54,-4.86,-4.85,1.35,1.51,1.50,1.50,3.38,3.37,3.37,3.36,1.59,1.59,4.92,4.92,4.92,4.91,4.91,4.92,4.92,4.92,4.92,4.92,4.92,4.92,4.92,4.91,4.91,4.92,4.92,4.92,4.92,4.92,72.03,0.00,0.00,1.00,0.00,0.00,0.00,41.00,1,GradualMotor,1,aggregation
160,290.54,remora5,remora1,-4.77,-4.60,-4.59,-4.58,-4.40,-4.39,5.14,5.13,5.11,5.10,1.65,1.80,1.80,1.80,1.95,1.95,1.69,1.68,1.68,1.68,4.92,4.92,4.92,4.92,4.92,4.92,4.92,4.92,4.92,4.92,4.92,4.92,4.92,4.92,4.92,4.92,4.92,4.92,4.92,4.92,59.08,0.00,0.00,1.00,0.00,0.00,0.00,40.00,1,GradualMotor,1,aggregation
160,291.54,remora5,remora1,-4.24,-4.16,-4.15,-4.14,-3.97,-3.96,4.16,4.15,4.14,4.13,2.02,2.09,2.08,2.08,2.23,2.22,0.58,0.58,0.58,0.57,4.92,4.92,4.92,4.92,4.92,4.92,4.92,4.92,4.92,4.92,4.92,4.92,4.92,4.92,4.92,4.92,4.92,4.92,4.92,4.92,45.78,0.00,0.00,1.00,0.00,0.00,0.00,39.00,1,GradualMotor,1,aggregation
160,292.54,remora5,remora1,-3.83,-3.82,-3.74,-3.73,3.73,3.72,3.64,-3.62,-3.61,-3.60,2.28,2.27,2.33,2.33,0.13,0.13,0.04,2.38,2.37,2.37,4.92,4.92,4.92,4.92,4.92,4.92,4.92,4.92,4.92,4.92,4.92,4.92,4.92,4.92,4.92,4.92,4.92,4.92,4.92,4.92,39.09,0.00,0.00,0.00,0.00,0.00,0.00,38.00,1,GradualMotor,1,aggregation
160,293.54,remora5,remora1,3.67,3.66,3.65,3.64,-3.56,-3.49,-3.48,-3.47,3.25,3.24,0.12,0.12,0.12,0.12,2.33,2.38,2.38,2.37,-0.31,-0.30,4.92,4.92,4.92,4.92,4.92,4.92,4.92,4.92,4.92,4.92,4.92,4.92,4.92,4.92,4.92,4.92,4.92,4.92,4.92,4.92,33.89,0.00,0.00,0.00,0.00,0.00,0.00,37.00,1,GradualMotor,1,aggregation
160,294.54,remora5,remora1,3.23,-3.38,-3.37,-3.36,-3.28,-3.27,2.91,2.90,2.90,2.89,-0.30,2.40,2.39,2.39,2.45,2.44,-0.63,-0.63,-0.63,-0.63,4.92,4.92,4.92,4.92,4.92,4.92,4.92,4.92,4.92,4.92,4.92,4.92,4.92,4.92,4.92,4.92,4.92,4.92,4.92,4.92,29.63,0.00,0.00,0.00,0.00,0.00,0.00,36.00,1,GradualMotor,1,aggregation
160,295.54,remora5,remora1,3.08,3.07,-3.23,-3.22,-3.16,-3.15,2.77,2.76,2.69,2.68,-0.38,-0.38,2.38,2.37,2.42,2.41,-0.70,-0.70,-0.78,-0.77,4.92,4.92,4.92,4.92,4.92,4.92,4.92,4.92,4.92,4.92,4.92,4.92,4.92,4.92,4.92,4.92,4.92,4.92,4.92,4.92,23.56,0.00,0.00,0.00,0.00,0.00,0.00,35.00,1,GradualMotor,1,aggregation
160,296.54,remora5,remora1,2.93,2.92,3.04,3.03,-3.15,-3.14,-3.08,-3.07,2.73,2.73,-0.45,-0.45,-0.29,-0.28,2.27,2.26,2.30,2.30,-0.60,-0.59,4.92,4.92,4.92,4.92,4.92,4.92,4.92,4.92,4.92,4.92,4.92,4.92,4.92,4.92,4.92,4.92,4.92,4.92,4.92,4.92,19.79,0.00,0.00,0.00,0.00,0.00,0.00,34.00,1,GradualMotor,1,aggregation
160,297.54,remora5,remora1,2.72,2.71,2.95,2.94,-3.03,-3.02,-2.98,-2.97,2.65,2.65,-0.59,-0.59,-0.28,-0.28,2.23,2.22,2.25,2.24,-0.58,-0.58,4.92,4.92,4.92,4.92,4.92,4.92,4.92,4.92,4.92,4.92,4.92,4.92,4.92,4.92,4.92,4.92,4.92,4.92,4.92,4.92,16.70,0.00,0.00,0.00,0.00,0.00,0.00,33.00,1,GradualMotor,1,aggregation
160,298.54,remora5,remora1,2.64,2.63,2.80,-2.93,-2.92,-2.91,2.83,2.82,-2.83,-2.82,-0.58,-0.57,-0.34,2.19,2.18,2.18,-0.27,-0.27,2.21,2.20,4.92,4.92,4.92,4.92,4.92,4.92,4.92,4.92,4.92,4.92,4.92,4.92,4.92,4.92,4.92,4.92,4.92,4.92,4.92,4.92,13.24,0.00,0.00,0.00,0.00,0.00,0.00,32.00,1,GradualMotor,1,aggregation
160,299.54,remora5,remora1,2.68,2.67,2.66,2.65,-2.80,-2.75,-2.74,-2.73,2.38,2.37,-0.41,-0.41,-0.41,-0.41,2.15,2.18,2.18,2.17,-0.69,-0.69,4.92,4.92,4.92,4.92,4.92,4.92,4.92,4.92,4.92,4.92,4.92,4.92,4.92,4.92,4.92,4.92,4.92,4.92,4.92,4.92,10.93,0.00,0.00,0.00,0.00,0.00,0.00,31.00,1,GradualMotor,1,aggregation
160,300.54,remora5,remora1,2.36,-2.66,-2.65,-2.64,-2.59,-2.58,2.09,2.09,2.08,2.07,-0.68,2.18,2.17,2.16,2.20,2.19,-0.95,-0.95,-0.95,-0.94,4.92,4.92,4.92,4.92,4.92,4.92,4.92,4.92,4.92,4.92,4.92,4.92,4.92,4.92,4.92,4.92,4.92,4.92,4.92,4.92,9.18,0.00,0.00,0.00,0.00,0.00,0.00,30.00,1,GradualMotor,1,aggregation
160,301.54,remora5,remora1,2.23,2.22,2.38,2.37,2.48,2.47,-2.61,-2.60,-2.56,-2.55,-0.73,-0.73,-0.52,-0.52,-0.38,-0.38,1.99,1.98,2.01,2.00,4.92,4.92,4.92,4.92,4.92,4.92,4.92,4.92,4.92,4.92,4.92,4.92,4.92,4.92,4.92,4.92,4.92,4.92,4.92,4.92,8.30,0.00,0.00,0.00,0.00,0.00,0.00,29.00,1,GradualMotor,1,aggregation
160,302.54,remora5,remora1,2.32,2.31,2.30,2.29,2.39,2.38,-2.51,-2.47,-2.46,-2.45,-0.51,-0.50,-0.50,-0.50,-0.37,-0.37,1.93,1.96,1.95,1.95,4.92,4.92,4.92,4.92,4.92,4.92,4.92,4.92,4.92,4.92,4.92,4.92,4.92,4.92,4.92,4.92,4.92,4.92,4.92,4.92,7.92,0.00,0.00,0.00,0.00,0.00,0.00,28.00,1,GradualMotor,1,aggregation
160,303.54,remora5,remora1,2.19,2.18,2.17,2.16,2.31,2.40,2.39,-2.45,-2.44,-2.43,-0.55,-0.55,-0.55,-0.55,-0.35,-0.23,-0.22,1.82,1.82,1.81,4.92,4.92,4.92,4.91,4.89,4.87,4.85,4.84,4.82,4.79,4.92,4.92,4.92,4.91,4.89,4.87,4.85,4.84,4.82,4.79,7.37,0.00,0.00,0.00,0.00,0.00,0.00,27.00,1,GradualMotor,1,aggregation
160,304.54,remora5,remora1,-2.38,-2.37,2.14,2.13,2.13,2.12,-2.30,-2.29,-2.25,-2.25,1.84,1.83,-0.47,-0.47,-0.46,-0.46,1.83,1.83,1.84,1.84,4.77,4.75,4.73,4.71,4.69,4.66,4.64,4.62,4.59,4.57,4.77,4.75,4.73,4.71,4.69,4.66,4.64,4.62,4.59,4.57,7.02,0.00,0.00,0.00,0.00,0.00,0.00,26.00,1,GradualMotor,1,aggregation
160,305.54,remora5,remora1,1.89,1.88,-2.15,-2.14,1.76,1.75,1.75,1.74,1.78,1.77,-0.69,-0.69,1.89,1.88,-0.80,-0.80,-0.79,-0.79,-0.73,-0.73,4.55,4.52,4.50,4.47,4.45,4.42,4.40,4.38,4.35,4.33,4.55,4.52,4.50,4.47,4.45,4.42,4.40,4.38,4.35,4.33,6.64,0.00,0.00,0.00,0.00,0.00,0.00,25.00,1,GradualMotor,1,aggregation
160,306.54,remora5,remora1,1.86,-2.17,-2.16,-2.15,-2.11,-2.10,1.63,1.63,1.53,1.52,-0.61,1.73,1.72,1.71,1.73,1.73,-0.82,-0.82,-0.92,-0.92,4.30,4.28,4.25,4.23,4.20,4.18,4.16,4.13,4.11,4.11,4.30,4.28,4.25,4.23,4.20,4.18,4.16,4.13,4.11,4.11,6.04,0.00,0.00,0.00,0.00,0.00,0.00,24.00,1,GradualMotor,1,aggregation
160,307.54,remora5,remora1,1.61,1.60,1.68,1.67,1.84,1.83,-2.10,-2.07,-2.06,-2.05,-0.81,-0.80,-0.69,-0.69,-0.47,-0.46,1.56,1.57,1.56,1.56,4.11,4.11,4.11,4.12,4.12,4.12,4.13,4.13,4.13,4.13,4.11,4.11,4.11,4.12,4.12,4.12,4.13,4.13,4.13,4.13,5.62,0.00,0.00,0.00,0.00,0.00,0.00,23.00,1,GradualMotor,1,aggregation
160,308.54,remora5,remora1,1.71,1.70,1.69,1.69,1.76,1.76,-2.01,-2.00,-1.97,-1.96,-0.56,-0.56,-0.55,-0.55,-0.45,-0.44,1.50,1.49,1.50,1.50,4.11,4.09,4.07,4.06,4.04,4.02,4.00,3.99,4.00,3.99,4.11,4.09,4.07,4.06,4.04,4.02,4.00,3.99,4.00,3.99,5.32,0.00,0.00,0.00,0.00,0.00,0.00,22.00,1,GradualMotor,1,aggregation
160,309.54,remora5,remora1,-1.90,-1.84,-1.84,-1.83,-1.77,-1.76,-1.71,-1.70,-1.64,-1.63,1.54,1.58,1.57,1.56,1.61,1.60,1.64,1.63,1.66,1.65,3.97,3.95,3.93,3.92,3.92,3.92,3.90,3.88,3.87,3.85,3.97,3.95,3.93,3.92,3.92,3.92,3.90,3.88,3.87,3.85,4.67,0.00,0.00,0.00,0.00,0.00,0.00,21.00,1,GradualMotor,1,aggregation
160,310.54,remora5,remora1,-1.56,-1.48,-1.47,-1.47,-1.40,-1.39,-1.32,-1.31,-1.25,-1.18,1.67,1.68,1.68,1.67,1.68,1.67,1.68,1.68,1.69,1.70,3.83,3.82,3.82,3.81,3.80,3.78,3.77,3.76,3.76,3.76,3.83,3.82,3.82,3.81,3.80,3.78,3.77,3.76,3.76,3.76,4.39,0.00,0.00,0.00,0.00,0.00,0.00,20.00,1,GradualMotor,1,aggregation
160,311.54,remora5,remora1,-1.18,-1.17,-1.11,-1.10,-1.04,-1.04,-0.98,-0.98,-0.92,-0.91,1.69,1.68,1.69,1.68,1.69,1.68,1.69,1.68,1.69,1.68,3.76,3.75,3.74,3.73,3.72,3.70,3.69,3.67,3.66,3.65,3.76,3.75,3.74,3.73,3.72,3.70,3.69,3.67,3.66,3.65,4.05,0.00,0.00,0.00,0.00,0.00,0.00,19.00,1,GradualMotor,1,aggregation
160,312.54,remora5,remora1,-0.23,-0.23,-0.85,-0.85,-0.82,-0.78,-0.77,-0.77,-0.44,-0.44,-2.21,-2.20,1.67,1.66,1.66,1.66,1.66,1.65,-2.33,-2.32,3.63,3.61,3.60,3.58,3.57,3.56,3.56,3.56,3.56,3.56,3.63,3.61,3.60,3.58,3.57,3.56,3.56,3.56,3.56,3.56,4.16,0.00,0.00,0.00,0.00,0.00,0.00,18.00,1,GradualMotor,1,aggregation
160,313.54,remora5,remora1,-0.72,-0.71,-0.69,-0.69,-0.65,-0.64,-0.60,-0.60,-0.69,-0.69,1.63,1.62,1.62,1.61,1.61,1.60,1.61,1.60,-2.48,-2.47,3.55,3.53,3.52,3.51,3.50,3.48,3.47,3.47,3.47,3.46,3.55,3.53,3.52,3.51,3.50,3.48,3.47,3.47,3.47,3.46,4.12,0.00,0.00,0.00,0.00,0.00,0.00,17.00,1,GradualMotor,1,aggregation
160,314.54,remora5,remora1,-0.56,-0.55,-0.54,-0.54,-0.50,-0.47,-0.46,-0.85,-0.84,-0.43,1.58,1.57,1.56,1.55,1.55,1.55,1.55,-2.54,-2.53,1.52,3.45,3.44,3.42,3.42,3.42,3.42,3.42,3.42,3.41,3.40,3.45,3.44,3.42,3.42,3.42,3.42,3.42,3.42,3.41,3.40,4.41,0.00,0.00,0.00,0.00,0.00,0.00,16.00,1,GradualMotor,1,aggregation
160,315.54,remora5,remora1,-0.43,-0.42,-0.41,-0.41,-0.38,-0.37,-0.34,-0.94,-0.94,-0.32,1.51,1.51,1.50,1.49,1.49,1.48,1.48,-2.53,-2.52,1.46,3.39,3.39,3.38,3.37,3.36,3.35,3.36,3.35,3.34,3.34,3.39,3.39,3.38,3.37,3.36,3.35,3.36,3.35,3.34,3.34,4.75,0.00,0.00,0.00,0.00,0.00,0.00,15.00,1,GradualMotor,1,aggregation
160,316.54,remora5,remora1,-0.31,-0.31,-0.30,-0.30,-0.27,-0.27,-1.00,-0.24,-0.24,-0.23,1.45,1.44,1.43,1.42,1.42,1.41,-2.49,1.39,1.38,1.38,3.33,3.32,3.31,3.31,3.31,3.31,3.31,3.31,3.31,3.30,3.33,3.32,6.65,6.65,6.64,6.63,6.63,6.62,6.61,6.60,5.13,0.00,0.00,0.00,0.00,0.00,0.00,14.00,1,GradualMotor,1,aggregation
160,317.54,remora5,remora1,-0.23,-0.23,-0.21,-1.05,-1.04,-1.04,-0.19,-0.19,-0.18,-0.18,1.37,1.36,1.35,-2.48,-2.46,-2.44,1.32,1.31,1.30,1.29,3.30,3.29,3.28,3.27,3.27,3.26,3.25,3.25,3.25,3.25,6.60,6.59,6.58,6.57,6.56,6.55,6.53,6.53,6.52,6.51,5.63,0.00,0.00,0.00,0.00,0.00,0.00,13.00,1,GradualMotor,1,aggregation
160,318.54,remora5,remora1,-0.16,-1.04,-1.03,-0.14,-0.14,-0.13,-0.13,-0.13,-0.12,-0.12,1.28,-2.38,-2.36,1.26,1.25,1.24,1.23,1.22,1.21,1.20,3.25,3.25,3.25,3.25,3.24,3.23,3.23,3.22,3.21,3.21,6.51,6.50,6.50,6.49,6.48,6.47,6.46,6.45,6.44,6.43,5.96,0.00,0.00,0.00,0.00,0.00,0.00,12.00,1,GradualMotor,1,aggregation
160,319.54,remora5,remora1,-0.10,-0.10,-1.04,-1.03,-0.08,-0.08,-0.08,-0.08,-0.07,-0.06,1.20,1.19,-2.26,-2.24,1.16,1.15,1.14,1.13,1.13,1.12,3.20,3.20,3.20,3.21,3.21,3.21,3.20,3.20,3.19,3.19,6.42,6.41,6.41,6.40,6.40,6.39,6.38,6.37,6.36,6.35,6.63,0.00,0.00,0.00,0.00,0.00,0.00,11.00,1,GradualMotor,1,aggregation
160,320.54,remora5,remora1,-1.03,-1.02,-0.05,-0.05,-0.05,-0.05,-0.04,-0.04,-0.03,-0.03,-2.17,-2.15,1.09,1.08,1.07,1.06,1.05,1.04,1.03,1.02,3.18,3.18,3.17,3.16,3.16,3.15,3.15,3.16,3.16,3.16,6.35,6.34,6.33,6.32,6.31,6.30,6.29,6.29,6.28,6.27,7.21,0.00,0.00,0.00,0.00,0.00,0.00,10.00,1,GradualMotor,1,aggregation
160,321.54,remora5,remora1,-0.99,-0.98,-0.02,-0.02,-0.01,-0.01,-0.01,-0.01,-0.94,-0.93,-2.02,-2.00,0.99,0.98,0.97,0.97,0.96,0.95,-1.89,-1.87,3.15,3.15,3.14,3.14,3.13,3.13,3.13,3.13,3.14,3.14,6.27,6.26,6.25,6.24,6.23,6.22,6.21,6.21,6.20,6.20,7.75,0.00,0.00,0.00,0.00,0.00,0.00,9.00,1,GradualMotor,1,aggregation
160,322.54,remora5,remora1,0.00,0.00,0.00,0.00,0.01,0.01,-0.89,-0.88,0.02,0.02,0.92,0.91,0.90,0.89,0.88,0.87,-1.75,-1.73,0.84,0.83,3.13,3.13,3.12,3.12,3.11,3.11,3.11,3.12,3.12,3.12,6.19,6.18,6.17,6.16,6.15,6.14,6.14,6.13,6.13,6.12,7.59,0.00,0.00,0.00,0.00,0.00,0.00,8.00,1,GradualMotor,1,aggregation
160,323.54,remora5,remora1,0.02,0.02,-0.84,-0.82,0.02,0.02,0.02,0.03,0.03,0.02,0.82,0.81,-1.64,-1.62,0.78,0.77,0.76,0.75,0.74,0.73,3.12,3.11,3.11,3.11,3.10,3.10,3.09,3.09,3.08,3.08,6.12,6.11,6.10,6.09,6.08,6.07,6.06,6.05,6.04,6.04,7.46,0.00,0.00,0.00,0.00,0.00,0.00,7.00,1,GradualMotor,1,aggregation
160,324.54,remora5,remora1,-0.77,-0.76,0.03,0.03,0.03,0.03,0.03,0.03,0.03,0.03,-1.50,-1.47,0.70,0.69,0.68,0.67,0.66,0.65,0.64,0.63,3.08,3.09,3.09,3.09,3.09,3.08,3.08,3.08,3.07,3.07,6.03,6.03,6.02,6.02,6.01,6.00,5.99,5.99,5.98,5.97,7.20,0.00,0.00,0.00,0.00,0.00,0.00,6.00,1,GradualMotor,1,aggregation
160,325.54,remora5,remora1,-0.67,-0.66,0.03,0.03,0.03,0.03,0.03,0.03,-0.59,-0.58,-1.29,-1.27,0.60,0.59,0.58,0.57,0.55,0.54,-1.12,-1.10,3.06,3.06,3.05,3.05,3.06,3.06,3.05,3.05,3.04,3.04,5.97,5.96,5.95,5.95,5.95,5.94,5.93,5.93,5.92,5.92,6.96,0.00,0.00,0.00,0.00,0.00,0.00,5.00,1,GradualMotor,1,aggregation
160,326.54,remora5,remora1,0.03,0.03,0.03,0.03,0.03,0.03,-0.51,0.03,0.03,0.03,0.51,0.50,0.49,0.48,0.47,0.46,-0.96,0.44,0.43,0.42,3.05,3.05,3.04,3.04,3.03,3.03,3.04,3.04,3.04,3.04,5.92,5.91,5.90,5.90,5.89,5.88,5.88,5.88,5.88,5.87,6.57,0.00,0.00,0.00,0.00,0.00,0.00,4.00,1,GradualMotor,1,aggregation
160,327.54,remora5,remora1,0.03,0.03,-0.44,0.03,0.03,0.03,0.03,0.03,0.03,0.03,0.41,0.40,-0.83,0.38,0.37,0.36,0.35,0.34,0.33,0.32,3.04,3.03,3.03,3.03,3.02,3.02,3.01,3.01,3.01,3.02,5.86,5.85,5.85,5.84,5.83,5.82,5.81,5.80,5.80,5.79,5.89,0.00,0.00,0.00,0.00,0.00,0.00,3.00,1,GradualMotor,1,aggregation
160,328.54,remora5,remora1,0.03,0.02,-0.32,-0.31,0.02,0.02,0.02,0.02,-0.25,-0.24,0.31,0.30,-0.60,-0.58,0.26,0.25,0.24,0.23,-0.47,-0.45,3.02,3.02,3.02,3.01,3.01,3.00,3.00,3.00,2.99,2.99,5.79,5.78,5.77,5.76,5.75,5.74,5.73,5.71,5.70,5.69,5.36,0.00,0.00,0.00,0.00,0.00,0.00,2.00,1,GradualMotor,1,aggregation
160,329.54,remora5,remora1,0.02,0.02,0.02,0.01,0.01,0.01,-0.16,-0.15,-0.13,-0.12,0.20,0.19,0.18,0.17,0.16,0.15,-0.30,-0.27,-0.25,-0.22,2.99,2.99,2.99,2.99,2.98,2.99,2.99,2.99,2.99,2.99,5.69,5.68,5.66,5.65,5.64,5.63,5.62,5.61,5.60,5.59,4.74,0.00,1.00,0.00,0.00,0.00,0.00,1.00,1,GradualMotor,1,aggregation
160,330.54,remora5,remora1,0.01,0.01,0.01,0.01,0.00,0.00,0.00,0.00,0.00,0.00,0.10,0.08,0.07,0.06,0.05,0.04,0.03,0.02,0.01,0.00,2.98,2.98,2.98,2.98,2.98,2.98,2.98,2.98,2.97,2.97,5.58,5.57,5.56,5.54,5.53,5.52,5.51,5.50,5.48,5.47,4.04,0.00,1.00,0.00,0.00,0.00,0.00,0.00,1,GradualMotor,1,aggregation
160,331.54,remora5,remora1,0.00,0.00,0.00,0.00,0.00,0.00,0.00,0.00,0.00,0.00,0.00,0.00,0.00,0.00,0.00,0.00,0.00,0.00,0.00,0.00,2.97,2.97,2.97,2.97,2.97,2.97,2.97,2.97,2.97,2.97,5.46,5.45,5.44,5.43,5.41,5.40,5.39,5.38,5.37,5.35,3.17,0.00,1.00,0.00,0.00,0.00,0.00,0.00,1,GradualMotor,1,aggregation
160,332.54,remora5,remora1,0.00,0.00,0.00,0.00,0.00,0.00,0.00,0.00,0.00,0.00,0.00,0.00,0.00,0.00,0.00,0.00,0.00,0.00,0.00,0.00,2.97,2.97,2.97,2.97,2.97,2.97,2.97,2.97,2.96,2.96,5.34,5.33,5.32,5.31,5.30,5.28,5.27,5.26,5.25,5.24,2.56,0.00,1.00,0.00,0.00,0.00,0.00,0.00,1,GradualMotor,1,aggregation
160,333.54,remora5,remora1,0.00,0.00,0.00,0.00,0.00,0.00,0.00,0.00,0.00,0.00,0.00,0.00,0.00,0.00,0.00,0.00,0.00,0.00,0.00,0.00,2.96,2.96,2.96,2.96,2.96,2.96,2.96,2.96,2.95,2.96,5.23,5.21,5.20,5.19,5.18,5.17,5.16,5.15,5.13,5.13,2.00,0.00,1.00,0.00,0.00,0.00,0.00,0.00,1,GradualMotor,1,aggregation
160,334.54,remora5,remora1,0.00,0.00,0.00,0.00,0.00,0.00,0.00,0.00,0.00,0.00,0.00,0.00,0.00,0.00,0.00,0.00,0.00,0.00,0.00,0.00,2.96,2.97,2.97,2.97,2.97,2.96,2.96,2.96,2.98,2.98,5.12,5.11,5.10,5.09,5.08,5.07,5.05,5.05,5.04,5.04,1.49,0.00,1.00,0.00,0.00,0.00,0.00,0.00,1,GradualMotor,1,aggregation
160,335.54,remora5,remora1,0.00,0.00,0.00,0.00,0.00,0.00,0.00,0.00,0.00,0.00,0.00,0.00,0.00,0.00,0.00,0.00,0.00,0.00,0.00,0.00,2.98,2.97,2.97,2.96,2.96,2.97,2.99,3.00,3.00,3.00,5.02,5.01,5.00,4.99,4.98,4.97,4.97,4.97,4.96,4.95,0.95,0.00,1.00,0.00,0.00,0.00,0.00,0.00,1,GradualMotor,1,aggregation
160,131.54,remora5,remora3,30.00,30.00,30.00,30.00,30.00,30.00,30.00,30.00,30.00,30.00,30.00,30.00,30.00,30.00,30.00,30.00,30.00,30.00,30.00,30.00,6.45,6.47,6.48,6.50,6.51,6.53,6.54,6.56,6.57,6.59,7.76,7.78,7.81,7.83,7.86,7.88,7.90,7.93,7.95,7.97,278.25,0.00,0.00,1.00,0.00,0.00,0.00,-1.00,0,None,0,aggregation
160,132.54,remora5,remora3,30.00,30.00,30.00,30.00,30.00,30.00,30.00,30.00,30.00,30.00,30.00,30.00,30.00,30.00,30.00,30.00,30.00,30.00,30.00,30.00,6.60,6.62,6.63,6.65,6.67,6.68,6.70,6.71,6.73,6.75,8.00,8.02,8.05,8.07,8.10,8.12,8.14,7.80,7.83,7.85,280.82,0.00,0.00,1.00,0.00,0.00,0.00,-1.00,0,None,0,aggregation
160,133.54,remora5,remora3,30.00,30.00,30.00,30.00,30.00,30.00,30.00,30.00,30.00,30.00,30.00,30.00,30.00,30.00,30.00,30.00,30.00,30.00,30.00,30.00,6.76,6.78,6.80,6.81,6.83,6.85,6.87,6.88,6.90,6.92,7.87,7.90,7.92,7.95,7.97,7.49,7.51,7.53,7.54,7.56,285.77,0.00,0.00,1.00,0.00,0.00,0.00,-1.00,0,None,0,aggregation
160,134.54,remora5,remora3,30.00,30.00,30.00,30.00,30.00,30.00,30.00,30.00,30.00,30.00,30.00,30.00,30.00,30.00,30.00,30.00,30.00,30.00,30.00,30.00,6.93,6.95,6.97,6.99,7.00,7.02,7.04,7.06,7.08,7.09,7.58,7.60,7.62,7.64,7.66,7.67,7.69,7.71,7.73,7.75,291.72,0.00,0.00,1.00,0.00,0.00,0.00,-1.00,0,None,0,aggregation
160,135.54,remora5,remora3,30.00,30.00,30.00,30.00,30.00,30.00,30.00,30.00,30.00,30.00,30.00,30.00,30.00,30.00,30.00,30.00,30.00,30.00,30.00,30.00,7.11,7.13,7.15,7.17,7.19,7.21,7.22,7.24,7.26,7.28,7.77,7.79,7.81,7.83,7.85,7.86,7.88,7.90,7.92,7.94,300.00,0.00,0.00,1.00,0.00,0.00,0.00,-1.00,0,None,0,aggregation
160,136.54,remora5,remora3,30.00,30.00,30.00,30.00,30.00,30.00,30.00,30.00,30.00,30.00,30.00,30.00,30.00,30.00,30.00,30.00,30.00,30.00,30.00,30.00,7.30,7.32,7.34,7.36,7.38,7.40,7.42,7.43,7.45,7.47,7.96,7.98,8.00,8.02,8.04,8.06,8.08,8.10,8.12,8.14,300.00,0.00,0.00,1.00,0.00,0.00,0.00,-1.00,0,None,0,aggregation
160,137.54,remora5,remora3,30.00,30.00,30.00,30.00,30.00,30.00,30.00,30.00,30.00,30.00,30.00,30.00,30.00,30.00,30.00,30.00,30.00,30.00,30.00,30.00,7.49,7.51,7.53,7.55,7.57,7.59,7.61,7.63,7.65,7.67,8.16,8.18,8.20,8.22,8.24,8.26,8.28,8.30,8.32,8.34,300.00,0.00,0.00,1.00,0.00,0.00,0.00,-1.00,0,None,0,aggregation
160,138.54,remora5,remora3,30.00,30.00,30.00,30.00,30.00,30.00,30.00,30.00,30.00,30.00,30.00,30.00,30.00,30.00,30.00,30.00,30.00,30.00,30.00,30.00,7.69,7.72,7.74,7.76,7.78,7.80,7.82,7.84,7.86,7.88,8.36,8.38,8.40,8.43,8.45,8.47,8.49,8.51,8.53,8.55,300.00,0.00,0.00,1.00,0.00,0.00,0.00,-1.00,0,None,0,aggregation
160,281.54,remora5,remora3,30.00,30.00,30.00,30.00,30.00,30.00,30.00,30.00,30.00,30.00,30.00,30.00,30.00,30.00,30.00,30.00,30.00,30.00,30.00,30.00,5.47,5.47,5.46,5.46,5.46,5.45,5.45,5.45,5.44,5.44,5.47,5.47,5.46,5.46,5.46,5.45,5.45,5.45,5.44,5.44,289.51,0.00,0.00,1.00,0.00,0.00,0.00,-1.00,0,None,0,aggregation
160,282.54,remora5,remora3,30.00,30.00,30.00,30.00,30.00,30.00,30.00,30.00,30.00,30.00,30.00,30.00,30.00,30.00,30.00,30.00,30.00,30.00,30.00,30.00,5.44,5.44,5.43,5.43,5.43,5.42,5.42,5.42,5.41,5.41,5.44,5.44,5.43,5.43,5.43,5.42,5.42,5.42,5.41,5.41,291.84,0.00,0.00,1.00,0.00,0.00,0.00,-1.00,0,None,0,aggregation
160,283.54,remora5,remora3,30.00,30.00,30.00,30.00,30.00,30.00,30.00,30.00,30.00,30.00,30.00,30.00,30.00,30.00,30.00,30.00,30.00,30.00,30.00,30.00,5.40,5.40,5.40,5.39,5.39,5.39,5.38,5.38,5.37,5.37,5.40,5.40,5.40,5.39,5.39,5.39,5.38,5.38,5.37,5.37,293.07,0.00,0.00,1.00,0.00,0.00,0.00,-1.00,0,None,0,aggregation
160,284.54,remora5,remora3,30.00,30.00,30.00,30.00,30.00,30.00,30.00,30.00,30.00,30.00,30.00,30.00,30.00,30.00,30.00,30.00,30.00,30.00,30.00,30.00,5.37,5.36,5.36,5.36,5.35,5.35,5.34,5.34,5.34,5.33,5.37,5.36,5.36,5.36,5.35,5.35,5.34,5.34,5.34,5.33,293.72,0.00,0.00,1.00,0.00,0.00,0.00,-1.00,0,None,0,aggregation
160,285.54,remora5,remora3,30.00,30.00,30.00,30.00,30.00,30.00,30.00,30.00,30.00,30.00,30.00,30.00,30.00,30.00,30.00,30.00,30.00,30.00,30.00,30.00,5.33,5.33,5.32,5.32,5.31,5.31,5.31,5.30,5.30,5.30,5.33,5.33,5.32,5.32,5.31,5.31,5.31,5.30,7.64,7.63,293.99,0.00,0.00,1.00,0.00,0.00,0.00,-1.00,0,None,0,aggregation
160,286.54,remora5,remora3,30.00,30.00,30.00,30.00,30.00,30.00,30.00,30.00,30.00,30.00,30.00,30.00,30.00,30.00,30.00,30.00,30.00,30.00,30.00,30.00,5.29,5.29,5.29,5.28,5.28,5.28,5.27,5.27,5.27,5.26,7.62,7.61,7.60,7.60,7.59,7.58,7.57,7.56,7.62,7.61,300.00,0.00,0.00,1.00,0.00,0.00,0.00,-1.00,0,None,0,aggregation
160,287.54,remora5,remora3,30.00,30.00,30.00,30.00,30.00,30.00,30.00,30.00,30.00,30.00,30.00,30.00,30.00,30.00,30.00,30.00,30.00,30.00,30.00,30.00,5.26,5.26,5.25,5.25,5.25,5.25,5.24,5.24,5.24,5.23,7.60,7.59,7.58,7.58,7.57,7.56,7.56,7.55,7.54,7.54,300.00,0.00,0.00,1.00,0.00,0.00,0.00,-1.00,0,None,0,aggregation
160,288.54,remora5,remora3,30.00,30.00,30.00,30.00,30.00,30.00,30.00,30.00,30.00,30.00,30.00,30.00,30.00,30.00,30.00,30.00,30.00,30.00,30.00,30.00,5.23,5.23,5.23,5.22,5.22,5.22,5.22,5.22,5.21,5.21,7.53,7.52,7.52,7.51,7.50,7.50,7.49,7.49,7.48,7.47,300.00,0.00,0.00,1.00,0.00,0.00,0.00,-1.00,0,None,0,aggregation
160,289.54,remora5,remora3,30.00,30.00,30.00,30.00,30.00,30.00,30.00,30.00,0.00,0.00,30.00,30.00,30.00,30.00,30.00,30.00,30.00,30.00,0.00,0.00,5.21,5.21,5.21,5.21,5.20,5.20,5.20,5.20,5.19,5.17,7.47,7.46,7.46,7.45,7.45,7.44,7.44,7.43,7.43,7.41,294.00,0.00,0.00,1.00,0.00,0.00,0.00,-1.00,0,None,0,aggregation
160,290.54,remora5,remora3,-11.02,-11.02,-9.40,-9.40,-7.35,-5.03,-5.03,-2.63,-2.63,-2.63,-21.48,-21.48,-19.87,-19.87,-17.82,-15.49,-15.49,-13.10,-13.10,-13.10,5.15,5.13,5.11,5.08,5.06,5.04,5.02,5.00,4.98,4.97,7.40,7.38,7.36,7.34,7.33,7.31,7.29,7.28,7.27,7.25,275.85,0.00,0.00,1.00,0.00,0.00,0.00,-1.00,0,None,0,aggregation
160,291.54,remora5,remora3,-0.39,-0.39,2.10,2.10,4.60,4.60,6.72,6.72,8.76,8.76,-10.85,-10.85,-8.37,-8.37,-5.86,-5.86,-3.37,-3.37,-0.82,-0.82,4.95,4.93,4.92,4.91,4.89,4.88,4.87,4.86,4.84,4.83,7.24,7.23,7.22,7.20,7.19,7.18,7.17,7.16,7.15,7.14,248.85,0.00,0.00,1.00,0.00,0.00,0.00,-1.00,0,None,0,aggregation
160,292.54,remora5,remora3,10.59,10.59,12.39,12.39,14.16,14.16,15.53,17.20,17.20,17.20,1.47,1.47,3.74,3.74,5.97,5.97,7.72,9.85,9.85,9.85,4.82,4.81,4.80,4.79,4.78,4.77,4.76,4.74,4.73,4.72,7.13,7.12,7.11,7.10,7.09,7.08,7.07,7.06,7.05,7.03,228.91,0.00,0.00,1.00,0.00,0.00,0.00,-1.00,0,None,0,aggregation
160,293.54,remora5,remora3,18.49,18.49,19.42,19.42,20.63,20.63,21.49,21.49,22.33,22.33,11.51,11.51,12.73,12.73,14.30,14.30,15.45,15.45,16.56,16.56,4.71,4.70,4.68,4.67,4.66,4.65,4.63,4.62,4.61,4.59,7.02,7.01,7.00,6.99,6.97,6.96,6.95,6.94,6.92,6.91,216.20,0.00,0.00,1.00,0.00,0.00,0.00,-1.00,0,None,0,aggregation
160,294.54,remora5,remora3,23.13,23.13,23.89,23.89,24.62,24.62,25.08,25.08,25.64,25.64,17.64,17.64,18.68,18.68,19.69,19.69,20.34,20.34,21.12,21.12,4.58,4.56,4.55,4.53,4.52,4.50,4.49,4.47,4.45,4.44,6.89,6.88,6.87,6.85,6.84,6.82,6.81,6.79,6.78,6.72,208.18,0.00,0.00,1.00,0.00,0.00,0.00,-1.00,0,None,0,aggregation
160,295.54,remora5,remora3,26.16,26.16,26.56,26.56,26.85,26.85,27.21,27.21,27.56,27.56,21.88,21.88,22.47,22.47,22.89,22.89,23.45,23.45,23.98,23.98,4.42,4.40,4.39,4.37,4.35,4.33,4.32,4.30,4.28,4.26,6.70,6.68,6.66,6.64,6.61,6.59,6.57,6.55,6.53,6.51,203.08,0.00,0.00,1.00,0.00,0.00,0.00,-1.00,0,None,0,aggregation
160,296.54,remora5,remora3,27.81,27.81,28.04,28.04,28.34,28.34,28.48,28.48,28.74,28.74,24.36,24.36,24.74,24.74,25.22,25.22,25.45,25.45,25.90,25.90,4.25,4.23,4.21,4.19,4.18,4.16,4.14,4.13,4.11,4.10,6.49,6.47,6.44,6.42,6.40,6.38,6.36,6.34,6.32,6.30,199.79,0.00,0.00,1.00,0.00,0.00,0.00,-1.00,0,None,0,aggregation
160,297.54,remora5,remora3,28.86,28.86,29.09,29.09,29.20,29.20,29.35,29.35,29.49,29.49,26.12,26.12,26.54,26.54,26.74,26.74,27.03,27.03,27.31,27.31,4.08,4.06,4.05,4.03,4.02,4.00,3.99,3.98,3.96,3.95,6.28,6.26,6.24,6.22,6.20,6.18,6.16,6.14,6.12,6.10,197.76,0.00,0.00,1.00,0.00,0.00,0.00,-1.00,0,None,0,aggregation
160,298.54,remora5,remora3,29.58,29.66,29.66,29.66,29.73,29.73,29.83,29.83,29.89,29.89,27.49,27.66,27.66,27.66,27.83,27.83,28.07,28.07,28.22,28.22,3.94,3.92,3.91,3.90,3.89,3.88,3.86,3.85,3.84,3.83,6.08,6.06,6.04,6.02,6.01,5.99,5.97,5.95,5.93,5.92,196.57,0.00,0.00,1.00,0.00,0.00,0.00,-1.00,0,None,0,aggregation
160,299.54,remora5,remora3,29.95,29.95,30.00,30.00,30.02,30.02,30.06,30.06,30.08,30.08,28.37,28.37,28.51,28.51,28.58,28.58,28.71,28.71,28.78,28.78,3.82,3.81,3.80,3.79,3.78,3.77,3.76,3.76,3.75,3.74,5.90,5.88,5.87,5.85,5.83,5.82,5.80,5.78,5.77,5.75,201.88,0.00,0.00,1.00,0.00,0.00,0.00,-1.00,0,None,0,aggregation
160,300.54,remora5,remora3,30.11,30.11,30.14,30.14,30.14,30.16,30.16,30.16,30.17,30.17,28.90,28.90,29.02,29.02,29.02,29.14,29.14,29.14,29.19,29.19,3.73,3.72,3.72,3.71,3.70,3.70,3.69,3.68,3.68,3.67,5.74,5.72,5.71,5.69,5.68,5.66,5.65,5.64,5.62,5.61,219.63,0.00,0.00,1.00,0.00,0.00,0.00,-1.00,0,None,0,aggregation
160,301.54,remora5,remora3,30.17,30.17,30.18,30.18,30.18,30.18,30.18,30.18,30.19,30.19,29.24,29.24,29.34,29.34,29.34,29.34,29.34,29.34,29.44,29.44,3.67,3.66,3.66,3.65,3.65,3.64,3.64,3.63,3.63,3.62,5.59,5.58,5.57,5.55,5.54,5.53,5.52,5.50,5.49,5.48,246.39,0.00,0.00,1.00,0.00,0.00,0.00,-1.00,0,None,0,aggregation
160,302.54,remora5,remora3,30.19,30.19,30.19,30.19,30.18,30.18,30.18,30.18,30.18,30.18,29.44,29.44,29.44,29.44,29.53,29.53,29.53,29.53,29.53,29.53,3.62,3.62,3.61,3.61,3.61,3.60,3.60,3.60,3.59,3.59,5.47,5.46,5.44,5.43,5.42,5.41,5.40,5.39,5.37,5.36,266.18,0.00,0.00,1.00,0.00,0.00,0.00,-1.00,0,None,0,aggregation
160,303.54,remora5,remora3,30.18,30.18,30.18,30.18,30.18,30.18,30.18,30.18,30.17,30.17,29.53,29.53,29.53,29.53,29.57,29.57,29.57,29.57,29.62,29.62,3.59,3.59,3.58,3.58,3.58,3.58,3.57,3.57,3.57,3.57,5.35,5.34,5.33,5.32,5.32,5.32,5.32,5.32,5.32,5.32,278.76,0.00,0.00,1.00,0.00,0.00,0.00,-1.00,0,None,0,aggregation
160,304.54,remora5,remora3,30.17,30.17,30.17,30.17,30.17,30.17,30.17,30.17,30.17,30.18,29.62,29.62,29.62,29.62,29.62,29.62,29.62,29.62,29.62,29.57,3.57,3.56,3.56,3.56,3.56,3.56,3.56,3.55,3.55,3.55,5.32,5.32,5.32,5.33,5.33,5.33,5.33,5.33,5.34,5.34,286.67,0.00,0.00,1.00,0.00,0.00,0.00,-1.00,0,None,0,aggregation
160,305.54,remora5,remora3,30.18,30.18,30.18,30.18,30.18,30.18,30.18,30.18,30.18,30.18,29.57,29.57,29.57,29.57,29.57,29.57,29.57,29.57,29.53,29.53,3.55,3.55,3.55,3.55,3.55,3.54,3.54,3.54,3.54,3.54,5.34,5.35,5.35,5.35,5.36,5.36,5.37,5.37,5.38,5.38,291.64,0.00,0.00,1.00,0.00,0.00,0.00,-1.00,0,None,0,aggregation
160,306.54,remora5,remora3,30.18,30.18,30.18,30.18,30.18,30.18,30.18,30.18,30.18,30.18,29.53,29.53,29.53,29.53,29.53,29.53,29.53,29.53,29.53,29.53,3.54,3.54,3.54,3.54,3.53,3.53,3.53,3.53,3.53,3.53,5.39,5.39,5.40,5.40,5.41,5.41,5.42,5.42,5.43,5.43,294.79,0.00,0.00,1.00,0.00,0.00,0.00,-1.00,0,None,0,aggregation
160,307.54,remora5,remora3,30.18,30.18,30.18,30.17,30.17,30.17,30.16,30.16,30.13,30.13,29.53,29.53,29.59,29.67,29.67,29.67,29.69,29.69,29.78,29.78,3.53,3.53,3.53,3.53,3.53,3.52,3.52,3.52,3.52,3.52,5.42,5.41,5.40,5.39,5.38,5.37,5.36,5.36,5.35,5.34,296.73,0.00,0.00,1.00,0.00,0.00,0.00,-1.00,0,None,0,aggregation
160,308.54,remora5,remora3,30.10,30.10,30.07,30.07,30.08,30.08,30.03,30.03,30.00,30.00,29.86,29.86,29.91,29.91,29.90,29.90,29.97,29.97,30.00,30.00,3.52,3.52,3.52,3.52,3.52,3.52,3.52,3.52,3.51,3.51,5.34,5.35,5.35,5.35,5.35,5.35,5.36,5.35,5.35,5.35,297.91,0.00,0.00,1.00,0.00,0.00,0.00,-1.00,0,None,0,aggregation
160,309.54,remora5,remora3,29.94,29.94,29.95,29.95,29.90,29.90,29.86,29.86,29.80,29.80,30.05,30.05,30.05,30.05,30.08,30.08,30.10,30.10,30.13,30.13,3.51,3.51,3.51,3.51,3.51,3.51,3.51,3.51,3.51,3.51,5.35,5.35,5.35,5.35,5.35,5.35,5.35,5.35,5.35,5.36,298.59,0.00,0.00,1.00,0.00,0.00,0.00,-1.00,0,None,0,aggregation
160,310.54,remora5,remora3,29.79,29.79,29.76,29.76,29.73,29.73,29.69,29.69,29.68,29.68,30.13,30.13,30.14,30.14,30.15,30.15,30.16,30.16,30.16,30.16,3.51,3.51,3.51,3.51,3.51,3.51,3.51,3.51,3.51,3.51,5.36,5.36,5.35,5.35,5.35,5.36,5.36,5.36,5.35,5.35,298.92,0.00,0.00,1.00,0.00,0.00,0.00,-1.00,0,None,0,aggregation
160,311.54,remora5,remora3,29.65,29.65,29.61,29.61,29.61,29.61,29.56,29.56,29.55,29.55,30.17,30.17,30.18,30.18,30.17,30.17,30.18,30.18,30.18,30.18,3.51,3.51,3.51,3.51,3.51,3.51,3.51,3.51,3.51,3.51,5.34,5.34,5.34,5.34,5.34,5.34,5.35,5.35,5.35,5.35,299.05,0.00,0.00,1.00,0.00,0.00,0.00,-1.00,0,None,0,aggregation
160,312.54,remora5,remora3,29.59,29.59,29.53,29.53,29.54,29.54,29.46,29.46,29.46,29.46,30.18,30.18,30.18,30.18,30.18,30.18,30.18,30.18,30.19,30.19,3.51,3.51,3.51,3.51,3.52,3.52,3.52,3.52,3.52,3.52,5.36,5.36,5.36,5.37,5.37,5.37,5.37,5.36,5.36,5.36,299.06,0.00,0.00,1.00,0.00,0.00,0.00,-1.00,0,None,0,aggregation
160,313.54,remora5,remora3,29.51,29.51,29.40,29.40,29.44,29.44,29.39,29.39,29.46,29.46,30.18,30.18,30.18,30.18,30.19,30.19,30.18,30.18,30.19,30.19,3.52,3.52,3.52,3.53,3.53,3.53,3.53,3.53,3.53,3.54,5.36,5.36,5.36,5.36,5.37,5.37,5.37,5.37,5.37,5.37,299.00,0.00,0.00,1.00,0.00,0.00,0.00,-1.00,0,None,0,aggregation
160,314.54,remora5,remora3,29.38,29.38,29.31,29.31,29.38,29.38,29.32,29.32,29.39,29.39,30.18,30.18,30.18,30.18,30.18,30.18,30.18,30.18,30.18,30.18,3.54,3.54,3.54,3.54,3.55,3.55,3.55,3.55,3.56,3.56,5.37,5.37,5.37,5.37,5.37,5.37,5.36,5.36,5.36,5.36,298.87,0.00,0.00,1.00,0.00,0.00,0.00,-1.00,0,None,0,aggregation
160,315.54,remora5,remora3,29.39,29.39,29.34,29.34,29.31,29.31,29.26,29.26,29.33,29.33,30.18,30.18,30.18,30.18,30.18,30.18,30.17,30.17,30.18,30.18,3.56,3.56,3.57,3.57,3.57,3.57,3.58,3.58,3.58,3.59,5.36,5.36,5.37,5.37,5.37,5.37,5.36,5.36,5.36,5.37,298.75,0.00,0.00,1.00,0.00,0.00,0.00,-1.00,0,None,0,aggregation
160,316.54,remora5,remora3,29.34,29.34,29.34,29.34,29.33,29.33,29.38,29.38,29.25,29.25,30.18,30.18,30.18,30.18,30.18,30.18,30.18,30.18,30.17,30.17,3.59,3.59,3.60,3.60,3.60,3.61,3.61,3.61,3.62,3.62,5.37,5.37,6.91,6.91,6.90,6.90,6.89,6.88,6.88,6.88,298.65,0.00,0.00,1.00,0.00,0.00,0.00,-1.00,0,None,0,aggregation
160,317.54,remora5,remora3,29.26,29.26,29.27,29.27,29.26,29.26,29.31,29.31,29.27,29.27,30.18,30.18,30.18,30.18,30.18,30.18,30.18,30.18,30.18,30.18,3.62,3.63,3.63,3.64,3.64,3.65,3.65,3.65,3.66,3.66,6.87,6.87,6.87,6.86,6.86,6.86,6.85,6.85,6.84,6.84,298.46,0.00,0.00,1.00,0.00,0.00,0.00,-1.00,0,None,0,aggregation
160,318.54,remora5,remora3,29.28,29.28,29.29,29.29,29.27,29.27,29.32,29.32,29.27,29.27,30.18,30.18,30.18,30.18,30.18,30.18,30.18,30.18,30.18,30.18,3.67,3.67,3.68,3.68,3.69,3.70,3.70,3.71,3.71,3.72,6.83,6.83,6.82,6.82,6.82,6.81,6.81,6.81,6.80,6.80,298.21,0.00,0.00,1.00,0.00,0.00,0.00,-1.00,0,None,0,aggregation
160,319.54,remora5,remora3,29.27,29.27,29.28,29.28,29.25,29.27,29.27,29.27,29.24,29.24,30.18,30.18,30.18,30.18,30.17,30.18,30.18,30.18,30.17,30.17,3.72,3.73,3.74,3.74,3.75,3.76,3.76,3.77,3.78,3.78,6.80,6.79,6.79,6.78,6.78,6.77,6.77,6.77,6.76,6.76,297.94,0.00,0.00,1.00,0.00,0.00,0.00,-1.00,0,None,0,aggregation
160,320.54,remora5,remora3,29.22,29.22,29.22,29.22,29.16,29.16,29.45,29.45,29.27,29.27,30.17,30.17,30.17,30.17,30.16,30.16,30.19,30.19,30.18,30.18,3.79,3.80,3.81,3.81,3.82,3.83,3.84,3.84,3.85,3.86,6.76,6.76,6.75,6.75,6.75,6.75,6.74,6.74,6.73,6.73,297.72,0.00,0.00,1.00,0.00,0.00,0.00,-1.00,0,None,0,aggregation
160,321.54,remora5,remora3,29.24,29.24,29.25,29.25,29.16,29.16,29.14,29.14,29.05,29.05,30.17,30.17,30.17,30.17,30.16,30.16,30.16,30.16,30.14,30.14,3.87,3.88,3.89,3.90,3.91,3.91,3.92,3.93,3.94,3.95,6.73,6.73,6.72,6.72,6.72,6.72,6.71,6.71,6.70,6.70,297.50,0.00,0.00,1.00,0.00,0.00,0.00,-1.00,0,None,0,aggregation
160,322.54,remora5,remora3,28.86,28.86,28.98,28.98,28.91,28.76,28.76,28.76,28.65,28.65,30.10,30.10,30.13,30.13,30.11,30.07,30.07,30.07,30.04,30.04,3.96,3.97,3.99,4.00,4.01,4.02,4.03,4.04,4.05,4.06,6.70,6.70,6.70,6.70,6.69,6.69,6.69,6.68,6.68,6.68,297.10,0.00,0.00,1.00,0.00,0.00,0.00,-1.00,0,None,0,aggregation
160,323.54,remora5,remora3,28.45,28.27,28.27,28.27,27.96,27.96,27.66,27.66,27.54,27.54,29.98,29.91,29.91,29.91,29.79,29.79,29.66,29.66,29.61,29.61,4.08,4.09,4.10,4.11,4.13,4.14,4.15,4.17,4.18,4.20,6.68,6.67,6.67,6.67,6.67,6.67,6.67,6.67,6.67,6.67,296.16,0.00,0.00,1.00,0.00,0.00,0.00,-1.00,0,None,0,aggregation
160,324.54,remora5,remora3,26.45,26.45,25.22,25.22,22.82,22.82,19.79,19.79,17.15,17.15,29.04,29.04,28.33,28.33,26.80,26.80,24.69,24.69,22.77,22.77,4.21,4.23,4.24,4.26,4.28,4.30,4.32,4.33,4.35,4.38,6.67,6.66,6.66,6.66,6.66,6.66,6.66,6.67,6.67,6.67,290.70,0.00,0.00,1.00,0.00,0.00,0.00,-1.00,0,None,0,aggregation
160,325.54,remora5,remora3,13.97,13.97,12.78,12.78,11.43,11.43,9.96,9.96,9.45,9.45,20.38,20.38,19.47,19.47,18.43,18.43,17.29,17.29,16.89,16.89,4.40,4.42,4.44,4.46,4.48,4.50,4.53,4.55,4.57,4.59,6.68,6.68,6.69,6.69,6.69,6.69,6.70,6.70,6.71,6.71,275.95,0.00,0.00,1.00,0.00,0.00,0.00,-1.00,0,None,0,aggregation
160,326.54,remora5,remora3,9.01,9.01,8.55,8.55,9.40,9.40,9.71,9.71,10.08,10.08,16.55,16.55,16.18,16.18,16.85,16.85,17.09,17.09,17.38,17.38,4.61,4.63,4.65,4.67,4.69,4.71,4.73,4.75,4.76,4.78,6.71,6.71,6.71,6.72,6.72,6.72,6.72,6.72,6.72,6.72,259.27,0.00,0.00,1.00,0.00,0.00,0.00,-1.00,0,None,0,aggregation
160,327.54,remora5,remora3,10.95,10.95,11.41,11.41,11.66,11.66,12.32,12.32,12.77,12.77,18.05,18.05,18.41,18.41,18.60,18.60,19.11,19.11,19.45,19.45,4.80,4.82,4.84,4.86,4.88,4.90,4.92,4.94,4.96,4.98,6.72,6.72,6.72,6.72,6.72,6.72,6.72,6.72,6.71,6.71,244.82,0.00,0.00,1.00,0.00,0.00,0.00,-1.00,0,None,0,aggregation
160,328.54,remora5,remora3,13.51,13.51,14.03,14.03,14.55,14.55,15.11,15.74,15.74,15.74,20.03,20.03,20.42,20.42,20.81,20.81,21.24,21.71,21.71,21.71,5.00,5.02,5.04,5.06,5.08,5.11,5.13,5.15,5.17,5.20,6.70,6.70,6.70,6.70,6.70,6.69,6.69,6.69,6.69,6.69,232.86,0.00,0.00,1.00,0.00,0.00,0.00,-1.00,0,None,0,aggregation
160,329.54,remora5,remora3,16.38,16.38,17.10,17.10,17.64,17.64,18.17,18.17,18.68,18.68,22.19,22.19,22.73,22.73,23.13,23.13,23.51,23.51,23.89,23.89,5.22,5.25,5.27,5.30,5.33,5.35,5.38,5.41,5.43,5.46,6.68,6.68,6.67,6.67,6.67,6.66,6.65,6.65,6.65,6.64,223.48,0.00,0.00,1.00,0.00,0.00,0.00,-1.00,0,None,0,aggregation
160,330.54,remora5,remora3,19.19,19.19,19.52,19.52,20.02,20.02,20.34,20.34,20.66,20.66,24.26,24.26,24.50,24.50,24.85,24.85,25.08,25.08,25.31,25.31,5.49,5.52,5.55,5.58,5.61,5.64,5.67,5.70,5.73,5.76,6.64,6.63,6.63,6.62,6.62,6.61,6.61,6.61,6.60,6.60,216.13,0.00,0.00,1.00,0.00,0.00,0.00,-1.00,0,None,0,aggregation
160,331.54,remora5,remora3,20.97,20.97,21.28,21.28,21.58,21.58,21.58,21.88,22.18,22.18,25.53,25.53,25.74,25.74,25.95,25.95,25.95,26.16,26.36,26.36,6.05,6.02,5.99,5.96,5.94,5.92,5.89,5.87,5.85,5.83,7.00,6.97,6.94,6.92,6.90,6.87,6.85,6.83,6.81,6.78,210.21,0.00,0.00,1.00,0.00,0.00,0.00,-1.00,0,None,0,aggregation
160,332.54,remora5,remora3,22.47,22.47,22.61,22.61,22.75,22.75,23.03,23.03,23.31,23.31,26.56,26.56,26.66,26.66,26.75,26.75,26.94,26.94,27.12,27.12,5.80,5.78,5.76,5.73,5.70,5.67,5.65,5.62,5.60,5.58,6.76,6.74,6.71,6.69,6.66,6.64,6.61,6.59,6.57,6.54,205.58,0.00,0.00,1.00,0.00,0.00,0.00,-1.00,0,None,0,aggregation
160,333.54,remora5,remora3,23.45,23.45,23.58,23.58,23.85,23.85,23.85,23.85,24.11,24.11,27.21,27.21,27.30,27.30,27.47,27.47,27.47,27.47,27.64,27.64,5.55,5.53,5.51,5.49,5.47,5.44,5.41,5.38,5.35,5.32,6.52,6.50,6.48,6.46,6.43,6.41,6.38,6.36,6.33,6.31,202.30,0.00,0.00,1.00,0.00,0.00,0.00,-1.00,0,None,0,aggregation
160,334.54,remora5,remora3,24.24,24.24,24.36,24.36,24.49,24.49,25.02,25.02,26.04,26.04,27.72,27.72,27.81,27.81,27.89,27.89,28.21,28.21,28.82,28.82,5.31,5.29,5.27,5.24,5.22,5.19,5.16,5.14,5.12,5.09,6.29,6.27,6.25,6.23,6.20,6.18,6.15,6.13,6.11,6.09,204.45,0.00,0.00,1.00,0.00,0.00,0.00,-1.00,0,None,0,aggregation
160,335.54,remora5,remora3,26.50,26.50,27.36,27.36,28.05,28.05,28.40,28.40,28.87,28.87,29.07,29.07,29.52,29.52,29.83,29.83,29.96,29.96,30.11,30.11,5.07,5.04,5.01,4.99,4.96,4.93,4.90,4.88,4.85,4.83,6.07,6.05,6.02,6.00,5.98,5.95,5.93,5.91,5.89,5.86,218.22,0.00,0.00,1.00,0.00,0.00,0.00,-1.00,0,None,0,aggregation
160,131.54,remora5,remora7,0.00,0.00,0.00,0.00,0.00,0.00,0.00,0.00,0.00,0.00,0.00,0.00,0.00,0.00,0.00,0.00,0.00,0.00,0.00,0.00,1.60,1.60,1.60,1.60,1.60,1.60,1.60,1.60,1.60,1.60,5.31,5.31,5.31,5.31,5.32,5.32,5.33,5.33,5.33,5.34,0.00,0.00,1.00,0.00,0.00,0.00,0.00,-1.00,0,None,0,aggregation
160,132.54,remora5,remora7,0.00,0.00,0.00,0.00,0.00,0.00,0.00,0.00,0.00,0.00,0.00,0.00,0.00,0.00,0.00,0.00,0.00,0.00,0.00,0.00,1.60,1.60,1.60,1.60,1.60,1.60,1.60,1.60,1.60,1.60,5.34,5.35,5.35,5.36,5.36,5.36,5.37,5.37,5.38,5.38,0.00,0.00,1.00,0.00,0.00,0.00,0.00,-1.00,0,None,0,aggregation
160,133.54,remora5,remora7,0.00,0.00,0.00,0.00,0.00,0.00,0.00,0.00,0.00,0.00,0.00,0.00,0.00,0.00,0.00,0.00,0.00,0.00,0.00,0.00,1.60,1.60,1.60,1.60,1.60,1.60,1.60,1.60,1.60,1.60,5.39,5.39,5.39,5.40,5.40,5.41,5.41,5.42,5.42,5.43,0.00,0.00,1.00,0.00,0.00,0.00,0.00,-1.00,0,None,0,aggregation
160,134.54,remora5,remora7,0.00,0.00,0.00,0.00,0.00,0.00,0.00,0.00,0.00,0.00,0.00,0.00,0.00,0.00,0.00,0.00,0.00,0.00,0.00,0.00,1.60,1.60,1.60,1.60,1.60,1.60,1.60,1.60,1.60,1.60,5.44,5.44,5.44,5.45,5.45,5.46,5.46,5.47,5.47,5.48,0.00,0.00,1.00,0.00,0.00,0.00,0.00,-1.00,0,None,0,aggregation
160,135.54,remora5,remora7,0.00,0.00,0.00,0.00,0.00,0.00,0.00,0.00,0.00,0.00,0.00,0.00,0.00,0.00,0.00,0.00,0.00,0.00,0.00,0.00,1.60,1.60,1.60,1.60,1.60,1.60,1.60,1.60,1.60,1.60,5.49,5.49,5.49,5.50,5.50,5.51,5.51,5.52,5.53,5.53,0.00,0.00,1.00,0.00,0.00,0.00,0.00,-1.00,0,None,0,aggregation
160,136.54,remora5,remora7,0.00,0.00,0.00,0.00,0.00,0.00,0.00,0.00,0.00,0.00,0.00,0.00,0.00,0.00,0.00,0.00,0.00,0.00,0.00,0.00,1.60,1.60,1.60,1.60,1.60,1.60,1.60,1.60,1.60,1.60,5.54,5.54,5.55,5.55,5.92,5.92,5.92,5.92,5.93,5.93,0.00,0.00,1.00,0.00,0.00,0.00,0.00,-1.00,0,None,0,aggregation
160,137.54,remora5,remora7,0.00,0.00,0.00,0.00,0.00,0.00,0.00,0.00,0.00,0.00,0.00,0.00,0.00,0.00,0.00,0.00,0.00,0.00,0.00,0.00,1.60,1.60,1.60,1.60,1.60,1.60,1.60,1.60,1.60,1.60,5.93,5.93,5.93,5.94,5.94,5.94,5.94,5.94,5.94,5.95,0.00,0.00,1.00,0.00,0.00,0.00,0.00,-1.00,0,None,0,aggregation
160,138.54,remora5,remora7,0.00,0.00,0.00,0.00,0.00,0.00,0.00,0.00,0.00,0.00,0.00,0.00,0.00,0.00,0.00,0.00,0.00,0.00,0.00,0.00,1.60,1.60,1.60,1.60,1.60,1.60,1.60,1.60,1.60,1.60,5.95,5.95,5.95,5.95,5.95,5.95,6.09,6.09,6.09,6.09,0.00,0.00,1.00,0.00,0.00,0.00,0.00,-1.00,0,None,0,aggregation
160,139.54,remora5,remora7,0.00,0.00,0.00,0.00,0.00,0.00,0.00,0.00,0.00,0.00,0.00,0.00,0.00,0.00,0.00,0.00,0.00,0.00,0.00,0.00,1.60,1.60,1.60,1.60,1.60,1.60,1.60,1.60,1.60,1.60,6.10,6.10,6.10,6.11,5.65,5.65,5.65,5.65,5.65,5.66,0.00,0.00,1.00,0.00,0.00,0.00,0.00,-1.00,0,None,0,aggregation
160,140.54,remora5,remora7,0.00,0.00,0.00,0.00,0.00,0.00,0.00,0.00,0.00,0.00,0.00,0.00,0.00,0.00,0.00,0.00,0.00,0.00,0.00,0.00,1.60,1.60,1.60,1.60,1.60,1.60,1.60,1.60,1.60,1.60,5.66,5.65,5.65,5.65,5.64,5.64,5.64,5.64,5.64,5.64,0.00,0.00,1.00,0.00,0.00,0.00,0.00,-1.00,0,None,0,aggregation
160,141.54,remora5,remora7,0.00,0.00,0.00,0.00,0.00,0.00,0.00,0.00,0.00,0.00,0.00,0.00,0.00,0.00,0.00,0.00,0.00,0.00,0.00,0.00,1.60,1.60,1.60,1.60,1.60,1.60,1.60,1.60,1.60,1.60,5.64,5.65,5.65,5.65,5.65,5.65,5.65,5.65,5.65,5.65,0.00,0.00,1.00,0.00,0.00,0.00,0.00,-1.00,0,None,0,aggregation
160,142.54,remora5,remora7,0.00,0.00,0.00,0.00,0.00,0.00,0.00,0.00,0.00,0.00,0.00,0.00,0.00,0.00,0.00,0.00,0.00,0.00,0.00,0.00,1.60,1.60,1.60,1.60,1.60,1.60,1.60,1.60,1.60,1.60,5.66,5.66,5.66,5.66,5.66,5.67,5.67,5.67,5.67,5.66,0.00,0.00,1.00,0.00,0.00,0.00,0.00,-1.00,0,None,0,aggregation
160,143.54,remora5,remora7,0.00,0.00,23.41,23.41,23.75,23.75,24.62,24.62,25.49,25.49,0.00,0.00,27.19,27.19,27.41,27.41,27.96,27.96,28.50,28.50,1.60,1.60,1.60,1.62,1.63,1.65,1.67,1.69,1.71,1.73,5.66,5.66,5.66,5.66,5.65,5.64,5.63,5.62,5.62,5.61,20.83,0.00,1.00,0.00,0.00,0.00,0.00,-1.00,0,None,0,aggregation
160,144.54,remora5,remora7,26.05,26.05,26.63,26.63,27.02,27.02,27.32,27.32,27.60,27.60,28.82,28.82,29.14,29.14,29.35,29.35,29.50,29.50,29.63,29.63,1.75,1.78,1.80,1.82,1.84,1.87,1.89,1.91,1.94,1.96,5.60,5.59,5.58,5.57,6.30,6.30,6.29,6.28,6.27,6.27,48.94,0.00,1.00,1.00,0.00,0.00,0.00,-1.00,0,None,0,aggregation
160,145.54,remora5,remora7,27.68,27.68,27.70,27.70,27.81,27.81,27.90,27.90,27.78,27.78,29.67,29.67,29.68,29.68,29.73,29.73,29.76,29.76,29.71,29.71,1.99,2.01,2.04,2.06,2.09,2.12,2.14,2.17,2.20,2.22,6.26,6.25,6.24,6.23,6.23,6.22,6.21,6.20,6.20,6.19,77.68,0.00,1.00,1.00,0.00,0.00,0.00,-1.00,0,None,0,aggregation
160,146.54,remora5,remora7,27.87,27.87,27.94,27.94,27.87,27.87,27.67,27.67,27.44,27.44,29.75,29.75,29.78,29.78,29.75,29.75,29.66,29.66,29.56,29.56,2.26,2.31,2.37,2.42,2.48,2.54,2.59,2.65,2.71,2.76,6.18,6.18,6.18,6.17,6.17,6.17,6.16,6.16,6.16,6.16,106.41,0.00,1.00,1.00,0.00,0.00,0.00,-1.00,0,None,0,aggregation
160,147.54,remora5,remora7,27.04,27.04,26.33,26.33,25.64,25.64,24.66,24.66,22.66,22.66,29.36,29.36,28.98,28.98,28.58,28.58,27.99,27.99,26.69,26.69,2.82,2.87,2.93,2.98,3.03,3.08,3.13,3.18,3.23,3.28,6.15,6.15,6.15,6.15,6.15,6.15,6.14,6.14,6.14,6.14,133.20,0.00,0.00,1.00,0.00,0.00,0.00,-1.00,0,None,0,aggregation
160,148.54,remora5,remora7,20.99,20.99,17.68,17.68,15.24,15.24,10.20,10.20,7.52,7.52,25.54,25.54,23.16,23.16,21.34,21.34,17.47,17.47,15.37,15.37,3.33,3.37,3.41,3.45,3.49,3.52,3.56,3.59,3.62,3.64,6.14,5.86,5.86,5.86,5.86,5.86,5.86,5.86,5.86,5.86,150.65,0.00,0.00,1.00,0.00,0.00,0.00,-1.00,0,None,0,aggregation
160,149.54,remora5,remora7,3.20,3.20,2.38,2.38,1.35,1.35,2.42,2.42,2.14,2.14,11.96,11.96,11.31,11.31,10.49,10.49,11.34,11.34,11.12,11.12,3.66,3.68,3.70,3.72,3.74,3.74,3.73,3.72,3.71,3.70,5.86,5.87,5.87,5.87,5.88,5.88,5.88,5.88,5.88,5.89,157.43,0.00,0.00,1.00,0.00,0.00,0.00,-1.00,0,None,0,aggregation
160,150.54,remora5,remora7,1.28,1.28,2.36,2.36,2.80,2.80,2.15,2.15,2.33,2.33,10.44,10.44,11.30,11.30,11.64,11.64,11.12,11.12,11.27,11.27,3.70,3.69,3.68,3.67,3.66,3.65,3.64,3.63,3.62,3.61,5.89,5.89,5.89,5.89,5.90,5.89,5.89,5.90,5.90,5.90,164.10,0.00,0.00,1.00,0.00,0.00,0.00,-1.00,0,None,0,aggregation
160,151.54,remora5,remora7,1.94,1.94,0.90,0.90,1.80,1.80,3.44,3.44,2.89,2.89,10.96,10.96,10.13,10.13,10.85,10.85,12.15,12.15,11.72,11.72,3.61,3.60,3.59,3.58,3.58,3.57,3.56,3.56,3.55,3.54,5.90,5.90,5.90,5.90,5.90,5.91,5.91,6.17,6.17,6.17,170.77,0.00,0.00,1.00,0.00,0.00,0.00,-1.00,0,None,0,aggregation
160,152.54,remora5,remora7,2.70,1.74,1.74,1.74,2.13,2.13,1.54,1.54,-0.29,-0.29,11.57,10.80,10.80,10.80,11.11,11.11,10.64,10.64,9.18,9.18,3.54,3.53,3.53,3.52,3.52,3.51,3.51,3.51,3.51,3.50,6.17,6.17,6.18,5.92,5.92,5.93,6.19,6.19,6.20,6.20,176.80,0.00,0.00,1.00,0.00,0.00,0.00,-1.00,0,None,0,aggregation
160,153.54,remora5,remora7,0.22,0.22,-1.11,-1.11,-1.43,-1.43,-0.54,-0.54,0.46,0.46,9.59,9.59,8.53,8.53,8.27,8.27,8.98,8.98,9.78,9.78,3.50,3.50,3.51,3.51,3.51,3.52,3.52,3.53,3.53,3.54,6.20,6.20,6.21,6.21,6.22,6.22,6.23,6.24,6.24,6.25,160.24,0.00,0.00,1.00,0.00,0.00,0.00,-1.00,0,None,0,aggregation
160,154.54,remora5,remora7,0.61,0.61,-0.90,-0.90,-0.36,-0.36,0.30,0.30,2.75,2.75,9.90,9.90,8.70,8.70,9.13,9.13,9.65,9.65,11.60,11.60,3.54,3.55,3.55,3.56,3.57,3.57,3.58,3.59,3.59,3.60,6.25,6.26,6.27,6.28,6.28,6.29,6.30,6.30,6.31,6.32,137.27,0.00,0.00,1.00,0.00,0.00,0.00,-1.00,0,None,0,aggregation
160,155.54,remora5,remora7,4.97,4.97,4.98,4.98,6.45,6.45,7.20,7.20,7.83,7.83,13.36,13.36,13.38,13.38,14.54,14.54,15.13,15.13,15.62,15.62,3.60,3.61,3.62,3.62,3.63,3.63,3.64,3.64,3.65,3.65,6.32,6.33,6.34,6.34,6.35,6.36,6.36,6.37,6.38,6.38,118.88,0.00,0.00,1.00,0.00,0.00,0.00,-1.00,0,None,0,aggregation
160,156.54,remora5,remora7,8.74,8.74,9.89,9.89,11.18,11.18,12.66,12.66,13.45,13.45,16.33,16.33,17.23,17.23,18.23,18.23,19.37,19.37,19.98,19.98,3.66,3.67,3.68,3.69,3.70,3.71,3.72,3.73,3.74,3.76,6.39,6.40,6.41,6.41,6.42,6.43,6.44,6.45,6.46,6.46,104.85,0.00,0.00,1.00,0.00,0.00,0.00,-1.00,0,None,0,aggregation
160,157.54,remora5,remora7,14.89,14.89,15.40,15.40,15.89,15.89,16.67,16.67,16.67,17.96,21.07,21.07,21.46,21.46,21.83,21.83,22.41,22.41,22.41,23.36,3.77,3.78,3.79,3.81,3.82,3.84,3.85,3.87,3.88,3.90,6.47,6.48,6.49,6.50,6.51,6.52,6.53,6.55,6.56,6.58,97.04,0.00,0.00,1.00,0.00,0.00,0.00,-1.00,0,None,0,aggregation
160,158.54,remora5,remora7,18.36,18.36,19.24,19.24,19.79,19.79,20.40,20.40,20.72,20.72,23.66,23.66,24.30,24.30,24.69,24.69,25.13,25.13,25.35,25.35,3.91,3.93,3.95,3.97,3.99,4.01,4.03,4.05,4.07,4.09,6.59,6.61,6.62,6.64,6.65,6.67,6.68,7.03,7.05,7.07,101.75,0.00,0.00,1.00,0.00,0.00,0.00,-1.00,0,None,0,aggregation
160,159.54,remora5,remora7,21.09,21.09,22.10,22.10,23.05,23.05,23.80,23.80,24.50,24.50,25.61,25.61,26.31,26.31,26.95,26.95,27.44,27.44,27.89,27.89,4.11,4.14,4.16,4.18,4.21,4.23,4.26,4.28,4.31,4.34,7.08,7.10,7.12,7.14,7.15,7.17,7.19,7.21,7.23,7.24,119.86,0.00,0.00,1.00,0.00,0.00,0.00,-1.00,0,None,0,aggregation
160,160.54,remora5,remora7,25.01,25.01,25.64,25.64,26.10,26.10,26.46,26.46,26.76,26.76,28.21,28.21,28.59,28.59,28.85,28.85,29.06,29.06,29.22,29.22,4.36,4.39,4.42,4.44,4.47,4.50,4.53,4.55,4.58,4.61,7.26,7.28,7.30,7.32,7.34,7.35,7.37,7.39,7.41,7.43,140.58,0.00,0.00,1.00,0.00,0.00,0.00,-1.00,0,None,0,aggregation
160,161.54,remora5,remora7,27.11,27.11,27.49,27.49,27.55,27.55,27.88,27.88,27.99,27.99,29.40,29.40,29.58,29.58,29.61,29.61,29.76,29.76,29.80,29.80,4.64,4.67,4.70,4.73,4.76,4.79,4.81,4.84,4.87,4.90,7.45,7.47,7.49,7.51,7.53,7.55,7.57,7.59,7.61,7.63,162.52,0.00,0.00,1.00,0.00,0.00,0.00,-1.00,0,None,0,aggregation
160,162.54,remora5,remora7,28.29,28.29,28.31,28.31,28.16,28.16,27.89,27.89,17.45,17.45,29.92,29.92,29.93,29.93,29.87,29.87,29.76,29.76,22.99,22.99,4.93,4.96,4.99,5.02,5.05,5.08,5.11,5.14,5.17,5.19,7.65,7.67,7.69,7.71,7.73,7.19,7.21,7.23,7.25,7.27,183.75,0.00,0.00,1.00,0.00,0.00,0.00,-1.00,0,None,0,aggregation
160,163.54,remora5,remora7,-34.30,-34.30,29.73,29.73,0.00,0.00,30.00,30.00,30.00,30.00,-23.84,-23.84,30.15,30.15,0.00,0.00,30.00,30.00,30.00,30.00,5.20,5.18,5.17,5.20,5.22,5.22,5.23,5.25,5.28,5.30,7.29,7.28,7.29,7.31,7.33,7.34,7.34,7.36,7.39,7.41,203.28,0.00,0.00,1.00,0.00,0.00,0.00,-1.00,0,None,0,aggregation
160,164.54,remora5,remora7,30.00,30.00,30.00,30.00,30.00,30.00,30.00,30.00,30.00,30.00,30.00,30.00,30.00,30.00,30.00,30.00,30.00,30.00,30.00,30.00,5.33,5.36,5.39,5.41,5.44,5.47,5.49,5.52,5.54,5.57,7.44,7.46,7.49,7.51,7.54,7.56,7.58,7.60,7.63,7.65,228.14,0.00,0.00,1.00,0.00,0.00,0.00,-1.00,0,None,0,aggregation
160,165.54,remora5,remora7,30.00,30.00,30.00,30.00,30.00,30.00,30.00,30.00,30.00,30.00,30.00,30.00,30.00,30.00,30.00,30.00,30.00,30.00,30.00,30.00,5.59,5.62,5.64,5.66,5.69,5.71,5.73,5.75,5.77,5.79,6.89,6.91,6.94,6.99,7.02,7.04,7.07,7.09,7.12,7.15,247.79,0.00,0.00,1.00,0.00,0.00,0.00,-1.00,0,None,0,aggregation
160,166.54,remora5,remora7,30.00,30.00,30.00,30.00,30.00,30.00,30.00,30.00,30.00,30.00,30.00,30.00,30.00,30.00,30.00,30.00,30.00,30.00,30.00,30.00,5.81,5.83,5.85,5.87,5.89,5.91,5.92,5.94,5.96,5.98,7.17,7.19,7.22,7.24,7.26,7.28,7.31,7.33,7.36,7.38,263.09,0.00,0.00,1.00,0.00,0.00,0.00,-1.00,0,None,0,aggregation
160,167.54,remora5,remora7,30.00,30.00,30.00,30.00,30.00,30.00,30.00,30.00,30.00,30.00,30.00,30.00,30.00,30.00,30.00,30.00,30.00,30.00,30.00,30.00,5.99,6.01,6.02,6.04,6.05,6.07,6.08,6.09,6.11,6.12,7.41,7.43,7.45,7.47,7.50,7.52,7.54,7.56,7.58,7.60,274.11,0.00,0.00,1.00,0.00,0.00,0.00,-1.00,0,None,0,aggregation
160,168.54,remora5,remora7,30.00,30.00,30.00,30.00,30.00,30.00,30.00,30.00,30.00,30.00,30.00,30.00,30.00,30.00,30.00,30.00,30.00,30.00,30.00,30.00,6.13,6.15,6.16,6.17,6.18,6.19,6.20,6.21,6.23,6.24,7.62,7.64,7.66,7.69,7.71,7.73,7.75,7.77,7.79,7.81,281.94,0.00,0.00,1.00,0.00,0.00,0.00,-1.00,0,None,0,aggregation
160,169.54,remora5,remora7,30.00,30.00,30.00,30.00,30.00,30.00,30.00,30.00,30.00,30.00,30.00,30.00,30.00,30.00,30.00,30.00,30.00,30.00,30.00,30.00,6.25,6.26,6.27,6.27,6.28,6.29,6.30,6.31,6.32,6.33,7.83,7.85,7.87,7.89,7.91,7.93,7.95,7.97,7.98,8.00,287.07,0.00,0.00,1.00,0.00,0.00,0.00,-1.00,0,None,0,aggregation
160,170.54,remora5,remora7,30.00,30.00,30.00,30.00,30.00,30.00,30.00,30.00,30.00,30.00,30.00,30.00,30.00,30.00,30.00,30.00,30.00,30.00,30.00,30.00,6.33,6.34,6.35,6.36,6.36,6.37,6.38,6.38,6.39,6.39,8.02,8.04,8.06,8.07,8.09,8.11,8.13,8.15,8.17,8.19,289.68,0.00,0.00,1.00,0.00,0.00,0.00,-1.00,0,None,0,aggregation
160,264.54,remora5,remora7,28.07,28.07,28.29,28.29,28.58,28.58,28.71,28.71,28.96,28.96,29.83,29.83,29.92,29.92,30.02,30.02,30.06,30.06,30.13,30.13,3.35,3.35,3.35,3.35,3.35,3.35,3.35,3.35,3.35,3.35,3.35,3.35,3.35,3.35,3.35,3.35,3.35,3.35,3.35,3.35,166.02,0.00,0.00,1.00,0.00,0.00,0.00,-1.00,0,None,0,aggregation
160,265.54,remora5,remora7,29.17,29.17,29.37,29.37,29.53,29.53,29.71,29.71,29.83,29.83,30.16,30.16,30.18,30.18,30.18,30.18,30.16,30.16,30.12,30.12,3.35,3.36,3.36,3.36,3.36,3.36,3.36,3.36,3.36,3.37,3.35,3.36,3.36,3.36,3.36,3.36,3.36,3.36,3.36,3.37,175.73,0.00,0.00,1.00,0.00,0.00,0.00,-1.00,0,None,0,aggregation
160,266.54,remora5,remora7,29.93,29.93,30.05,30.05,30.12,30.12,30.16,30.16,30.18,30.18,30.06,30.06,29.94,29.94,29.82,29.82,29.71,29.71,29.58,29.58,3.37,3.37,3.37,3.37,3.37,3.37,3.38,3.38,3.38,3.38,3.37,3.37,3.37,3.37,3.37,3.37,3.38,3.38,3.38,3.38,203.70,0.00,0.00,1.00,0.00,0.00,0.00,-1.00,0,None,0,aggregation
160,267.54,remora5,remora7,30.18,30.18,30.17,30.17,30.13,30.13,30.07,30.07,30.00,30.00,29.40,29.40,29.22,29.22,28.99,28.99,28.74,28.74,28.52,28.52,3.38,3.38,3.38,3.38,3.39,3.39,3.39,3.39,3.39,3.39,3.38,3.38,3.38,3.38,3.39,3.39,3.39,3.39,3.39,3.39,231.73,0.00,0.00,1.00,0.00,0.00,0.00,-1.00,0,None,0,aggregation
160,268.54,remora5,remora7,29.91,29.91,29.77,29.77,29.72,29.72,29.55,29.55,29.56,29.56,28.27,28.27,27.91,27.91,27.80,27.80,27.42,27.42,27.46,27.46,3.39,3.39,3.39,3.39,3.39,3.39,3.39,3.39,3.39,3.39,3.39,3.39,3.39,3.39,3.39,3.39,3.39,3.39,3.39,3.39,253.98,0.00,0.00,1.00,0.00,0.00,0.00,-1.00,0,None,0,aggregation
160,269.54,remora5,remora7,29.47,29.47,29.24,29.24,29.18,29.18,29.12,29.12,29.05,29.05,27.27,27.27,26.81,26.81,26.69,26.69,26.58,26.58,26.46,26.46,3.39,3.39,3.38,3.38,3.38,3.38,3.38,3.38,3.38,3.37,3.39,3.39,3.38,3.38,3.38,3.38,3.38,3.38,3.38,3.37,269.79,0.00,0.00,1.00,0.00,0.00,0.00,-1.00,0,None,0,aggregation
160,270.54,remora5,remora7,29.02,29.02,28.90,28.90,29.00,29.00,28.99,28.99,28.99,28.99,26.40,26.40,26.18,26.18,26.36,26.36,26.34,26.34,26.35,26.35,3.37,3.37,3.37,3.37,3.37,3.36,3.36,3.36,3.36,3.36,3.37,3.37,3.37,3.37,3.37,3.36,3.36,3.36,3.36,3.36,279.64,0.00,0.00,1.00,0.00,0.00,0.00,-1.00,0,None,0,aggregation
160,271.54,remora5,remora7,29.01,29.01,29.05,29.05,29.02,29.02,29.11,29.11,29.16,29.16,26.38,26.38,26.45,26.45,26.40,26.40,26.56,26.56,26.66,26.66,3.35,3.35,3.35,3.35,3.34,3.34,3.34,3.34,3.34,3.33,3.35,3.35,3.35,3.35,3.34,3.34,3.34,4.76,4.75,4.74,285.07,0.00,0.00,1.00,0.00,0.00,0.00,-1.00,0,None,0,aggregation
160,272.54,remora5,remora7,29.23,29.23,29.24,29.24,29.34,29.34,29.35,29.35,29.53,29.53,26.78,26.78,26.81,26.81,27.00,27.00,27.02,27.02,27.39,27.39,3.33,3.33,3.33,3.32,3.32,3.32,3.32,3.31,3.31,3.31,4.73,4.72,4.71,4.70,4.69,4.68,4.67,4.66,4.65,4.64,287.15,0.00,0.00,1.00,0.00,0.00,0.00,-1.00,0,None,0,aggregation
160,273.54,remora5,remora7,29.62,29.62,29.66,29.66,29.70,29.70,29.79,29.79,29.83,29.83,27.57,27.57,27.67,27.67,27.74,27.74,27.96,27.96,28.06,28.06,3.31,3.31,3.30,3.30,3.30,3.30,3.30,3.30,3.29,3.29,4.63,4.63,4.62,4.61,4.60,4.60,4.59,4.58,4.58,4.57,287.68,0.00,0.00,1.00,0.00,0.00,0.00,-1.00,0,None,0,aggregation
160,274.54,remora5,remora7,29.83,29.83,29.87,29.87,29.96,29.96,30.00,30.00,30.04,30.04,28.06,28.06,28.16,28.16,28.39,28.39,28.51,28.51,28.64,28.64,3.29,3.29,3.29,3.29,3.29,3.28,3.28,3.28,3.28,3.28,4.56,4.56,4.55,4.55,4.54,4.54,4.53,4.53,4.52,4.52,287.57,0.00,0.00,1.00,0.00,0.00,0.00,-1.00,0,None,0,aggregation
160,275.54,remora5,remora7,30.07,30.07,30.10,30.10,30.13,30.13,30.15,30.15,30.15,30.15,28.74,28.74,28.85,28.85,28.98,28.98,29.06,29.06,29.11,29.11,3.28,3.28,3.28,3.28,3.27,3.27,3.27,3.27,3.27,3.27,4.51,4.51,4.50,4.50,4.50,4.49,4.49,4.48,4.48,4.48,287.26,0.00,0.00,1.00,0.00,0.00,0.00,-1.00,0,None,0,aggregation
160,276.54,remora5,remora7,30.17,30.17,30.18,30.18,30.18,30.18,30.19,30.19,30.18,30.18,29.19,29.19,29.31,29.31,29.39,29.39,29.45,29.45,29.52,29.52,3.27,3.27,3.27,3.27,3.27,3.27,3.26,3.26,3.26,3.26,4.47,4.47,4.47,4.47,4.46,4.46,4.45,4.44,4.44,4.43,287.09,0.00,0.00,1.00,0.00,0.00,0.00,-1.00,0,None,0,aggregation
160,277.54,remora5,remora7,30.18,30.18,30.17,30.17,30.17,30.17,30.15,30.15,30.14,30.14,29.60,29.60,29.63,29.63,29.67,29.67,29.74,29.74,29.76,29.76,3.26,3.26,3.26,3.26,3.26,3.26,3.26,3.26,3.26,3.26,4.43,4.43,4.43,4.42,4.42,4.42,4.42,4.42,4.41,4.41,287.46,0.00,0.00,1.00,0.00,0.00,0.00,-1.00,0,None,0,aggregation
160,278.54,remora5,remora7,30.12,30.12,30.11,30.11,30.07,30.07,30.06,30.06,30.04,30.04,29.83,29.83,29.84,29.84,29.91,29.91,29.92,29.92,29.95,29.95,3.26,3.25,5.56,5.55,5.55,5.55,5.54,5.54,5.54,5.53,4.41,4.41,5.56,5.55,5.55,5.55,5.54,5.54,5.54,5.53,288.71,0.00,0.00,1.00,0.00,0.00,0.00,-1.00,0,None,0,aggregation
160,279.54,remora5,remora7,30.00,30.00,29.97,29.97,29.95,29.95,29.93,29.93,29.91,29.91,30.00,30.00,30.03,30.03,30.05,30.05,30.06,30.06,30.07,30.07,5.53,5.53,5.52,5.52,5.52,5.51,5.51,5.51,5.51,5.50,5.53,5.53,5.52,5.52,5.52,5.51,5.51,5.51,5.51,5.50,290.72,0.00,0.00,1.00,0.00,0.00,0.00,-1.00,0,None,0,aggregation
160,280.54,remora5,remora7,29.91,29.91,29.84,29.84,29.86,29.86,29.81,29.81,29.83,29.83,30.07,30.07,30.11,30.11,30.10,30.10,30.12,30.12,30.12,30.12,5.50,5.50,5.49,5.49,5.49,5.48,5.48,5.48,5.48,5.47,5.50,5.50,5.49,5.49,5.49,5.48,5.48,5.48,5.48,5.47,293.04,0.00,0.00,1.00,0.00,0.00,0.00,-1.00,0,None,0,aggregation
160,281.54,remora5,remora7,29.75,29.75,29.74,29.74,29.68,29.68,29.70,29.70,29.71,29.71,30.14,30.14,30.15,30.15,30.16,30.16,30.16,30.16,30.16,30.16,5.47,5.47,5.46,5.46,5.46,5.45,5.45,5.45,5.44,5.44,5.47,5.47,5.46,5.46,7.72,7.71,7.69,7.68,7.66,7.65,295.20,0.00,0.00,1.00,0.00,0.00,0.00,-1.00,0,None,0,aggregation
160,282.54,remora5,remora7,29.69,29.69,29.66,29.66,29.66,29.66,29.73,29.73,29.80,29.80,30.16,30.16,30.17,30.17,30.17,30.17,30.15,30.15,30.13,30.13,5.44,5.44,5.43,5.43,5.43,5.42,5.42,5.42,5.41,5.41,7.64,7.62,7.61,7.59,7.58,7.56,7.55,7.53,7.52,7.50,296.96,0.00,0.00,1.00,0.00,0.00,0.00,-1.00,0,None,0,aggregation
160,283.54,remora5,remora7,29.87,29.87,29.92,29.92,29.98,29.98,29.98,29.98,30.02,30.02,30.10,30.10,30.06,30.06,30.02,30.02,30.02,30.02,29.98,29.98,5.40,5.40,5.40,5.39,5.39,5.39,5.38,5.38,5.37,5.37,7.49,7.48,7.46,7.45,7.43,7.42,7.40,7.39,7.37,7.36,298.20,0.00,0.00,1.00,0.00,0.00,0.00,-1.00,0,None,0,aggregation
160,284.54,remora5,remora7,30.04,30.04,30.06,30.06,30.10,30.10,30.10,30.10,30.13,30.13,29.95,29.95,29.92,29.92,29.87,29.87,29.87,29.87,29.80,29.80,5.37,5.36,5.36,5.36,5.35,5.35,5.34,5.34,5.34,5.33,7.35,7.33,7.32,7.30,7.29,7.27,7.26,7.24,7.23,7.22,299.03,0.00,0.00,1.00,0.00,0.00,0.00,-1.00,0,None,0,aggregation
160,285.54,remora5,remora7,30.13,30.13,30.15,30.15,30.15,30.15,30.16,30.16,30.17,30.17,29.80,29.80,29.73,29.73,29.73,29.73,29.69,29.69,29.66,29.66,5.33,5.33,5.32,5.32,5.31,5.31,5.31,5.30,5.30,5.30,7.20,7.19,7.17,7.16,7.14,7.13,7.12,7.10,7.09,7.07,299.44,0.00,0.00,1.00,0.00,0.00,0.00,-1.00,0,None,0,aggregation
160,286.54,remora5,remora7,30.17,30.17,30.18,30.18,30.18,30.18,30.18,30.18,30.18,30.18,29.62,29.62,29.57,29.57,29.53,29.53,29.53,29.53,29.49,29.49,5.29,5.29,5.29,5.28,5.28,5.28,5.27,5.27,3.50,3.50,7.06,7.05,7.03,7.02,7.00,6.99,6.98,6.96,5.80,5.79,299.52,0.00,0.00,1.00,0.00,0.00,0.00,-1.00,0,None,0,aggregation
160,287.54,remora5,remora7,30.19,30.19,30.19,30.19,30.18,30.18,30.18,30.18,30.18,30.18,29.44,29.44,29.44,29.44,29.39,29.39,29.34,29.34,29.34,29.34,3.51,3.52,3.53,3.54,3.55,3.55,3.56,3.57,3.58,3.59,5.78,5.78,5.77,5.77,5.76,5.75,5.75,5.74,5.74,5.73,299.39,0.00,0.00,1.00,0.00,0.00,0.00,-1.00,0,None,0,aggregation
160,288.54,remora5,remora7,30.18,30.18,30.17,30.17,30.17,30.17,30.17,30.17,30.17,30.17,29.34,29.34,29.24,29.24,29.24,29.24,29.24,29.24,29.24,29.24,3.60,3.61,3.62,3.64,3.65,3.66,3.67,3.68,3.70,3.71,5.72,5.72,5.71,5.71,5.70,5.70,5.69,5.69,5.68,5.68,299.13,0.00,0.00,1.00,0.00,0.00,0.00,-1.00,0,None,0,aggregation
160,289.54,remora5,remora7,30.16,30.16,30.16,30.16,30.16,30.16,30.16,30.16,30.15,30.15,29.14,29.14,29.14,29.14,29.14,29.14,29.14,29.14,29.08,29.08,3.72,3.73,3.75,3.76,3.78,3.79,3.81,3.82,3.84,3.86,5.68,5.67,5.67,5.66,5.66,5.66,5.65,5.65,5.64,5.64,298.77,0.00,0.00,1.00,0.00,0.00,0.00,-1.00,0,None,0,aggregation
160,290.54,remora5,remora7,30.11,30.11,30.02,30.02,29.95,29.95,29.78,29.78,29.67,29.67,28.88,28.88,28.56,28.56,28.36,28.36,27.93,27.93,27.69,27.69,3.87,3.89,3.91,3.93,3.95,3.96,3.98,4.00,4.02,4.04,5.63,5.62,5.61,5.60,5.59,5.58,5.57,5.56,5.55,5.55,297.89,0.00,0.00,1.00,0.00,0.00,0.00,-1.00,0,None,0,aggregation
160,291.54,remora5,remora7,29.42,29.42,29.25,29.25,28.95,28.95,28.73,28.73,28.46,28.46,27.17,27.17,26.83,26.83,26.28,26.28,25.89,25.89,25.43,25.43,4.06,4.08,4.11,4.13,4.15,4.17,4.19,4.22,4.24,4.26,5.54,5.53,5.53,5.52,5.52,5.51,5.51,5.51,5.50,5.50,295.59,0.00,0.00,1.00,0.00,0.00,0.00,-1.00,0,None,0,aggregation
160,292.54,remora5,remora7,28.03,28.03,27.68,27.68,27.25,27.25,27.03,27.03,26.60,26.60,24.72,24.72,24.16,24.16,23.50,23.50,23.17,23.17,22.52,22.52,4.28,4.31,4.33,4.36,4.38,4.40,4.43,4.45,4.48,4.51,5.49,5.49,5.49,5.48,5.48,5.48,5.47,5.47,5.47,5.47,291.13,0.00,0.00,1.00,0.00,0.00,0.00,-1.00,0,None,0,aggregation
160,293.54,remora5,remora7,25.57,25.57,25.06,25.06,24.23,24.23,23.26,23.26,22.34,22.34,21.03,21.03,20.31,20.31,19.15,19.15,17.81,17.81,16.57,16.57,4.53,4.56,4.58,4.61,4.63,4.65,4.63,4.62,4.61,4.59,5.46,5.46,5.46,5.46,5.45,5.45,5.45,5.45,5.44,5.44,282.67,0.00,0.00,1.00,0.00,0.00,0.00,-1.00,0,None,0,aggregation
160,294.54,remora5,remora7,21.39,21.39,20.48,20.48,19.89,19.89,18.30,18.30,17.75,17.75,15.31,15.31,14.11,14.11,13.33,13.33,11.27,11.27,10.56,10.56,4.58,4.56,4.55,4.53,4.52,4.50,4.49,4.47,4.45,4.44,5.44,5.44,5.43,5.43,5.43,5.43,5.43,5.42,5.42,5.62,268.92,0.00,0.00,1.00,0.00,0.00,0.00,-1.00,0,None,0,aggregation
160,295.54,remora5,remora7,16.15,16.15,15.74,15.74,15.74,15.74,15.85,15.85,15.70,15.70,8.50,8.50,7.98,7.98,7.98,7.98,8.13,8.13,7.93,7.93,4.42,4.40,4.39,4.37,4.35,4.33,4.32,4.30,4.28,4.26,5.61,5.59,5.58,5.56,5.55,5.53,5.52,5.50,5.49,5.47,250.95,0.00,0.00,1.00,0.00,0.00,0.00,-1.00,0,None,0,aggregation
160,296.54,remora5,remora7,16.71,16.71,17.68,17.68,18.25,18.25,19.19,19.19,19.57,19.57,9.22,9.22,10.46,10.46,11.21,11.21,12.43,12.43,12.92,12.92,4.25,4.23,4.21,4.19,4.18,4.16,4.14,4.13,4.11,4.10,5.46,5.44,5.43,5.41,5.40,5.38,5.37,5.35,5.33,5.32,235.85,0.00,0.00,1.00,0.00,0.00,0.00,-1.00,0,None,0,aggregation
160,297.54,remora5,remora7,19.91,19.91,20.16,20.16,20.80,20.80,21.52,21.52,21.80,21.80,13.35,13.35,13.68,13.68,14.53,14.53,15.48,15.48,15.85,15.85,4.08,4.06,4.05,4.03,4.02,4.00,3.99,3.98,3.96,3.95,5.30,5.29,5.27,5.26,5.24,5.23,5.21,5.20,5.18,5.17,223.77,0.00,0.00,1.00,0.00,0.00,0.00,-1.00,0,None,0,aggregation
160,298.54,remora5,remora7,22.12,22.12,22.45,22.45,22.59,22.59,22.96,22.96,23.32,23.32,16.28,16.28,16.73,16.73,16.92,16.92,17.41,17.41,17.91,17.91,3.94,3.92,3.91,3.90,3.89,3.88,3.86,3.85,3.84,3.83,5.15,5.14,5.12,5.11,5.10,5.08,5.07,5.06,5.04,5.03,213.92,0.00,0.00,1.00,0.00,0.00,0.00,-1.00,0,None,0,aggregation
160,299.54,remora5,remora7,23.64,23.64,23.80,23.80,24.21,24.21,24.55,24.55,24.78,24.78,18.34,18.34,18.56,18.56,19.12,19.12,19.60,19.60,19.91,19.91,3.82,3.81,3.80,3.79,3.78,3.77,3.76,3.76,3.75,3.74,5.02,5.00,4.99,4.98,4.97,4.96,4.95,4.94,4.93,4.92,205.93,0.00,0.00,1.00,0.00,0.00,0.00,-1.00,0,None,0,aggregation
160,300.54,remora5,remora7,25.15,25.15,25.42,25.42,25.81,25.81,25.97,25.97,26.21,26.21,20.44,20.44,20.82,20.82,21.37,21.37,21.61,21.61,21.96,21.96,3.73,3.72,3.72,3.71,3.70,3.70,3.69,3.68,3.68,3.67,4.91,4.90,4.89,4.88,4.87,4.86,4.85,4.84,4.83,4.83,200.32,0.00,0.00,1.00,0.00,0.00,0.00,-1.00,0,None,0,aggregation
160,301.54,remora5,remora7,26.48,26.48,26.87,26.87,26.95,26.95,27.39,27.39,27.45,27.45,22.35,22.35,22.93,22.93,23.05,23.05,23.71,23.71,23.81,23.81,3.67,3.66,3.66,3.65,3.65,3.64,3.64,3.63,3.63,3.62,4.82,4.81,4.81,4.80,4.79,4.79,4.78,4.78,4.77,4.77,197.78,0.00,0.00,1.00,0.00,0.00,0.00,-1.00,0,None,0,aggregation
160,302.54,remora5,remora7,27.59,27.59,27.97,27.97,27.99,27.99,28.36,28.36,28.41,28.41,24.03,24.03,24.62,24.62,24.65,24.65,25.26,25.26,25.34,25.34,3.62,3.62,3.61,3.61,3.61,3.60,3.60,3.60,3.59,3.59,4.76,4.76,4.76,4.75,4.75,4.75,4.74,4.74,4.74,4.74,198.73,0.00,0.00,1.00,0.00,0.00,0.00,-1.00,0,None,0,aggregation
160,303.54,remora5,remora7,28.77,28.77,28.89,28.89,29.04,29.04,29.10,29.10,29.33,29.33,25.95,25.95,26.16,26.16,26.44,26.44,26.55,26.55,26.98,26.98,3.59,3.59,3.58,3.58,3.58,3.58,3.57,3.57,3.57,3.57,4.73,4.73,4.73,4.74,4.74,4.75,4.76,4.76,4.77,4.78,204.92,0.00,0.00,1.00,0.00,0.00,0.00,-1.00,0,None,0,aggregation
160,304.54,remora5,remora7,29.45,29.45,29.57,29.57,29.69,29.69,29.75,29.75,29.80,29.80,27.21,27.21,27.46,27.46,27.72,27.72,27.86,27.86,27.99,27.99,3.57,3.56,3.56,3.56,3.56,3.56,3.56,3.55,3.55,3.55,4.79,4.80,4.81,4.82,4.83,4.84,4.86,4.87,4.88,4.89,217.33,0.00,0.00,1.00,0.00,0.00,0.00,-1.00,0,None,0,aggregation
160,305.54,remora5,remora7,29.90,29.90,29.95,29.95,30.03,30.03,30.07,30.07,30.10,30.10,28.24,28.24,28.38,28.38,28.59,28.59,28.73,28.73,28.86,28.86,3.55,3.55,3.55,3.55,3.55,3.54,3.54,3.54,3.54,3.54,4.91,4.92,4.93,4.95,4.96,4.98,4.99,5.01,5.02,5.04,234.65,0.00,0.00,1.00,0.00,0.00,0.00,-1.00,0,None,0,aggregation
160,306.54,remora5,remora7,30.15,30.15,30.17,30.17,30.18,30.18,30.19,30.19,30.18,30.18,29.07,29.07,29.18,29.18,29.28,29.28,29.45,29.45,29.49,29.49,3.54,3.54,3.54,3.54,3.53,3.53,3.53,3.53,3.53,3.53,5.05,5.07,5.09,5.10,5.12,5.14,5.16,5.17,5.19,5.20,249.62,0.00,0.00,1.00,0.00,0.00,0.00,-1.00,0,None,0,aggregation
160,307.54,remora5,remora7,30.18,30.18,30.17,30.17,30.16,30.16,30.11,30.11,30.08,30.08,29.58,29.58,29.67,29.67,29.71,29.71,29.84,29.84,29.89,29.89,3.53,3.53,3.53,3.53,3.53,3.52,3.52,3.52,3.52,3.52,5.20,5.20,5.21,5.21,5.21,5.22,5.22,5.22,5.23,5.24,261.85,0.00,0.00,1.00,0.00,0.00,0.00,-1.00,0,None,0,aggregation
160,308.54,remora5,remora7,30.07,30.07,30.05,30.05,30.01,30.01,29.95,29.95,29.93,29.93,29.92,29.92,29.95,29.95,29.99,29.99,30.04,30.04,30.06,30.06,3.52,3.52,3.52,3.52,3.52,3.52,3.52,3.52,3.51,3.51,5.25,5.26,5.27,5.28,5.30,5.31,5.32,5.33,5.34,5.35,271.97,0.00,0.00,1.00,0.00,0.00,0.00,-1.00,0,None,0,aggregation
160,309.54,remora5,remora7,29.90,29.90,29.82,29.82,29.75,29.75,29.72,29.72,29.68,29.68,30.08,30.08,30.12,30.12,30.14,30.14,30.15,30.15,30.16,30.16,3.51,3.51,3.51,3.51,3.51,3.51,3.51,3.51,3.51,3.51,5.36,5.37,5.38,5.39,5.40,5.41,5.42,5.43,5.44,5.46,280.27,0.00,0.00,1.00,0.00,0.00,0.00,-1.00,0,None,0,aggregation
160,310.54,remora5,remora7,29.66,29.66,29.57,29.57,29.56,29.56,29.49,29.49,29.50,29.50,30.17,30.17,30.18,30.18,30.18,30.18,30.18,30.18,30.18,30.18,3.51,3.51,3.51,3.51,3.51,3.51,3.51,3.51,3.51,3.51,5.47,5.48,5.49,5.50,5.51,5.52,5.53,5.54,5.55,5.56,286.67,0.00,0.00,1.00,0.00,0.00,0.00,-1.00,0,None,0,aggregation
160,311.54,remora5,remora7,29.45,29.45,29.39,29.39,29.44,29.44,29.53,29.53,29.57,29.57,30.19,30.19,30.18,30.18,30.19,30.19,30.18,30.18,30.18,30.18,3.51,3.51,3.51,3.51,3.51,3.51,3.51,3.51,3.51,3.51,5.56,5.57,5.58,5.59,5.60,5.62,5.63,5.64,5.65,5.66,291.40,0.00,0.00,1.00,0.00,0.00,0.00,-1.00,0,None,0,aggregation
160,312.54,remora5,remora7,29.66,29.66,29.69,29.69,29.77,29.77,29.77,29.77,29.83,29.83,30.17,30.17,30.16,30.16,30.14,30.14,30.14,30.14,30.11,30.11,3.51,3.51,3.51,3.51,3.52,3.52,3.52,3.52,3.52,3.52,5.68,5.69,5.70,5.72,5.73,5.74,5.75,5.75,5.76,5.77,294.92,0.00,0.00,1.00,0.00,0.00,0.00,-1.00,0,None,0,aggregation
160,313.54,remora5,remora7,29.87,29.87,29.90,29.90,29.92,29.92,29.95,29.95,29.98,29.98,30.10,30.10,30.08,30.08,30.06,30.06,30.04,30.04,30.02,30.02,3.52,3.52,3.52,3.53,3.53,3.53,3.53,3.53,3.53,3.54,5.78,5.79,5.80,5.82,5.83,5.84,5.85,5.86,5.87,5.88,297.19,0.00,0.00,1.00,0.00,0.00,0.00,-1.00,0,None,0,aggregation
160,314.54,remora5,remora7,30.00,30.00,30.02,30.02,30.04,30.04,30.04,30.04,30.08,30.08,30.00,30.00,29.98,29.98,29.95,29.95,29.95,29.95,29.90,29.90,3.54,3.54,3.54,3.54,3.55,3.55,3.55,3.55,3.56,3.56,5.89,5.91,5.92,5.93,5.94,5.94,5.95,5.96,5.97,5.98,298.53,0.00,0.00,1.00,0.00,0.00,0.00,-1.00,0,None,0,aggregation
160,315.54,remora5,remora7,30.08,30.08,30.10,30.10,30.11,30.11,30.11,30.11,30.13,30.13,29.90,29.90,29.87,29.87,29.83,29.83,29.83,29.83,29.80,29.80,3.56,3.56,3.57,3.57,3.57,3.57,3.58,3.58,3.58,3.59,5.99,6.01,6.02,6.03,6.04,6.05,6.06,6.07,6.08,6.10,299.22,0.00,0.00,1.00,0.00,0.00,0.00,-1.00,0,None,0,aggregation
160,316.54,remora5,remora7,30.14,30.14,30.14,30.14,30.14,30.14,30.16,30.16,30.16,30.16,29.77,29.77,29.77,29.77,29.77,29.77,29.69,29.69,29.69,29.69,3.59,3.59,3.60,3.60,3.60,3.61,3.61,3.61,3.62,3.62,6.11,6.12,6.13,6.14,6.15,6.16,6.17,6.18,6.19,6.21,299.44,0.00,0.00,1.00,0.00,0.00,0.00,-1.00,0,None,0,aggregation
160,317.54,remora5,remora7,30.16,30.16,30.17,30.17,30.17,30.17,30.17,30.17,30.17,30.17,29.69,29.69,29.62,29.62,29.62,29.62,29.62,29.62,29.62,29.62,3.62,3.63,3.63,3.64,3.64,3.65,3.65,3.65,3.66,3.66,6.22,6.23,6.24,6.26,6.27,6.28,6.30,6.31,6.32,6.33,299.40,0.00,0.00,1.00,0.00,0.00,0.00,-1.00,0,None,0,aggregation
160,318.54,remora5,remora7,30.18,30.18,30.18,30.18,30.18,30.18,30.18,30.18,30.19,30.19,29.53,29.53,29.53,29.53,29.53,29.53,29.53,29.53,29.44,29.44,3.67,3.67,3.68,3.68,3.69,3.70,3.70,3.71,3.71,3.72,6.34,6.35,6.36,6.38,6.39,6.40,6.42,6.43,6.45,6.46,299.25,0.00,0.00,1.00,0.00,0.00,0.00,-1.00,0,None,0,aggregation
160,319.54,remora5,remora7,30.19,30.19,30.19,30.19,30.19,30.19,30.18,30.18,30.18,30.18,29.44,29.44,29.44,29.44,29.44,29.44,29.39,29.39,29.34,29.34,3.72,3.73,3.74,3.74,3.75,3.76,3.76,3.77,3.78,3.78,6.48,6.49,6.50,6.51,6.52,6.53,6.55,6.56,6.58,6.59,299.10,0.00,0.00,1.00,0.00,0.00,0.00,-1.00,0,None,0,aggregation
160,320.54,remora5,remora7,30.18,30.18,30.18,30.18,30.18,30.18,30.18,30.18,30.17,30.17,29.34,29.34,29.34,29.34,29.29,29.29,29.29,29.29,29.24,29.24,3.79,3.80,3.81,3.81,3.82,3.83,3.84,3.84,3.85,3.86,6.61,6.62,6.64,6.65,6.67,6.69,6.70,6.71,6.72,6.74,298.97,0.00,0.00,1.00,0.00,0.00,0.00,-1.00,0,None,0,aggregation
160,321.54,remora5,remora7,30.17,30.17,30.17,30.17,30.17,30.17,30.17,30.17,30.17,30.17,29.24,29.24,29.24,29.24,29.19,29.19,29.19,29.19,29.19,29.19,3.87,3.88,3.89,3.90,3.91,3.91,3.92,3.93,3.94,3.95,6.76,6.77,6.79,6.81,6.82,6.84,6.85,6.87,6.88,6.90,298.83,0.00,0.00,1.00,0.00,0.00,0.00,-1.00,0,None,0,aggregation
160,322.54,remora5,remora7,30.16,30.16,30.16,30.16,30.15,30.15,30.15,30.15,30.15,30.15,29.14,29.14,29.14,29.14,29.08,29.08,29.08,29.08,29.08,29.08,3.96,3.97,3.99,4.00,4.01,4.02,4.03,4.04,4.05,4.06,6.91,6.93,6.95,6.97,6.99,7.00,4.03,4.04,4.05,4.06,298.51,0.00,0.00,1.00,0.00,0.00,0.00,-1.00,0,None,0,aggregation
160,323.54,remora5,remora7,30.15,30.15,30.15,30.15,30.13,30.13,30.13,30.13,30.16,30.16,29.08,29.08,29.08,29.08,28.96,28.96,28.96,28.96,29.14,29.14,4.08,4.09,4.10,4.11,4.13,4.14,4.15,4.17,4.18,4.20,4.08,4.09,4.10,4.11,4.13,4.14,4.15,4.17,4.18,4.20,298.12,0.00,0.00,1.00,0.00,0.00,0.00,-1.00,0,None,0,aggregation
160,324.54,remora5,remora7,30.18,30.18,30.17,30.17,30.07,30.07,29.85,29.85,29.37,29.37,29.47,29.47,29.64,29.64,29.92,29.92,30.11,30.11,30.18,30.18,4.21,4.23,4.24,4.26,4.28,4.30,4.32,4.33,4.35,4.38,4.21,4.23,4.24,4.26,4.28,4.30,4.32,4.33,4.35,4.38,298.01,0.00,0.00,1.00,0.00,0.00,0.00,-1.00,0,None,0,aggregation
160,325.54,remora5,remora7,28.45,28.45,27.33,27.33,25.72,25.72,24.36,24.36,22.65,22.65,29.98,29.98,29.51,29.51,28.63,28.63,27.80,27.80,26.69,26.69,4.40,4.42,4.44,4.46,4.48,4.50,4.53,4.55,4.57,4.59,4.40,4.42,4.44,4.46,4.48,4.50,4.53,4.55,4.57,4.59,295.15,0.00,0.00,1.00,0.00,0.00,0.00,-1.00,0,None,0,aggregation
160,326.54,remora5,remora7,20.98,20.98,19.76,19.76,18.19,18.19,17.24,17.24,16.19,16.19,25.53,25.53,24.67,24.67,23.53,23.53,22.83,22.83,22.05,22.05,4.61,4.63,4.65,4.67,4.69,4.71,4.73,4.75,4.76,4.78,4.61,4.63,4.65,4.67,4.69,4.71,4.73,4.75,4.76,4.78,286.30,0.00,0.00,1.00,0.00,0.00,0.00,-1.00,0,None,0,aggregation
160,327.54,remora5,remora7,15.79,15.79,15.28,15.28,15.28,15.28,15.42,15.42,15.36,15.36,21.76,21.76,21.37,21.37,21.37,21.37,21.47,21.47,21.42,21.42,4.80,4.82,4.84,4.86,4.88,4.90,4.92,4.94,4.96,4.98,4.80,4.82,4.84,4.86,4.88,4.90,4.92,4.94,4.96,4.98,274.86,0.00,0.00,1.00,0.00,0.00,0.00,-1.00,0,None,0,aggregation
160,328.54,remora5,remora7,15.71,15.71,15.73,15.73,16.18,16.18,16.89,16.89,17.48,17.48,21.69,21.69,21.71,21.71,22.05,22.05,22.57,22.57,23.01,23.01,5.00,5.02,5.04,5.06,5.08,5.11,5.13,5.15,5.17,5.20,5.00,5.02,5.04,5.06,5.08,5.11,5.13,5.15,5.17,5.20,264.31,0.00,0.00,1.00,0.00,0.00,0.00,-1.00,0,None,0,aggregation
160,329.54,remora5,remora7,18.05,18.05,18.68,18.68,20.02,20.02,20.97,20.97,21.88,21.88,23.43,23.43,23.89,23.89,24.85,24.85,25.53,25.53,26.16,26.16,5.22,5.25,5.27,5.30,5.33,5.35,5.38,5.41,5.43,5.46,5.22,5.25,5.27,5.30,5.33,5.35,5.38,5.41,5.43,5.46,256.86,0.00,0.00,1.00,0.00,0.00,0.00,-1.00,0,None,0,aggregation
160,330.54,remora5,remora7,22.75,22.75,23.58,23.58,24.11,24.11,24.86,24.86,25.45,25.45,26.75,26.75,27.30,27.30,27.64,27.64,28.12,28.12,28.48,28.48,5.49,5.52,5.55,5.58,5.61,5.64,5.67,5.70,5.73,5.76,5.49,5.52,5.55,5.58,5.61,5.64,5.67,5.70,5.73,5.76,253.02,0.00,0.00,1.00,0.00,0.00,0.00,-1.00,0,None,0,aggregation
160,131.54,remora5,remora9,28.74,28.74,28.58,28.58,28.50,28.50,28.40,28.40,28.24,28.24,25.90,25.90,25.64,25.64,25.49,25.49,25.33,25.33,25.06,25.06,2.48,2.51,2.53,2.56,2.59,2.61,2.64,2.66,2.69,2.72,5.88,5.88,5.89,5.90,5.90,5.91,5.93,5.94,5.95,5.96,158.74,0.00,1.00,1.00,0.00,0.00,0.00,-1.00,0,None,0,aggregation
160,132.54,remora5,remora9,28.32,28.32,28.12,28.12,27.93,27.93,27.81,27.81,27.40,27.40,25.20,25.20,24.86,24.86,24.57,24.57,24.37,24.37,23.74,23.74,2.74,2.77,2.79,2.82,2.85,2.87,2.90,2.92,2.95,2.98,5.97,5.98,5.99,6.00,6.01,6.03,6.04,6.05,6.06,6.08,184.97,0.00,1.00,1.00,0.00,0.00,0.00,-1.00,0,None,0,aggregation
160,133.54,remora5,remora9,27.04,27.04,26.97,26.97,26.36,26.36,26.32,26.32,26.02,26.02,23.18,23.18,23.08,23.08,22.17,22.17,22.12,22.12,21.68,21.68,3.00,3.03,3.05,3.08,3.10,3.12,3.15,3.17,3.20,3.22,6.09,6.10,6.12,6.13,6.15,5.39,5.40,5.41,5.41,5.42,194.84,0.00,0.00,1.00,0.00,0.00,0.00,-1.00,0,None,0,aggregation
160,134.54,remora5,remora9,25.55,25.55,25.33,25.33,24.72,24.72,24.11,24.11,23.83,23.83,21.00,21.00,20.69,20.69,19.83,19.83,18.98,18.98,18.60,18.60,3.25,3.27,3.29,3.32,3.34,3.36,3.38,3.40,3.43,3.45,5.43,5.44,5.45,5.46,5.47,5.48,5.49,5.50,5.51,5.52,210.98,0.00,0.00,1.00,0.00,0.00,0.00,-1.00,0,None,0,aggregation
160,135.54,remora5,remora9,23.41,23.41,23.29,23.29,23.03,23.03,22.83,22.83,23.08,23.08,18.02,18.02,17.86,17.86,17.50,17.50,17.24,17.24,17.57,17.57,3.47,3.49,3.51,3.53,3.55,3.57,3.59,3.61,3.63,3.65,5.53,5.54,5.55,5.56,5.57,5.58,5.59,5.60,5.61,5.62,227.73,0.00,0.00,1.00,0.00,0.00,0.00,-1.00,0,None,0,aggregation
160,135.54,remora5,remora6,0.00,0.00,0.00,0.00,0.00,0.00,0.00,0.00,0.00,0.00,0.00,0.00,0.00,0.00,0.00,0.00,0.00,0.00,0.00,0.00,1.60,1.60,1.60,1.60,1.60,1.60,1.60,1.60,1.60,1.60,5.42,5.42,5.43,5.43,5.44,5.44,5.45,5.45,5.46,5.46,0.00,0.00,1.00,0.00,0.00,0.00,0.00,-1.00,0,None,0,aggregation
160,136.54,remora5,remora6,0.00,0.00,0.00,0.00,0.00,0.00,0.00,0.00,0.00,0.00,0.00,0.00,0.00,0.00,0.00,0.00,0.00,0.00,0.00,0.00,1.60,1.60,1.60,1.60,1.60,1.60,1.60,1.60,1.60,1.60,5.46,5.47,5.47,5.48,5.67,5.68,5.68,5.68,5.68,5.68,0.00,0.00,1.00,0.00,0.00,0.00,0.00,-1.00,0,None,0,aggregation
160,137.54,remora5,remora6,0.00,0.00,0.00,0.00,0.00,0.00,0.00,0.00,0.00,0.00,0.00,0.00,0.00,0.00,0.00,0.00,0.00,0.00,0.00,0.00,1.60,1.60,1.60,1.60,1.60,1.60,1.60,1.60,1.60,1.60,5.68,5.68,5.68,5.68,5.68,5.68,5.68,5.69,5.69,5.69,0.00,0.00,1.00,0.00,0.00,0.00,0.00,-1.00,0,None,0,aggregation
160,138.54,remora5,remora6,0.00,0.00,0.00,0.00,0.00,0.00,0.00,0.00,0.00,0.00,0.00,0.00,0.00,0.00,0.00,0.00,0.00,0.00,0.00,0.00,1.60,1.60,1.60,1.60,1.60,1.60,1.60,1.60,1.60,1.60,5.69,5.69,5.69,5.69,5.69,5.69,6.15,6.15,6.15,6.15,0.00,0.00,1.00,0.00,0.00,0.00,0.00,-1.00,0,None,0,aggregation
160,139.54,remora5,remora6,0.00,0.00,0.00,0.00,0.00,0.00,0.00,0.00,0.00,0.00,0.00,0.00,0.00,0.00,0.00,0.00,0.00,0.00,0.00,0.00,1.60,1.60,1.60,1.60,1.60,1.60,1.60,1.60,1.60,1.60,6.16,6.16,6.16,6.17,5.72,5.72,5.72,5.72,5.72,5.72,0.00,0.00,1.00,0.00,0.00,0.00,0.00,-1.00,0,None,0,aggregation
160,140.54,remora5,remora6,0.00,0.00,0.00,0.00,0.00,0.00,0.00,0.00,0.00,0.00,0.00,0.00,0.00,0.00,0.00,0.00,0.00,0.00,0.00,0.00,1.60,1.60,1.60,1.60,1.60,1.60,1.60,1.60,1.60,1.60,5.72,5.71,5.71,5.71,5.70,5.70,5.70,5.70,5.70,5.70,0.00,0.00,1.00,0.00,0.00,0.00,0.00,-1.00,0,None,0,aggregation
160,141.54,remora5,remora6,0.00,0.00,0.00,0.00,0.00,0.00,0.00,0.00,0.00,0.00,0.00,0.00,0.00,0.00,0.00,0.00,0.00,0.00,0.00,0.00,1.60,1.60,1.60,1.60,1.60,1.60,1.60,1.60,1.60,1.60,5.70,5.70,5.70,5.70,5.70,5.70,5.70,5.70,5.70,5.70,0.00,0.00,1.00,0.00,0.00,0.00,0.00,-1.00,0,None,0,aggregation
160,142.54,remora5,remora6,0.00,0.00,0.00,0.00,0.00,0.00,0.00,0.00,0.00,0.00,0.00,0.00,0.00,0.00,0.00,0.00,0.00,0.00,0.00,0.00,1.60,1.60,1.60,1.60,1.60,1.60,1.60,1.60,1.60,1.60,5.71,5.71,5.71,5.71,5.71,5.71,5.71,5.71,5.71,5.70,0.00,0.00,1.00,0.00,0.00,0.00,0.00,-1.00,0,None,0,aggregation
160,143.54,remora5,remora6,0.00,0.00,0.00,0.00,0.00,0.00,0.00,0.00,0.00,0.00,0.00,0.00,0.00,0.00,0.00,0.00,0.00,0.00,0.00,0.00,1.60,1.60,1.60,1.62,1.63,1.65,1.67,1.69,1.71,1.73,5.70,5.70,5.70,5.70,5.71,5.71,5.71,5.72,5.72,5.72,0.00,0.00,1.00,0.00,0.00,0.00,0.00,-1.00,0,None,0,aggregation
160,144.54,remora5,remora6,0.00,0.00,0.00,0.00,0.00,0.00,0.00,0.00,0.00,0.00,0.00,0.00,0.00,0.00,0.00,0.00,0.00,0.00,0.00,0.00,1.75,1.78,1.80,1.82,1.84,1.87,1.89,1.91,1.94,1.96,5.73,5.73,5.74,5.74,5.74,5.75,5.75,5.75,5.76,5.76,0.00,0.00,1.00,0.00,0.00,0.00,0.00,-1.00,0,None,0,aggregation
160,145.54,remora5,remora6,0.00,0.00,0.00,0.00,0.00,0.00,0.00,0.00,0.00,0.00,0.00,0.00,0.00,0.00,0.00,0.00,0.00,0.00,0.00,0.00,1.99,2.01,2.04,2.06,2.09,2.12,2.14,2.17,2.20,2.22,5.77,5.77,5.77,5.77,5.77,5.78,5.78,5.79,5.79,5.80,0.00,0.00,1.00,0.00,0.00,0.00,0.00,-1.00,0,None,0,aggregation
160,146.54,remora5,remora6,-35.22,-35.22,-35.16,-35.16,-34.91,-34.91,-34.49,-34.49,-33.95,-33.95,-24.75,-24.75,-24.69,-24.69,-24.45,-24.45,-24.02,-24.02,-23.49,-23.49,2.26,2.31,2.37,2.42,2.48,2.54,2.59,2.65,2.71,2.76,5.81,5.84,5.87,5.89,5.92,5.95,5.98,6.01,6.04,6.07,29.51,0.00,1.00,0.00,0.00,0.00,0.00,-1.00,0,None,0,aggregation
160,147.54,remora5,remora6,-33.20,-33.20,-32.38,-32.38,-31.52,-31.52,-30.45,-30.45,-29.25,-29.25,-22.74,-22.74,-21.91,-21.91,-21.06,-21.06,-19.98,-19.98,-18.79,-18.79,2.82,2.87,2.93,2.98,3.03,3.08,3.13,3.18,3.23,3.28,6.10,6.13,6.16,6.19,6.22,6.25,6.27,6.30,6.32,6.35,55.64,0.00,0.00,1.00,0.00,0.00,0.00,-1.00,0,None,0,aggregation
160,148.54,remora5,remora6,-28.08,-28.08,-26.67,-26.67,-25.31,-25.31,-23.87,-23.87,-22.35,-22.35,-17.61,-17.61,-16.20,-16.20,-14.84,-14.84,-13.40,-13.40,-11.89,-11.89,3.33,3.37,3.41,3.45,3.49,3.52,3.56,3.59,3.62,3.64,6.38,6.27,6.29,6.31,6.33,6.35,6.36,6.38,6.39,6.40,75.66,0.00,0.00,1.00,0.00,0.00,0.00,-1.00,0,None,0,aggregation
160,149.54,remora5,remora6,-20.59,-20.59,-19.13,-19.13,-17.24,-17.24,-15.49,-15.49,-13.70,-13.70,-10.13,-10.13,-8.67,-8.67,-6.78,-6.78,-5.03,-5.03,-3.24,-3.24,3.66,3.68,3.70,3.72,3.74,3.75,3.77,3.78,3.79,3.81,6.42,6.43,6.44,6.45,6.46,6.47,6.48,6.48,6.49,6.49,87.66,0.00,0.00,1.00,0.00,0.00,0.00,-1.00,0,None,0,aggregation
160,150.54,remora5,remora6,-11.67,-11.67,-9.82,-9.82,-7.74,-7.74,-5.86,-5.86,-3.60,-3.60,-1.21,-1.21,0.64,0.64,2.72,2.72,4.60,4.60,6.54,6.54,3.82,3.83,3.84,3.85,3.86,3.87,3.88,3.89,3.90,3.91,6.50,6.51,6.51,6.51,6.51,6.51,6.52,6.52,6.52,6.53,90.79,0.00,0.00,1.00,0.00,0.00,0.00,-1.00,0,None,0,aggregation
160,151.54,remora5,remora6,-1.29,-1.29,0.79,0.79,2.84,2.84,4.86,4.86,6.63,6.63,8.39,8.39,10.04,10.04,11.68,11.68,13.28,13.28,14.68,14.68,3.91,3.92,3.93,3.94,3.94,3.95,3.96,3.97,3.98,3.99,6.53,6.53,6.53,6.54,6.54,6.54,6.54,6.76,6.76,6.76,97.98,0.00,0.00,1.00,0.00,0.00,0.00,-1.00,0,None,0,aggregation
160,152.54,remora5,remora6,8.58,8.58,10.27,10.27,11.72,11.72,13.32,13.32,14.88,14.88,16.21,16.21,17.53,17.53,18.65,18.65,19.88,19.88,21.06,21.06,4.00,4.01,4.02,4.03,4.04,4.05,4.06,4.07,4.08,4.10,6.77,6.77,6.78,6.57,6.58,6.58,6.80,6.81,6.81,6.82,113.19,0.00,0.00,1.00,0.00,0.00,0.00,-1.00,0,None,0,aggregation
160,153.54,remora5,remora6,16.01,16.01,17.10,17.10,18.51,18.51,19.52,19.52,20.34,20.34,21.91,21.91,22.73,22.73,23.77,23.77,24.50,24.50,25.08,25.08,4.11,4.12,4.14,4.15,4.16,4.18,4.19,4.21,4.23,4.24,6.83,6.83,6.84,6.85,6.86,6.87,6.88,6.89,6.91,6.92,134.14,0.00,0.00,1.00,0.00,0.00,0.00,-1.00,0,None,0,aggregation
160,154.54,remora5,remora6,21.12,21.12,22.03,22.03,22.75,22.75,23.45,23.45,23.98,23.98,25.64,25.64,26.26,26.26,26.75,26.75,27.21,27.21,27.56,27.56,4.26,4.28,4.30,4.32,4.34,4.35,4.37,4.39,4.41,4.43,6.93,6.94,6.96,5.96,5.97,5.98,5.99,6.00,6.01,6.02,158.81,0.00,0.00,1.00,0.00,0.00,0.00,-1.00,0,None,0,aggregation
160,155.54,remora5,remora6,24.49,24.49,24.98,24.98,25.45,25.45,25.79,25.79,26.23,26.23,27.89,27.89,28.19,28.19,28.48,28.48,28.68,28.68,28.92,28.92,4.45,4.47,4.49,4.51,4.53,4.55,4.57,4.59,4.61,4.63,6.04,6.05,6.06,6.07,6.09,6.10,6.11,6.13,6.14,6.15,185.72,0.00,0.00,1.00,0.00,0.00,0.00,-1.00,0,None,0,aggregation
160,156.54,remora5,remora6,26.43,26.43,26.64,26.64,27.03,27.03,27.22,27.22,27.40,27.40,29.04,29.04,29.15,29.15,29.35,29.35,29.45,29.45,29.54,29.54,4.65,4.67,4.69,4.71,4.73,4.74,4.76,4.78,4.79,4.81,6.17,6.18,6.20,6.21,6.23,6.24,6.26,6.27,6.28,6.30,184.33,0.00,0.00,1.00,0.00,0.00,0.00,-1.00,0,None,0,aggregation
160,157.54,remora5,remora6,27.57,27.57,27.74,27.74,27.91,27.91,28.07,28.07,28.07,28.14,29.62,29.62,29.70,29.70,29.77,29.77,29.83,29.83,29.83,29.87,4.82,4.84,4.85,4.87,4.88,4.89,4.91,4.92,4.93,4.94,6.31,6.33,6.34,6.36,6.37,6.39,6.40,6.41,6.43,6.44,187.02,0.00,0.00,1.00,0.00,0.00,0.00,-1.00,0,None,0,aggregation
160,148.54,remora5,remora4,12.31,12.31,13.46,13.46,-10.53,-10.53,-10.12,-10.12,11.50,11.50,3.64,3.64,5.08,5.08,5.16,5.16,5.58,5.58,2.61,2.61,3.84,3.85,3.85,3.86,3.86,3.86,3.87,3.87,3.87,3.87,6.88,6.61,6.62,6.63,6.64,6.65,6.65,6.65,6.65,6.66,99.15,0.00,0.00,1.00,1.00,0.00,1.00,-1.00,0,None,0,aggregation
160,149.54,remora5,remora4,11.68,11.68,13.28,14.68,14.68,-10.71,-10.71,-10.71,15.02,15.02,2.84,2.84,4.86,6.63,6.63,4.98,4.98,4.98,7.07,7.07,3.88,3.88,3.88,3.88,3.89,3.89,3.90,3.90,3.90,3.91,6.67,6.67,6.68,6.69,6.69,6.70,6.71,6.05,6.06,6.06,86.13,0.00,0.00,1.00,1.00,0.00,1.00,-1.00,0,None,0,aggregation
160,150.54,remora5,remora4,14.50,14.50,-10.52,-10.52,-10.09,-10.09,12.39,12.39,11.86,11.86,6.41,6.41,5.18,5.18,5.61,5.61,3.74,3.74,3.07,3.07,3.92,3.92,3.93,3.93,3.94,3.94,3.95,3.96,3.97,3.98,6.07,6.08,6.08,6.08,6.08,6.08,6.08,6.08,6.08,6.09,84.80,0.00,0.00,1.00,1.00,0.00,1.00,-1.00,0,None,0,aggregation
160,151.54,remora5,remora4,13.46,13.46,15.02,15.02,-10.51,-10.51,-10.16,-10.16,12.93,12.93,5.08,5.08,7.07,7.07,5.18,5.18,5.54,5.54,4.42,4.42,3.99,4.00,4.01,4.02,4.03,4.03,4.04,4.04,4.05,4.06,6.09,6.10,6.11,6.12,6.12,6.12,6.12,6.23,6.23,6.23,73.55,0.00,0.00,1.00,1.00,0.00,1.00,-1.00,0,None,0,aggregation
160,152.54,remora5,remora4,11.68,11.68,13.10,13.10,14.68,14.68,16.04,-10.77,-10.77,-10.77,2.84,2.84,4.64,4.64,6.63,6.63,8.36,4.93,4.93,4.93,4.07,4.08,4.09,4.10,4.11,4.12,4.14,4.15,4.15,4.16,6.23,6.23,6.24,6.15,6.16,6.17,6.26,6.27,6.27,6.27,68.58,0.00,0.00,1.00,1.00,0.00,1.00,-1.00,0,None,0,aggregation
160,153.54,remora5,remora4,-10.27,-10.27,13.28,12.93,12.93,12.93,14.33,14.33,-10.15,-10.15,5.43,5.43,4.86,4.42,4.42,4.42,6.19,6.19,5.55,5.55,4.16,4.17,4.18,4.19,4.20,4.21,4.23,4.24,4.25,4.25,6.27,6.28,6.28,6.29,6.30,6.31,6.31,6.32,6.33,6.33,65.75,0.00,0.00,1.00,1.00,0.00,1.00,-1.00,0,None,0,aggregation
160,154.54,remora5,remora4,14.33,14.33,14.33,14.33,-10.19,-10.19,-9.76,-9.76,11.11,11.11,6.19,6.19,6.19,6.19,5.51,5.51,5.94,5.94,2.12,2.12,4.26,4.27,4.29,4.30,4.30,4.31,4.31,4.32,4.33,4.33,6.34,6.35,6.36,5.14,5.15,5.15,5.15,5.15,5.15,5.15,65.19,0.00,0.00,1.00,1.00,0.00,1.00,-1.00,0,None,0,aggregation
160,155.54,remora5,remora4,10.62,10.62,11.66,11.66,13.09,13.09,14.34,14.34,-10.94,-10.88,1.51,1.51,2.82,2.82,4.62,4.62,6.21,6.21,4.76,4.82,4.34,4.34,4.35,4.35,4.36,4.36,4.37,4.37,4.38,4.38,5.15,5.15,5.16,5.16,5.16,5.17,5.17,5.17,5.18,5.18,66.94,0.00,0.00,1.00,1.00,0.00,1.00,-1.00,0,None,0,aggregation
160,156.54,remora5,remora4,-10.88,-10.88,11.75,11.75,11.02,11.02,11.97,11.97,-10.93,-10.93,4.82,4.82,2.93,2.93,2.01,2.01,3.21,3.21,4.77,4.77,4.38,4.38,4.38,4.38,4.39,4.39,4.39,4.39,4.39,4.39,5.18,5.18,5.18,5.18,5.19,5.19,5.19,5.20,5.20,5.21,66.30,0.00,0.00,1.00,1.00,0.00,1.00,-1.00,0,None,0,aggregation
160,157.54,remora5,remora4,-10.52,-10.52,9.10,9.10,8.82,8.82,9.94,9.94,9.94,11.83,5.18,5.18,-0.40,-0.40,-0.74,-0.74,0.66,0.66,0.66,3.03,4.39,4.39,4.39,4.39,4.38,4.38,4.38,4.38,4.39,4.39,5.21,5.21,5.22,5.22,5.22,5.23,5.23,5.24,5.25,5.25,63.77,0.00,0.00,1.00,0.00,0.00,0.00,-1.00,0,None,0,aggregation
160,158.54,remora5,remora4,12.72,12.72,-11.81,-11.81,-11.49,-11.49,10.06,10.06,9.94,9.94,4.15,4.15,3.89,3.89,4.21,4.21,0.81,0.81,0.66,0.66,4.39,4.39,4.39,4.38,4.38,4.37,4.37,4.37,4.37,4.37,5.26,5.27,5.27,5.28,5.28,5.28,5.29,5.29,5.30,5.31,63.28,0.00,0.00,1.00,0.00,0.00,0.00,-1.00,0,None,0,aggregation
160,159.54,remora5,remora4,11.39,11.39,-11.58,-11.58,11.40,11.40,10.75,10.75,-11.64,-11.64,2.48,2.48,4.12,4.12,2.49,2.49,1.67,1.67,4.06,4.06,4.36,4.36,4.36,4.35,4.35,4.35,4.34,4.34,4.34,4.33,5.32,5.32,5.33,5.33,5.34,5.34,5.35,5.36,5.36,5.37,61.24,0.00,0.00,1.00,0.00,0.00,0.00,-1.00,0,None,0,aggregation
160,160.54,remora5,remora4,-11.25,-11.25,8.43,8.42,8.42,8.42,9.98,9.98,11.53,11.53,4.45,4.45,-1.23,-1.24,-1.24,-1.24,0.70,0.70,2.65,2.65,4.33,4.32,4.32,4.31,4.31,4.31,4.30,4.30,4.30,4.30,5.37,5.38,5.38,5.39,5.40,5.41,5.42,5.42,5.43,5.44,59.66,0.00,0.00,1.00,0.00,0.00,0.00,-1.00,0,None,0,aggregation
160,161.54,remora5,remora4,12.58,12.58,-12.52,-12.52,-12.14,-12.14,10.41,10.41,10.37,10.37,3.98,3.98,3.17,3.17,3.55,3.55,1.25,1.25,1.19,1.19,4.30,4.29,4.29,4.28,4.27,4.26,4.26,4.25,4.25,4.25,5.45,5.46,5.46,5.47,5.47,5.48,5.48,5.49,5.50,5.51,58.64,0.00,0.00,1.00,0.00,0.00,0.00,-1.00,0,None,0,aggregation
160,162.54,remora5,remora4,11.62,11.62,-12.29,-11.98,-11.98,-11.98,9.98,9.98,9.40,9.40,2.76,2.76,3.41,3.72,3.72,3.72,0.70,0.70,-0.02,-0.02,4.24,4.24,4.23,4.23,4.22,4.21,4.20,4.19,4.19,4.18,5.51,5.52,5.53,5.54,5.54,5.54,5.55,5.56,5.56,5.56,56.32,0.00,0.00,1.00,0.00,0.00,0.00,-1.00,0,None,0,aggregation
160,163.54,remora5,remora4,10.51,10.51,12.42,12.42,-12.52,-12.52,-12.21,-12.21,10.60,10.60,1.37,1.37,3.78,3.78,3.18,3.18,3.49,3.49,1.48,1.48,4.18,4.17,4.17,4.16,4.16,4.15,4.14,4.13,4.12,4.11,5.57,5.56,5.55,5.56,5.57,5.56,5.56,5.56,5.57,5.57,55.63,0.00,0.00,1.00,0.00,0.00,0.00,-1.00,0,None,0,aggregation
160,164.54,remora5,remora4,10.53,10.53,12.14,12.14,-12.34,-12.34,-12.10,-12.10,10.56,10.56,1.40,1.40,3.43,3.43,3.36,3.36,3.60,3.60,1.43,1.43,4.11,4.10,4.10,4.09,4.09,4.08,4.07,4.06,4.05,4.05,5.58,5.59,5.59,5.60,5.61,5.61,5.62,5.62,5.63,5.63,55.05,0.00,0.00,1.00,0.00,0.00,0.00,-1.00,0,None,0,aggregation
160,165.54,remora5,remora4,10.19,10.19,11.56,11.56,-12.09,-12.09,12.47,12.47,12.37,-12.19,0.98,0.98,2.70,2.70,3.61,3.61,3.84,3.84,3.72,3.51,4.04,4.04,4.03,4.03,4.02,4.02,4.01,4.01,4.01,4.01,5.64,5.65,5.66,5.66,5.67,5.68,5.68,5.69,5.70,5.71,54.21,0.00,0.00,1.00,0.00,0.00,0.00,-1.00,0,None,0,aggregation
160,166.54,remora5,remora4,-12.19,-12.19,-11.73,-11.73,10.22,10.22,10.43,10.43,11.80,11.80,3.51,3.51,3.97,3.97,1.01,1.01,1.27,1.27,2.99,2.99,4.00,4.00,3.99,3.98,3.98,3.98,3.98,3.98,3.98,3.99,5.72,5.72,5.73,5.73,5.74,5.75,5.76,5.77,5.77,5.78,54.12,0.00,0.00,1.00,0.00,0.00,0.00,-1.00,0,None,0,aggregation
160,167.54,remora5,remora4,-11.79,-11.79,12.53,12.53,12.04,12.04,-11.81,-11.81,-11.42,10.05,3.91,3.91,3.92,3.92,3.30,3.30,3.88,3.88,4.27,0.79,3.99,3.98,3.98,3.99,3.99,4.00,4.00,4.00,4.00,4.01,5.79,5.80,5.81,5.82,5.83,5.84,5.85,5.86,5.87,5.88,55.23,0.00,0.00,1.00,1.00,0.00,1.00,-1.00,0,None,0,aggregation
160,168.54,remora5,remora4,10.05,10.05,10.45,10.45,11.72,11.72,-11.64,-11.64,12.14,12.14,0.79,0.79,1.30,1.30,2.89,2.89,4.06,4.06,3.42,3.42,4.01,4.02,4.03,4.03,4.04,4.06,4.06,4.07,4.08,4.09,5.89,5.90,5.91,5.92,5.94,5.95,5.96,5.97,5.98,6.00,55.91,0.00,0.00,1.00,1.00,0.00,1.00,-1.00,0,None,0,aggregation
160,169.54,remora5,remora4,-11.22,-11.22,11.03,10.98,10.98,-11.34,-11.34,-11.34,-10.88,-10.88,4.48,4.48,2.02,1.97,1.97,4.35,4.35,4.35,4.82,4.82,4.10,4.11,4.12,4.14,4.15,4.17,4.18,4.19,4.20,4.22,6.01,6.02,6.03,6.05,6.06,6.08,6.09,6.10,6.11,6.13,54.67,0.00,0.00,1.00,0.00,0.00,0.00,-1.00,0,None,0,aggregation
160,170.54,remora5,remora4,7.77,7.77,7.58,7.58,9.02,9.02,10.17,10.17,11.55,11.55,-2.05,-2.05,-2.30,-2.30,-0.49,-0.49,0.94,0.94,2.68,2.68,4.23,4.25,4.26,4.28,4.30,4.32,4.34,4.36,4.39,4.41,6.14,6.16,6.17,6.18,6.20,6.22,6.23,6.25,6.27,6.29,54.55,0.00,0.00,1.00,0.00,0.00,0.00,-1.00,0,None,0,aggregation
160,171.54,remora5,remora4,-12.22,-11.85,-11.85,-11.85,8.00,8.00,6.58,6.58,7.30,7.30,3.47,3.85,3.85,3.85,-1.77,-1.77,-3.55,-3.55,-2.64,-2.64,4.43,4.45,4.46,4.45,4.45,4.45,4.45,4.45,4.44,4.44,4.45,4.45,4.46,4.47,4.48,4.49,4.50,4.51,4.52,4.53,51.81,0.00,0.00,1.00,0.00,0.00,0.00,-1.00,0,None,0,aggregation
160,172.54,remora5,remora4,7.79,7.79,8.51,8.51,9.22,9.22,9.39,9.39,-13.97,-13.78,-2.04,-2.04,-1.13,-1.13,-0.24,-0.24,-0.03,-0.03,1.72,1.92,4.44,4.43,4.43,4.42,4.42,4.42,4.41,4.41,4.41,4.41,4.55,4.56,4.57,4.58,4.59,4.61,4.62,4.63,4.65,4.66,51.03,0.00,0.00,1.00,0.00,0.00,0.00,-1.00,0,None,0,aggregation
160,173.54,remora5,remora4,-13.78,-13.78,4.13,4.13,1.94,1.94,2.16,2.16,2.58,2.58,1.92,1.92,-6.34,-6.34,-8.52,-8.52,-8.31,-8.31,-7.89,-7.89,4.41,4.41,4.41,4.41,4.40,4.40,4.39,4.38,4.37,4.37,4.67,4.68,4.69,4.70,4.71,4.72,4.73,4.74,4.75,4.76,48.42,0.00,0.00,1.00,0.00,0.00,0.00,-1.00,0,None,0,aggregation
160,174.54,remora5,remora4,3.06,3.06,3.44,3.44,4.81,4.81,6.54,8.20,8.20,8.20,-7.41,-7.41,-7.02,-7.02,-5.65,-5.65,-3.60,-1.52,-1.52,-1.52,4.36,4.36,4.36,4.36,4.36,4.35,4.34,4.33,4.33,4.33,4.77,4.78,4.80,4.80,4.80,4.80,4.81,4.82,4.83,4.85,44.75,0.00,0.00,0.00,0.00,0.00,0.00,-1.00,0,None,0,aggregation
160,175.54,remora5,remora4,9.86,9.86,11.50,11.50,13.10,13.10,-17.37,-17.37,-17.27,-17.27,0.56,0.56,2.61,2.61,4.64,4.64,-1.68,-1.68,-1.57,-1.57,4.33,4.33,4.32,4.32,4.31,4.30,4.29,4.27,4.26,4.26,4.87,4.88,4.90,4.91,4.93,4.94,4.95,4.95,4.96,4.97,46.51,0.00,0.00,1.00,0.00,0.00,0.00,-1.00,0,None,0,aggregation
160,176.54,remora5,remora4,10.77,10.77,10.41,10.41,11.86,11.86,-17.30,-17.30,11.86,11.86,1.70,1.70,1.25,1.25,3.07,3.07,-1.60,-1.60,3.07,3.07,4.25,4.24,4.23,4.22,4.21,4.20,4.18,4.17,4.16,4.16,4.98,4.99,5.00,5.02,5.03,5.04,5.05,5.05,5.06,5.08,48.38,0.00,0.00,1.00,0.00,0.00,0.00,-1.00,0,None,0,aggregation
160,177.54,remora5,remora4,11.13,11.13,-17.27,-17.27,11.50,11.50,11.13,11.13,-17.32,-17.32,2.16,2.16,-1.57,-1.57,2.61,2.61,2.16,2.16,-1.62,-1.62,4.15,4.14,4.13,4.12,4.10,4.09,4.09,4.09,4.08,4.08,5.09,5.11,5.11,5.12,5.13,5.14,5.15,5.17,5.19,5.19,50.57,0.00,0.00,1.00,0.00,0.00,0.00,-1.00,0,None,0,aggregation
160,178.54,remora5,remora4,-17.21,-17.21,8.94,8.94,8.76,8.76,10.23,11.68,11.68,-17.46,-1.51,-1.51,-0.59,-0.59,-0.82,-0.82,1.02,2.84,2.84,-1.77,4.07,4.06,4.04,4.03,4.02,4.01,4.00,3.98,3.97,3.96,5.20,5.20,5.21,5.22,5.23,5.24,5.25,5.27,5.28,5.29,51.01,0.00,0.00,1.00,1.00,0.00,1.00,-1.00,0,None,0,aggregation
160,179.54,remora5,remora4,-17.46,-17.46,-17.31,-17.31,8.39,8.39,8.02,8.02,9.68,9.68,-1.77,-1.77,-1.62,-1.62,-1.29,-1.29,-1.75,-1.75,0.33,0.33,3.95,3.94,3.92,3.91,3.90,3.89,3.88,3.88,3.87,3.86,5.30,5.30,5.31,5.31,5.32,5.33,5.34,5.36,5.37,5.38,52.89,0.00,0.00,1.00,0.00,0.00,0.00,-1.00,0,None,0,aggregation
160,180.54,remora5,remora4,11.13,11.13,12.57,12.57,-17.66,-17.66,-17.59,10.04,10.04,10.04,2.16,2.16,3.97,3.97,-1.96,-1.96,-1.89,0.79,0.79,0.79,3.86,3.86,3.85,3.84,3.83,3.82,3.81,3.80,3.80,3.80,5.40,5.42,5.43,5.45,5.46,5.46,5.47,5.48,5.49,5.51,55.94,0.00,0.00,1.00,1.00,0.00,1.00,-1.00,0,None,0,aggregation
160,181.54,remora5,remora4,10.23,10.23,11.68,11.68,-17.64,-17.64,-17.55,-17.55,8.76,8.76,1.02,1.02,2.84,2.84,-1.94,-1.94,-1.85,-1.85,-0.82,-0.82,3.79,3.78,3.77,3.76,3.75,3.73,3.72,3.71,3.69,3.68,5.52,5.53,5.55,5.56,5.57,5.57,5.57,5.58,5.58,5.60,60.18,0.00,0.00,1.00,1.00,0.00,1.00,-1.00,0,None,0,aggregation
160,182.54,remora5,remora4,8.02,8.02,9.49,9.49,10.95,10.95,12.21,12.21,-17.78,-17.78,-1.75,-1.75,0.10,0.10,1.93,1.93,3.52,3.52,-2.08,-2.08,3.67,3.66,3.65,3.64,3.63,3.62,3.61,3.61,3.60,3.59,5.61,5.62,5.63,5.64,5.65,5.67,5.68,5.70,5.71,5.71,62.26,0.00,0.00,1.00,1.00,0.00,1.00,-1.00,0,None,0,aggregation
160,183.54,remora5,remora4,-17.71,-17.71,8.94,8.94,8.76,8.76,10.59,10.59,-17.75,-17.75,-2.02,-2.02,-0.59,-0.59,-0.82,-0.82,1.47,1.47,-2.05,-2.05,3.58,3.57,3.56,3.56,3.55,3.55,3.55,3.54,3.53,3.52,5.72,5.73,5.74,5.75,5.77,5.78,5.80,5.81,5.82,5.83,65.84,0.00,0.00,1.00,1.00,0.00,1.00,-1.00,0,None,0,aggregation
160,184.54,remora5,remora4,11.10,11.10,10.74,10.74,-17.77,-17.77,11.52,11.52,11.34,11.34,2.12,2.12,1.66,1.66,-2.07,-2.07,2.64,2.64,2.41,2.41,3.51,3.50,3.50,3.49,3.49,3.48,3.47,3.46,3.45,3.44,5.84,5.85,5.87,5.88,5.89,5.90,5.91,5.92,5.94,5.95,71.15,0.00,0.00,1.00,1.00,0.00,1.00,-1.00,0,None,0,aggregation
160,185.54,remora5,remora4,-17.79,-17.79,-17.73,-17.73,9.10,9.10,9.28,9.28,10.80,10.80,-2.09,-2.09,-2.04,-2.04,-0.39,-0.39,-0.17,-0.17,1.74,1.74,3.44,3.43,3.42,3.42,3.41,3.40,3.39,3.39,3.38,3.37,5.96,5.97,5.98,5.99,6.00,6.01,6.02,6.04,6.05,6.07,70.14,0.00,0.00,1.00,1.00,0.00,1.00,-1.00,0,None,0,aggregation
160,186.54,remora5,remora4,12.14,12.14,-17.82,-17.79,-17.79,-17.79,10.08,10.08,9.67,9.67,3.42,3.42,-2.13,-2.09,-2.09,-2.09,0.83,0.83,0.32,0.32,3.37,3.37,3.36,3.35,3.34,3.33,3.32,3.32,3.31,3.30,6.08,6.10,6.11,6.12,6.12,6.13,6.14,6.16,6.17,6.18,70.48,0.00,0.00,1.00,1.00,0.00,1.00,-1.00,0,None,0,aggregation
160,187.54,remora5,remora4,11.02,11.02,-17.80,-17.80,-17.77,-17.77,8.98,8.98,8.63,8.63,2.01,2.01,-2.10,-2.10,-2.07,-2.07,-0.55,-0.55,-0.98,-0.98,3.30,3.29,3.29,3.29,3.28,3.27,3.27,3.26,3.26,3.25,6.20,6.21,6.23,6.24,6.25,6.25,6.26,6.28,6.29,6.31,69.51,0.00,0.00,1.00,1.00,0.00,1.00,-1.00,0,None,0,aggregation
160,188.54,remora5,remora4,9.99,9.99,11.57,11.57,-17.84,-17.84,11.97,11.97,11.15,11.15,0.72,0.72,2.71,2.71,-2.14,-2.14,3.21,3.21,2.17,2.17,3.25,3.24,3.24,3.24,3.23,3.23,3.22,3.22,3.21,3.21,6.32,6.34,6.35,6.37,6.38,6.39,6.40,6.42,6.43,3.21,70.39,0.00,0.00,1.00,1.00,0.00,1.00,-1.00,0,None,0,aggregation
160,189.54,remora5,remora4,-17.84,-17.84,-17.80,-17.80,8.35,8.35,8.02,8.02,9.34,9.34,-2.14,-2.14,-2.10,-2.10,-1.33,-1.33,-1.75,-1.75,-0.10,-0.10,3.21,3.20,3.20,3.20,3.19,3.19,3.18,3.18,3.18,3.18,3.21,3.20,3.20,3.20,3.19,3.19,3.18,3.18,3.18,3.18,70.47,0.00,0.00,1.00,1.00,0.00,1.00,-1.00,0,None,0,aggregation
160,190.54,remora5,remora4,10.67,10.67,-17.85,-17.85,10.88,10.88,10.47,10.47,-17.85,-17.85,1.58,1.58,-2.15,-2.15,1.83,1.83,1.33,1.33,-2.15,-2.15,3.17,3.17,3.17,3.17,3.16,3.16,3.16,3.15,3.15,3.15,3.17,3.17,3.17,3.17,3.16,3.16,3.16,3.15,3.15,3.15,70.61,0.00,0.00,1.00,1.00,0.00,1.00,-1.00,0,None,0,aggregation
160,191.54,remora5,remora4,10.69,10.69,10.42,10.42,-2.15,-2.15,-2.11,-2.11,16.22,16.22,1.60,1.60,1.27,1.27,-17.85,-17.85,-17.81,-17.81,8.60,8.60,3.14,3.14,3.14,3.13,3.13,3.13,3.13,3.13,3.13,3.13,3.14,3.14,3.14,3.13,3.13,3.13,3.13,3.13,3.13,3.13,72.21,0.00,0.00,1.00,0.00,0.00,0.00,-1.00,0,None,0,aggregation
160,192.54,remora5,remora4,17.94,17.94,-1.67,-1.67,-1.40,-1.40,22.71,22.71,-0.63,-0.63,10.80,10.80,-17.37,-17.37,-17.09,-17.09,17.07,17.07,-16.33,-16.33,3.14,3.14,3.13,3.13,3.13,3.14,3.15,3.15,3.15,3.15,3.14,3.14,3.13,3.13,3.13,3.14,3.15,3.15,3.15,3.15,78.08,0.00,0.00,1.00,0.00,0.00,0.00,-1.00,0,None,0,aggregation
160,193.54,remora5,remora4,-0.21,-0.21,0.45,0.45,27.99,1.61,1.61,1.61,2.23,2.23,-15.90,-15.90,-15.25,-15.25,24.66,-14.09,-14.09,-14.09,-13.47,-13.47,3.14,3.13,3.13,3.15,3.16,3.18,3.18,3.16,3.15,3.15,3.14,3.13,3.13,3.15,3.16,3.18,3.18,3.16,3.15,3.15,80.01,0.00,0.00,1.00,0.00,0.00,0.00,-1.00,0,None,0,aggregation
160,194.54,remora5,remora4,29.86,3.61,3.61,3.61,4.34,4.34,5.32,5.32,6.34,6.34,28.14,-12.08,-12.08,-12.08,-11.36,-11.36,-10.37,-10.37,-9.36,-9.36,3.17,3.21,3.22,3.21,3.20,3.19,3.18,3.17,3.18,3.20,3.17,3.21,3.22,3.21,3.20,3.19,3.18,3.17,3.18,3.20,78.35,0.00,0.00,1.00,0.00,0.00,0.00,-1.00,0,None,0,aggregation
160,195.54,remora5,remora4,7.37,7.37,8.13,8.13,8.63,8.63,9.09,9.09,23.18,23.18,-8.33,-8.33,-7.01,-7.01,-5.50,-5.50,-4.06,-4.06,27.04,27.04,3.20,3.20,3.19,3.19,3.18,3.18,3.18,3.18,3.18,3.22,3.20,3.20,3.19,3.19,3.18,3.18,3.18,3.18,3.18,3.22,77.39,0.00,0.00,1.00,1.00,0.00,1.00,-1.00,0,None,0,aggregation
160,196.54,remora5,remora4,22.46,22.46,23.23,23.23,23.67,23.67,24.20,24.20,24.75,24.75,26.55,26.55,27.07,27.07,27.36,27.36,27.70,27.70,28.05,28.05,3.24,3.26,3.28,3.30,3.32,3.34,3.37,3.41,3.44,3.46,3.24,3.26,3.28,3.30,3.32,3.34,3.37,3.41,3.44,3.46,95.27,0.00,0.00,1.00,0.00,0.00,0.00,-1.00,0,None,0,aggregation
160,197.54,remora5,remora4,25.32,25.32,25.66,25.66,26.02,26.02,26.40,26.40,26.79,26.79,28.40,28.40,28.60,28.60,28.81,28.81,29.02,29.02,29.23,29.23,3.48,3.50,3.52,3.55,3.57,3.60,3.63,3.66,3.69,3.71,3.48,3.50,3.52,3.55,3.57,3.60,3.63,3.66,3.69,3.71,115.81,0.00,0.00,1.00,0.00,0.00,0.00,-1.00,0,None,0,aggregation
160,198.54,remora5,remora4,27.10,27.10,27.32,27.32,27.52,27.52,27.78,27.78,27.99,27.99,29.39,29.39,29.50,29.50,29.60,29.60,29.71,29.71,29.80,29.80,3.73,3.76,3.78,3.81,3.84,3.89,3.92,3.94,3.97,3.99,3.73,3.76,3.78,3.81,3.84,3.89,3.92,3.94,3.97,3.99,137.03,0.00,0.00,1.00,0.00,0.00,0.00,-1.00,0,None,0,aggregation
160,199.54,remora5,remora4,28.17,28.17,28.30,28.30,28.43,28.43,28.56,28.56,28.70,28.70,29.88,29.88,29.93,29.93,29.97,29.97,30.02,30.02,30.06,30.06,4.01,4.04,4.07,4.12,4.16,4.19,4.21,4.24,4.26,4.29,4.01,4.04,4.07,4.12,4.16,4.19,4.21,4.24,4.26,4.29,159.99,0.00,0.00,1.00,0.00,0.00,0.00,-1.00,0,None,0,aggregation
160,200.54,remora5,remora4,28.77,28.77,28.89,28.95,28.95,28.95,29.11,29.11,29.16,29.16,30.08,30.08,30.11,30.12,30.12,30.12,30.15,30.15,30.16,30.16,4.31,4.34,4.37,4.39,4.43,4.47,4.50,4.52,4.55,4.58,4.31,4.34,4.37,4.39,4.43,4.47,4.50,4.52,4.55,4.58,181.87,0.00,0.00,1.00,0.00,0.00,0.00,-1.00,0,None,0,aggregation
160,201.54,remora5,remora4,29.27,29.27,29.33,29.33,29.31,29.31,29.42,29.42,29.52,29.52,30.18,30.18,30.18,30.18,30.18,30.18,30.18,30.18,30.18,30.18,4.61,4.63,4.66,4.69,4.72,4.75,4.77,4.80,4.83,4.86,4.61,4.63,4.66,4.69,4.72,4.75,4.77,4.80,4.83,4.86,202.77,0.00,0.00,1.00,0.00,0.00,0.00,-1.00,0,None,0,aggregation
160,202.54,remora5,remora4,29.52,29.52,29.55,29.55,29.61,29.61,29.67,29.67,29.67,29.67,30.18,30.18,30.18,30.18,30.17,30.17,30.16,30.16,30.16,30.16,4.90,4.93,4.95,4.97,5.00,5.03,5.06,5.09,5.12,5.14,4.90,4.93,4.95,4.97,5.00,5.03,5.06,5.09,5.12,5.14,220.36,0.00,0.00,1.00,0.00,0.00,0.00,-1.00,0,None,0,aggregation
160,203.54,remora5,remora4,29.82,29.82,30.18,30.18,0.00,0.00,30.00,30.00,30.00,30.00,30.12,30.12,29.57,29.57,0.00,0.00,30.00,30.00,30.00,30.00,5.16,5.20,5.23,5.26,5.28,5.27,5.29,5.32,5.35,5.39,5.16,5.20,5.23,5.26,5.28,5.27,5.29,5.32,5.35,5.39,235.61,0.00,0.00,1.00,0.00,0.00,0.00,-1.00,0,None,0,aggregation
160,204.54,remora5,remora4,30.00,30.00,30.00,30.00,30.00,30.00,30.00,30.00,30.00,30.00,30.00,30.00,30.00,30.00,30.00,30.00,30.00,30.00,30.00,30.00,5.41,5.43,5.45,5.47,5.49,5.53,5.56,5.59,5.62,5.64,5.41,5.43,5.45,5.47,5.49,5.53,5.56,5.59,5.62,5.64,259.94,0.00,0.00,1.00,0.00,0.00,0.00,-1.00,0,None,0,aggregation
160,205.54,remora5,remora4,30.00,30.00,30.00,30.00,30.00,30.00,30.00,30.00,30.00,30.00,30.00,30.00,30.00,30.00,30.00,30.00,30.00,30.00,30.00,30.00,5.66,5.69,5.73,5.76,5.79,5.81,5.84,5.86,5.88,5.90,5.66,5.69,5.73,5.76,5.79,5.81,5.84,5.86,5.88,5.90,283.89,0.00,0.00,1.00,0.00,0.00,0.00,-1.00,0,None,0,aggregation
160,206.54,remora5,remora4,30.00,30.00,30.00,30.00,30.00,30.00,30.00,30.00,30.00,30.00,30.00,30.00,30.00,30.00,30.00,30.00,30.00,30.00,30.00,30.00,5.92,5.94,5.97,6.00,6.03,6.07,6.09,6.11,6.14,6.16,5.92,5.94,5.97,6.00,6.03,6.07,6.09,6.11,6.14,6.16,288.39,0.00,0.00,1.00,0.00,0.00,0.00,-1.00,0,None,0,aggregation
160,207.54,remora5,remora4,30.00,30.00,30.00,30.00,30.00,30.00,30.00,30.00,30.00,30.00,30.00,30.00,30.00,30.00,30.00,30.00,30.00,30.00,30.00,30.00,6.18,6.22,6.25,6.28,6.31,6.33,6.36,6.38,6.40,6.43,6.18,6.22,6.25,6.28,6.31,6.33,6.36,6.38,6.40,6.43,290.96,0.00,0.00,1.00,0.00,0.00,0.00,-1.00,0,None,0,aggregation
160,208.54,remora5,remora4,30.00,30.00,30.00,30.00,30.00,30.00,30.00,30.00,30.00,30.00,30.00,30.00,30.00,30.00,30.00,30.00,30.00,30.00,30.00,30.00,6.45,6.47,6.49,6.53,6.56,6.59,6.62,6.64,6.66,6.68,6.45,6.47,6.49,6.53,6.56,6.59,6.62,6.64,6.66,6.68,292.39,0.00,0.00,1.00,0.00,0.00,0.00,-1.00,0,None,0,aggregation
160,209.54,remora5,remora4,30.00,30.00,30.00,30.00,30.00,30.00,30.00,30.00,30.00,30.00,30.00,30.00,30.00,30.00,30.00,30.00,30.00,30.00,30.00,30.00,6.70,6.73,6.75,6.78,6.82,6.85,6.88,6.90,6.92,6.94,6.70,6.73,6.75,6.78,6.82,6.85,6.88,6.90,6.92,6.94,293.19,0.00,0.00,1.00,0.00,0.00,0.00,-1.00,0,None,0,aggregation
160,210.54,remora5,remora4,30.00,30.00,30.00,30.00,30.00,30.00,30.00,30.00,30.00,30.00,30.00,30.00,30.00,30.00,30.00,30.00,30.00,30.00,30.00,30.00,6.96,6.99,7.01,7.02,7.05,7.08,7.12,7.15,7.17,7.20,6.96,6.99,7.01,7.02,7.05,7.08,7.12,7.15,7.17,7.20,293.63,0.00,0.00,1.00,0.00,0.00,0.00,-1.00,0,None,0,aggregation
160,211.54,remora5,remora4,30.00,30.00,30.00,30.00,30.00,30.00,30.00,30.00,30.00,30.00,30.00,30.00,30.00,30.00,30.00,30.00,30.00,30.00,30.00,30.00,7.22,7.24,7.26,7.28,7.30,7.33,7.37,7.40,7.43,7.45,7.22,7.24,7.26,7.28,7.30,7.33,7.37,7.40,7.43,7.45,293.86,0.00,0.00,1.00,0.00,0.00,0.00,-1.00,0,None,0,aggregation
160,212.54,remora5,remora4,30.00,30.00,30.00,30.00,30.00,30.00,30.00,30.00,30.00,30.00,30.00,30.00,30.00,30.00,30.00,30.00,30.00,30.00,30.00,30.00,7.47,7.49,7.52,7.54,7.56,7.58,7.59,7.61,7.64,7.67,7.47,7.49,7.52,7.54,7.56,7.58,7.59,7.61,7.64,7.67,293.97,0.00,0.00,1.00,0.00,0.00,0.00,-1.00,0,None,0,aggregation
160,213.54,remora5,remora4,30.00,30.00,30.00,30.00,30.00,30.00,30.00,30.00,30.00,30.00,30.00,30.00,30.00,30.00,30.00,30.00,30.00,30.00,30.00,30.00,7.70,7.73,7.76,7.78,7.80,7.82,7.84,7.87,7.90,7.92,7.70,7.73,7.76,7.78,7.80,7.82,7.84,7.87,7.90,7.92,300.00,0.00,0.00,1.00,0.00,0.00,0.00,-1.00,0,None,0,aggregation
160,214.54,remora5,remora4,30.00,30.00,30.00,30.00,30.00,30.00,30.00,30.00,30.00,30.00,30.00,30.00,30.00,30.00,30.00,30.00,30.00,30.00,30.00,30.00,7.94,7.96,7.98,8.00,8.02,8.05,8.09,8.12,8.15,8.17,7.94,7.96,7.98,8.00,8.02,8.05,8.09,8.12,8.15,8.17,300.00,0.00,0.00,1.00,0.00,0.00,0.00,-1.00,0,None,0,aggregation
160,215.54,remora5,remora4,30.00,30.00,30.00,30.00,30.00,30.00,30.00,30.00,30.00,30.00,30.00,30.00,30.00,30.00,30.00,30.00,30.00,30.00,30.00,30.00,8.19,8.21,8.24,8.26,8.28,8.30,8.31,8.33,8.36,8.39,8.19,8.21,8.24,8.26,8.28,8.30,8.31,8.33,8.36,8.39,300.00,0.00,0.00,1.00,0.00,0.00,0.00,-1.00,0,None,0,aggregation
160,216.54,remora5,remora4,30.00,30.00,30.00,30.00,30.00,30.00,30.00,30.00,30.00,30.00,30.00,30.00,30.00,30.00,30.00,30.00,30.00,30.00,30.00,30.00,8.42,8.44,8.46,8.47,8.50,8.53,8.57,8.60,8.63,8.65,8.42,8.44,8.46,8.47,8.50,8.53,8.57,8.60,8.63,8.65,300.00,0.00,0.00,1.00,0.00,0.00,0.00,-1.00,0,None,0,aggregation
160,217.54,remora5,remora4,30.00,30.00,30.00,30.00,30.00,30.00,30.00,30.00,30.00,30.00,30.00,30.00,30.00,30.00,30.00,30.00,30.00,30.00,30.00,30.00,8.67,8.69,8.72,8.74,8.76,8.78,8.80,8.81,8.84,8.87,8.67,8.69,8.72,8.74,8.76,8.78,8.80,8.81,8.84,8.87,300.00,0.00,0.00,1.00,0.00,0.00,0.00,-1.00,0,None,0,aggregation
160,218.54,remora5,remora4,30.00,30.00,30.00,30.00,30.00,30.00,30.00,30.00,30.00,30.00,30.00,30.00,30.00,30.00,30.00,30.00,30.00,30.00,30.00,30.00,8.90,8.94,8.96,8.98,9.00,9.02,9.04,9.06,9.08,9.10,8.90,8.94,8.96,8.98,9.00,9.02,9.04,9.06,9.08,9.10,300.00,0.00,0.00,1.00,0.00,0.00,0.00,-1.00,0,None,0,aggregation
160,131.54,remora4,remora7,0.00,0.00,0.00,0.00,0.00,0.00,0.00,0.00,0.00,0.00,0.00,0.00,0.00,0.00,0.00,0.00,0.00,0.00,0.00,0.00,1.60,1.60,1.60,1.60,1.60,1.60,1.60,1.60,1.60,1.60,5.07,5.07,5.07,5.07,5.07,5.07,5.07,5.07,5.08,5.08,0.00,0.00,1.00,0.00,0.00,0.00,0.00,-1.00,0,None,0,aggregation
160,132.54,remora4,remora7,0.00,0.00,0.00,0.00,0.00,0.00,0.00,0.00,0.00,0.00,0.00,0.00,0.00,0.00,0.00,0.00,0.00,0.00,0.00,0.00,1.60,1.60,1.60,1.60,1.60,1.60,1.60,1.60,1.60,1.60,5.08,5.08,5.08,5.08,5.08,5.08,5.08,5.08,5.08,5.08,0.00,0.00,1.00,0.00,0.00,0.00,0.00,-1.00,0,None,0,aggregation
160,133.54,remora4,remora7,0.00,0.00,0.00,0.00,0.00,0.00,0.00,0.00,0.00,0.00,0.00,0.00,0.00,0.00,0.00,0.00,0.00,0.00,0.00,0.00,1.60,1.60,1.60,1.60,1.60,1.60,1.60,1.60,1.60,1.60,5.08,5.09,5.09,5.09,5.09,5.09,5.09,5.09,5.10,5.10,0.00,0.00,1.00,0.00,0.00,0.00,0.00,-1.00,0,None,0,aggregation
160,134.54,remora4,remora7,0.00,0.00,0.00,0.00,0.00,0.00,0.00,0.00,0.00,0.00,0.00,0.00,0.00,0.00,0.00,0.00,0.00,0.00,0.00,0.00,1.60,1.60,1.60,1.60,1.60,1.60,1.60,1.60,1.60,1.60,5.10,5.10,5.10,5.10,5.10,5.11,5.11,5.11,5.11,5.11,0.00,0.00,1.00,0.00,0.00,0.00,0.00,-1.00,0,None,0,aggregation
160,135.54,remora4,remora7,0.00,0.00,0.00,0.00,0.00,0.00,0.00,0.00,0.00,0.00,0.00,0.00,0.00,0.00,0.00,0.00,0.00,0.00,0.00,0.00,1.60,1.60,1.60,1.60,1.60,1.60,1.60,1.60,1.60,1.60,5.12,5.12,5.12,5.12,5.12,5.12,5.12,5.12,5.13,5.13,0.00,0.00,1.00,0.00,0.00,0.00,0.00,-1.00,0,None,0,aggregation
160,136.54,remora4,remora7,0.00,0.00,0.00,0.00,0.00,0.00,0.00,0.00,0.00,0.00,0.00,0.00,0.00,0.00,0.00,0.00,0.00,0.00,0.00,0.00,1.60,1.60,1.60,1.60,1.60,1.60,1.60,1.60,1.60,1.60,5.13,5.13,5.13,5.13,5.13,5.14,5.14,5.14,5.14,5.14,0.00,0.00,1.00,0.00,0.00,0.00,0.00,-1.00,0,None,0,aggregation
160,137.54,remora4,remora7,0.00,0.00,0.00,0.00,0.00,0.00,0.00,0.00,0.00,0.00,0.00,0.00,0.00,0.00,0.00,0.00,0.00,0.00,0.00,0.00,1.60,1.60,1.60,1.60,1.60,1.60,1.60,1.60,1.60,1.60,5.14,5.76,5.76,5.76,5.76,5.76,5.76,5.14,5.14,5.14,0.00,0.00,1.00,0.00,0.00,0.00,0.00,-1.00,0,None,0,aggregation
160,138.54,remora4,remora7,0.00,0.00,0.00,0.00,0.00,0.00,0.00,0.00,0.00,0.00,0.00,0.00,0.00,0.00,0.00,0.00,0.00,0.00,0.00,0.00,1.60,1.60,1.60,1.60,1.60,1.60,1.60,1.60,1.60,1.60,5.14,5.14,5.14,5.76,5.76,5.76,5.76,5.76,5.76,5.76,0.00,0.00,1.00,0.00,0.00,0.00,0.00,-1.00,0,None,0,aggregation
160,139.54,remora4,remora7,0.00,0.00,0.00,0.00,0.00,0.00,0.00,0.00,0.00,0.00,0.00,0.00,0.00,0.00,0.00,0.00,0.00,0.00,0.00,0.00,1.60,1.60,1.60,1.60,1.60,1.60,1.60,1.60,1.60,1.60,5.76,5.76,5.76,5.76,5.76,5.76,5.76,5.76,5.76,5.76,0.00,0.00,1.00,0.00,0.00,0.00,0.00,-1.00,0,None,0,aggregation
160,140.54,remora4,remora7,0.00,0.00,0.00,0.00,0.00,0.00,0.00,0.00,0.00,0.00,0.00,0.00,0.00,0.00,0.00,0.00,0.00,0.00,0.00,0.00,1.60,1.60,1.60,1.60,1.60,1.60,1.60,1.60,1.60,1.60,5.76,5.76,5.76,5.76,5.76,5.76,5.76,5.76,5.76,5.76,0.00,0.00,1.00,0.00,0.00,0.00,0.00,-1.00,0,None,0,aggregation
160,141.54,remora4,remora7,0.00,0.00,0.00,0.00,0.00,0.00,0.00,0.00,0.00,0.00,0.00,0.00,0.00,0.00,0.00,0.00,0.00,0.00,0.00,0.00,1.60,1.60,1.60,1.60,1.60,1.60,1.60,1.60,1.60,1.60,5.75,5.75,5.75,5.75,5.74,5.74,5.74,5.74,5.73,5.73,0.00,0.00,1.00,0.00,0.00,0.00,0.00,-1.00,0,None,0,aggregation
160,142.54,remora4,remora7,0.00,0.00,0.00,0.00,0.00,0.00,0.00,0.00,0.00,0.00,0.00,0.00,0.00,0.00,0.00,0.00,0.00,0.00,0.00,0.00,1.60,1.60,1.60,1.60,1.60,1.60,1.60,1.60,1.60,1.60,5.73,5.73,5.73,5.72,5.72,5.72,5.72,5.71,5.71,5.71,0.00,0.00,1.00,0.00,0.00,0.00,0.00,-1.00,0,None,0,aggregation
160,143.54,remora4,remora7,0.00,0.00,23.41,23.41,23.75,23.75,24.62,24.62,25.49,25.49,0.00,0.00,27.19,27.19,27.41,27.41,27.96,27.96,28.50,28.50,1.60,1.60,1.60,1.62,1.63,1.65,1.67,1.69,1.71,1.73,5.71,5.70,5.70,5.69,5.68,5.67,5.66,5.66,5.65,5.64,20.83,0.00,1.00,0.00,0.00,0.00,0.00,-1.00,0,None,0,aggregation
160,144.54,remora4,remora7,26.05,26.05,26.63,26.63,27.02,27.02,27.32,27.32,27.60,27.60,28.82,28.82,29.14,29.14,29.35,29.35,29.50,29.50,29.63,29.63,1.75,1.78,1.80,1.82,1.84,1.87,1.89,1.91,1.94,1.96,5.63,5.62,5.61,5.60,5.59,5.59,5.58,5.56,5.55,5.54,48.94,0.00,1.00,1.00,0.00,0.00,0.00,-1.00,0,None,0,aggregation
160,145.54,remora4,remora7,27.68,27.68,27.70,27.70,27.81,27.81,27.90,27.90,27.78,27.78,29.67,29.67,29.68,29.68,29.73,29.73,29.76,29.76,29.71,29.71,1.99,2.01,2.04,2.06,2.09,2.12,2.14,2.17,2.20,2.22,5.53,5.52,5.50,5.49,5.48,5.47,5.46,5.45,5.44,5.42,77.68,0.00,1.00,1.00,0.00,0.00,0.00,-1.00,0,None,0,aggregation
160,146.54,remora4,remora7,27.87,27.87,27.94,27.94,27.87,27.87,27.67,27.67,27.44,27.44,29.75,29.75,29.78,29.78,29.75,29.75,29.66,29.66,29.56,29.56,2.26,2.31,2.37,2.42,2.48,2.54,2.59,2.65,2.71,2.76,5.42,5.41,5.40,5.40,5.39,5.39,5.38,5.38,5.37,5.37,106.41,0.00,1.00,1.00,0.00,0.00,0.00,-1.00,0,None,0,aggregation
160,147.54,remora4,remora7,27.04,27.04,26.33,26.33,25.64,25.64,24.66,24.66,22.66,22.66,29.36,29.36,28.98,28.98,28.58,28.58,27.99,27.99,26.69,26.69,2.82,2.87,2.93,2.98,3.03,3.08,3.13,3.18,3.23,3.28,5.36,5.36,5.35,5.35,5.34,5.34,5.33,5.33,5.33,5.32,133.20,0.00,0.00,1.00,0.00,0.00,0.00,-1.00,0,None,0,aggregation
160,148.54,remora4,remora7,20.99,20.99,17.68,17.68,15.24,15.24,10.20,10.20,7.52,7.52,25.54,25.54,23.16,23.16,21.34,21.34,17.47,17.47,15.37,15.37,3.33,3.37,3.41,3.45,3.49,3.52,3.56,3.59,3.62,3.64,5.32,5.32,5.32,5.31,5.31,5.31,5.31,5.31,5.31,5.31,150.65,0.00,0.00,1.00,0.00,0.00,0.00,-1.00,0,None,0,aggregation
160,149.54,remora4,remora7,3.20,3.20,2.38,2.38,1.35,1.35,2.42,2.42,2.14,2.14,11.96,11.96,11.31,11.31,10.49,10.49,11.34,11.34,11.12,11.12,3.66,3.68,3.70,3.72,3.74,3.74,3.73,3.72,3.71,3.70,5.31,5.31,5.31,5.31,5.31,5.32,5.32,5.32,5.33,5.33,157.43,0.00,0.00,1.00,0.00,0.00,0.00,-1.00,0,None,0,aggregation
160,150.54,remora4,remora7,1.28,1.28,2.36,2.36,2.80,2.80,2.15,2.15,2.33,2.33,10.44,10.44,11.30,11.30,11.64,11.64,11.12,11.12,11.27,11.27,3.70,3.69,3.68,3.67,3.66,3.65,3.64,3.63,3.62,3.61,5.33,5.34,5.34,5.34,5.31,5.31,5.31,5.30,5.30,5.30,164.10,0.00,0.00,1.00,0.00,0.00,0.00,-1.00,0,None,0,aggregation
160,151.54,remora4,remora7,1.94,1.94,0.90,0.90,1.80,1.80,3.44,3.44,2.89,2.89,10.96,10.96,10.13,10.13,10.85,10.85,12.15,12.15,11.72,11.72,3.61,3.60,3.59,3.58,3.58,3.57,3.56,3.56,3.55,3.54,5.30,5.29,5.29,5.29,5.29,5.29,5.29,5.29,5.29,5.29,170.77,0.00,0.00,1.00,0.00,0.00,0.00,-1.00,0,None,0,aggregation
160,152.54,remora4,remora7,2.70,1.74,1.74,1.74,2.13,2.13,1.54,1.54,-0.29,-0.29,11.57,10.80,10.80,10.80,11.11,11.11,10.64,10.64,9.18,9.18,3.54,3.53,3.53,3.52,3.52,3.51,3.51,3.51,3.51,3.50,5.29,5.29,5.29,5.29,5.29,5.29,5.29,5.29,5.29,5.30,176.80,0.00,0.00,1.00,0.00,0.00,0.00,-1.00,0,None,0,aggregation
160,153.54,remora4,remora7,0.22,0.22,-1.11,-1.11,-1.43,-1.43,-0.54,-0.54,0.46,0.46,9.59,9.59,8.53,8.53,8.27,8.27,8.98,8.98,9.78,9.78,3.50,3.50,3.51,3.51,3.51,3.52,3.52,3.53,3.53,3.54,5.30,5.31,5.32,5.32,5.32,5.32,5.33,5.34,5.35,5.35,160.24,0.00,0.00,1.00,0.00,0.00,0.00,-1.00,0,None,0,aggregation
160,154.54,remora4,remora7,0.61,0.61,-0.90,-0.90,-0.36,-0.36,0.30,0.30,2.75,2.75,9.90,9.90,8.70,8.70,9.13,9.13,9.65,9.65,11.60,11.60,3.54,3.55,3.55,3.56,3.57,3.57,3.58,3.59,3.59,3.60,5.36,5.37,5.37,5.38,5.39,5.39,5.40,5.41,5.41,5.66,137.27,0.00,0.00,1.00,0.00,0.00,0.00,-1.00,0,None,0,aggregation
160,155.54,remora4,remora7,4.97,4.97,4.98,4.98,6.45,6.45,7.20,7.20,7.83,7.83,13.36,13.36,13.38,13.38,14.54,14.54,15.13,15.13,15.62,15.62,3.60,3.61,3.62,3.62,3.63,3.63,3.64,3.64,3.65,3.65,5.66,5.67,5.67,5.67,5.68,5.68,5.69,5.69,5.70,5.70,118.88,0.00,0.00,1.00,0.00,0.00,0.00,-1.00,0,None,0,aggregation
160,156.54,remora4,remora7,8.74,8.74,9.89,9.89,11.18,11.18,12.66,12.66,13.45,13.45,16.33,16.33,17.23,17.23,18.23,18.23,19.37,19.37,19.98,19.98,3.66,3.67,3.68,3.69,3.70,3.71,3.72,3.73,3.74,3.76,5.71,5.71,5.72,5.72,5.73,5.73,5.74,5.75,5.76,5.76,104.85,0.00,0.00,1.00,0.00,0.00,0.00,-1.00,0,None,0,aggregation
160,157.54,remora4,remora7,14.89,14.89,15.40,15.40,15.89,15.89,16.67,16.67,16.67,17.96,21.07,21.07,21.46,21.46,21.83,21.83,22.41,22.41,22.41,23.36,3.77,3.78,3.79,3.81,3.82,3.84,3.85,3.87,3.88,3.90,5.77,5.78,5.79,5.81,5.82,5.82,5.83,5.84,5.85,5.86,97.04,0.00,0.00,1.00,0.00,0.00,0.00,-1.00,0,None,0,aggregation
160,158.54,remora4,remora7,18.36,18.36,19.24,19.24,19.79,19.79,20.40,20.40,20.72,20.72,23.66,23.66,24.30,24.30,24.69,24.69,25.13,25.13,25.35,25.35,3.91,3.93,3.95,3.97,3.99,4.01,4.03,4.05,4.07,4.09,5.87,5.89,5.90,5.91,5.93,5.94,5.96,5.97,5.99,6.00,101.75,0.00,0.00,1.00,0.00,0.00,0.00,-1.00,0,None,0,aggregation
160,159.54,remora4,remora7,21.09,21.09,22.10,22.10,23.05,23.05,23.80,23.80,24.50,24.50,25.61,25.61,26.31,26.31,26.95,26.95,27.44,27.44,27.89,27.89,4.11,4.14,4.16,4.18,4.21,4.23,4.26,4.28,4.31,4.34,6.01,6.03,6.04,6.06,6.08,6.10,6.12,6.14,6.15,6.17,119.86,0.00,0.00,1.00,0.00,0.00,0.00,-1.00,0,None,0,aggregation
160,160.54,remora4,remora7,25.01,25.01,25.64,25.64,26.10,26.10,26.46,26.46,26.76,26.76,28.21,28.21,28.59,28.59,28.85,28.85,29.06,29.06,29.22,29.22,4.36,4.39,4.42,4.44,4.47,4.50,4.53,4.55,4.58,4.61,6.19,6.21,6.23,6.25,6.26,6.28,6.30,6.32,6.35,6.37,140.58,0.00,0.00,1.00,0.00,0.00,0.00,-1.00,0,None,0,aggregation
160,161.54,remora4,remora7,27.11,27.11,27.49,27.49,27.55,27.55,27.88,27.88,27.99,27.99,29.40,29.40,29.58,29.58,29.61,29.61,29.76,29.76,29.80,29.80,4.64,4.67,4.70,4.73,4.76,4.79,4.81,4.84,4.87,4.90,6.39,6.41,6.44,6.46,6.48,6.51,6.53,6.55,6.58,6.61,162.52,0.00,0.00,1.00,0.00,0.00,0.00,-1.00,0,None,0,aggregation
160,162.54,remora4,remora7,28.29,28.29,28.31,28.31,28.16,28.16,27.89,27.89,17.45,17.45,29.92,29.92,29.93,29.93,29.87,29.87,29.76,29.76,22.99,22.99,4.93,4.96,4.99,5.02,5.05,5.08,5.11,5.14,5.17,5.19,6.63,6.66,6.68,6.71,6.73,6.76,6.78,6.81,6.84,6.86,183.75,0.00,0.00,1.00,0.00,0.00,0.00,-1.00,0,None,0,aggregation
160,163.54,remora4,remora7,-34.30,-34.30,29.73,29.73,0.00,0.00,30.00,30.00,30.00,30.00,-23.84,-23.84,30.15,30.15,0.00,0.00,30.00,30.00,30.00,30.00,5.20,5.18,5.17,5.20,5.22,5.22,5.23,5.25,5.28,5.30,6.87,6.87,6.87,6.90,6.92,6.93,6.94,6.96,6.99,7.02,203.28,0.00,0.00,1.00,0.00,0.00,0.00,-1.00,0,None,0,aggregation
160,164.54,remora4,remora7,30.00,30.00,30.00,30.00,30.00,30.00,30.00,30.00,30.00,30.00,30.00,30.00,30.00,30.00,30.00,30.00,30.00,30.00,30.00,30.00,5.33,5.36,5.39,5.41,5.44,5.47,5.49,5.52,5.53,5.53,7.05,7.07,7.10,7.12,7.15,7.17,7.20,7.22,7.24,7.27,228.14,0.00,0.00,1.00,0.00,0.00,0.00,-1.00,0,None,0,aggregation
160,165.54,remora4,remora7,30.00,30.00,30.00,30.00,30.00,30.00,30.00,30.00,30.00,30.00,30.00,30.00,30.00,30.00,30.00,30.00,30.00,30.00,30.00,30.00,5.53,5.52,5.52,5.52,5.52,5.52,5.51,5.51,5.51,5.51,6.38,6.40,6.42,6.44,6.46,6.48,6.50,6.51,6.53,6.55,247.79,0.00,0.00,1.00,0.00,0.00,0.00,-1.00,0,None,0,aggregation
160,166.54,remora4,remora7,30.00,30.00,30.00,30.00,30.00,30.00,30.00,30.00,30.00,30.00,30.00,30.00,30.00,30.00,30.00,30.00,30.00,30.00,30.00,30.00,5.51,5.50,5.50,5.50,5.50,5.50,5.49,5.49,5.49,5.49,6.57,6.59,6.60,6.62,6.64,6.66,6.68,6.69,6.71,6.73,263.09,0.00,0.00,1.00,0.00,0.00,0.00,-1.00,0,None,0,aggregation
160,167.54,remora4,remora7,30.00,30.00,30.00,30.00,30.00,30.00,30.00,30.00,30.00,30.00,30.00,30.00,30.00,30.00,30.00,30.00,30.00,30.00,30.00,30.00,5.48,5.48,5.48,5.48,5.48,5.47,5.47,5.47,5.47,5.46,6.74,6.76,6.78,6.79,6.81,6.83,6.85,6.86,6.88,6.89,274.11,0.00,0.00,1.00,0.00,0.00,0.00,-1.00,0,None,0,aggregation
160,168.54,remora4,remora7,30.00,30.00,30.00,30.00,30.00,30.00,30.00,30.00,30.00,30.00,30.00,30.00,30.00,30.00,30.00,30.00,30.00,30.00,30.00,30.00,5.46,5.46,5.46,5.46,5.45,5.45,5.45,5.45,5.44,5.44,6.91,6.93,6.94,6.96,6.98,6.99,7.01,7.02,7.04,7.05,281.94,0.00,0.00,1.00,0.00,0.00,0.00,-1.00,0,None,0,aggregation
160,169.54,remora4,remora7,30.00,30.00,30.00,30.00,30.00,30.00,30.00,30.00,30.00,30.00,30.00,30.00,30.00,30.00,30.00,30.00,30.00,30.00,30.00,30.00,5.44,5.44,5.43,5.43,5.43,5.43,5.43,5.42,5.42,5.42,7.07,7.08,7.09,7.10,7.10,7.11,7.12,7.13,7.15,7.16,287.07,0.00,0.00,1.00,0.00,0.00,0.00,-1.00,0,None,0,aggregation
160,170.54,remora4,remora7,30.00,30.00,30.00,30.00,30.00,30.00,30.00,30.00,30.00,30.00,30.00,30.00,30.00,30.00,30.00,30.00,30.00,30.00,30.00,30.00,5.42,5.41,5.41,5.41,5.41,5.41,5.40,5.40,5.40,6.39,7.17,7.19,7.20,7.22,7.23,7.24,7.25,5.89,5.89,6.39,289.68,0.00,0.00,1.00,0.00,0.00,0.00,-1.00,0,None,0,aggregation
160,225.54,remora4,remora7,0.00,0.00,0.00,0.00,0.00,0.00,0.00,0.00,0.00,0.00,0.00,0.00,0.00,0.00,0.00,0.00,0.00,0.00,0.00,0.00,1.64,1.64,1.64,1.64,1.64,1.64,1.64,1.64,1.64,1.64,1.82,1.83,1.84,1.86,1.87,1.88,1.89,1.90,1.91,1.92,0.00,0.00,1.00,0.00,0.00,0.00,0.00,-1.00,0,None,0,aggregation
160,226.54,remora4,remora7,0.00,0.00,0.00,0.00,0.00,0.00,0.00,0.00,0.00,0.00,0.00,0.00,0.00,0.00,0.00,0.00,0.00,0.00,0.00,0.00,1.64,1.64,1.64,1.64,1.64,1.64,1.64,1.64,1.64,1.64,1.93,1.94,1.95,1.96,1.97,1.98,1.98,1.99,2.00,2.00,0.00,0.00,1.00,0.00,0.00,0.00,0.00,-1.00,0,None,0,aggregation
160,227.54,remora4,remora7,0.00,0.00,0.00,0.00,0.00,0.00,0.00,0.00,0.00,0.00,0.00,0.00,0.00,0.00,0.00,0.00,0.00,0.00,0.00,0.00,1.64,1.64,1.64,1.64,1.64,1.64,1.64,1.64,1.64,1.64,2.01,2.02,2.02,2.02,2.03,2.03,2.04,2.04,2.04,2.04,0.00,0.00,1.00,0.00,0.00,0.00,0.00,-1.00,0,None,0,aggregation
160,228.54,remora4,remora7,0.00,0.00,-21.55,-21.55,-20.99,-20.99,-19.54,-19.54,-17.97,-17.97,0.00,0.00,-32.02,-32.02,-31.45,-31.45,-30.00,-30.00,-28.44,-28.44,1.64,1.64,1.65,1.68,1.72,1.76,1.80,1.83,1.87,1.90,2.05,2.05,2.05,2.07,2.09,2.11,2.13,2.14,2.16,2.18,20.20,0.00,1.00,0.00,0.00,0.00,0.00,-1.00,0,None,0,aggregation
160,229.54,remora4,remora7,-16.19,-16.19,-14.29,-14.29,-12.32,-12.32,-10.18,-10.18,-8.02,-8.02,-26.65,-26.65,-24.75,-24.75,-22.78,-22.78,-20.65,-20.65,-18.48,-18.48,1.94,1.97,2.00,2.03,2.06,2.08,2.11,2.13,2.15,2.17,2.19,2.21,2.22,2.23,2.24,2.26,2.27,2.27,2.28,2.29,37.63,0.00,1.00,0.00,0.00,0.00,0.00,-1.00,0,None,0,aggregation
160,230.54,remora4,remora7,-5.77,-5.77,-3.56,-3.56,-1.34,-1.34,0.88,0.88,3.03,3.03,-16.23,-16.23,-14.02,-14.02,-11.81,-11.81,-9.59,-9.59,-7.44,-7.44,2.18,2.20,2.21,2.23,2.24,2.25,2.25,2.26,2.27,2.27,2.30,2.31,2.31,2.32,2.32,2.33,2.33,2.34,2.34,2.35,44.21,0.00,1.00,0.00,0.00,0.00,0.00,-1.00,0,None,0,aggregation
160,231.54,remora4,remora7,5.15,5.15,7.09,7.09,8.97,8.97,10.57,10.57,11.96,11.96,-5.31,-5.31,-2.92,-2.92,-0.56,-0.56,1.45,1.45,3.20,3.20,2.27,2.27,2.28,2.28,2.27,2.27,2.27,2.27,2.27,2.27,2.35,2.36,2.36,2.37,2.37,2.38,2.39,2.40,2.40,2.41,48.20,0.00,1.00,1.00,0.00,0.00,0.00,-1.00,0,None,0,aggregation
160,232.54,remora4,remora7,13.35,13.35,14.54,14.54,15.48,15.48,16.48,16.48,17.30,17.30,4.96,4.96,6.45,6.45,7.65,7.65,8.93,8.93,9.98,9.98,2.26,2.26,2.26,2.26,2.25,2.25,2.25,2.25,2.25,2.25,2.42,2.43,2.44,2.46,2.47,2.48,2.50,2.51,2.53,2.55,59.72,0.00,1.00,1.00,0.00,0.00,0.00,-1.00,0,None,0,aggregation
160,233.54,remora4,remora7,18.18,18.18,18.71,18.71,19.20,19.20,19.72,19.72,20.14,20.14,11.11,11.11,11.80,11.80,12.44,12.44,13.11,13.11,13.66,13.66,2.25,2.25,2.26,2.26,2.26,2.27,2.27,2.28,2.29,2.29,2.56,2.58,2.60,2.62,2.64,2.66,2.68,2.70,2.73,2.75,75.52,0.00,1.00,1.00,0.00,0.00,0.00,-1.00,0,None,0,aggregation
160,234.54,remora4,remora7,20.27,20.27,20.11,20.11,20.11,20.11,19.88,19.88,19.52,19.52,13.83,13.83,13.63,13.63,13.63,13.63,13.32,13.32,12.86,12.86,2.30,2.31,2.32,2.33,2.34,2.35,2.36,2.38,2.39,2.40,2.77,2.80,2.82,2.85,2.87,2.90,2.92,2.95,2.97,3.00,92.24,0.00,1.00,1.00,0.00,0.00,0.00,-1.00,0,None,0,aggregation
160,235.54,remora4,remora7,19.30,19.30,18.71,18.71,18.26,18.26,17.65,17.65,17.79,17.79,12.57,12.57,11.79,11.79,11.22,11.22,10.43,10.43,10.61,10.61,2.42,2.43,2.44,2.46,2.48,2.49,2.51,2.52,2.54,2.56,3.02,3.04,3.07,3.09,3.12,3.14,3.16,3.19,3.21,3.23,107.08,0.00,1.00,1.00,0.00,0.00,0.00,-1.00,0,None,0,aggregation
160,236.54,remora4,remora7,17.18,17.18,16.62,16.62,16.63,16.63,16.57,16.57,16.52,16.52,9.82,9.82,9.11,9.11,9.12,9.12,9.04,9.04,8.98,8.98,2.58,2.59,2.61,2.63,2.65,2.67,2.69,2.71,2.73,2.75,3.25,3.27,3.30,3.32,3.34,3.36,3.37,3.39,3.41,3.43,120.03,0.00,1.00,1.00,0.00,0.00,0.00,-1.00,0,None,0,aggregation
160,237.54,remora4,remora7,16.49,16.49,16.37,16.37,16.45,16.45,16.69,16.69,16.89,16.89,8.94,8.94,8.78,8.78,8.89,8.89,9.20,9.20,9.45,9.45,2.77,2.79,2.81,2.83,2.85,2.87,2.89,2.91,2.93,2.96,3.45,3.47,3.48,3.50,3.52,3.56,3.56,3.56,3.56,3.56,132.85,0.00,1.00,1.00,0.00,0.00,0.00,-1.00,0,None,0,aggregation
160,238.54,remora4,remora7,16.97,16.97,17.21,17.21,17.47,17.47,17.95,17.95,18.15,18.15,9.55,9.55,9.86,9.86,10.20,10.20,10.82,10.82,11.07,11.07,2.98,3.00,3.03,3.05,3.08,3.10,3.13,3.15,3.12,3.09,3.56,3.55,3.55,3.55,3.55,3.55,3.55,3.55,3.55,3.55,126.58,0.00,0.00,1.00,0.00,0.00,0.00,-1.00,0,None,0,aggregation
160,239.54,remora4,remora7,18.44,18.44,19.13,19.13,19.24,19.24,19.93,19.93,20.29,20.29,11.45,11.45,12.34,12.34,12.49,12.49,13.39,13.39,13.86,13.86,3.05,3.01,2.98,2.94,2.91,2.88,2.84,2.81,2.78,2.75,3.55,3.55,3.56,3.56,3.56,3.56,3.57,3.57,3.57,3.58,125.21,0.00,1.00,1.00,0.00,0.00,0.00,-1.00,0,None,0,aggregation
160,240.54,remora4,remora7,20.87,20.87,21.36,21.36,21.91,21.91,22.53,22.53,22.92,22.92,14.63,14.63,15.26,15.26,16.00,16.00,16.83,16.83,17.36,17.36,2.72,2.69,2.66,2.63,2.60,2.57,2.55,2.52,2.50,2.47,3.58,3.58,3.59,3.59,3.60,3.61,3.61,3.62,3.62,3.63,137.58,0.00,1.00,1.00,0.00,0.00,0.00,-1.00,0,None,0,aggregation
160,241.54,remora4,remora7,23.68,23.68,24.39,24.39,24.81,24.81,25.46,25.46,26.06,26.06,18.39,18.39,19.37,19.37,19.95,19.95,20.87,20.87,21.74,21.74,2.45,2.43,2.41,2.39,2.37,2.35,2.33,2.32,2.30,2.29,3.64,3.65,3.66,3.67,3.68,3.69,3.70,3.71,3.72,3.73,156.06,0.00,1.00,1.00,0.00,0.00,0.00,-1.00,0,None,0,aggregation
160,242.54,remora4,remora7,26.53,26.53,27.06,27.06,27.51,27.51,27.94,27.94,28.36,28.36,22.42,22.42,23.22,23.22,23.90,23.90,24.57,24.57,25.26,25.26,2.28,2.27,2.26,2.25,2.24,2.23,2.23,2.22,2.22,2.22,3.74,3.76,3.77,3.78,3.80,3.81,3.82,4.16,4.17,4.19,170.23,0.00,1.00,1.00,0.00,0.00,0.00,-1.00,0,None,0,aggregation
160,243.54,remora4,remora7,28.65,28.65,28.87,28.87,29.18,29.18,29.42,29.42,29.71,29.71,25.75,25.75,26.14,26.14,26.70,26.70,27.16,27.16,27.77,27.77,2.22,2.22,2.22,2.23,2.23,2.23,2.24,2.25,2.26,2.26,4.21,4.23,4.25,4.27,4.29,4.30,4.32,4.33,4.35,4.36,182.35,0.00,1.00,1.00,0.00,0.00,0.00,-1.00,0,None,0,aggregation
160,244.54,remora4,remora7,29.87,29.87,30.04,30.04,30.12,30.12,30.17,30.17,30.19,30.19,28.15,28.15,28.64,28.64,28.95,28.95,29.23,29.23,29.46,29.46,2.27,2.28,2.30,2.31,2.32,2.33,2.35,2.36,2.38,2.40,4.38,4.40,4.41,4.43,4.45,4.47,4.49,4.51,4.52,4.54,195.12,0.00,1.00,1.00,0.00,0.00,0.00,-1.00,0,None,0,aggregation
160,245.54,remora4,remora7,30.14,30.14,29.99,29.99,29.82,29.82,29.53,29.53,29.21,29.21,29.78,29.78,30.01,30.01,30.12,30.12,30.18,30.18,30.17,30.17,2.41,2.43,2.45,2.47,2.48,2.50,2.52,2.54,2.56,2.58,4.56,4.58,4.60,4.62,4.64,4.66,4.68,4.70,4.71,4.73,210.18,0.00,1.00,1.00,0.00,0.00,0.00,-1.00,0,None,0,aggregation
160,246.54,remora4,remora7,28.71,28.71,28.05,28.05,27.42,27.42,26.96,26.96,26.28,26.28,30.06,30.06,29.83,29.83,29.55,29.55,29.32,29.32,28.95,28.95,2.61,2.63,2.65,2.67,2.69,2.72,2.74,2.76,2.78,2.81,4.75,4.76,4.78,4.79,4.81,4.83,4.85,4.86,4.88,4.90,225.73,0.00,1.00,1.00,0.00,0.00,0.00,-1.00,0,None,0,aggregation
160,247.54,remora4,remora7,25.73,25.73,25.22,25.22,24.78,24.78,24.31,24.31,24.10,24.10,28.64,28.64,28.34,28.34,28.06,28.06,27.77,27.77,27.64,27.64,2.83,2.85,2.88,2.90,2.93,2.95,2.98,3.00,3.03,3.05,4.91,4.93,4.94,4.96,4.97,4.99,5.00,5.02,5.03,5.05,239.38,0.00,1.00,1.00,0.00,0.00,0.00,-1.00,0,None,0,aggregation
160,248.54,remora4,remora7,23.91,23.91,23.65,23.65,23.93,23.93,23.43,23.43,23.50,23.50,27.51,27.51,27.34,27.34,27.53,27.53,27.20,27.20,27.25,27.25,3.08,3.11,3.13,3.16,3.19,3.22,3.25,3.28,3.30,3.33,5.06,5.08,5.10,5.12,5.14,5.16,5.17,5.19,5.21,5.22,250.98,0.00,0.00,1.00,0.00,0.00,0.00,-1.00,0,None,0,aggregation
160,249.54,remora4,remora7,23.38,23.38,23.55,23.55,23.73,23.73,23.60,23.60,23.79,23.79,27.17,27.17,27.28,27.28,27.40,27.40,27.32,27.32,27.44,27.44,3.36,3.39,3.43,3.46,3.49,3.52,3.56,3.59,3.62,3.66,5.24,5.26,5.27,5.29,5.31,5.33,5.35,5.37,5.39,5.42,260.38,0.00,0.00,1.00,0.00,0.00,0.00,-1.00,0,None,0,aggregation
160,250.54,remora4,remora7,23.93,23.93,24.05,24.05,23.97,23.97,23.99,23.99,24.17,24.17,27.53,27.53,27.61,27.61,27.56,27.56,27.57,27.57,27.68,27.68,3.70,3.73,3.77,3.81,3.84,3.88,3.92,3.96,4.00,4.04,5.44,5.46,5.94,5.95,5.96,5.97,5.98,5.99,6.00,6.00,267.22,0.00,0.00,1.00,0.00,0.00,0.00,-1.00,0,None,0,aggregation
160,251.54,remora4,remora7,24.22,24.22,24.43,24.43,24.29,24.29,24.45,24.45,24.41,24.41,27.72,27.72,27.85,27.85,27.76,27.76,27.86,27.86,27.84,27.84,4.08,4.12,4.17,4.21,4.25,4.29,4.34,4.38,4.43,4.47,6.01,6.02,6.03,6.04,6.05,6.06,6.07,6.08,6.09,6.10,270.84,0.00,0.00,1.00,0.00,0.00,0.00,-1.00,0,None,0,aggregation
160,252.54,remora4,remora7,24.43,24.43,24.13,24.13,24.04,24.04,23.54,23.54,23.12,23.12,27.85,27.85,27.66,27.66,27.60,27.60,27.28,27.28,27.00,27.00,4.52,4.56,4.61,4.65,4.70,4.75,4.79,4.84,4.89,4.93,6.11,6.12,6.13,6.14,6.15,6.16,6.17,6.18,6.20,6.21,270.82,0.00,0.00,1.00,0.00,0.00,0.00,-1.00,0,None,0,aggregation
160,253.54,remora4,remora7,22.11,22.11,21.43,21.43,19.99,19.99,17.90,17.90,18.34,18.34,26.32,26.32,25.85,25.85,24.84,24.84,23.32,23.32,23.64,23.64,4.98,5.03,5.07,5.12,5.17,5.21,5.23,5.25,5.27,5.29,6.22,6.23,6.24,6.25,6.26,6.27,6.28,6.29,6.30,6.31,265.26,0.00,0.00,1.00,0.00,0.00,0.00,-1.00,0,None,0,aggregation
160,254.54,remora4,remora7,19.36,19.36,20.34,20.34,21.28,21.28,22.18,22.18,22.75,22.75,24.38,24.38,25.08,25.08,25.74,25.74,26.36,26.36,26.75,26.75,5.31,5.33,5.35,5.37,5.39,5.41,5.43,5.39,5.34,5.29,6.32,6.33,6.34,6.35,6.36,6.36,6.37,6.37,6.38,6.39,259.20,0.00,0.00,1.00,0.00,0.00,0.00,-1.00,0,None,0,aggregation
160,255.54,remora4,remora7,23.58,23.58,24.11,24.11,19.38,19.38,12.92,12.92,7.28,7.28,27.30,27.30,27.64,27.64,24.40,24.40,19.57,19.57,15.19,15.19,5.24,5.19,5.14,5.08,5.04,5.02,4.99,4.95,4.91,4.87,6.39,6.40,6.41,6.42,6.42,6.44,6.44,6.45,6.45,6.45,249.45,0.00,0.00,1.00,0.00,0.00,0.00,-1.00,0,None,0,aggregation
160,256.54,remora4,remora7,-3.90,-3.90,-6.87,-6.87,-7.90,-7.90,-7.76,-7.76,-7.08,-7.08,6.30,6.30,3.60,3.60,2.56,2.56,2.70,2.70,3.39,3.39,4.84,4.81,4.78,4.75,4.73,4.70,4.67,4.65,4.62,4.59,6.45,6.45,6.44,6.43,6.43,6.42,6.42,6.41,6.41,6.40,222.91,0.00,0.00,1.00,0.00,0.00,0.00,-1.00,0,None,0,aggregation
160,257.54,remora4,remora7,-6.51,-6.51,-7.01,-7.01,-5.69,-5.69,-3.66,-3.66,-2.31,-2.31,3.95,3.95,3.46,3.46,4.77,4.77,6.49,6.49,7.57,7.57,4.57,4.54,4.51,4.49,4.46,4.43,4.40,4.38,4.35,4.32,6.39,6.39,6.38,6.38,6.37,6.36,6.36,6.35,6.35,6.34,197.96,0.00,0.00,1.00,0.00,0.00,0.00,-1.00,0,None,0,aggregation
160,258.54,remora4,remora7,-1.03,-1.03,1.04,1.04,1.71,1.71,3.03,3.03,5.15,5.15,8.60,8.60,10.24,10.24,10.78,10.78,11.83,11.83,13.51,13.51,4.29,4.26,4.23,4.20,4.17,4.15,4.12,4.09,4.06,4.03,6.34,6.33,6.33,6.32,6.32,6.31,6.31,6.30,6.30,6.29,178.93,0.00,0.00,1.00,0.00,0.00,0.00,-1.00,0,None,0,aggregation
160,259.54,remora4,remora7,6.08,6.08,6.94,6.94,8.10,8.10,9.90,9.90,10.70,10.70,14.24,14.24,14.92,14.92,15.83,15.83,17.24,17.24,17.86,17.86,4.00,3.98,3.95,3.92,3.90,3.87,3.85,3.82,3.80,3.77,6.28,6.28,6.27,6.27,6.26,6.26,6.25,6.24,6.24,6.23,165.64,0.00,0.00,1.00,0.00,0.00,0.00,-1.00,0,None,0,aggregation
160,260.54,remora4,remora7,12.38,12.38,13.48,13.48,14.83,14.83,15.87,15.87,16.92,16.92,19.16,19.16,20.00,20.00,21.03,21.03,21.81,21.81,22.59,22.59,3.75,3.73,3.70,3.68,3.66,3.64,3.62,3.60,3.59,3.57,6.22,6.22,6.21,6.20,6.19,6.19,6.18,6.17,6.16,6.15,157.64,0.00,0.00,1.00,0.00,0.00,0.00,-1.00,0,None,0,aggregation
160,261.54,remora4,remora7,17.94,17.94,18.68,18.68,20.02,20.02,20.97,20.97,22.03,22.03,23.35,23.35,23.89,23.89,24.85,24.85,25.53,25.53,26.26,26.26,3.55,3.54,3.52,3.51,3.49,3.48,3.47,3.46,3.45,3.44,6.15,6.14,6.13,6.12,6.11,6.10,6.09,6.08,6.07,6.05,153.91,0.00,0.00,1.00,0.00,0.00,0.00,-1.00,0,None,0,aggregation
160,262.54,remora4,remora7,22.89,22.89,23.71,23.71,24.49,24.49,25.10,25.10,25.68,25.68,26.85,26.85,27.39,27.39,27.89,27.89,28.26,28.26,28.61,28.61,3.43,3.42,3.41,3.40,3.40,3.39,3.39,3.38,3.38,3.37,6.04,6.03,6.02,6.01,6.00,5.99,5.97,5.96,5.95,5.93,154.34,0.00,0.00,1.00,0.00,0.00,0.00,-1.00,0,None,0,aggregation
160,263.54,remora4,remora7,26.23,26.23,26.74,26.74,27.12,27.12,27.49,27.49,27.83,27.83,28.92,28.92,29.20,29.20,29.40,29.40,29.58,29.58,29.73,29.73,3.37,3.36,3.36,3.36,3.36,3.36,3.35,3.35,3.35,3.35,5.92,5.91,5.90,5.89,5.88,5.87,5.86,5.85,5.84,5.83,160.19,0.00,0.00,1.00,0.00,0.00,0.00,-1.00,0,None,0,aggregation
160,264.54,remora4,remora7,28.07,28.07,28.29,28.29,28.58,28.58,28.71,28.71,28.96,28.96,29.83,29.83,29.92,29.92,30.02,30.02,30.06,30.06,30.13,30.13,3.35,3.35,3.35,3.35,3.35,3.35,3.35,3.35,3.35,3.35,5.82,5.81,5.80,5.79,5.79,5.78,5.77,5.76,5.75,5.74,166.02,0.00,0.00,1.00,0.00,0.00,0.00,-1.00,0,None,0,aggregation
160,265.54,remora4,remora7,29.17,29.17,29.37,29.37,29.53,29.53,29.71,29.71,29.83,29.83,30.16,30.16,30.18,30.18,30.18,30.18,30.16,30.16,30.12,30.12,3.35,3.36,3.36,3.36,3.36,3.36,3.36,3.36,3.36,3.37,5.73,5.72,5.70,5.69,5.68,5.67,5.66,5.65,5.64,5.62,175.73,0.00,0.00,1.00,0.00,0.00,0.00,-1.00,0,None,0,aggregation
160,266.54,remora4,remora7,29.93,29.93,30.05,30.05,30.12,30.12,30.16,30.16,30.18,30.18,30.06,30.06,29.94,29.94,29.82,29.82,29.71,29.71,29.58,29.58,3.37,3.37,3.37,3.37,3.37,3.37,3.38,3.38,3.38,3.38,5.61,5.60,5.59,5.58,5.56,5.55,5.54,5.53,5.51,5.50,203.70,0.00,0.00,1.00,0.00,0.00,0.00,-1.00,0,None,0,aggregation
160,267.54,remora4,remora7,30.18,30.18,30.17,30.17,30.13,30.13,30.07,30.07,30.00,30.00,29.40,29.40,29.22,29.22,28.99,28.99,28.74,28.74,28.52,28.52,3.38,3.38,3.38,3.38,3.39,3.39,3.39,3.39,3.39,3.39,5.49,5.48,5.46,5.45,5.43,5.42,5.41,5.39,5.38,5.37,231.73,0.00,0.00,1.00,0.00,0.00,0.00,-1.00,0,None,0,aggregation
160,268.54,remora4,remora7,29.91,29.91,29.77,29.77,29.72,29.72,29.55,29.55,29.56,29.56,28.27,28.27,27.91,27.91,27.80,27.80,27.42,27.42,27.46,27.46,3.39,3.39,3.39,3.39,3.39,3.39,3.39,3.39,3.39,3.39,5.35,5.34,5.33,5.31,5.30,5.28,5.27,5.26,5.24,5.23,253.98,0.00,0.00,1.00,0.00,0.00,0.00,-1.00,0,None,0,aggregation
160,269.54,remora4,remora7,29.47,29.47,29.24,29.24,29.18,29.18,29.12,29.12,29.05,29.05,27.27,27.27,26.81,26.81,26.69,26.69,26.58,26.58,26.46,26.46,3.39,3.39,3.38,3.38,3.38,3.38,3.38,3.38,3.38,3.37,5.22,5.20,5.19,5.18,5.17,5.16,5.14,5.13,5.12,5.11,269.79,0.00,0.00,1.00,0.00,0.00,0.00,-1.00,0,None,0,aggregation
160,270.54,remora4,remora7,29.02,29.02,28.90,28.90,29.00,29.00,28.99,28.99,28.99,28.99,26.40,26.40,26.18,26.18,26.36,26.36,26.34,26.34,26.35,26.35,3.37,3.37,3.37,3.37,3.37,3.36,3.36,3.36,3.36,3.36,5.10,5.09,5.08,5.07,5.06,5.05,5.04,5.03,5.02,5.02,279.64,0.00,0.00,1.00,0.00,0.00,0.00,-1.00,0,None,0,aggregation
160,271.54,remora4,remora7,29.01,29.01,29.05,29.05,29.02,29.02,29.11,29.11,29.16,29.16,26.38,26.38,26.45,26.45,26.40,26.40,26.56,26.56,26.66,26.66,3.35,3.35,3.35,3.35,3.34,3.34,3.34,3.34,3.34,3.33,5.01,4.67,4.67,4.67,4.67,4.67,4.66,4.66,4.66,4.66,285.07,0.00,0.00,1.00,0.00,0.00,0.00,-1.00,0,None,0,aggregation
160,272.54,remora4,remora7,29.23,29.23,29.24,29.24,29.34,29.34,29.35,29.35,29.53,29.53,26.78,26.78,26.81,26.81,27.00,27.00,27.02,27.02,27.39,27.39,3.33,3.33,3.33,3.32,3.32,3.32,3.32,3.31,3.31,3.31,4.65,4.65,4.65,4.65,4.65,4.65,4.66,4.66,4.66,4.66,287.15,0.00,0.00,1.00,0.00,0.00,0.00,-1.00,0,None,0,aggregation
160,273.54,remora4,remora7,29.62,29.62,29.66,29.66,29.70,29.70,29.79,29.79,29.83,29.83,27.57,27.57,27.67,27.67,27.74,27.74,27.96,27.96,28.06,28.06,3.31,3.31,3.30,3.30,3.30,3.30,3.30,3.30,3.29,3.29,4.66,4.66,4.66,4.67,4.67,4.67,4.68,4.68,4.68,4.69,287.68,0.00,0.00,1.00,0.00,0.00,0.00,-1.00,0,None,0,aggregation
160,274.54,remora4,remora7,29.83,29.83,29.87,29.87,29.96,29.96,30.00,30.00,30.04,30.04,28.06,28.06,28.16,28.16,28.39,28.39,28.51,28.51,28.64,28.64,3.29,3.29,3.29,3.29,3.29,3.28,3.28,3.28,3.28,3.28,4.69,4.70,4.70,4.71,4.72,4.72,4.73,4.74,4.74,4.75,287.57,0.00,0.00,1.00,0.00,0.00,0.00,-1.00,0,None,0,aggregation
160,275.54,remora4,remora7,30.07,30.07,30.10,30.10,30.13,30.13,30.15,30.15,30.15,30.15,28.74,28.74,28.85,28.85,28.98,28.98,29.06,29.06,29.11,29.11,3.28,3.28,3.28,3.28,3.27,3.27,3.27,3.27,3.27,3.27,4.76,4.76,4.77,4.78,4.79,4.79,4.80,4.81,4.82,4.83,287.26,0.00,0.00,1.00,0.00,0.00,0.00,-1.00,0,None,0,aggregation
160,276.54,remora4,remora7,30.17,30.17,30.18,30.18,30.18,30.18,30.19,30.19,30.18,30.18,29.19,29.19,29.31,29.31,29.39,29.39,29.45,29.45,29.52,29.52,3.27,3.27,3.27,3.27,3.27,3.27,3.26,3.26,3.26,3.26,4.84,4.85,4.86,4.87,4.88,4.89,4.90,4.91,4.92,4.93,287.09,0.00,0.00,1.00,0.00,0.00,0.00,-1.00,0,None,0,aggregation
160,277.54,remora4,remora7,30.18,30.18,30.17,30.17,30.17,30.17,30.15,30.15,30.14,30.14,29.60,29.60,29.63,29.63,29.67,29.67,29.74,29.74,29.76,29.76,3.26,3.26,3.26,3.26,3.26,3.26,3.26,3.26,3.26,3.26,4.94,4.95,4.97,4.98,4.99,5.01,5.02,5.03,5.04,5.06,287.46,0.00,0.00,1.00,0.00,0.00,0.00,-1.00,0,None,0,aggregation
160,278.54,remora4,remora7,30.12,30.12,30.11,30.11,30.07,30.07,30.06,30.06,30.04,30.04,29.83,29.83,29.84,29.84,29.91,29.91,29.92,29.92,29.95,29.95,3.26,3.25,3.25,3.25,3.25,3.25,3.25,3.25,3.25,3.25,5.07,5.08,5.09,5.10,5.12,5.13,5.14,5.16,5.17,5.18,288.71,0.00,0.00,1.00,0.00,0.00,0.00,-1.00,0,None,0,aggregation
160,131.54,remora4,remora0,-14.37,-16.36,-16.36,4.51,4.51,14.55,14.55,12.46,12.46,10.38,-24.83,-26.83,-26.83,-5.95,-5.95,6.47,6.47,3.83,3.83,1.21,4.16,4.16,4.16,4.15,4.13,4.11,4.08,4.06,4.03,4.01,5.13,5.13,5.12,5.12,5.11,5.11,5.10,5.10,5.09,5.09,47.27,0.00,0.00,1.00,0.00,0.00,0.00,-1.00,0,None,0,aggregation
160,132.54,remora4,remora0,10.38,8.87,8.87,6.72,6.72,10.51,10.51,11.12,11.12,9.50,1.21,-0.69,-0.69,-3.38,-3.38,1.37,1.37,2.14,2.14,0.11,3.99,3.97,3.95,3.93,3.91,3.90,3.88,3.86,3.84,3.83,5.08,5.08,5.07,5.07,5.06,5.06,5.05,5.05,5.05,5.05,51.99,0.00,0.00,1.00,0.00,0.00,0.00,-1.00,0,None,0,aggregation
160,133.54,remora4,remora0,9.50,9.02,9.02,13.42,13.42,14.19,14.19,13.38,13.38,12.14,0.11,-0.50,-0.50,5.04,5.04,6.01,6.01,4.99,4.99,3.43,3.81,3.80,3.78,3.77,3.76,3.74,3.73,3.72,3.71,3.70,5.04,5.04,5.04,5.04,5.04,5.04,5.04,5.04,5.04,5.04,59.81,0.00,0.00,1.00,0.00,0.00,0.00,-1.00,0,None,0,aggregation
160,134.54,remora4,remora0,12.14,13.40,13.40,14.54,13.82,13.82,14.44,14.44,14.44,15.62,3.43,5.01,5.01,6.46,5.54,5.54,6.33,6.33,6.33,7.83,3.69,3.68,3.67,3.67,3.66,3.66,3.65,3.65,3.65,3.65,5.04,5.04,5.05,5.05,5.05,5.05,5.06,5.06,5.07,5.07,69.70,0.00,0.00,1.00,0.00,0.00,0.00,-1.00,0,None,0,aggregation
160,135.54,remora4,remora0,15.62,14.99,14.99,15.71,15.71,15.26,15.26,15.83,15.83,15.88,7.83,7.03,7.03,7.95,7.95,7.38,7.38,8.09,8.09,8.16,3.65,3.65,3.65,3.66,3.66,3.66,3.67,3.68,3.69,3.69,5.08,5.08,5.09,5.09,5.10,5.10,5.11,5.12,5.12,5.13,81.30,0.00,0.00,1.00,0.00,0.00,0.00,-1.00,0,None,0,aggregation
160,136.54,remora4,remora0,15.88,14.49,14.49,15.06,15.06,12.17,12.17,10.82,10.82,12.29,8.16,6.39,6.39,7.11,7.11,3.47,3.47,1.76,1.76,3.61,3.70,3.71,3.72,3.74,3.75,3.76,3.77,3.79,3.80,3.81,5.14,5.15,5.16,5.16,5.17,5.18,5.19,5.19,5.20,5.21,90.42,0.00,0.00,1.00,0.00,0.00,0.00,-1.00,0,None,0,aggregation
160,137.54,remora4,remora0,12.29,11.48,11.48,9.39,9.39,9.20,9.20,7.77,7.77,4.24,3.61,2.59,2.59,-0.03,-0.03,-0.27,-0.27,-2.06,-2.06,-6.23,3.82,3.83,3.82,3.81,3.81,3.80,3.80,3.80,3.79,3.79,5.22,5.37,5.38,5.39,5.39,5.40,5.40,5.27,5.27,5.28,95.12,0.00,0.00,1.00,0.00,0.00,0.00,-1.00,0,None,0,aggregation
160,138.54,remora4,remora0,3.89,3.89,3.89,3.85,3.85,1.36,1.36,3.22,3.22,2.74,-6.57,-6.57,-6.57,-6.61,-6.61,-9.10,-9.10,-7.24,-7.24,-7.72,3.79,3.79,3.79,3.78,3.78,3.78,3.79,3.79,3.79,3.79,5.29,5.29,5.30,5.44,5.44,5.45,5.45,5.45,5.46,5.46,97.23,0.00,0.00,1.00,0.00,0.00,0.00,-1.00,0,None,0,aggregation
160,139.54,remora4,remora0,2.74,1.64,1.64,1.28,1.28,1.12,1.12,0.90,0.50,0.50,-7.72,-8.82,-8.82,-9.19,-9.19,-9.34,-9.34,-9.56,-9.96,-9.96,3.79,3.79,3.79,3.78,3.78,3.78,3.78,3.78,3.78,3.78,5.47,5.47,5.48,5.48,5.49,5.49,5.50,5.50,5.51,5.51,92.22,0.00,0.00,1.00,0.00,0.00,0.00,-1.00,0,None,0,aggregation
160,140.54,remora4,remora0,0.50,2.05,2.05,3.12,4.62,4.62,4.62,5.13,5.13,4.00,-9.96,-8.41,-8.41,-7.35,-5.84,-5.84,-5.84,-5.34,-5.34,-6.46,3.79,3.79,3.79,3.78,3.78,3.78,3.78,3.78,3.78,3.78,5.52,5.52,5.53,5.53,5.54,5.55,5.55,5.55,5.56,5.56,66.30,0.00,0.00,1.00,0.00,0.00,0.00,-1.00,0,None,0,aggregation
160,141.54,remora4,remora0,4.00,5.81,5.81,5.86,5.86,6.50,6.50,7.51,7.51,8.52,-6.46,-4.51,-4.51,-4.45,-4.45,-3.65,-3.65,-2.38,-2.38,-1.13,3.78,3.78,3.78,3.78,3.78,3.78,3.78,3.78,3.78,3.78,5.57,5.57,5.57,5.58,5.58,5.59,5.59,5.59,5.60,5.60,57.13,0.00,0.00,1.00,0.00,0.00,0.00,-1.00,0,None,0,aggregation
160,142.54,remora4,remora0,8.52,9.47,10.57,10.57,10.57,11.89,11.89,12.46,12.46,13.05,-1.13,0.06,1.45,1.45,1.45,3.11,3.11,3.82,3.82,4.56,3.79,3.79,3.79,3.80,3.80,3.81,3.81,3.82,3.83,3.83,5.61,5.61,5.62,5.62,5.63,5.63,5.64,5.64,5.64,5.65,59.06,0.00,0.00,1.00,0.00,0.00,0.00,-1.00,0,None,0,aggregation
160,143.54,remora4,remora0,14.50,14.50,15.01,15.01,15.01,16.08,16.08,16.41,16.41,17.43,6.41,6.41,7.06,7.06,7.06,8.42,8.42,8.84,8.84,10.15,3.84,3.85,3.85,3.86,3.87,3.89,3.90,3.91,3.92,3.93,5.65,5.66,5.66,5.66,5.66,5.66,5.66,5.66,5.66,5.66,63.00,0.00,0.00,1.00,0.00,0.00,0.00,-1.00,0,None,0,aggregation
160,144.54,remora4,remora0,17.43,18.14,18.14,18.74,18.74,19.05,19.05,20.05,20.05,20.72,10.15,11.06,11.06,11.83,11.83,12.24,12.24,13.55,13.55,14.43,3.95,3.96,3.98,3.99,4.01,4.02,4.03,4.05,4.06,4.08,5.65,5.65,5.65,5.65,5.65,5.64,5.64,5.63,5.62,5.61,68.71,0.00,0.00,1.00,0.00,0.00,0.00,-1.00,0,None,0,aggregation
160,145.54,remora4,remora0,20.72,21.76,21.76,22.38,22.38,22.48,22.48,22.47,22.47,23.10,14.43,15.80,15.80,16.63,16.63,16.76,16.76,16.75,16.75,17.60,4.10,4.12,4.14,4.16,4.18,4.20,4.22,4.23,4.25,4.27,5.60,5.59,5.58,5.57,5.56,5.55,5.54,5.52,5.51,5.50,76.41,0.00,0.00,1.00,0.00,0.00,0.00,-1.00,0,None,0,aggregation
160,146.54,remora4,remora0,23.10,23.01,23.01,22.65,22.65,22.09,22.09,21.41,21.41,21.27,17.60,17.48,17.48,17.00,17.00,16.24,16.24,15.33,15.33,15.14,4.29,4.31,4.33,4.35,4.37,4.39,4.41,4.42,4.44,4.43,5.49,5.49,5.48,5.47,5.47,5.46,5.45,5.45,5.44,5.44,86.66,0.00,0.00,1.00,0.00,0.00,0.00,-1.00,0,None,0,aggregation
160,147.54,remora4,remora0,21.27,20.72,20.72,19.57,19.57,18.90,18.90,17.32,17.32,15.19,15.14,14.42,14.42,12.91,12.91,12.04,12.04,10.01,10.01,7.29,4.38,4.34,4.30,4.26,4.22,4.18,4.14,4.10,4.07,4.03,5.43,5.42,5.42,5.41,5.41,5.40,5.40,5.39,5.39,5.39,97.49,0.00,0.00,1.00,0.00,0.00,0.00,-1.00,0,None,0,aggregation
160,148.54,remora4,remora0,13.08,13.08,13.08,11.43,11.43,9.45,9.45,9.41,7.58,7.58,4.61,4.61,4.61,2.53,2.53,0.04,0.04,-0.01,-2.30,-2.30,4.00,3.97,3.94,3.91,3.89,3.87,3.85,3.83,3.81,3.80,5.38,5.38,5.38,5.38,5.38,5.38,5.38,5.38,5.37,5.37,101.38,0.00,0.00,1.00,0.00,0.00,0.00,-1.00,0,None,0,aggregation
160,149.54,remora4,remora0,7.58,7.02,7.02,5.76,5.76,8.77,9.65,9.65,9.65,8.42,-2.30,-2.99,-2.99,-4.57,-4.57,-0.81,0.29,0.29,0.29,-1.24,3.79,3.78,3.77,3.76,3.75,3.74,3.73,3.72,3.71,3.70,5.37,5.37,5.37,5.38,5.39,5.40,5.40,5.40,5.40,5.41,100.46,0.00,0.00,1.00,0.00,0.00,0.00,-1.00,0,None,0,aggregation
160,150.54,remora4,remora0,8.42,8.54,8.54,11.32,12.39,12.39,12.39,13.22,11.64,11.64,-1.24,-1.10,-1.10,2.39,3.74,3.74,3.74,4.78,2.80,2.80,3.70,3.69,3.68,3.67,3.66,3.65,3.64,3.63,3.62,3.61,5.41,5.42,5.43,5.44,5.25,5.24,5.24,5.23,5.23,5.23,105.36,0.00,0.00,1.00,0.00,0.00,0.00,-1.00,0,None,0,aggregation
160,151.54,remora4,remora0,11.64,12.53,12.53,11.44,11.44,11.90,11.90,12.12,12.12,13.62,2.80,3.91,3.91,2.54,2.54,3.12,3.12,3.39,3.39,5.29,3.61,3.60,3.59,3.58,3.58,3.57,3.56,3.56,3.55,3.54,5.23,5.23,5.23,5.23,5.23,5.23,5.23,5.23,5.22,5.23,111.56,0.00,0.00,1.00,0.00,0.00,0.00,-1.00,0,None,0,aggregation
160,152.54,remora4,remora0,13.91,13.91,13.91,13.56,12.93,12.93,12.93,11.16,13.28,13.28,5.66,5.66,5.66,5.21,4.42,4.42,4.42,2.19,4.86,4.86,3.54,3.53,3.53,3.52,3.52,3.51,3.51,3.51,3.51,3.50,5.23,5.23,5.23,5.23,5.23,5.23,5.23,5.23,5.24,5.24,113.86,0.00,0.00,1.00,0.00,0.00,0.00,-1.00,0,None,0,aggregation
160,153.54,remora4,remora0,15.90,15.90,15.90,16.71,16.71,16.17,16.17,15.98,15.98,16.73,8.19,8.19,8.19,9.22,9.22,8.53,8.53,8.29,8.29,9.25,3.50,3.50,3.51,3.51,3.51,3.52,3.52,3.53,3.53,3.54,5.25,5.25,5.26,5.26,5.27,5.27,5.28,5.29,5.29,5.30,114.51,0.00,0.00,1.00,0.00,0.00,0.00,-1.00,0,None,0,aggregation
160,154.54,remora4,remora0,16.73,16.80,16.80,16.94,16.94,14.56,14.56,14.47,14.47,12.63,9.25,9.33,9.33,9.52,9.52,6.48,6.48,6.37,6.37,4.04,3.54,3.55,3.55,3.56,3.57,3.57,3.58,3.59,3.59,3.60,5.31,5.32,5.33,5.33,5.34,5.34,5.35,5.36,5.36,4.74,110.49,0.00,0.00,1.00,0.00,0.00,0.00,-1.00,0,None,0,aggregation
160,155.54,remora4,remora0,12.63,13.30,12.03,12.03,12.03,10.90,10.90,10.32,10.32,11.87,4.04,4.89,3.29,3.29,3.29,1.86,1.86,1.13,1.13,3.09,3.60,3.61,3.62,3.62,3.63,3.63,3.64,3.64,3.65,3.65,4.74,4.75,4.75,4.75,4.75,4.76,4.76,4.77,4.77,4.78,98.40,0.00,0.00,1.00,0.00,0.00,0.00,-1.00,0,None,0,aggregation
160,156.54,remora4,remora0,11.57,11.57,11.57,12.93,10.95,10.95,10.95,11.91,11.91,10.08,2.70,2.70,2.70,4.42,1.93,1.93,1.93,3.13,3.13,0.83,3.66,3.67,3.68,3.68,3.67,3.67,3.67,3.67,3.66,3.66,4.78,4.78,4.78,4.78,4.79,4.79,4.80,4.80,4.81,4.81,86.02,0.00,0.00,1.00,0.00,0.00,0.00,-1.00,0,None,0,aggregation
160,157.54,remora4,remora0,10.08,11.06,11.06,10.85,10.85,9.90,9.09,9.09,9.09,8.53,0.83,2.07,2.07,1.80,1.80,0.61,-0.41,-0.41,-0.41,-1.11,3.65,3.65,3.65,3.64,3.64,3.63,3.63,3.63,3.63,3.63,4.82,4.82,4.83,4.84,4.84,4.84,4.85,4.85,4.85,4.86,75.80,0.00,0.00,1.00,0.00,0.00,0.00,-1.00,0,None,0,aggregation
160,158.54,remora4,remora0,10.23,10.23,10.47,10.47,10.47,9.22,9.22,10.46,10.46,9.36,1.03,1.03,1.32,1.32,1.32,-0.24,-0.24,1.32,1.32,-0.07,3.63,3.63,3.64,3.64,3.65,3.65,3.65,3.66,3.66,3.66,4.87,4.87,4.88,4.89,4.90,4.91,4.92,4.93,4.94,4.94,75.25,0.00,0.00,1.00,0.00,0.00,0.00,-1.00,0,None,0,aggregation
160,159.54,remora4,remora0,9.36,9.86,10.97,10.97,10.97,10.05,10.05,9.36,9.36,9.61,-0.07,0.56,1.95,1.95,1.95,0.80,0.80,-0.07,-0.07,0.24,3.67,3.67,3.67,3.68,3.68,3.68,3.69,3.69,3.69,3.70,4.95,4.95,4.96,4.97,4.99,5.00,5.01,5.02,5.04,5.04,77.64,0.00,0.00,1.00,0.00,0.00,0.00,-1.00,0,None,0,aggregation
160,160.54,remora4,remora0,9.61,9.12,9.12,9.12,9.12,8.80,8.80,9.52,9.10,9.10,0.24,-0.38,-0.38,-0.37,-0.37,-0.77,-0.77,0.13,-0.39,-0.39,3.70,3.70,3.70,3.71,3.71,3.71,3.72,3.72,3.73,3.73,5.05,5.06,5.06,5.07,5.08,5.08,5.09,5.10,5.12,5.13,75.49,0.00,0.00,1.00,0.00,0.00,0.00,-1.00,0,None,0,aggregation
160,161.54,remora4,remora0,9.10,9.58,9.58,10.07,10.07,9.99,9.99,10.11,10.11,10.25,-0.39,0.21,0.21,0.83,0.83,0.72,0.72,0.88,0.88,1.05,3.74,3.75,3.75,3.76,3.77,3.78,3.79,3.81,3.82,3.83,5.14,5.16,5.17,5.18,5.20,5.21,5.22,5.24,5.25,5.27,72.97,0.00,0.00,1.00,0.00,0.00,0.00,-1.00,0,None,0,aggregation
160,162.54,remora4,remora0,10.25,11.03,11.03,10.90,11.13,11.13,11.13,11.51,11.51,11.74,1.05,2.03,2.03,1.87,2.16,2.16,2.16,2.62,2.62,2.91,3.85,3.86,3.88,3.90,3.92,3.94,3.96,3.98,4.00,4.03,5.28,5.30,5.31,5.33,5.34,5.36,5.38,5.39,5.41,5.42,70.66,0.00,0.00,1.00,0.00,0.00,0.00,-1.00,0,None,0,aggregation
160,163.54,remora4,remora0,11.74,12.16,12.16,12.51,12.51,13.00,13.00,13.15,13.15,13.19,2.91,3.45,3.45,3.88,3.88,4.51,4.51,4.69,4.69,4.75,4.05,4.08,4.10,4.13,4.16,4.19,4.22,4.25,4.28,4.31,5.44,5.44,5.45,5.47,5.48,5.50,5.51,5.53,5.54,5.56,66.62,0.00,0.00,1.00,0.00,0.00,0.00,-1.00,0,None,0,aggregation
160,164.54,remora4,remora0,13.19,13.79,13.79,13.78,13.78,14.87,14.87,14.59,14.59,15.22,4.75,5.51,5.51,5.50,5.50,6.87,6.87,6.52,6.52,7.32,4.34,4.36,4.38,4.39,4.39,4.39,4.40,4.40,4.41,4.42,5.58,5.60,5.62,5.63,5.65,5.67,5.68,5.70,5.71,5.73,65.20,0.00,0.00,1.00,0.00,0.00,0.00,-1.00,0,None,0,aggregation
160,165.54,remora4,remora0,15.60,15.60,15.60,16.13,16.13,17.23,17.23,17.42,17.42,17.80,7.81,7.81,7.81,8.48,8.48,9.89,9.89,10.13,10.13,10.62,4.43,4.43,4.43,4.44,4.44,4.45,4.46,4.47,4.48,4.50,5.75,5.76,5.77,5.79,5.80,5.82,5.83,5.85,5.86,5.88,70.85,0.00,0.00,1.00,0.00,0.00,0.00,-1.00,0,None,0,aggregation
160,166.54,remora4,remora0,17.80,18.36,18.36,18.54,18.54,19.05,19.05,19.50,20.14,20.14,10.62,11.35,11.35,11.58,11.58,12.24,12.24,12.82,13.66,13.66,4.51,4.52,4.54,4.55,4.56,4.57,4.59,4.60,4.62,4.64,5.89,5.91,5.92,5.94,5.95,5.96,5.98,5.99,6.01,6.02,79.39,0.00,0.00,1.00,0.00,0.00,0.00,-1.00,0,None,0,aggregation
160,167.54,remora4,remora0,20.14,20.19,20.31,20.31,20.31,21.11,21.11,21.19,21.44,21.44,13.66,13.72,13.88,13.88,13.88,14.94,14.94,15.05,15.38,15.38,4.65,4.66,4.67,4.69,4.70,4.72,4.73,4.75,4.77,4.79,6.03,6.05,6.06,6.07,6.08,6.10,6.11,6.12,6.14,6.15,91.68,0.00,0.00,1.00,0.00,0.00,0.00,-1.00,0,None,0,aggregation
160,168.54,remora4,remora0,21.44,21.75,21.75,22.28,22.28,22.32,22.32,22.22,22.22,22.90,15.38,15.79,15.79,16.50,16.50,16.55,16.55,16.42,16.42,17.34,4.81,4.83,4.85,4.87,4.89,4.92,4.93,4.95,4.97,4.99,6.16,6.18,6.19,6.20,6.21,6.23,6.24,6.25,6.26,6.27,105.48,0.00,0.00,1.00,0.00,0.00,0.00,-1.00,0,None,0,aggregation
160,169.54,remora4,remora0,22.90,23.42,23.42,23.39,23.39,24.02,24.59,24.59,24.59,24.83,17.34,18.04,18.04,18.00,18.00,18.86,19.64,19.64,19.64,19.98,5.02,5.04,5.06,5.07,5.09,5.12,5.14,5.16,5.18,5.21,6.29,6.30,6.31,6.32,6.34,6.35,6.36,6.37,6.38,6.39,121.37,0.00,0.00,1.00,0.00,0.00,0.00,-1.00,0,None,0,aggregation
160,170.54,remora4,remora0,24.83,24.85,24.85,25.53,25.53,26.16,26.66,26.66,26.66,27.21,19.98,20.02,20.02,20.97,20.97,21.88,22.61,22.61,22.61,23.45,5.23,5.24,5.26,5.28,5.31,5.33,5.36,5.39,5.40,5.41,6.40,6.41,6.42,6.43,6.44,6.45,6.47,6.48,6.49,5.75,140.67,0.00,0.00,1.00,0.00,0.00,0.00,-1.00,0,None,0,aggregation
160,171.54,remora4,remora0,27.21,27.64,27.96,27.96,27.96,28.26,28.54,28.54,28.80,28.80,23.45,24.11,24.61,24.61,24.61,25.10,25.57,25.57,26.01,26.01,5.41,5.42,5.42,5.43,5.43,5.44,5.44,5.45,5.45,5.46,5.76,5.77,5.78,5.79,5.80,5.81,5.82,5.84,5.56,5.57,162.00,0.00,0.00,1.00,0.00,0.00,0.00,-1.00,0,None,0,aggregation
160,172.54,remora4,remora0,28.80,29.04,29.04,29.25,29.25,29.35,29.35,29.54,29.62,29.62,26.01,26.43,26.43,26.84,26.84,27.03,27.03,27.40,27.57,27.57,5.46,5.47,5.47,5.48,5.48,5.49,5.49,5.50,5.51,5.51,5.58,5.60,5.61,5.63,5.65,5.67,5.69,5.70,5.72,5.73,183.45,0.00,0.00,1.00,0.00,0.00,0.00,-1.00,0,None,0,aggregation
160,173.54,remora4,remora0,29.73,29.73,29.73,29.83,29.83,29.89,29.89,29.95,30.00,30.00,27.83,27.83,27.83,28.07,28.07,28.22,28.22,28.37,28.51,28.51,5.52,5.53,5.53,5.54,5.55,5.56,5.56,5.57,5.58,5.59,5.74,5.76,5.77,5.79,5.80,5.82,5.84,5.86,5.88,5.91,204.09,0.00,0.00,1.00,0.00,0.00,0.00,-1.00,0,None,0,aggregation
160,174.54,remora4,remora0,30.00,30.04,0.00,0.00,0.00,30.00,30.00,30.00,30.00,30.00,28.51,28.65,0.00,0.00,0.00,30.00,30.00,30.00,30.00,30.00,5.60,5.61,5.62,5.62,5.62,5.63,5.63,5.64,5.66,5.67,5.92,5.94,5.95,5.96,5.96,5.97,5.99,6.02,6.03,6.05,214.78,0.00,0.00,1.00,0.00,0.00,0.00,-1.00,0,None,0,aggregation
160,175.54,remora4,remora0,30.00,30.00,30.00,30.00,30.00,30.00,30.00,30.00,30.00,30.00,30.00,30.00,30.00,30.00,30.00,30.00,30.00,30.00,30.00,30.00,5.68,5.69,5.70,5.71,5.73,5.74,5.75,5.77,5.78,5.80,6.07,6.09,6.11,6.13,6.15,6.17,6.20,6.22,6.24,6.26,231.92,0.00,0.00,1.00,0.00,0.00,0.00,-1.00,0,None,0,aggregation
160,176.54,remora4,remora0,30.00,30.00,30.00,30.00,30.00,30.00,30.00,30.00,30.00,30.00,30.00,30.00,30.00,30.00,30.00,30.00,30.00,30.00,30.00,30.00,5.81,5.83,5.85,5.86,5.88,5.90,5.91,5.93,5.95,5.97,6.28,6.31,6.33,6.36,6.38,6.41,6.43,6.46,6.48,6.51,246.40,0.00,0.00,1.00,0.00,0.00,0.00,-1.00,0,None,0,aggregation
160,177.54,remora4,remora0,30.00,30.00,30.00,30.00,30.00,30.00,30.00,30.00,30.00,30.00,30.00,30.00,30.00,30.00,30.00,30.00,30.00,30.00,30.00,30.00,5.99,6.01,6.03,6.05,6.07,6.09,6.11,6.14,6.16,6.18,6.53,6.56,6.58,6.61,6.64,6.67,6.70,6.72,6.74,6.77,258.78,0.00,0.00,1.00,0.00,0.00,0.00,-1.00,0,None,0,aggregation
160,178.54,remora4,remora0,30.00,30.00,30.00,30.00,30.00,30.00,30.00,30.00,30.00,30.00,30.00,30.00,30.00,30.00,30.00,30.00,30.00,30.00,30.00,30.00,6.21,6.23,6.25,6.28,6.30,6.33,6.35,6.38,6.40,6.43,6.79,6.82,6.85,6.88,6.91,6.94,6.97,7.00,7.03,7.06,269.55,0.00,0.00,1.00,0.00,0.00,0.00,-1.00,0,None,0,aggregation
160,179.54,remora4,remora0,30.00,30.00,30.00,30.00,30.00,30.00,30.00,30.00,30.00,30.00,30.00,30.00,30.00,30.00,30.00,30.00,30.00,30.00,30.00,30.00,6.46,6.48,6.51,6.54,6.57,6.60,6.62,6.65,6.68,6.71,7.10,7.13,7.16,7.20,7.23,7.27,7.30,7.32,7.35,7.39,278.23,0.00,0.00,1.00,0.00,0.00,0.00,-1.00,0,None,0,aggregation
160,180.54,remora4,remora0,30.00,30.00,30.00,30.00,30.00,30.00,30.00,30.00,30.00,30.00,30.00,30.00,30.00,30.00,30.00,30.00,30.00,30.00,30.00,30.00,6.74,6.77,6.80,6.83,6.86,6.90,6.93,6.96,6.99,7.02,7.42,7.45,7.48,7.51,7.55,7.59,7.62,7.65,7.68,7.71,284.53,0.00,0.00,1.00,0.00,0.00,0.00,-1.00,0,None,0,aggregation
160,181.54,remora4,remora0,30.00,30.00,30.00,30.00,30.00,30.00,30.00,30.00,30.00,30.00,30.00,30.00,30.00,30.00,30.00,30.00,30.00,30.00,30.00,30.00,7.06,7.09,7.12,7.16,7.19,7.22,7.26,7.29,7.33,7.36,7.74,7.77,7.81,7.84,7.88,7.91,7.95,7.98,8.02,8.06,287.96,0.00,0.00,1.00,0.00,0.00,0.00,-1.00,0,None,0,aggregation
160,182.54,remora4,remora0,30.00,30.00,30.00,30.00,30.00,30.00,30.00,30.00,30.00,30.00,30.00,30.00,30.00,30.00,30.00,30.00,30.00,30.00,30.00,30.00,7.40,7.43,7.47,7.50,7.54,7.57,7.61,7.65,7.68,7.72,8.10,8.13,8.17,8.21,8.25,8.29,8.33,8.37,8.41,8.45,289.86,0.00,0.00,1.00,0.00,0.00,0.00,-1.00,0,None,0,aggregation
160,183.54,remora4,remora0,30.00,30.00,30.00,30.00,30.00,30.00,30.00,30.00,30.00,30.00,30.00,30.00,30.00,30.00,30.00,30.00,30.00,30.00,30.00,30.00,7.76,7.80,7.83,7.87,7.91,7.95,7.98,8.02,8.06,8.10,8.49,8.53,8.57,8.60,8.63,8.66,8.70,8.74,8.78,8.82,290.86,0.00,0.00,1.00,0.00,0.00,0.00,-1.00,0,None,0,aggregation
160,184.54,remora4,remora0,30.00,30.00,30.00,30.00,30.00,30.00,30.00,30.00,30.00,30.00,30.00,30.00,30.00,30.00,30.00,30.00,30.00,30.00,30.00,30.00,8.14,8.18,8.22,8.26,8.30,8.34,8.38,8.42,8.46,8.50,8.86,8.90,8.94,8.97,9.01,9.05,9.09,9.13,9.17,9.22,300.00,0.00,0.00,1.00,0.00,0.00,0.00,-1.00,0,None,0,aggregation
160,185.54,remora4,remora0,30.00,30.00,30.00,30.00,30.00,30.00,30.00,30.00,30.00,30.00,30.00,30.00,30.00,30.00,30.00,30.00,30.00,30.00,30.00,30.00,8.54,8.58,8.62,8.66,8.70,8.74,8.78,8.82,8.86,8.91,9.26,8.58,8.62,8.66,8.70,8.74,8.78,8.82,8.86,8.91,300.00,0.00,0.00,1.00,0.00,0.00,0.00,-1.00,0,None,0,aggregation
160,186.54,remora4,remora0,30.00,30.00,30.00,30.00,30.00,30.00,30.00,30.00,30.00,30.00,30.00,30.00,30.00,30.00,30.00,30.00,30.00,30.00,30.00,30.00,8.95,8.99,9.03,9.07,9.11,9.16,9.20,9.24,9.28,9.33,8.95,8.99,9.03,9.07,9.11,9.16,9.20,9.24,9.28,9.33,300.00,0.00,0.00,1.00,0.00,0.00,0.00,-1.00,0,None,0,aggregation
160,187.54,remora4,remora0,30.00,30.00,30.00,30.00,30.00,30.00,30.00,30.00,30.00,30.00,30.00,30.00,30.00,30.00,30.00,30.00,30.00,30.00,30.00,30.00,9.37,9.41,9.45,9.49,9.54,9.58,9.62,9.66,9.71,9.75,9.37,9.41,9.45,9.49,9.54,9.58,9.62,9.66,9.71,9.75,300.00,0.00,0.00,1.00,0.00,0.00,0.00,-1.00,0,None,0,aggregation
160,188.54,remora4,remora0,30.00,30.00,30.00,30.00,30.00,30.00,30.00,30.00,30.00,30.00,30.00,30.00,30.00,30.00,30.00,30.00,30.00,30.00,30.00,30.00,9.79,9.84,9.88,9.92,9.96,10.00,10.00,10.00,10.00,10.00,9.79,9.84,9.88,9.92,9.96,10.00,10.00,10.00,10.00,10.00,300.00,0.00,0.00,1.00,0.00,0.00,0.00,-1.00,0,None,0,aggregation
160,189.54,remora4,remora0,30.00,30.00,30.00,30.00,30.00,30.00,30.00,30.00,30.00,30.00,30.00,30.00,30.00,30.00,30.00,30.00,30.00,30.00,30.00,30.00,10.00,10.00,10.00,10.00,10.00,10.00,10.00,10.00,10.00,10.00,10.00,10.00,10.00,10.00,10.00,10.00,10.00,10.00,10.00,10.00,300.00,0.00,0.00,1.00,0.00,0.00,0.00,-1.00,0,None,0,aggregation
160,131.54,remora4,remora9,28.74,28.74,28.58,28.58,28.50,28.50,28.40,28.40,28.24,28.24,25.90,25.90,25.64,25.64,25.49,25.49,25.33,25.33,25.06,25.06,2.48,2.51,2.53,2.56,2.59,2.61,2.64,2.66,2.69,2.72,5.28,5.28,5.28,5.28,5.28,5.28,5.29,5.29,5.30,5.30,158.74,0.00,1.00,1.00,0.00,0.00,0.00,-1.00,0,None,0,aggregation
160,132.54,remora4,remora9,28.32,28.32,28.12,28.12,27.93,27.93,27.81,27.81,27.40,27.40,25.20,25.20,24.86,24.86,24.57,24.57,24.37,24.37,23.74,23.74,2.74,2.77,2.79,2.82,2.85,2.87,2.90,2.92,2.95,2.98,5.30,5.31,5.31,5.32,5.32,5.32,5.33,5.34,5.34,5.35,184.97,0.00,1.00,1.00,0.00,0.00,0.00,-1.00,0,None,0,aggregation
160,133.54,remora4,remora9,27.04,27.04,26.97,26.97,26.36,26.36,26.32,26.32,26.02,26.02,23.18,23.18,23.08,23.08,22.17,22.17,22.12,22.12,21.68,21.68,3.00,3.03,3.05,3.08,3.10,3.12,3.15,3.17,3.20,3.22,5.35,5.36,5.37,5.37,5.38,5.39,5.40,5.41,5.41,5.42,194.84,0.00,0.00,1.00,0.00,0.00,0.00,-1.00,0,None,0,aggregation
160,134.54,remora4,remora9,25.55,25.55,25.33,25.33,24.72,24.72,24.11,24.11,23.83,23.83,21.00,21.00,20.69,20.69,19.83,19.83,18.98,18.98,18.60,18.60,3.25,3.27,3.29,3.32,3.34,3.36,3.38,3.40,3.43,3.45,5.43,5.44,5.45,5.46,5.47,5.48,5.49,5.50,5.51,5.52,210.98,0.00,0.00,1.00,0.00,0.00,0.00,-1.00,0,None,0,aggregation
160,135.54,remora4,remora9,23.41,23.41,23.29,23.29,23.03,23.03,22.83,22.83,23.08,23.08,18.02,18.02,17.86,17.86,17.50,17.50,17.24,17.24,17.57,17.57,3.47,3.49,3.51,3.53,3.55,3.57,3.59,3.61,3.63,3.65,5.53,5.54,5.55,5.56,5.57,5.58,5.59,5.60,5.61,5.62,227.73,0.00,0.00,1.00,0.00,0.00,0.00,-1.00,0,None,0,aggregation
160,136.54,remora4,remora9,23.21,23.21,23.46,23.46,23.45,23.45,23.60,23.60,23.65,23.65,17.75,17.75,18.09,18.09,18.07,18.07,18.29,18.29,18.35,18.35,3.67,3.69,3.71,3.73,3.74,3.76,3.78,3.80,3.82,3.84,5.63,5.65,5.66,5.67,5.68,5.70,5.71,5.72,5.73,5.75,235.99,0.00,0.00,1.00,0.00,0.00,0.00,-1.00,0,None,0,aggregation
160,137.54,remora4,remora9,23.19,23.19,22.88,22.88,23.27,23.27,23.62,23.62,24.07,24.07,17.73,17.73,17.30,17.30,17.83,17.83,18.32,18.32,18.93,18.93,3.86,3.88,3.89,3.91,3.93,3.95,3.97,3.98,4.00,4.02,5.76,5.77,5.79,5.80,5.81,5.83,5.84,5.85,5.87,5.88,237.51,0.00,0.00,1.00,0.00,0.00,0.00,-1.00,0,None,0,aggregation
160,138.54,remora4,remora9,24.29,24.29,24.69,24.69,25.46,25.46,25.46,25.46,25.39,25.39,19.23,19.23,19.79,19.79,20.88,20.88,20.87,20.87,20.78,20.78,4.04,4.05,4.07,4.09,4.11,4.12,4.14,4.16,4.17,4.19,5.90,5.91,5.93,5.94,5.96,5.97,5.99,6.01,6.02,6.04,236.91,0.00,0.00,1.00,0.00,0.00,0.00,-1.00,0,None,0,aggregation
160,139.54,remora4,remora9,25.61,25.61,26.08,26.08,26.40,26.40,26.88,26.88,27.12,27.12,21.09,21.09,21.77,21.77,22.24,22.24,22.95,22.95,23.30,23.30,4.21,4.23,4.24,4.26,4.27,4.29,4.31,4.32,4.34,4.36,6.06,6.07,6.09,6.11,6.13,6.14,6.16,6.18,6.20,6.22,235.71,0.00,0.00,1.00,0.00,0.00,0.00,-1.00,0,None,0,aggregation
160,140.54,remora4,remora9,27.70,27.70,27.99,27.99,27.85,27.85,28.10,28.10,28.33,28.33,24.20,24.20,24.66,24.66,24.43,24.43,24.84,24.84,25.21,25.21,4.37,4.39,4.41,4.42,4.44,4.45,4.47,4.49,4.50,4.52,6.24,6.26,6.28,6.30,6.32,6.34,6.36,6.38,6.40,6.42,235.23,0.00,0.00,1.00,0.00,0.00,0.00,-1.00,0,None,0,aggregation
160,141.54,remora4,remora9,28.69,28.69,28.79,28.79,29.27,29.27,29.47,29.47,29.66,29.66,25.82,25.82,25.99,25.99,26.86,26.86,27.26,27.26,27.67,27.67,4.53,4.55,4.56,4.58,4.59,4.61,4.62,4.64,4.65,4.67,6.44,6.46,6.48,6.50,6.53,6.55,6.57,6.59,6.61,6.63,236.19,0.00,0.00,1.00,0.00,0.00,0.00,-1.00,0,None,0,aggregation
160,142.54,remora4,remora9,29.75,29.75,29.88,29.88,29.98,29.98,30.10,30.10,30.11,30.11,27.86,27.86,28.17,28.17,28.45,28.45,28.86,28.86,28.89,28.89,4.69,4.70,4.72,4.73,4.75,4.76,4.78,4.79,4.81,4.82,6.66,6.68,6.70,6.72,6.74,6.76,6.79,6.81,6.83,6.85,239.16,0.00,0.00,1.00,0.00,0.00,0.00,-1.00,0,None,0,aggregation
160,143.54,remora4,remora9,30.15,30.15,30.13,30.13,30.18,30.18,30.09,30.09,29.83,29.83,29.10,29.10,28.98,28.98,29.57,29.57,29.88,29.88,30.11,30.11,4.84,4.85,4.86,4.86,4.86,4.85,4.85,4.84,4.84,4.83,6.87,6.90,6.92,6.94,6.95,6.21,6.23,6.24,6.26,6.27,244.47,0.00,0.00,1.00,0.00,0.00,0.00,-1.00,0,None,0,aggregation
160,144.54,remora4,remora9,29.15,29.15,27.83,27.83,26.95,26.95,1.89,1.89,2.23,2.23,30.16,30.16,29.74,29.74,29.31,29.31,-13.80,-13.80,-13.47,-13.47,4.83,4.82,4.82,4.81,4.81,4.81,4.80,4.77,4.75,4.73,6.29,6.31,6.32,6.34,6.35,6.37,6.37,6.37,6.36,6.35,241.84,0.00,0.00,1.00,0.00,0.00,0.00,-1.00,0,None,0,aggregation
160,145.54,remora4,remora9,3.09,3.09,4.01,4.01,4.97,4.97,5.97,5.97,6.98,6.98,-12.61,-12.61,-11.69,-11.69,-10.72,-10.72,-9.73,-9.73,-8.71,-8.71,4.71,4.68,4.66,4.64,4.62,4.60,4.58,4.56,4.54,4.52,6.35,6.34,6.33,6.33,6.32,6.32,6.31,6.31,6.30,6.30,224.30,0.00,0.00,1.00,0.00,0.00,0.00,-1.00,0,None,0,aggregation
160,146.54,remora4,remora9,7.93,7.93,8.44,8.44,-3.53,-3.53,-4.64,-4.64,-2.01,-2.01,-7.61,-7.61,-6.07,-6.07,6.59,6.59,5.71,5.71,7.81,7.81,4.51,4.49,4.47,4.46,4.44,4.42,4.41,4.39,4.38,4.36,6.30,6.30,6.30,6.30,6.30,6.30,6.31,6.31,6.31,6.31,204.77,0.00,0.00,1.00,1.00,0.00,1.00,-1.00,0,None,0,aggregation
160,147.54,remora4,remora9,-0.41,-0.41,0.96,0.96,2.68,2.68,4.45,4.45,6.24,6.24,9.09,9.09,10.18,10.18,11.55,11.55,12.95,12.95,14.37,14.37,4.35,4.33,4.32,4.31,4.30,4.29,4.28,4.27,4.26,4.25,6.31,6.32,6.32,6.32,6.33,6.33,6.33,6.34,6.34,6.35,191.26,0.00,0.00,1.00,0.00,0.00,0.00,-1.00,0,None,0,aggregation
160,148.54,remora4,remora9,7.07,7.07,9.01,9.01,10.89,10.89,4.62,4.62,4.78,4.78,15.02,15.02,16.54,16.54,18.01,18.01,-11.08,-11.08,-10.91,-10.91,4.25,4.24,4.24,4.24,4.23,4.23,4.23,4.23,4.22,4.22,6.35,6.36,6.37,6.37,6.38,6.39,6.40,6.40,6.40,6.40,177.49,0.00,0.00,1.00,0.00,0.00,0.00,-1.00,0,None,0,aggregation
160,149.54,remora4,remora9,4.78,4.78,6.85,6.85,5.75,5.75,7.72,7.72,9.64,9.64,-10.91,-10.91,14.85,14.85,13.98,13.98,15.53,15.53,17.04,17.04,4.21,4.21,4.20,4.20,4.20,4.20,4.21,4.21,4.21,4.22,6.40,7.12,7.12,7.12,6.41,6.42,6.43,6.43,6.44,6.45,162.90,0.00,0.00,1.00,1.00,0.00,1.00,-1.00,0,None,0,aggregation
160,150.54,remora4,remora9,11.31,11.31,12.93,12.93,4.73,4.73,4.92,4.92,11.31,11.31,18.33,18.33,19.58,19.58,-10.97,-10.97,-10.78,-10.78,18.33,18.33,4.22,4.23,4.24,4.25,4.25,4.25,4.25,4.25,4.25,4.26,6.45,6.46,6.47,6.48,5.42,5.42,5.42,5.42,5.42,5.42,146.95,0.00,0.00,1.00,1.00,0.00,1.00,-1.00,0,None,0,aggregation
160,151.54,remora4,remora9,10.27,10.27,11.92,11.92,5.37,5.37,5.42,5.42,10.69,10.69,17.53,17.53,18.80,18.80,-10.33,-10.33,-10.28,-10.28,17.85,17.85,4.27,4.28,4.29,4.30,4.31,4.31,4.31,4.31,4.32,4.32,5.43,5.44,5.45,5.45,5.46,5.47,5.47,5.47,5.48,5.49,128.69,0.00,0.00,1.00,1.00,0.00,1.00,-1.00,0,None,0,aggregation
160,152.54,remora4,remora9,9.22,9.22,10.89,10.89,12.53,12.53,5.56,5.56,5.95,5.95,16.71,16.71,18.01,18.01,19.27,19.27,-10.14,-10.14,-9.75,-9.75,4.33,4.34,4.35,4.37,4.38,4.39,4.40,4.40,4.40,4.41,5.50,5.51,5.52,5.53,5.55,5.56,5.57,5.58,5.59,5.60,108.98,0.00,0.00,1.00,0.00,0.00,0.00,-1.00,0,None,0,aggregation
160,153.54,remora4,remora9,10.06,10.06,8.58,8.58,10.27,10.27,11.72,11.72,13.32,13.32,17.36,17.36,16.21,16.21,17.53,17.53,18.65,18.65,19.88,19.88,4.41,4.42,4.42,4.43,4.44,4.45,4.46,4.47,4.48,4.49,5.60,5.62,5.63,5.65,5.66,5.68,5.69,5.71,5.73,5.75,93.54,0.00,0.00,1.00,1.00,0.00,1.00,-1.00,0,None,0,aggregation
160,154.54,remora4,remora9,14.69,14.69,16.01,16.01,4.87,4.87,5.01,5.01,5.98,5.98,20.92,20.92,21.91,21.91,-10.83,-10.83,-10.69,-10.69,-9.72,-9.72,4.51,4.52,4.54,4.55,4.57,4.57,4.57,4.57,4.58,4.58,5.77,5.79,5.81,5.83,5.85,5.86,5.87,5.88,5.90,5.78,82.80,0.00,0.00,1.00,0.00,0.00,0.00,-1.00,0,None,0,aggregation
160,155.54,remora4,remora9,11.31,11.31,10.69,10.69,12.12,12.12,13.52,13.52,14.69,14.69,18.33,18.33,17.85,17.85,18.96,18.96,20.03,20.03,20.92,20.92,4.59,4.60,4.62,4.63,4.65,4.66,4.68,4.70,4.72,4.74,5.79,5.81,5.82,5.84,5.86,5.88,5.89,5.91,5.93,5.95,95.79,0.00,0.00,1.00,1.00,0.00,1.00,-1.00,0,None,0,aggregation
160,156.54,remora4,remora9,5.50,5.50,5.77,5.77,12.32,12.32,11.72,11.72,13.12,13.12,-10.20,-10.20,-9.93,-9.93,19.11,19.11,18.65,18.65,19.73,19.73,4.75,4.76,4.77,4.78,4.79,4.81,4.83,4.85,4.87,4.89,5.97,5.98,5.98,5.99,6.00,6.02,6.04,6.06,6.08,6.10,104.88,0.00,0.00,1.00,1.00,0.00,1.00,-1.00,0,None,0,aggregation
160,157.54,remora4,remora9,14.30,14.30,15.45,15.45,5.35,5.35,5.69,5.69,5.69,12.53,20.63,20.63,21.49,21.49,-10.35,-10.35,-10.01,-10.01,-10.01,19.27,4.91,4.93,4.95,4.97,4.99,5.00,5.01,5.02,5.03,5.05,6.12,6.14,6.16,6.18,6.20,6.20,6.21,6.21,6.22,6.24,107.60,0.00,0.00,1.00,0.00,0.00,0.00,-1.00,0,None,0,aggregation
160,158.54,remora4,remora9,11.31,11.31,12.53,12.53,13.72,13.72,14.69,14.69,5.38,5.38,18.33,18.33,19.27,19.27,20.18,20.18,20.92,20.92,-10.32,-10.32,5.06,5.08,5.10,5.12,5.14,5.16,5.18,5.20,5.21,5.22,6.25,6.27,6.29,6.31,6.32,6.34,6.36,6.38,6.39,6.40,112.27,0.00,0.00,1.00,0.00,0.00,0.00,-1.00,0,None,0,aggregation
160,159.54,remora4,remora9,5.72,5.72,30.00,30.00,30.00,30.00,30.00,30.00,7.15,7.15,-9.98,-9.98,30.00,30.00,30.00,30.00,30.00,30.00,-8.55,-8.55,5.23,5.23,5.25,5.27,5.29,5.31,5.33,5.35,5.37,5.38,6.40,6.40,6.42,6.44,6.46,6.49,6.51,6.54,6.55,6.56,121.09,0.00,0.00,1.00,1.00,0.00,1.00,-1.00,0,None,0,aggregation
160,160.54,remora4,remora9,7.63,7.63,8.25,8.25,8.74,8.74,30.00,30.00,30.00,30.00,-8.06,-8.06,-6.65,-6.65,-5.17,-5.17,30.00,30.00,30.00,30.00,5.39,5.39,5.40,5.41,5.41,5.42,5.43,5.44,5.44,5.45,6.56,6.57,6.57,6.57,6.58,6.58,6.59,6.60,6.61,6.63,123.27,0.00,0.00,1.00,1.00,0.00,1.00,-1.00,0,None,0,aggregation
160,161.54,remora4,remora9,30.00,30.00,30.00,30.00,30.00,30.00,30.00,30.00,30.00,30.00,30.00,30.00,30.00,30.00,30.00,30.00,30.00,30.00,30.00,30.00,5.46,5.47,5.47,5.48,5.48,5.49,5.49,5.50,5.50,5.51,6.64,6.65,6.66,6.68,6.69,6.70,6.71,6.72,6.73,6.74,143.58,0.00,0.00,1.00,0.00,0.00,0.00,-1.00,0,None,0,aggregation
160,162.54,remora4,remora9,30.00,30.00,30.00,30.00,30.00,30.00,30.00,30.00,30.00,30.00,30.00,30.00,30.00,30.00,30.00,30.00,30.00,30.00,30.00,30.00,5.51,5.52,5.52,5.52,5.53,5.53,5.53,5.54,5.54,5.54,6.75,6.76,6.77,6.78,6.79,6.80,6.81,6.82,6.83,6.84,164.08,0.00,0.00,1.00,0.00,0.00,0.00,-1.00,0,None,0,aggregation
160,163.54,remora4,remora9,30.00,30.00,30.00,30.00,30.00,30.00,30.00,30.00,30.00,30.00,30.00,30.00,30.00,30.00,30.00,30.00,30.00,30.00,30.00,30.00,5.55,5.55,5.55,5.55,5.55,5.55,5.55,5.55,5.55,5.55,6.85,6.86,6.86,6.87,6.88,6.89,6.89,6.90,6.90,6.91,179.72,0.00,0.00,1.00,0.00,0.00,0.00,-1.00,0,None,0,aggregation
160,164.54,remora4,remora9,30.00,30.00,30.00,30.00,30.00,30.00,30.00,30.00,30.00,30.00,30.00,30.00,30.00,30.00,30.00,30.00,30.00,30.00,30.00,30.00,5.55,5.55,5.54,5.54,5.54,5.54,5.54,5.53,5.53,5.53,6.92,6.92,6.93,6.93,6.94,6.94,6.95,6.95,6.95,6.96,200.83,0.00,0.00,1.00,0.00,0.00,0.00,-1.00,0,None,0,aggregation
160,165.54,remora4,remora9,30.00,30.00,30.00,30.00,30.00,30.00,30.00,30.00,30.00,30.00,30.00,30.00,30.00,30.00,30.00,30.00,30.00,30.00,30.00,30.00,5.53,5.52,5.52,5.52,5.52,5.52,5.51,5.51,5.51,5.51,6.96,6.97,6.97,6.97,6.98,6.98,6.98,6.99,6.99,6.99,214.99,0.00,0.00,1.00,0.00,0.00,0.00,-1.00,0,None,0,aggregation
160,166.54,remora4,remora9,30.00,30.00,30.00,30.00,30.00,30.00,30.00,30.00,30.00,30.00,30.00,30.00,30.00,30.00,30.00,30.00,30.00,30.00,30.00,30.00,5.51,5.50,5.50,5.50,5.50,5.50,5.49,5.49,5.49,5.49,7.00,7.00,7.00,7.00,7.01,7.01,7.01,7.01,7.01,7.02,234.64,0.00,0.00,1.00,0.00,0.00,0.00,-1.00,0,None,0,aggregation
160,167.54,remora4,remora9,30.00,30.00,30.00,30.00,30.00,30.00,30.00,30.00,30.00,30.00,30.00,30.00,30.00,30.00,30.00,30.00,30.00,30.00,30.00,30.00,5.48,5.48,5.48,5.48,5.48,5.47,5.47,5.47,5.47,5.46,7.02,7.02,7.02,7.02,7.02,7.02,7.03,7.03,7.03,7.03,254.71,0.00,0.00,1.00,0.00,0.00,0.00,-1.00,0,None,0,aggregation
160,168.54,remora4,remora9,30.00,30.00,30.00,30.00,30.00,30.00,30.00,30.00,30.00,30.00,30.00,30.00,30.00,30.00,30.00,30.00,30.00,30.00,30.00,30.00,5.46,5.46,5.46,5.46,5.45,5.45,5.45,5.45,5.44,5.44,7.03,7.03,7.03,7.04,7.04,7.04,7.04,7.04,7.04,7.04,271.13,0.00,0.00,1.00,0.00,0.00,0.00,-1.00,0,None,0,aggregation
160,169.54,remora4,remora9,30.00,30.00,30.00,30.00,30.00,30.00,30.00,30.00,30.00,30.00,30.00,30.00,30.00,30.00,30.00,30.00,30.00,30.00,30.00,30.00,5.44,5.44,5.43,5.43,5.43,5.43,5.43,5.42,5.42,5.42,7.04,7.05,7.05,7.05,7.05,7.05,7.05,7.05,7.06,7.06,282.56,0.00,0.00,1.00,0.00,0.00,0.00,-1.00,0,None,0,aggregation
160,222.54,remora4,remora9,0.00,0.00,0.00,0.00,0.00,0.00,0.00,0.00,0.00,0.00,0.00,0.00,0.00,0.00,0.00,0.00,0.00,0.00,0.00,0.00,1.59,1.59,1.59,1.59,1.59,1.59,1.59,1.59,1.59,1.59,1.59,1.59,1.59,1.59,1.59,1.59,1.59,1.59,1.59,1.59,0.00,0.00,1.00,0.00,0.00,0.00,0.00,-1.00,0,None,0,aggregation
160,223.54,remora4,remora9,0.00,0.00,0.00,0.00,0.00,0.00,-24.61,-24.61,-24.50,-24.50,0.00,0.00,0.00,0.00,0.00,0.00,-35.07,-35.07,-34.96,-34.96,1.59,1.59,1.59,1.59,1.59,1.59,1.60,1.63,1.66,1.69,1.59,1.59,1.59,1.59,1.59,1.59,1.60,1.63,1.66,1.69,11.91,0.00,1.00,0.00,0.00,0.00,0.00,-1.00,0,None,0,aggregation
160,224.54,remora4,remora9,-24.20,-24.20,-23.80,-23.80,-23.21,-23.21,-22.55,-22.55,-21.77,-21.77,-34.66,-34.66,-34.27,-34.27,-33.67,-33.67,-33.01,-33.01,-32.24,-32.24,1.72,1.74,1.77,1.80,1.83,1.86,1.89,1.92,1.94,1.97,1.72,1.74,1.77,1.80,2.44,2.47,2.50,2.52,2.55,2.57,40.25,0.00,1.00,0.00,0.00,0.00,0.00,-1.00,0,None,0,aggregation
160,225.54,remora4,remora9,-20.96,-20.96,-19.97,-19.97,-18.96,-18.96,-17.77,-17.77,-16.66,-16.66,-31.42,-31.42,-30.44,-30.44,-29.43,-29.43,-28.23,-28.23,-27.12,-27.12,2.00,2.02,2.05,2.07,2.10,2.12,2.14,2.17,2.19,2.21,2.60,2.62,2.64,2.67,2.69,2.71,2.73,2.75,2.77,2.79,64.35,0.00,1.00,1.00,0.00,0.00,0.00,-1.00,0,None,0,aggregation
160,226.54,remora4,remora9,-15.29,-15.29,-14.05,-14.05,-12.56,-12.56,-11.14,-11.14,-9.48,-9.48,-25.76,-25.76,-24.51,-24.51,-23.02,-23.02,-21.60,-21.60,-19.95,-19.95,2.23,2.25,2.27,2.28,2.30,2.32,2.33,2.35,2.36,2.37,2.80,2.82,2.83,2.85,2.86,2.88,2.89,2.90,2.91,2.92,82.09,0.00,1.00,1.00,0.00,0.00,0.00,-1.00,0,None,0,aggregation
160,227.54,remora4,remora9,-7.91,-7.91,-6.33,-6.33,-4.41,-4.41,-2.76,-2.76,-0.77,-0.77,-18.37,-18.37,-16.79,-16.79,-14.88,-14.88,-13.23,-13.23,-11.23,-11.23,2.38,2.39,2.40,2.41,2.42,2.43,2.43,2.44,2.44,2.45,2.93,2.94,2.94,2.95,2.96,2.96,2.97,2.97,2.97,2.98,91.76,0.00,1.00,1.00,0.00,0.00,0.00,-1.00,0,None,0,aggregation
160,228.54,remora4,remora9,1.15,1.15,3.02,3.02,4.96,4.96,6.46,6.46,8.10,8.10,-9.31,-9.31,-7.45,-7.45,-5.51,-5.51,-3.70,-3.70,-1.65,-1.65,2.45,2.46,2.46,2.46,2.46,2.46,2.45,2.45,2.45,2.45,2.98,2.98,2.99,2.99,2.99,2.99,2.99,2.99,2.99,2.99,93.99,0.00,1.00,1.00,0.00,0.00,0.00,-1.00,0,None,0,aggregation
160,229.54,remora4,remora9,9.55,9.55,11.05,11.05,12.45,12.45,13.86,13.86,15.30,15.30,0.17,0.17,2.05,2.05,3.82,3.82,5.60,5.60,7.43,7.43,2.44,2.44,2.44,2.44,2.43,2.43,2.42,2.42,2.42,2.42,3.00,3.00,3.00,3.00,3.00,3.00,3.00,3.00,3.01,3.01,102.12,0.00,1.00,1.00,0.00,0.00,0.00,-1.00,0,None,0,aggregation
160,230.54,remora4,remora9,16.60,16.60,17.77,17.77,18.99,18.99,20.05,20.05,21.15,21.15,9.08,9.08,10.59,10.59,12.17,12.17,13.55,13.55,14.99,14.99,2.41,2.41,2.41,2.41,2.41,2.41,2.41,2.42,2.42,2.43,3.01,3.02,3.02,3.02,3.03,3.04,3.05,3.05,3.06,3.08,117.61,0.00,1.00,1.00,0.00,0.00,0.00,-1.00,0,None,0,aggregation
160,231.54,remora4,remora9,22.07,22.07,23.00,23.00,23.78,23.78,24.61,24.61,25.32,25.32,16.21,16.21,17.46,17.46,18.53,18.53,19.68,19.68,20.68,20.68,2.43,2.44,2.45,2.46,2.47,2.49,2.50,2.52,2.54,2.56,3.09,3.10,3.12,3.13,3.15,3.17,3.19,3.21,3.24,3.26,138.75,0.00,1.00,1.00,0.00,0.00,0.00,-1.00,0,None,0,aggregation
160,232.54,remora4,remora9,25.91,25.91,26.39,26.39,26.91,26.91,27.34,27.34,27.74,27.74,21.51,21.51,22.22,22.22,22.99,22.99,23.64,23.64,24.25,24.25,2.58,2.61,2.63,2.66,2.68,2.71,2.74,2.77,2.81,2.84,3.29,3.32,3.34,3.37,3.41,3.44,3.47,3.51,3.54,3.58,163.64,0.00,1.00,1.00,0.00,0.00,0.00,-1.00,0,None,0,aggregation
160,233.54,remora4,remora9,27.96,27.96,28.07,28.07,28.15,28.15,28.20,28.20,28.05,28.05,24.61,24.61,24.78,24.78,24.91,24.91,25.00,25.00,24.75,24.75,2.87,2.91,2.94,2.98,3.02,3.05,3.09,3.13,3.17,3.21,3.61,3.65,3.69,3.73,3.77,3.81,3.85,3.89,3.94,3.98,178.17,0.00,0.00,1.00,0.00,0.00,0.00,-1.00,0,None,0,aggregation
160,234.54,remora4,remora9,27.94,27.94,27.80,27.80,27.36,27.36,26.69,26.69,25.79,25.79,24.58,24.58,24.36,24.36,23.68,23.68,22.66,22.66,21.34,21.34,3.25,3.29,3.32,3.36,3.40,3.44,3.48,3.52,3.55,3.59,4.02,4.06,4.11,4.15,4.19,4.23,4.27,4.32,4.36,4.40,175.05,0.00,0.00,1.00,0.00,0.00,0.00,-1.00,0,None,0,aggregation
160,235.54,remora4,remora9,24.58,24.58,23.35,23.35,22.40,22.40,21.16,21.16,19.44,19.44,19.63,19.63,17.94,17.94,16.66,16.66,15.01,15.01,12.74,12.74,3.63,3.66,3.69,3.73,3.76,3.79,3.82,3.85,3.88,3.90,4.44,4.48,4.51,4.55,4.59,4.62,4.66,4.69,4.72,4.75,170.24,0.00,0.00,1.00,0.00,0.00,0.00,-1.00,0,None,0,aggregation
160,236.54,remora4,remora9,18.20,18.20,16.47,16.47,15.85,15.85,13.87,13.87,13.08,13.08,11.15,11.15,8.91,8.91,8.12,8.12,5.61,5.61,4.61,4.61,3.93,3.95,3.98,4.00,4.02,4.04,4.06,4.08,4.10,4.12,4.78,4.81,4.84,4.86,4.89,4.91,4.94,4.96,4.98,5.00,164.09,0.00,0.00,1.00,0.00,0.00,0.00,-1.00,0,None,0,aggregation
160,237.54,remora4,remora9,11.70,11.70,11.42,11.42,10.97,10.97,10.75,10.75,10.67,10.67,2.87,2.87,2.51,2.51,1.95,1.95,1.67,1.67,1.57,1.57,4.13,4.15,4.16,4.18,4.19,4.20,4.22,4.23,4.24,4.25,5.02,5.04,5.06,5.08,5.09,5.96,5.97,5.97,5.97,5.98,161.04,0.00,0.00,1.00,0.00,0.00,0.00,-1.00,0,None,0,aggregation
160,238.54,remora4,remora9,11.23,11.23,11.47,11.47,11.52,11.52,11.98,11.98,12.86,12.86,2.28,2.28,2.59,2.59,2.64,2.64,3.23,3.23,4.34,4.34,4.26,4.28,4.29,4.30,4.31,4.32,4.33,4.34,4.35,4.36,5.98,5.98,5.99,5.99,5.99,5.99,6.00,6.00,6.00,6.00,166.22,0.00,0.00,1.00,0.00,0.00,0.00,-1.00,0,None,0,aggregation
160,239.54,remora4,remora9,13.54,13.54,14.37,14.37,14.74,14.74,15.61,15.61,16.19,16.19,5.19,5.19,6.24,6.24,6.71,6.71,7.81,7.81,8.56,8.56,4.37,4.39,4.40,4.41,4.42,4.43,4.44,4.45,4.46,4.47,6.01,6.01,6.01,6.02,6.02,6.02,6.02,6.03,6.03,6.03,168.98,0.00,0.00,1.00,0.00,0.00,0.00,-1.00,0,None,0,aggregation
160,240.54,remora4,remora9,17.05,17.05,18.07,18.07,18.95,18.95,19.78,19.78,20.48,20.48,9.66,9.66,10.97,10.97,12.11,12.11,13.19,13.19,14.11,14.11,4.48,4.49,4.50,4.51,4.51,4.52,4.53,4.54,4.55,4.56,6.03,6.04,6.04,6.04,6.04,6.04,6.04,6.04,6.05,6.05,168.93,0.00,0.00,1.00,0.00,0.00,0.00,-1.00,0,None,0,aggregation
160,241.54,remora4,remora9,21.24,21.24,22.04,22.04,23.01,23.01,23.73,23.73,24.48,24.48,15.12,15.12,16.17,16.17,17.48,17.48,18.46,18.46,19.50,19.50,4.57,4.57,4.58,4.59,4.60,4.60,4.61,4.61,4.62,4.63,6.05,6.05,6.05,6.05,6.04,6.04,6.04,6.04,6.04,6.03,167.92,0.00,0.00,1.00,0.00,0.00,0.00,-1.00,0,None,0,aggregation
160,242.54,remora4,remora9,25.04,25.04,25.61,25.61,26.38,26.38,26.91,26.91,27.29,27.29,20.28,20.28,21.09,21.09,22.19,22.19,22.98,22.98,23.56,23.56,4.63,4.64,4.64,4.65,4.65,4.66,4.66,4.67,4.67,4.67,6.03,6.03,6.02,6.02,6.01,6.01,6.00,6.50,6.49,6.48,167.16,0.00,0.00,1.00,0.00,0.00,0.00,-1.00,0,None,0,aggregation
160,243.54,remora4,remora9,27.76,27.76,28.17,28.17,28.53,28.53,28.76,28.76,29.10,29.10,24.29,24.29,24.95,24.95,25.55,25.55,25.94,25.94,26.54,26.54,4.68,4.68,4.69,4.69,4.69,4.70,4.70,4.70,4.71,4.71,6.47,6.46,6.46,6.45,6.44,6.43,6.43,6.42,6.41,6.40,167.67,0.00,0.00,1.00,0.00,0.00,0.00,-1.00,0,None,0,aggregation
160,244.54,remora4,remora9,29.29,29.29,29.45,29.45,29.64,29.64,29.76,29.76,29.87,29.87,26.90,26.90,27.22,27.22,27.62,27.62,27.90,27.90,28.17,28.17,4.72,4.72,4.72,4.73,4.73,4.74,4.74,4.75,4.75,4.76,6.39,6.39,6.38,6.36,6.35,6.34,6.33,6.32,6.31,6.31,171.03,0.00,0.00,1.00,0.00,0.00,0.00,-1.00,0,None,0,aggregation
160,245.54,remora4,remora9,29.96,29.96,30.05,30.05,30.09,30.09,-0.89,-0.89,-0.59,-0.59,28.40,28.40,28.68,28.68,28.82,28.82,-16.59,-16.59,-16.29,-16.29,4.76,4.77,4.78,4.78,4.79,4.80,4.80,4.79,4.78,4.77,6.30,6.29,6.28,6.26,6.25,6.24,6.23,6.22,6.22,6.21,172.78,0.00,0.00,1.00,0.00,0.00,0.00,-1.00,0,None,0,aggregation
160,246.54,remora4,remora9,0.00,0.00,0.67,0.67,1.42,1.42,27.53,27.53,2.79,2.79,-15.70,-15.70,-15.03,-15.03,-14.27,-14.27,29.60,29.60,-12.91,-12.91,4.76,4.76,4.75,4.74,4.73,4.73,4.72,4.71,4.71,4.71,6.20,6.19,6.18,6.18,6.17,6.17,6.16,6.14,6.12,6.11,172.21,0.00,0.00,1.00,1.00,0.00,1.00,-1.00,0,None,0,aggregation
160,247.54,remora4,remora9,3.18,3.18,4.11,4.11,5.08,5.08,19.21,19.21,18.17,18.17,-12.52,-12.52,-11.59,-11.59,-10.61,-10.61,24.27,24.27,23.51,23.51,4.70,4.70,4.69,4.69,4.69,4.69,4.68,4.68,4.67,4.66,6.10,6.09,6.08,6.08,6.07,6.06,6.05,6.02,5.99,5.97,176.35,0.00,0.00,1.00,1.00,0.00,1.00,-1.00,0,None,0,aggregation
160,248.54,remora4,remora9,6.24,6.24,6.62,6.62,15.87,15.87,14.73,14.73,16.16,16.16,-9.46,-9.46,-9.08,-9.08,21.81,21.81,20.95,20.95,22.03,22.03,4.66,4.66,4.66,4.66,4.66,4.65,4.65,4.65,4.64,4.64,5.95,5.95,5.94,5.94,5.93,5.91,5.89,5.86,5.84,5.82,180.66,0.00,0.00,1.00,1.00,0.00,1.00,-1.00,0,None,0,aggregation
160,249.54,remora4,remora9,17.38,17.38,18.25,18.25,19.01,19.01,19.76,19.76,20.45,20.45,22.94,22.94,23.58,23.58,24.13,24.13,24.67,24.67,25.16,25.16,4.64,4.64,4.64,4.64,4.64,4.64,4.64,4.65,4.65,4.66,5.80,5.78,5.75,5.73,5.71,5.68,5.66,5.65,5.63,5.60,191.29,0.00,0.00,1.00,0.00,0.00,0.00,-1.00,0,None,0,aggregation
160,250.54,remora4,remora9,5.70,5.70,5.96,5.96,17.79,17.79,16.89,16.89,17.51,17.51,-10.00,-10.00,-9.74,-9.74,23.24,23.24,22.57,22.57,23.03,23.03,4.67,4.68,4.69,4.70,4.71,4.71,4.68,4.64,4.61,4.58,5.59,5.58,5.58,5.58,5.57,5.56,5.54,5.53,5.51,5.49,188.77,0.00,0.00,1.00,1.00,0.00,1.00,-1.00,0,None,0,aggregation
160,251.54,remora4,remora9,18.36,18.36,19.31,19.31,19.83,19.83,5.64,5.64,5.96,5.96,23.66,23.66,24.35,24.35,24.72,24.72,-10.06,-10.06,-9.74,-9.74,4.55,4.52,4.49,4.46,4.43,4.40,4.38,4.37,4.36,4.35,5.48,5.46,5.44,5.43,5.41,5.39,5.38,5.38,5.38,5.38,182.49,0.00,0.00,1.00,0.00,0.00,0.00,-1.00,0,None,0,aggregation
160,252.54,remora4,remora9,17.00,17.00,15.30,15.30,15.67,15.67,16.21,16.21,16.73,16.73,22.65,22.65,21.39,21.39,21.66,21.66,22.06,22.06,22.45,22.45,4.34,4.31,4.29,4.26,4.24,4.21,4.19,4.16,4.14,4.12,5.37,5.36,5.35,5.33,5.32,5.30,5.29,5.28,5.27,5.26,177.47,0.00,0.00,1.00,1.00,0.00,1.00,-1.00,0,None,0,aggregation
160,253.54,remora4,remora9,17.16,17.16,5.59,5.59,16.17,16.17,14.87,14.87,6.04,6.04,22.78,22.78,-10.11,-10.11,22.04,22.04,21.06,21.06,-9.66,-9.66,4.09,4.07,4.06,4.05,4.04,4.03,4.01,3.99,3.97,3.97,5.25,5.24,5.24,5.24,5.24,5.23,5.22,5.21,5.20,5.20,162.73,0.00,0.00,1.00,1.00,0.00,1.00,-1.00,0,None,0,aggregation
160,254.54,remora4,remora9,6.25,6.25,10.52,10.52,8.62,8.62,9.16,9.16,9.58,9.58,-9.45,-9.45,17.72,17.72,16.24,16.24,16.66,16.66,16.99,16.99,3.97,3.97,3.97,3.95,3.94,3.93,3.91,3.90,3.89,3.87,5.20,5.21,5.21,5.21,5.20,5.20,5.20,5.19,5.19,5.18,145.01,0.00,0.00,1.00,1.00,0.00,1.00,-1.00,0,None,0,aggregation
160,255.54,remora4,remora9,10.30,10.30,10.37,10.37,11.13,11.13,11.09,11.09,4.54,4.54,17.55,17.55,17.60,17.60,18.19,18.19,18.16,18.16,-11.16,-11.16,3.86,3.85,3.84,3.82,3.81,3.80,3.78,3.77,3.76,3.76,5.18,5.17,5.16,5.16,5.15,5.15,5.15,5.14,5.14,5.14,136.08,0.00,0.00,1.00,0.00,0.00,0.00,-1.00,0,None,0,aggregation
160,256.54,remora4,remora9,4.91,4.91,6.41,6.41,5.29,5.29,5.88,5.88,6.23,6.23,-10.79,-10.79,14.50,14.50,13.62,13.62,14.09,14.09,14.36,14.36,3.76,3.77,3.76,3.76,3.75,3.74,3.73,3.72,3.71,3.70,5.14,5.14,5.14,5.13,6.10,6.09,6.07,6.06,6.05,6.04,133.69,0.00,0.00,1.00,1.00,0.00,1.00,-1.00,0,None,0,aggregation
160,257.54,remora4,remora9,6.85,6.85,4.20,4.20,4.33,4.33,3.59,3.59,2.59,2.59,14.85,14.85,-11.50,-11.50,-11.37,-11.37,12.28,12.28,11.48,11.48,3.69,3.68,3.67,3.67,3.68,3.68,3.68,3.67,3.66,3.66,6.03,6.02,6.01,6.00,6.00,5.99,5.98,5.97,5.96,5.95,129.54,0.00,0.00,1.00,1.00,0.00,1.00,-1.00,0,None,0,aggregation
160,258.54,remora4,remora9,3.71,3.71,4.46,4.46,3.93,3.93,4.04,4.04,1.64,1.64,12.37,12.37,12.96,12.96,-11.76,-11.76,-11.65,-11.65,10.72,10.72,3.65,3.64,3.63,3.63,3.62,3.62,3.62,3.63,3.62,3.62,5.94,5.93,5.93,5.92,5.91,5.91,5.90,5.90,5.89,5.88,123.94,0.00,0.00,1.00,1.00,0.00,1.00,-1.00,0,None,0,aggregation
160,259.54,remora4,remora9,0.74,0.74,1.80,1.80,2.82,2.82,3.50,3.50,3.67,3.67,10.00,10.00,10.85,10.85,11.66,11.66,-12.19,-12.19,-12.03,-12.03,3.61,3.61,3.60,3.60,3.59,3.59,3.58,3.58,3.59,3.59,5.87,5.87,5.86,5.85,5.84,5.83,5.82,5.82,5.82,5.81,107.91,0.00,0.00,1.00,0.00,0.00,0.00,-1.00,0,None,0,aggregation
160,260.54,remora4,remora9,0.33,0.33,0.19,0.19,0.82,0.82,2.21,2.21,3.03,3.03,9.68,9.68,9.57,9.57,10.07,10.07,11.18,11.18,-12.67,-12.67,3.59,3.58,3.58,3.57,3.57,3.56,3.56,3.55,3.55,3.55,5.81,5.80,5.79,5.78,5.77,5.77,5.76,5.75,5.75,5.74,100.36,0.00,0.00,1.00,1.00,0.00,1.00,-1.00,0,None,0,aggregation
160,261.54,remora4,remora9,2.59,2.59,2.16,2.16,2.83,2.83,2.86,2.86,-0.42,-0.42,11.48,11.48,11.14,11.14,-12.87,-12.87,-12.84,-12.84,9.08,9.08,3.55,3.55,3.54,3.53,3.53,3.53,3.53,3.54,3.54,3.53,5.74,5.73,5.72,5.71,5.70,5.70,5.69,5.68,5.68,5.67,92.13,0.00,0.00,1.00,1.00,0.00,1.00,-1.00,0,None,0,aggregation
160,262.54,remora4,remora9,-0.94,-0.94,0.92,0.92,2.62,2.62,2.29,2.29,2.51,2.51,8.66,8.66,10.15,10.15,11.50,11.50,-13.41,-13.41,-13.19,-13.19,3.53,3.53,3.52,3.52,3.51,3.51,3.51,3.51,3.51,3.51,5.67,5.66,5.65,5.64,5.63,5.63,5.62,5.61,5.60,5.60,78.48,0.00,0.00,1.00,0.00,0.00,0.00,-1.00,0,None,0,aggregation
160,263.54,remora4,remora9,-0.66,-0.66,-1.53,-1.53,0.11,0.11,1.98,1.98,2.01,2.01,8.89,8.89,8.20,8.20,9.50,9.50,10.99,10.99,-13.69,-13.69,3.51,3.51,3.50,3.50,3.50,3.49,3.49,3.49,3.48,3.48,5.59,5.58,5.58,5.58,5.58,5.57,5.57,5.57,5.56,5.56,71.18,0.00,0.00,1.00,0.00,0.00,0.00,-1.00,0,None,0,aggregation
160,264.54,remora4,remora9,2.04,2.04,-0.06,-0.06,-1.19,-1.19,0.49,0.49,2.02,2.02,-13.66,-13.66,9.37,9.37,8.47,8.47,9.81,9.81,11.02,11.02,3.49,3.49,3.49,3.49,3.48,3.48,3.48,3.47,3.47,3.46,5.56,5.56,5.56,5.55,5.55,5.55,5.54,5.54,5.53,5.53,65.47,0.00,0.00,1.00,0.00,0.00,0.00,-1.00,0,None,0,aggregation
160,265.54,remora4,remora9,1.57,1.57,2.60,2.60,2.12,2.12,1.51,1.51,1.65,1.65,-14.13,-14.13,11.49,11.49,11.11,11.11,-14.19,-14.19,-14.04,-14.04,3.46,3.46,3.46,3.46,3.45,3.45,3.45,3.45,3.45,3.45,5.53,5.53,5.52,5.52,5.51,5.51,5.50,5.50,5.50,5.49,59.86,0.00,0.00,1.00,0.00,0.00,0.00,-1.00,0,None,0,aggregation
160,266.54,remora4,remora9,-1.26,-1.26,-2.51,-2.51,-0.56,-0.56,1.50,1.50,2.96,2.96,8.41,8.41,7.41,7.41,8.97,8.97,10.61,10.61,11.77,11.77,3.45,3.45,3.45,3.45,3.44,3.44,3.44,3.43,3.43,3.43,5.49,5.48,5.47,5.47,5.46,5.46,5.45,5.45,5.44,5.43,55.96,0.00,0.00,1.00,0.00,0.00,0.00,-1.00,0,None,0,aggregation
160,267.54,remora4,remora9,0.86,0.86,0.94,0.94,0.52,0.52,0.12,0.12,1.54,1.54,-14.83,-14.83,-14.75,-14.75,9.83,9.83,9.51,9.51,10.64,10.64,3.42,3.42,3.43,3.43,3.43,3.43,3.42,3.42,3.41,3.41,5.43,5.42,5.41,5.41,5.41,5.40,5.39,5.39,5.38,5.37,55.36,0.00,0.00,1.00,0.00,0.00,0.00,-1.00,0,None,0,aggregation
160,268.54,remora4,remora9,2.71,2.71,0.56,0.56,0.74,0.74,-2.41,-2.41,-4.26,-4.26,11.57,11.57,-15.14,-15.14,-14.96,-14.96,7.49,7.49,6.01,6.01,3.41,3.40,3.40,3.40,3.40,3.41,3.41,3.40,3.40,3.40,5.37,5.36,5.35,5.35,5.34,5.34,5.33,5.33,5.32,5.32,54.22,0.00,0.00,1.00,0.00,0.00,0.00,-1.00,0,None,0,aggregation
160,269.54,remora4,remora9,-2.80,-2.80,-1.78,-1.78,-0.63,-0.63,0.52,0.52,1.88,1.88,7.18,7.18,7.99,7.99,8.91,8.91,9.83,9.83,10.91,10.91,3.40,3.40,3.40,3.39,3.39,3.39,3.39,3.39,3.38,3.38,5.32,5.31,5.31,5.30,5.30,5.30,5.30,5.30,5.30,5.29,52.93,0.00,0.00,1.00,0.00,0.00,0.00,-1.00,0,None,0,aggregation
160,270.54,remora4,remora9,-0.77,-0.77,-0.60,-0.60,-2.01,-2.01,-3.33,-3.33,-1.87,-1.87,-16.47,-16.47,-16.29,-16.29,7.81,7.81,6.75,6.75,7.93,7.93,3.38,3.38,3.38,3.38,3.38,3.38,3.38,3.38,3.37,3.37,5.29,5.29,5.29,5.29,5.28,5.28,5.28,5.28,5.28,5.28,52.50,0.00,0.00,1.00,0.00,0.00,0.00,-1.00,0,None,0,aggregation
160,271.54,remora4,remora9,-0.27,-0.27,1.47,1.47,3.48,3.48,-1.45,-1.45,-1.38,-1.38,9.20,9.20,10.58,10.58,12.18,12.18,-17.15,-17.15,-17.08,-17.08,3.37,3.37,3.37,3.37,3.37,3.36,3.36,3.36,3.36,3.36,5.28,4.80,4.80,4.80,4.79,4.79,4.79,4.78,4.78,4.77,54.26,0.00,0.00,1.00,0.00,0.00,0.00,-1.00,0,None,0,aggregation
160,272.54,remora4,remora9,0.79,0.79,-0.41,-0.41,1.46,1.46,3.05,3.05,-1.52,-1.52,10.04,10.04,9.09,9.09,10.58,10.58,11.84,11.84,-17.22,-17.22,3.36,3.36,3.35,3.35,3.35,3.35,3.35,3.35,3.35,3.34,4.77,4.77,4.77,4.77,4.77,4.77,4.77,4.77,4.76,4.76,55.31,0.00,0.00,1.00,0.00,0.00,0.00,-1.00,0,None,0,aggregation
160,273.54,remora4,remora9,-1.43,-1.43,0.28,0.28,-0.19,-0.19,1.65,1.65,-1.48,-1.48,-17.13,-17.13,9.64,9.64,9.26,9.26,10.73,10.73,-17.17,-17.17,3.34,3.34,3.34,3.34,3.34,3.33,3.33,3.33,3.33,3.33,4.75,4.75,4.75,4.75,4.75,4.75,4.75,4.75,4.75,4.75,57.25,0.00,0.00,1.00,1.00,0.00,1.00,-1.00,0,None,0,aggregation
160,274.54,remora4,remora9,2.26,2.26,1.15,1.15,-1.48,-1.48,1.03,1.03,-0.22,-0.22,11.22,11.22,10.33,10.33,-17.17,-17.17,10.24,10.24,9.24,9.24,3.33,3.32,3.32,3.32,3.32,3.32,3.32,3.32,3.31,3.31,4.75,4.75,4.75,4.75,4.75,4.75,4.75,4.75,4.75,4.76,58.49,0.00,0.00,1.00,1.00,0.00,1.00,-1.00,0,None,0,aggregation
160,275.54,remora4,remora9,1.97,1.97,-1.71,-1.71,-1.63,-1.63,-1.92,-1.92,-2.89,-2.89,10.98,10.98,-17.41,-17.41,-17.33,-17.33,7.88,7.88,7.10,7.10,3.31,3.31,3.31,3.31,3.31,3.30,3.30,3.30,3.30,3.30,4.76,4.76,4.76,4.76,4.76,4.76,4.76,4.76,4.76,4.76,58.11,0.00,0.00,1.00,1.00,0.00,1.00,-1.00,0,None,0,aggregation
160,276.54,remora4,remora9,-1.08,-1.08,0.89,0.89,2.20,2.20,-1.98,-1.98,-1.96,-1.96,8.55,8.55,10.12,10.12,11.16,11.16,-17.68,-17.68,-17.66,-17.66,3.30,3.29,3.29,3.29,3.29,3.29,3.29,3.29,3.29,3.28,4.77,4.77,4.78,4.78,4.79,4.79,4.80,4.79,4.79,4.79,60.49,0.00,0.00,1.00,0.00,0.00,0.00,-1.00,0,None,0,aggregation
160,277.54,remora4,remora9,-1.11,-1.11,-2.71,-2.71,-0.96,-0.96,0.47,0.47,2.26,2.26,8.53,8.53,7.25,7.25,8.65,8.65,9.79,9.79,11.22,11.22,3.28,3.28,3.28,3.28,3.28,3.28,3.28,3.28,3.28,3.28,4.79,4.80,4.80,4.80,4.81,4.81,4.82,4.82,4.83,4.84,58.84,0.00,0.00,1.00,1.00,0.00,1.00,-1.00,0,None,0,aggregation
160,278.54,remora4,remora9,-2.13,-2.13,-2.10,-2.10,-1.46,-1.46,-3.15,-3.15,-1.21,-1.21,-17.82,-17.82,-17.80,-17.80,8.25,8.25,6.89,6.89,8.45,8.45,3.28,3.27,3.27,3.26,3.26,3.26,3.26,3.26,3.26,3.26,4.85,4.85,4.84,4.84,4.84,4.85,4.85,4.86,4.87,4.87,59.61,0.00,0.00,1.00,1.00,0.00,1.00,-1.00,0,None,0,aggregation
160,279.54,remora4,remora9,0.57,0.57,2.24,2.24,-17.85,-17.85,5.96,5.96,8.22,8.22,9.87,9.87,11.20,11.20,-2.15,-2.15,14.15,14.15,15.92,15.92,3.26,3.26,3.26,3.26,3.26,3.25,3.25,3.25,3.26,3.26,4.88,4.89,4.89,4.90,4.91,4.10,4.10,4.10,4.11,4.11,64.22,0.00,0.00,1.00,0.00,0.00,0.00,-1.00,0,None,0,aggregation
160,280.54,remora4,remora9,-17.60,-17.60,-17.40,-17.40,-17.04,-17.04,16.91,16.91,18.51,18.51,-1.90,-1.90,-1.70,-1.70,-1.35,-1.35,22.59,22.59,23.76,23.76,3.27,3.26,3.25,3.25,3.24,3.23,3.24,3.25,3.27,3.29,4.12,4.11,4.11,4.10,4.09,4.09,4.09,4.10,4.12,4.13,73.16,0.00,0.00,1.00,0.00,0.00,0.00,-1.00,0,None,0,aggregation
160,281.54,remora4,remora9,-16.03,-16.03,-15.64,-15.64,-14.96,-14.96,-14.19,-14.19,-13.36,-13.36,-0.33,-0.33,0.06,0.06,0.74,0.74,1.50,1.50,2.33,2.33,3.30,3.29,3.29,3.28,3.27,3.27,3.26,3.25,3.25,3.24,4.14,4.14,4.14,4.13,4.13,4.12,4.12,4.11,4.11,4.10,72.78,0.00,0.00,1.00,0.00,0.00,0.00,-1.00,0,None,0,aggregation
160,282.54,remora4,remora9,-13.36,-13.36,29.01,29.01,29.47,29.47,-10.90,-10.90,-10.30,-10.30,2.33,2.33,30.14,30.14,30.18,30.18,4.80,4.80,5.40,5.40,3.24,3.23,3.24,3.26,3.29,3.32,3.33,3.33,3.33,3.33,4.10,4.10,4.10,4.12,4.15,4.17,4.19,4.19,4.19,4.19,80.34,0.00,0.00,1.00,1.00,0.00,1.00,-1.00,0,None,0,aggregation
160,283.54,remora4,remora9,-9.29,-9.29,-8.25,-8.25,-6.90,-6.90,-5.39,-5.39,-3.96,-3.96,6.41,6.41,7.44,7.44,8.16,8.16,8.66,8.66,9.13,9.13,3.33,3.32,3.32,3.32,3.32,3.32,3.32,3.32,3.33,3.33,4.19,4.19,4.19,4.19,4.19,4.19,4.19,4.20,4.20,4.20,74.82,0.00,0.00,1.00,0.00,0.00,0.00,-1.00,0,None,0,aggregation
160,284.54,remora4,remora9,-2.64,-2.64,-1.44,-1.44,-0.36,-0.36,0.64,0.64,22.40,22.40,9.54,9.54,9.89,9.89,10.20,10.20,10.46,10.46,16.65,16.65,3.33,3.33,3.33,3.34,3.34,3.34,3.35,3.35,3.36,3.37,4.20,4.21,4.21,4.22,4.22,4.23,4.23,4.24,4.24,4.25,75.97,0.00,0.00,1.00,0.00,0.00,0.00,-1.00,0,None,0,aggregation
160,285.54,remora4,remora9,22.40,22.40,23.19,23.19,23.95,23.95,24.62,24.62,25.29,25.29,16.65,16.65,17.73,17.73,18.77,18.77,19.69,19.69,20.64,20.64,3.38,3.39,3.40,3.41,3.42,3.43,3.44,3.45,3.47,3.48,4.26,4.27,4.28,4.29,4.30,4.31,4.33,4.34,4.36,4.37,91.14,0.00,0.00,1.00,0.00,0.00,0.00,-1.00,0,None,0,aggregation
160,286.54,remora4,remora9,25.83,25.83,26.38,26.38,26.86,26.86,27.36,27.36,27.69,27.69,21.40,21.40,22.20,22.20,22.92,22.92,23.68,23.68,24.18,24.18,3.50,3.51,3.53,3.54,3.56,3.58,3.59,3.61,3.63,3.65,4.38,4.40,4.41,4.43,4.44,4.46,4.48,4.50,4.52,4.54,108.88,0.00,0.00,1.00,0.00,0.00,0.00,-1.00,0,None,0,aggregation
160,287.54,remora4,remora9,28.00,28.00,28.30,28.30,28.60,28.60,28.80,28.80,29.01,29.01,24.68,24.68,25.17,25.17,25.66,25.66,26.01,26.01,26.39,26.39,3.67,3.69,3.71,3.73,3.75,3.77,3.80,3.82,3.84,3.86,4.56,4.58,4.60,4.62,4.64,4.67,4.69,4.71,4.74,4.76,131.60,0.00,0.00,1.00,0.00,0.00,0.00,-1.00,0,None,0,aggregation
160,288.54,remora4,remora9,29.14,29.14,29.27,29.27,29.39,29.39,29.44,29.44,29.42,29.42,26.62,26.62,26.87,26.87,27.10,27.10,27.20,27.20,27.16,27.16,3.89,3.91,3.94,3.96,3.98,4.01,4.03,4.06,4.08,4.11,4.78,4.80,4.83,4.85,4.87,4.90,4.93,4.96,4.16,4.18,154.00,0.00,0.00,1.00,0.00,0.00,0.00,-1.00,0,None,0,aggregation
160,289.54,remora4,remora9,29.46,29.46,29.43,29.43,29.42,29.42,29.30,29.30,29.00,29.00,27.24,27.24,27.17,27.17,27.15,27.15,26.93,26.93,26.36,26.36,4.14,4.16,4.19,4.21,4.24,4.27,4.29,4.32,4.34,4.37,4.21,4.23,4.25,4.28,4.31,4.34,4.37,4.39,4.41,4.44,173.33,0.00,0.00,1.00,0.00,0.00,0.00,-1.00,0,None,0,aggregation
160,290.54,remora4,remora9,28.59,28.59,27.74,27.74,25.65,25.65,23.13,23.13,18.65,18.65,25.65,25.65,24.26,24.26,21.14,21.14,17.64,17.64,11.72,11.72,4.40,4.42,4.45,4.47,4.50,4.52,4.54,4.56,4.58,4.59,4.46,4.49,4.52,4.54,4.57,4.59,4.61,4.63,4.64,4.65,181.87,0.00,0.00,1.00,0.00,0.00,0.00,-1.00,0,None,0,aggregation
160,291.54,remora4,remora9,13.50,13.50,8.28,8.28,5.45,5.45,5.51,5.51,7.61,7.61,5.14,5.14,-1.43,-1.43,-4.96,-4.96,-4.88,-4.88,-2.26,-2.26,4.61,4.62,4.62,4.63,4.63,4.63,4.63,4.63,4.64,4.64,4.66,4.68,4.69,4.69,4.69,4.69,5.55,5.55,5.55,5.56,178.08,0.00,0.00,1.00,0.00,0.00,0.00,-1.00,0,None,0,aggregation
160,292.54,remora4,remora9,7.13,7.13,6.76,6.76,7.14,7.14,8.52,8.52,9.88,9.88,-2.86,-2.86,-3.32,-3.32,-2.85,-2.85,-1.12,-1.12,0.59,0.59,4.64,4.64,4.65,4.65,4.65,4.65,4.65,4.66,4.66,4.67,5.56,5.56,5.57,5.57,5.57,5.58,5.58,5.58,5.58,5.59,166.98,0.00,0.00,1.00,0.00,0.00,0.00,-1.00,0,None,0,aggregation
160,293.54,remora4,remora9,10.27,10.27,10.29,10.29,11.44,11.44,11.89,11.89,13.35,13.35,1.07,1.07,1.09,1.09,2.54,2.54,3.11,3.11,4.95,4.95,4.67,4.68,4.68,4.69,4.69,4.70,4.71,4.71,4.72,4.73,5.60,5.60,5.61,5.61,5.62,5.62,5.62,5.63,5.63,5.64,172.64,0.00,0.00,1.00,0.00,0.00,0.00,-1.00,0,None,0,aggregation
160,294.54,remora4,remora9,14.39,14.39,15.58,15.58,16.42,16.42,16.79,16.79,17.78,17.78,6.27,6.27,7.78,7.78,8.85,8.85,9.33,9.33,10.60,10.60,4.73,4.74,4.75,4.76,4.77,4.78,4.78,4.78,4.78,4.78,5.64,5.65,5.66,5.67,5.67,5.68,5.68,5.69,5.69,5.70,177.49,0.00,0.00,1.00,0.00,0.00,0.00,-1.00,0,None,0,aggregation
160,295.54,remora4,remora9,19.23,19.23,20.46,20.46,21.21,21.21,22.29,22.29,23.43,23.43,12.47,12.47,14.08,14.08,15.07,15.07,16.51,16.51,18.05,18.05,4.78,4.79,4.80,4.81,4.81,4.81,4.81,4.81,4.81,4.81,5.70,5.71,5.71,5.72,5.73,5.73,5.74,5.74,5.75,5.75,174.48,0.00,0.00,1.00,0.00,0.00,0.00,-1.00,0,None,0,aggregation
160,296.54,remora4,remora9,24.00,24.00,24.97,24.97,25.80,25.80,26.14,26.14,26.66,26.66,18.84,18.84,20.17,20.17,21.36,21.36,21.85,21.85,22.62,22.62,4.80,4.80,4.80,4.80,4.81,4.81,4.82,4.81,4.81,4.80,5.76,5.76,5.77,5.78,5.78,5.79,5.80,5.80,5.81,5.81,172.87,0.00,0.00,1.00,0.00,0.00,0.00,-1.00,0,None,0,aggregation
160,297.54,remora4,remora9,-2.15,-2.15,-2.13,-2.13,-2.01,-2.01,-2.01,-2.01,30.09,30.09,-17.85,-17.85,-17.83,-17.83,-17.70,-17.70,-17.70,-17.70,28.82,28.82,4.80,4.79,4.79,4.79,4.80,4.80,4.80,4.79,4.78,4.76,5.81,5.81,5.80,5.80,5.80,5.79,5.79,5.78,5.77,5.76,159.64,0.00,0.00,1.00,1.00,0.00,1.00,-1.00,0,None,0,aggregation
160,298.54,remora4,remora9,30.18,30.18,-1.18,-1.18,-0.92,-0.92,-0.38,-0.38,0.25,0.25,29.41,29.41,-16.88,-16.88,-16.62,-16.62,-16.08,-16.08,-15.45,-15.45,4.74,4.72,4.71,4.71,4.72,4.72,4.73,4.73,4.72,4.72,5.75,5.73,5.72,5.72,5.71,5.71,5.70,5.70,5.69,5.68,144.16,0.00,0.00,1.00,0.00,0.00,0.00,-1.00,0,None,0,aggregation
160,299.54,remora4,remora9,0.96,0.96,25.61,25.61,2.11,2.11,2.42,2.42,3.30,3.30,-14.74,-14.74,28.57,28.57,-13.58,-13.58,-13.28,-13.28,-12.39,-12.39,4.71,4.71,4.70,4.66,4.64,4.65,4.65,4.66,4.66,4.67,5.67,5.66,5.64,5.61,5.59,5.58,5.57,5.57,5.56,5.55,125.95,0.00,0.00,1.00,1.00,0.00,1.00,-1.00,0,None,0,aggregation
160,300.54,remora4,remora9,4.24,4.24,14.62,14.62,12.92,12.92,12.86,12.86,4.88,4.88,-11.46,-11.46,20.87,20.87,19.57,19.57,19.53,19.53,-10.82,-10.82,4.67,4.67,4.66,4.64,4.62,4.60,4.58,4.55,4.53,4.52,5.54,5.53,5.51,5.48,5.45,5.42,5.39,5.36,5.34,5.32,114.89,0.00,0.00,1.00,1.00,0.00,1.00,-1.00,0,None,0,aggregation
160,301.54,remora4,remora9,5.02,5.02,6.00,6.00,4.27,4.27,3.53,3.53,4.62,4.62,-10.68,-10.68,-9.70,-9.70,12.81,12.81,12.22,12.22,13.09,13.09,4.51,4.51,4.50,4.51,4.51,4.50,4.49,4.47,4.44,4.41,5.30,5.29,5.27,5.26,5.25,5.22,5.20,5.18,5.15,5.13,117.68,0.00,0.00,1.00,1.00,0.00,1.00,-1.00,0,None,0,aggregation
160,302.54,remora4,remora9,5.93,5.93,6.63,6.63,7.60,7.60,4.58,4.58,4.86,4.86,14.12,14.12,14.68,14.68,15.44,15.44,-11.12,-11.12,-10.83,-10.83,4.38,4.35,4.32,4.29,4.26,4.23,4.21,4.19,4.17,4.15,5.10,5.08,5.05,5.03,5.00,4.97,4.95,4.94,4.92,4.91,122.38,0.00,0.00,1.00,0.00,0.00,0.00,-1.00,0,None,0,aggregation
160,303.54,remora4,remora9,3.68,3.68,2.15,2.15,3.32,3.32,4.77,4.77,5.82,5.82,12.34,12.34,11.13,11.13,12.06,12.06,13.21,13.21,14.04,14.04,4.13,4.10,4.08,4.05,4.02,4.00,3.97,3.95,3.92,3.90,4.90,4.87,4.85,4.83,4.81,4.78,4.76,4.73,4.71,4.68,123.64,0.00,0.00,1.00,1.00,0.00,1.00,-1.00,0,None,0,aggregation
160,304.54,remora4,remora9,4.06,4.06,4.19,4.19,3.13,3.13,2.21,2.21,3.67,3.67,-11.64,-11.64,-11.51,-11.51,11.91,11.91,11.18,11.18,12.34,12.34,3.87,3.86,3.84,3.83,3.81,3.79,3.76,3.74,3.72,3.70,4.66,4.65,4.64,4.63,4.61,4.59,4.57,4.55,4.52,4.50,117.19,0.00,0.00,1.00,1.00,0.00,1.00,-1.00,0,None,0,aggregation
160,305.54,remora4,remora9,4.31,4.31,4.49,4.49,0.78,0.78,-0.54,-0.54,1.37,1.37,-11.39,-11.39,-11.20,-11.20,10.04,10.04,8.98,8.98,10.51,10.51,3.68,3.67,3.66,3.64,3.63,3.62,3.60,3.58,3.57,3.55,4.48,4.47,4.45,4.44,4.43,4.41,4.40,4.38,4.36,4.34,103.40,0.00,0.00,1.00,1.00,0.00,1.00,-1.00,0,None,0,aggregation
160,306.54,remora4,remora9,3.17,3.17,4.77,4.77,3.57,3.57,3.88,3.88,2.09,2.09,11.94,11.94,13.21,13.21,-12.13,-12.13,-11.81,-11.81,11.08,11.08,3.54,3.52,3.51,3.49,3.48,3.48,3.47,3.46,3.46,3.45,4.32,4.31,4.30,4.29,4.28,4.28,4.28,4.28,4.28,4.27,86.43,0.00,0.00,1.00,1.00,0.00,1.00,-1.00,0,None,0,aggregation
160,307.54,remora4,remora9,1.30,1.30,3.14,3.14,4.67,4.67,3.47,3.47,3.65,3.65,10.46,10.46,11.92,11.92,13.13,13.13,-12.23,-12.23,-12.04,-12.04,3.44,3.43,3.42,3.41,3.40,3.40,3.39,3.39,3.39,3.39,4.26,4.25,4.24,4.23,4.22,4.22,4.21,4.21,4.21,4.21,78.78,0.00,0.00,1.00,0.00,0.00,0.00,-1.00,0,None,0,aggregation
160,308.54,remora4,remora9,2.81,2.81,2.29,2.29,4.36,4.36,3.77,3.77,5.09,5.09,11.66,11.66,11.24,11.24,12.89,12.89,-11.93,-11.93,13.46,13.46,3.39,3.38,3.38,3.38,3.37,3.37,3.37,3.38,3.38,3.38,4.21,4.20,4.20,4.19,4.19,4.18,4.18,4.18,4.18,4.17,73.29,0.00,0.00,1.00,1.00,0.00,1.00,-1.00,0,None,0,aggregation
160,309.54,remora4,remora9,4.26,4.26,3.83,3.83,4.09,4.09,2.22,2.22,2.39,2.39,12.80,12.80,-11.86,-11.86,-11.61,-11.61,11.18,11.18,11.32,11.32,3.38,3.38,3.39,3.39,3.40,3.41,3.42,3.42,3.43,3.43,4.16,4.16,4.15,4.15,4.16,4.16,4.16,4.16,4.16,4.16,69.33,0.00,0.00,1.00,1.00,0.00,1.00,-1.00,0,None,0,aggregation
160,310.54,remora4,remora9,4.20,4.20,3.98,3.98,4.10,4.10,2.94,2.94,2.04,2.04,12.76,12.76,-11.72,-11.72,-11.60,-11.60,11.75,11.75,11.04,11.04,3.44,3.45,3.46,3.47,3.48,3.49,3.50,3.51,3.53,3.54,4.16,4.15,4.15,4.15,4.16,4.16,4.16,4.16,4.16,4.15,63.97,0.00,0.00,1.00,1.00,0.00,1.00,-1.00,0,None,0,aggregation
160,311.54,remora4,remora9,3.96,3.96,5.76,5.76,3.78,3.78,3.97,3.97,4.37,4.37,12.57,12.57,13.99,13.99,-11.91,-11.91,-11.72,-11.72,12.89,12.89,3.55,3.56,3.57,3.59,3.60,3.62,3.63,3.65,3.67,3.68,4.15,4.15,4.15,4.15,4.15,4.16,4.16,4.16,4.17,4.16,64.92,0.00,0.00,1.00,1.00,0.00,1.00,-1.00,0,None,0,aggregation
160,312.54,remora4,remora9,3.78,3.78,4.50,4.50,4.76,4.76,2.18,2.18,1.52,1.52,12.42,12.42,-11.19,-11.19,-10.94,-10.94,11.15,11.15,10.62,10.62,3.70,3.69,3.69,3.69,3.70,3.69,3.68,3.67,3.66,3.64,4.16,4.16,4.17,4.18,4.18,4.19,4.19,4.19,4.19,4.19,62.69,0.00,0.00,1.00,1.00,0.00,1.00,-1.00,0,None,0,aggregation
160,313.54,remora4,remora9,3.42,3.42,5.41,5.41,7.02,7.02,3.86,3.86,3.99,3.99,12.14,12.14,13.71,13.71,14.98,14.98,-11.84,-11.84,-11.71,-11.71,3.63,3.63,3.62,3.60,3.58,3.56,3.55,3.55,3.56,3.56,4.19,4.20,4.20,4.19,4.19,4.19,4.19,4.20,4.21,4.22,61.68,0.00,0.00,1.00,0.00,0.00,0.00,-1.00,0,None,0,aggregation
160,314.54,remora4,remora9,4.94,4.94,2.25,2.25,1.08,1.08,2.74,2.74,4.64,4.64,-10.76,-10.76,11.21,11.21,10.28,10.28,11.60,11.60,13.10,13.10,3.56,3.56,3.55,3.54,3.53,3.51,3.50,3.48,3.47,3.46,4.23,4.24,4.24,4.24,4.25,4.25,4.25,4.25,4.25,4.25,62.02,0.00,0.00,1.00,1.00,0.00,1.00,-1.00,0,None,0,aggregation
160,315.54,remora4,remora9,6.34,6.34,4.16,4.16,4.29,4.29,4.42,4.42,3.80,3.80,14.45,14.45,-11.54,-11.54,-11.41,-11.41,12.93,12.93,12.44,12.44,3.46,3.45,3.44,3.44,3.43,3.43,3.42,3.40,3.39,3.37,4.25,4.26,4.26,4.27,4.28,4.28,4.29,4.29,4.29,4.29,64.41,0.00,0.00,1.00,1.00,0.00,1.00,-1.00,0,None,0,aggregation
160,316.54,remora4,remora9,5.07,5.07,6.84,6.84,4.03,4.03,4.16,4.16,4.54,4.54,13.44,13.44,14.84,14.84,-11.67,-11.67,-11.54,-11.54,13.03,13.03,3.36,3.35,3.34,3.33,3.32,3.32,3.31,3.31,3.30,3.29,4.29,4.30,4.30,4.30,4.31,4.31,4.32,4.33,4.34,4.34,65.41,0.00,0.00,1.00,1.00,0.00,1.00,-1.00,0,None,0,aggregation
160,317.54,remora4,remora9,3.43,3.43,4.72,4.72,4.39,4.39,4.51,4.51,2.89,2.89,12.15,12.15,13.17,13.17,-11.31,-11.31,-11.19,-11.19,11.72,11.72,3.27,3.25,3.24,3.23,3.23,3.23,3.23,3.23,3.22,3.20,4.34,4.34,4.34,4.34,4.35,4.36,4.37,4.38,4.38,4.38,65.41,0.00,0.00,1.00,1.00,0.00,1.00,-1.00,0,None,0,aggregation
160,318.54,remora4,remora9,1.80,1.80,3.22,3.22,4.78,4.78,4.17,4.17,4.28,4.28,10.85,10.85,11.98,11.98,13.22,13.22,-11.53,-11.53,-11.42,-11.42,3.19,3.18,3.16,3.14,3.13,3.12,3.12,3.12,3.13,3.12,4.39,4.39,4.39,4.39,4.39,4.40,4.40,4.41,4.42,4.43,64.25,0.00,0.00,1.00,0.00,0.00,0.00,-1.00,0,None,0,aggregation
160,319.54,remora4,remora9,2.29,2.29,0.91,0.91,2.03,2.03,3.75,3.75,3.90,3.90,11.24,11.24,10.14,10.14,11.04,11.04,12.40,12.40,-11.79,-11.79,3.12,3.11,3.09,3.08,3.07,3.05,3.04,3.04,3.04,3.04,4.44,4.44,4.44,4.45,4.45,4.45,4.46,4.46,4.47,4.48,64.44,0.00,0.00,1.00,1.00,0.00,1.00,-1.00,0,None,0,aggregation
160,320.54,remora4,remora9,3.66,3.66,3.35,3.35,3.73,3.73,3.90,3.90,0.54,0.54,12.33,12.33,12.08,12.08,-11.97,-11.97,-11.79,-11.79,9.85,9.85,3.04,3.02,3.01,3.00,2.99,2.98,2.98,2.98,2.98,2.97,4.49,4.49,4.49,4.50,4.50,4.51,4.52,4.53,4.53,4.54,64.24,0.00,1.00,1.00,1.00,1.00,1.00,-1.00,0,None,0,aggregation
160,321.54,remora4,remora9,-0.61,-0.61,1.08,1.08,2.51,2.51,3.48,3.48,3.72,3.72,8.93,8.93,10.28,10.28,11.41,11.41,-12.22,-12.22,-11.98,-11.98,2.97,2.97,2.96,2.95,2.94,2.93,2.92,2.92,2.92,2.91,4.55,4.55,4.55,4.55,4.56,4.56,4.57,4.58,4.58,4.59,62.36,0.00,1.00,1.00,0.00,0.00,0.00,-1.00,0,None,0,aggregation
160,322.54,remora4,remora9,-0.38,-0.38,-0.89,-0.89,0.97,0.97,2.65,2.65,3.71,3.71,9.11,9.11,8.71,8.71,10.18,10.18,11.53,11.53,12.37,12.37,2.91,2.91,2.91,2.91,2.90,2.89,2.88,2.87,2.86,2.85,4.60,4.61,4.62,4.63,4.63,4.64,4.64,4.65,4.65,4.66,62.70,0.00,1.00,1.00,1.00,1.00,0.00,-1.00,0,None,0,aggregation
160,323.54,remora4,remora9,2.65,2.65,2.94,2.94,-0.61,-0.61,-2.33,-2.33,-1.87,-1.87,-13.05,-13.05,-12.76,-12.76,8.93,8.93,7.55,7.55,7.92,7.92,2.84,2.84,2.84,2.84,2.84,2.83,2.82,2.81,2.81,2.80,4.66,4.67,4.68,4.69,4.70,4.71,4.71,4.72,4.73,4.74,59.44,0.00,1.00,1.00,0.00,0.00,0.00,-1.00,0,None,0,aggregation
160,324.54,remora4,remora9,-0.60,-0.60,0.32,0.32,1.88,1.88,1.90,1.90,-4.27,-4.27,8.94,8.94,9.67,9.67,-13.82,-13.82,-13.80,-13.80,6.01,6.01,2.80,2.80,2.80,2.79,2.78,2.78,2.77,2.77,2.77,2.77,4.74,4.74,4.74,4.75,4.75,4.76,4.77,4.78,4.79,4.80,57.56,0.00,1.00,1.00,0.00,0.00,0.00,-1.00,0,None,0,aggregation
160,325.54,remora4,remora9,-6.08,-6.08,-4.52,-4.52,-2.99,-2.99,-1.95,-1.95,-0.46,-0.46,4.38,4.38,5.80,5.80,7.03,7.03,7.86,7.86,9.05,9.05,2.78,2.78,2.78,2.77,2.76,2.75,2.74,2.73,2.73,2.73,4.81,4.82,4.83,4.84,4.84,4.85,4.86,4.86,4.87,4.88,52.82,0.00,1.00,1.00,0.00,0.00,0.00,-1.00,0,None,0,aggregation
160,326.54,remora4,remora9,0.71,0.71,1.86,1.86,-0.29,-0.29,-0.23,-0.23,-0.08,-0.08,9.98,9.98,10.90,10.90,-15.99,-15.99,-15.93,-15.93,9.35,9.35,2.72,2.71,2.70,2.68,2.68,2.68,2.69,2.70,2.70,2.69,4.89,4.89,4.90,4.91,4.92,4.94,4.96,4.98,5.00,5.01,52.06,0.00,1.00,1.00,0.00,0.00,0.00,-1.00,0,None,0,aggregation
160,327.54,remora4,remora9,-0.51,-0.51,1.34,1.34,3.32,3.32,-0.56,-0.56,-0.54,-0.54,9.01,9.01,10.48,10.48,12.06,12.06,-16.26,-16.26,-16.24,-16.24,2.68,2.68,2.67,2.66,2.65,2.64,2.64,2.63,2.64,2.64,5.03,5.04,5.06,5.08,5.09,5.11,5.12,5.14,5.16,5.18,52.82,0.00,1.00,1.00,0.00,0.00,0.00,-1.00,0,None,0,aggregation
160,328.54,remora4,remora9,2.62,2.62,1.83,1.83,3.77,3.77,-0.45,-0.45,-0.29,-0.29,11.50,11.50,10.87,10.87,12.42,12.42,-16.15,-16.15,-15.99,-15.99,2.65,2.64,2.63,2.62,2.62,2.61,2.60,2.60,2.61,2.62,5.19,5.21,5.22,5.23,5.25,5.26,5.28,5.29,5.31,5.32,54.37,0.00,1.00,1.00,0.00,0.00,0.00,-1.00,0,None,0,aggregation
160,329.54,remora4,remora9,2.33,2.33,0.81,0.81,2.71,2.71,3.61,3.61,-0.52,-0.52,11.27,11.27,10.06,10.06,11.57,11.57,12.28,12.28,-16.22,-16.22,2.62,2.61,2.61,2.60,2.60,2.59,2.58,2.57,2.57,2.57,5.34,5.35,5.36,5.37,5.38,5.39,5.40,5.41,5.42,5.43,55.35,0.00,1.00,1.00,1.00,1.00,0.00,-1.00,0,None,0,aggregation
160,330.54,remora4,remora9,-0.41,-0.41,0.18,0.18,-1.07,-1.07,0.45,0.45,1.53,1.53,-16.11,-16.11,9.56,9.56,8.56,8.56,9.77,9.77,10.64,10.64,2.57,2.58,2.58,2.57,2.56,2.56,2.55,2.55,2.55,2.55,5.45,5.46,5.47,5.48,5.49,5.49,5.50,5.51,5.52,5.53,55.17,0.00,1.00,1.00,1.00,1.00,0.00,-1.00,0,None,0,aggregation
160,331.54,remora4,remora9,-0.73,-0.73,-0.63,-0.63,-2.74,-2.74,-2.74,-4.34,-2.82,-2.82,-16.42,-16.42,-16.33,-16.33,7.23,7.23,7.23,5.95,7.16,7.16,2.54,2.54,2.54,2.54,2.54,2.55,2.55,2.54,2.54,2.53,5.54,5.55,5.56,5.57,5.57,5.58,5.60,5.60,5.61,5.62,54.71,0.00,1.00,1.00,1.00,1.00,0.00,-1.00,0,None,0,aggregation
160,332.54,remora4,remora9,-1.59,-1.59,-1.04,-1.04,0.17,0.17,1.36,1.36,-1.71,-1.71,8.15,8.15,8.59,8.59,9.55,9.55,10.50,10.50,-17.40,-17.40,2.52,2.52,2.52,2.52,2.52,2.51,2.50,2.50,2.49,2.49,5.63,5.64,5.65,5.66,5.67,5.68,5.69,5.70,5.71,5.72,54.39,0.00,1.00,1.00,0.00,0.00,0.00,-1.00,0,None,0,aggregation
160,333.54,remora4,remora9,-1.65,-1.65,-4.34,-4.34,-5.48,-5.48,-4.11,-4.11,-3.27,-3.27,-17.35,-17.35,5.95,5.95,4.98,4.98,6.13,6.13,6.81,6.81,2.49,2.49,2.50,2.50,2.50,2.49,2.49,2.49,2.48,2.48,5.73,5.74,5.75,5.77,5.78,5.79,5.80,5.82,5.83,5.84,53.08,0.00,1.00,1.00,0.00,0.00,0.00,-1.00,0,None,0,aggregation
160,334.54,remora4,remora9,-1.88,-1.88,-0.77,-0.77,0.46,0.46,2.36,2.36,-17.85,-17.85,7.91,7.91,8.80,8.80,9.78,9.78,11.29,11.29,-2.15,-2.15,2.47,2.47,2.46,2.46,2.47,2.47,2.47,2.47,2.47,2.46,5.86,5.87,5.89,5.91,5.92,5.94,5.96,5.98,6.00,6.01,54.48,0.00,1.00,1.00,0.00,0.00,0.00,-1.00,0,None,0,aggregation
160,335.54,remora4,remora9,-17.81,-17.81,7.95,7.95,9.61,9.61,-17.34,-17.34,-17.08,-17.08,-2.11,-2.11,15.71,15.71,17.01,17.01,-1.64,-1.64,-1.38,-1.38,2.46,2.46,2.46,2.46,2.46,2.46,2.46,2.45,2.45,2.44,6.02,6.03,6.05,4.10,4.12,4.14,4.15,4.16,4.16,4.17,63.09,0.00,1.00,1.00,0.00,0.00,0.00,-1.00,0,None,0,aggregation
160,131.54,remora4,remora2,2.43,2.43,3.97,3.97,3.07,3.07,3.01,3.01,3.52,3.52,-13.26,-13.26,12.57,12.57,11.86,11.86,-12.69,-12.69,12.21,12.21,4.28,4.29,4.30,4.31,4.31,4.30,4.29,4.28,4.28,4.27,7.01,7.01,7.01,7.01,7.01,7.01,7.00,7.00,6.99,6.99,180.51,0.00,0.00,1.00,1.00,0.00,1.00,-1.00,0,None,0,aggregation
160,132.54,remora4,remora2,3.07,3.07,3.06,3.06,3.44,3.44,0.33,0.33,-0.13,-0.13,11.86,11.86,-12.64,-12.64,-12.25,-12.25,9.68,9.68,9.31,9.31,4.27,4.26,4.26,4.25,4.25,4.24,4.24,4.23,4.23,4.22,6.99,6.99,6.99,6.99,6.98,6.98,6.98,6.97,6.97,6.97,157.19,0.00,0.00,1.00,1.00,0.00,1.00,-1.00,0,None,0,aggregation
160,133.54,remora4,remora2,2.16,2.16,3.97,3.97,2.94,2.94,4.64,4.64,4.42,4.42,11.13,11.13,12.57,12.57,-12.76,-12.76,13.10,13.10,12.93,12.93,4.22,4.21,4.21,4.21,4.20,4.18,4.17,4.17,4.16,4.15,6.98,6.98,6.98,6.98,6.98,6.98,6.98,6.98,6.98,6.98,136.72,0.00,0.00,1.00,1.00,0.00,1.00,-1.00,0,None,0,aggregation
160,134.54,remora4,remora2,2.94,3.32,3.32,1.70,1.70,1.70,1.70,1.70,3.97,3.15,-12.75,-12.37,-12.37,10.77,10.77,10.77,10.77,10.77,12.57,-12.55,4.14,4.13,4.12,4.11,4.10,4.09,4.08,4.07,4.06,4.05,6.98,6.98,6.98,6.98,6.98,6.98,6.98,6.98,6.99,6.99,115.84,0.00,0.00,1.00,1.00,0.00,1.00,-1.00,0,None,0,aggregation
160,135.54,remora4,remora2,3.15,3.60,3.60,3.60,0.79,0.79,0.33,0.33,2.16,2.16,-12.55,-12.10,-12.10,-12.10,10.04,10.04,9.68,9.68,11.13,11.13,4.04,4.02,4.01,4.00,3.98,3.97,3.96,3.95,3.94,3.93,6.99,6.99,6.99,6.99,6.99,6.99,6.99,7.00,7.00,7.01,95.85,0.00,0.00,1.00,1.00,0.00,1.00,-1.00,0,None,0,aggregation
160,136.54,remora4,remora2,4.19,4.19,3.03,3.03,3.41,3.41,1.25,1.25,1.25,1.25,12.75,12.75,-12.67,-12.67,-12.29,-12.29,10.41,10.41,10.41,10.41,3.92,3.91,3.90,3.89,3.87,3.86,3.85,3.85,3.84,3.84,7.01,7.02,7.02,7.02,7.02,7.03,7.03,7.04,7.04,7.05,75.52,0.00,0.00,1.00,1.00,0.00,1.00,-1.00,0,None,0,aggregation
160,137.54,remora4,remora2,3.07,3.07,3.28,3.28,3.52,3.07,3.07,3.07,3.31,3.70,11.86,11.86,-12.42,-12.42,12.21,11.86,11.86,11.86,-12.38,-12.00,3.83,3.83,3.82,3.81,3.81,3.80,3.80,3.80,3.79,3.79,7.06,6.78,6.78,6.79,6.79,6.80,6.81,7.11,7.11,7.12,69.93,0.00,0.00,1.00,1.00,0.00,1.00,-1.00,0,None,0,aggregation
160,138.54,remora4,remora2,3.70,3.70,0.10,0.10,0.10,0.10,2.39,2.39,4.19,4.19,-12.00,-12.00,9.49,9.49,9.49,9.49,11.32,11.32,12.75,12.75,3.79,3.79,3.79,3.78,3.78,3.78,3.79,3.79,3.79,3.79,7.13,7.13,7.14,6.85,6.86,6.87,6.88,6.89,6.90,6.91,65.98,0.00,0.00,1.00,1.00,0.00,1.00,-1.00,0,None,0,aggregation
160,139.54,remora4,remora2,3.03,3.03,3.41,3.41,1.70,1.70,1.25,1.25,3.29,3.29,-12.66,-12.66,-12.28,-12.28,10.77,10.77,10.41,10.41,12.04,12.04,3.79,3.79,3.79,3.78,3.78,3.78,3.78,3.78,3.78,3.78,6.91,6.92,6.92,6.93,6.94,6.95,6.96,6.97,6.98,6.99,62.28,0.00,0.00,1.00,1.00,0.00,1.00,-1.00,0,None,0,aggregation
160,140.54,remora4,remora2,5.31,5.31,2.94,2.94,3.26,3.26,3.07,3.07,2.39,2.39,13.63,13.63,-12.76,-12.76,-12.44,-12.44,11.86,11.86,11.32,11.32,3.79,3.79,3.79,3.78,3.78,3.78,3.78,3.78,3.78,3.78,7.00,7.01,7.02,7.03,7.03,7.04,7.04,7.05,7.06,7.07,60.90,0.00,0.00,1.00,1.00,0.00,1.00,-1.00,0,None,0,aggregation
160,141.54,remora4,remora2,4.42,4.42,3.31,3.63,3.63,3.63,1.93,1.93,1.70,1.70,12.93,12.93,-12.39,-12.07,-12.07,-12.07,10.95,10.95,10.77,10.77,3.78,3.78,3.78,3.78,3.78,3.78,3.78,3.78,3.78,3.78,7.08,7.09,7.10,7.11,7.11,7.12,7.12,7.13,7.14,7.15,60.12,0.00,0.00,1.00,1.00,0.00,1.00,-1.00,0,None,0,aggregation
160,142.54,remora4,remora2,3.74,3.74,3.59,4.19,4.19,4.19,4.19,3.43,3.43,3.43,12.39,12.39,-12.11,12.75,12.75,12.75,12.75,-12.27,-12.27,-12.27,3.79,3.79,3.79,3.80,3.80,3.81,3.81,3.82,3.83,3.83,7.16,7.18,7.18,7.19,7.20,7.21,7.22,7.24,7.25,7.25,61.63,0.00,0.00,1.00,1.00,0.00,1.00,-1.00,0,None,0,aggregation
160,143.54,remora4,remora2,3.89,3.89,1.02,1.02,1.02,1.02,2.84,2.84,3.76,3.76,-11.81,-11.81,10.23,10.23,10.23,10.23,11.68,11.68,-11.94,-11.94,3.84,3.85,3.85,3.86,3.87,3.89,3.90,3.91,3.92,3.93,7.26,7.27,7.28,7.28,7.29,6.62,6.63,6.63,6.63,6.63,59.46,0.00,0.00,1.00,1.00,0.00,1.00,-1.00,0,None,0,aggregation
160,144.54,remora4,remora2,3.74,3.74,3.52,3.52,3.66,3.66,4.05,4.05,0.33,0.33,12.39,12.39,12.21,12.21,-12.04,-12.04,-11.65,-11.65,9.68,9.68,3.95,3.96,3.98,3.99,4.01,4.02,4.03,4.05,4.06,4.08,6.63,6.64,6.64,6.65,6.65,6.65,6.65,6.65,6.65,6.65,59.44,0.00,0.00,1.00,1.00,0.00,1.00,-1.00,0,None,0,aggregation
160,145.54,remora4,remora2,0.33,0.33,2.61,2.61,4.42,4.42,3.38,3.38,3.77,3.77,9.68,9.68,11.50,11.50,12.93,12.93,-12.32,-12.32,-11.92,-11.92,4.10,4.12,4.14,4.16,4.18,4.20,4.22,4.23,4.25,4.27,6.65,6.66,6.66,6.67,6.67,6.68,6.68,6.68,6.68,6.68,60.13,0.00,0.00,1.00,0.00,0.00,0.00,-1.00,0,None,0,aggregation
160,146.54,remora4,remora2,3.61,3.61,4.37,7.02,7.02,7.02,3.81,3.81,4.15,4.15,12.29,12.29,12.89,14.99,14.99,14.99,-11.89,-11.89,-11.55,-11.55,4.29,4.31,4.33,4.35,4.37,4.39,4.41,4.42,4.44,4.45,6.68,6.68,6.69,6.69,6.70,6.71,6.71,6.71,6.70,6.70,61.56,0.00,0.00,1.00,1.00,0.00,1.00,-1.00,0,None,0,aggregation
160,147.54,remora4,remora2,7.33,7.33,8.33,8.33,4.69,4.69,5.05,5.05,8.83,8.83,15.23,15.23,16.01,16.01,-11.01,-11.01,-10.65,-10.65,16.40,16.40,4.47,4.49,4.51,4.52,4.54,4.55,4.56,4.58,4.59,4.60,6.70,6.71,6.71,6.72,6.72,6.72,6.72,6.71,6.71,6.72,63.67,0.00,0.00,1.00,1.00,0.00,1.00,-1.00,0,None,0,aggregation
160,148.54,remora4,remora2,9.21,9.21,5.79,5.79,6.16,6.16,8.79,8.79,9.08,10.75,16.70,16.70,-9.91,-9.91,-9.53,-9.53,16.37,16.37,16.60,17.90,4.61,4.62,4.63,4.63,4.64,4.64,4.64,4.65,4.65,4.65,6.72,6.73,6.73,6.72,6.72,6.72,6.72,6.72,6.72,6.73,66.43,0.00,0.00,1.00,1.00,0.00,1.00,-1.00,0,None,0,aggregation
160,149.54,remora4,remora2,10.75,10.75,12.78,12.78,13.73,13.73,14.38,14.38,5.21,5.21,17.90,17.90,19.47,19.47,20.19,20.19,20.69,20.69,-10.49,-10.49,4.66,4.66,4.66,4.66,4.67,4.67,4.67,4.68,4.68,4.68,6.73,6.74,6.75,6.76,6.77,6.79,6.81,6.81,6.82,6.82,74.15,0.00,0.00,1.00,0.00,0.00,0.00,-1.00,0,None,0,aggregation
160,150.54,remora4,remora2,5.68,5.68,11.37,10.66,10.66,10.66,11.78,11.78,13.14,5.46,-10.01,-10.01,18.38,17.83,17.83,17.83,18.70,18.70,19.74,-10.24,4.68,4.68,4.68,4.68,4.69,4.69,4.69,4.69,4.70,4.70,6.83,6.83,6.85,6.86,5.95,5.95,5.96,5.96,5.96,5.97,78.62,0.00,0.00,1.00,1.00,0.00,1.00,-1.00,0,None,0,aggregation
160,151.54,remora4,remora2,5.46,5.46,5.99,5.99,10.20,10.20,9.62,9.62,10.76,10.76,-10.24,-10.24,-9.70,-9.70,17.47,17.47,17.02,17.02,17.91,17.91,4.70,4.70,4.70,4.70,4.70,4.70,4.70,4.71,4.71,4.71,5.96,5.96,5.95,5.95,5.95,5.95,5.95,5.96,5.96,5.96,81.77,0.00,0.00,1.00,1.00,0.00,1.00,-1.00,0,None,0,aggregation
160,152.54,remora4,remora2,12.19,12.19,12.34,5.28,5.28,5.28,11.65,11.65,11.36,11.36,19.01,19.01,19.13,-10.42,-10.42,-10.42,18.60,18.60,18.37,18.37,4.71,4.71,4.71,4.71,4.71,4.71,4.71,4.71,4.71,4.71,5.96,5.97,5.97,5.98,5.97,5.97,5.97,5.97,5.97,5.98,86.48,0.00,0.00,1.00,1.00,0.00,1.00,-1.00,0,None,0,aggregation
160,153.54,remora4,remora2,5.46,5.85,5.85,5.85,8.28,8.28,7.69,8.62,8.62,8.62,-10.24,-9.85,-9.85,-9.85,15.97,15.97,15.51,16.24,16.24,16.24,4.71,4.70,4.70,4.69,4.69,4.68,4.68,4.67,4.67,4.67,5.98,5.98,5.97,5.97,5.97,5.97,5.97,5.97,5.98,5.98,89.33,0.00,0.00,1.00,1.00,0.00,1.00,-1.00,0,None,0,aggregation
160,154.54,remora4,remora2,9.49,9.49,10.69,10.69,5.08,5.08,9.41,9.41,8.47,8.47,16.92,16.92,17.85,17.85,-10.62,-10.62,16.86,16.86,16.12,16.12,4.66,4.66,4.66,4.65,4.65,4.64,4.63,4.63,4.63,4.62,5.98,5.98,5.99,5.99,5.99,5.98,5.98,5.99,5.99,5.99,94.68,0.00,0.00,1.00,1.00,0.00,1.00,-1.00,0,None,0,aggregation
160,155.54,remora4,remora2,5.19,5.63,5.63,5.63,4.23,4.23,2.77,2.77,3.00,3.00,-10.50,-10.07,-10.07,-10.07,12.78,12.78,11.62,11.62,11.80,11.80,4.62,4.61,4.60,4.59,4.59,4.58,4.58,4.58,4.57,4.57,5.99,5.99,5.98,5.98,5.98,5.98,5.98,5.98,5.99,5.99,94.37,0.00,0.00,1.00,1.00,0.00,1.00,-1.00,0,None,0,aggregation
160,156.54,remora4,remora2,4.81,4.81,6.30,6.30,7.89,7.89,4.16,4.16,4.58,4.58,13.24,13.24,14.42,14.42,15.67,15.67,-11.53,-11.53,-11.12,-11.12,4.57,4.56,4.56,4.56,4.55,4.55,4.55,4.54,4.53,4.52,5.99,5.99,5.99,6.00,6.00,6.01,6.01,6.01,6.00,6.00,94.69,0.00,0.00,1.00,0.00,0.00,0.00,-1.00,0,None,0,aggregation
160,157.54,remora4,remora2,4.32,4.32,3.49,3.49,5.30,5.30,4.67,4.67,4.67,5.16,12.85,12.85,12.19,12.19,13.63,13.63,-11.02,-11.02,-11.02,13.52,4.51,4.51,4.51,4.50,4.50,4.50,4.49,4.48,4.48,4.48,6.00,6.00,6.01,6.01,6.02,6.02,6.03,6.03,6.03,6.04,93.35,0.00,0.00,1.00,1.00,0.00,1.00,-1.00,0,None,0,aggregation
160,158.54,remora4,remora2,4.45,4.45,4.90,4.90,4.49,4.49,3.92,4.88,4.88,4.88,12.95,12.95,-10.80,-10.80,12.99,12.99,12.53,-10.82,-10.82,-10.82,4.48,4.47,4.47,4.46,4.46,4.45,4.45,4.45,4.44,4.44,6.05,6.06,6.06,6.07,6.07,6.08,6.09,6.10,6.11,6.11,90.57,0.00,0.00,1.00,1.00,0.00,1.00,-1.00,0,None,0,aggregation
160,159.54,remora4,remora2,3.44,3.44,3.40,4.85,4.85,4.85,3.43,3.43,2.37,4.46,12.16,12.16,12.12,-10.85,-10.85,-10.85,12.14,12.14,11.30,12.96,4.43,4.43,4.43,4.42,4.42,4.41,4.41,4.40,4.40,4.40,6.12,6.13,6.14,6.15,6.16,6.16,6.17,6.18,6.19,6.20,83.40,0.00,0.00,1.00,1.00,0.00,1.00,-1.00,0,None,0,aggregation
160,160.54,remora4,remora2,4.46,4.46,4.44,4.84,4.84,4.84,1.71,1.71,0.91,0.91,12.96,12.96,-11.26,-10.86,-10.86,-10.86,10.78,10.78,10.14,10.14,4.40,4.40,4.39,4.39,4.38,4.38,4.37,4.37,4.37,4.37,6.21,6.22,6.22,6.23,6.23,6.23,6.24,6.25,6.26,6.26,77.62,0.00,0.00,1.00,1.00,0.00,1.00,-1.00,0,None,0,aggregation
160,161.54,remora4,remora2,2.48,2.48,4.03,4.03,4.24,4.24,4.06,4.06,4.16,4.16,11.39,11.39,12.62,12.62,-11.45,-11.45,12.65,12.65,12.73,12.73,4.37,4.37,4.37,4.37,4.37,4.36,4.36,4.36,4.36,4.36,6.27,6.28,6.29,6.30,6.31,6.31,6.32,6.33,6.34,6.35,75.60,0.00,0.00,1.00,1.00,0.00,1.00,-1.00,0,None,0,aggregation
160,162.54,remora4,remora2,4.22,4.22,4.62,4.62,0.65,0.65,0.36,0.36,2.32,2.32,-11.47,-11.47,-11.08,-11.08,9.93,9.93,9.70,9.70,11.26,11.26,4.36,4.36,4.35,4.35,4.35,4.35,4.35,4.35,4.35,4.35,6.35,6.36,6.36,6.36,6.37,6.38,6.39,6.40,6.41,6.42,68.93,0.00,0.00,1.00,1.00,0.00,1.00,-1.00,0,None,0,aggregation
160,163.54,remora4,remora2,3.92,3.92,3.93,3.93,4.25,4.25,0.76,0.76,0.36,0.36,12.53,12.53,-11.76,-11.76,-11.45,-11.45,10.02,10.02,9.71,9.71,4.35,4.36,4.36,4.36,4.35,4.35,4.35,4.36,4.36,4.36,6.42,6.42,6.42,6.42,6.42,6.42,6.42,6.43,6.44,6.46,66.01,0.00,0.00,1.00,1.00,0.00,1.00,-1.00,0,None,0,aggregation
160,164.54,remora4,remora2,1.98,1.98,3.58,3.58,3.64,3.64,3.67,3.67,2.98,2.98,10.99,10.99,12.26,12.26,-12.06,-12.06,12.34,12.34,11.79,11.79,4.37,4.37,4.38,4.39,4.39,4.39,4.40,4.40,4.41,4.42,6.47,6.48,6.50,6.51,6.53,6.53,6.54,6.56,6.58,6.59,61.68,0.00,0.00,1.00,1.00,0.00,1.00,-1.00,0,None,0,aggregation
160,165.54,remora4,remora2,3.68,3.68,4.06,4.06,-0.95,-0.95,-2.02,-2.02,-0.38,-0.38,-12.02,-12.02,-11.64,-11.64,8.66,8.66,7.80,7.80,9.11,9.11,4.43,4.43,4.43,4.44,4.44,4.45,4.46,4.47,4.48,4.50,4.90,4.90,4.90,4.90,4.90,4.90,4.91,4.91,4.92,4.92,59.94,0.00,0.00,1.00,0.00,0.00,0.00,-1.00,0,None,0,aggregation
160,166.54,remora4,remora2,0.88,0.88,2.58,2.58,2.99,2.99,2.82,2.82,1.40,1.40,10.12,10.12,11.47,11.47,-12.71,-12.71,11.66,11.66,10.53,10.53,4.51,4.52,4.54,4.55,4.56,4.57,4.59,4.60,4.62,4.64,4.93,4.94,4.95,4.96,4.96,4.96,4.96,4.97,4.98,4.99,58.44,0.00,0.00,1.00,0.00,0.00,0.00,-1.00,0,None,0,aggregation
160,167.54,remora4,remora2,2.99,2.99,3.36,3.36,-3.03,-3.03,-4.06,-4.06,-2.42,-0.78,-12.70,-12.70,-12.34,-12.34,6.99,6.99,6.17,6.17,7.48,8.79,4.65,4.66,4.67,4.69,4.70,4.72,4.73,4.75,4.77,4.79,4.99,4.99,4.99,4.99,5.00,5.00,5.00,5.01,5.01,5.02,54.50,0.00,0.00,1.00,0.00,0.00,0.00,-1.00,0,None,0,aggregation
160,168.54,remora4,remora2,-0.78,-0.78,0.05,1.41,1.41,1.41,1.61,1.61,1.57,1.57,8.79,8.79,9.46,10.54,10.54,10.54,-14.09,-14.09,10.67,10.67,4.81,4.83,4.85,4.87,4.89,4.92,4.93,4.95,4.97,4.99,5.02,5.03,5.04,5.04,5.05,5.06,5.06,5.06,5.06,5.07,54.25,0.00,0.00,1.00,0.00,0.00,0.00,-1.00,0,None,0,aggregation
160,169.54,remora4,remora2,0.89,1.47,1.47,-1.80,-1.80,-1.80,-4.01,-4.01,-2.39,0.79,10.12,-14.23,-14.23,7.97,7.97,7.97,6.21,6.21,7.51,-14.91,5.02,5.04,5.06,5.07,5.09,5.12,5.14,5.16,5.18,5.21,5.08,5.10,5.11,5.13,5.15,5.18,5.20,5.20,5.21,5.22,51.84,0.00,0.00,1.00,0.00,0.00,0.00,-1.00,0,None,0,aggregation
160,170.54,remora4,remora2,0.79,0.79,-4.07,-4.07,-1.84,-1.84,0.68,0.68,4.02,4.02,-14.91,-14.91,6.16,6.16,7.95,7.95,9.96,9.96,12.62,12.62,5.22,5.19,5.16,5.14,5.13,5.13,5.12,5.10,5.08,5.06,5.22,5.22,5.21,5.21,5.22,5.23,5.24,5.24,5.25,5.25,51.46,0.00,0.00,1.00,0.00,0.00,0.00,-1.00,0,None,0,aggregation
160,171.54,remora4,remora2,-0.05,-0.05,0.22,0.22,7.05,7.05,8.74,8.74,0.70,0.70,-15.75,-15.75,-15.48,-15.48,15.01,15.01,16.33,16.33,-15.00,-15.00,5.03,5.00,4.97,4.94,4.91,4.90,4.88,4.86,4.84,4.81,5.25,5.24,5.24,5.23,5.23,5.24,5.24,5.25,5.25,5.25,53.57,0.00,0.00,1.00,0.00,0.00,0.00,-1.00,0,None,0,aggregation
160,172.54,remora4,remora2,1.02,1.02,12.07,12.07,13.34,13.34,1.71,1.71,1.98,1.98,-14.68,-14.68,18.92,18.92,19.89,19.89,-13.99,-13.99,-13.72,-13.72,4.78,4.74,4.72,4.70,4.69,4.68,4.66,4.63,4.60,4.56,5.24,5.23,5.23,5.24,5.26,5.27,5.27,5.27,5.26,5.26,58.97,0.00,0.00,1.00,1.00,0.00,1.00,-1.00,0,None,0,aggregation
160,173.54,remora4,remora2,2.82,2.82,2.82,2.82,14.22,14.22,14.03,14.03,15.64,15.64,-12.88,-12.88,-12.88,-12.88,20.56,20.56,20.42,20.42,21.64,21.64,4.53,4.50,4.47,4.43,4.41,4.40,4.39,4.37,4.36,4.35,5.25,5.24,5.24,5.23,5.23,5.24,5.25,5.26,5.28,5.29,66.40,0.00,0.00,1.00,1.00,0.00,1.00,-1.00,0,None,0,aggregation
160,174.54,remora4,remora2,4.19,4.19,4.66,4.66,15.47,15.47,15.20,5.47,5.47,5.47,-11.51,-11.51,-11.03,-11.03,21.51,21.51,21.31,-10.22,-10.22,-10.22,4.33,4.30,4.27,4.24,4.22,4.20,4.19,4.18,4.16,4.13,5.29,5.29,5.28,5.27,5.26,5.26,5.27,5.28,5.29,5.28,67.20,0.00,0.00,1.00,1.00,0.00,1.00,-1.00,0,None,0,aggregation
160,175.54,remora4,remora2,6.03,6.03,14.59,14.59,15.03,15.03,16.15,6.41,6.41,6.41,-9.67,-9.67,20.84,20.84,21.18,21.18,22.02,-9.29,-9.29,-9.29,4.10,4.07,4.05,4.03,4.02,4.01,4.00,3.99,3.97,3.94,5.28,5.28,5.28,5.29,5.30,5.31,5.32,5.33,5.33,5.33,73.26,0.00,0.00,1.00,1.00,0.00,1.00,-1.00,0,None,0,aggregation
160,176.54,remora4,remora2,16.27,16.27,15.63,15.63,16.95,16.95,17.43,17.43,6.10,6.10,22.11,22.11,21.63,21.63,22.62,22.62,22.97,22.97,-9.60,-9.60,3.92,3.91,3.89,3.88,3.87,3.86,3.85,3.85,3.82,3.79,5.33,5.34,5.36,5.37,5.38,5.39,5.40,5.42,5.42,5.42,83.05,0.00,0.00,1.00,1.00,0.00,1.00,-1.00,0,None,0,aggregation
160,177.54,remora4,remora2,17.58,17.68,17.68,17.68,18.13,18.13,6.14,6.14,6.57,6.57,23.08,23.16,23.16,23.16,23.49,23.49,-9.56,-9.56,-9.13,-9.13,3.77,3.76,3.75,3.74,3.74,3.73,3.71,3.68,3.65,3.62,5.42,5.43,5.45,5.46,5.47,5.49,5.49,5.49,5.49,5.49,92.84,0.00,0.00,1.00,1.00,0.00,1.00,-1.00,0,None,0,aggregation
160,178.54,remora4,remora2,16.45,16.45,15.88,15.88,16.80,16.80,17.72,17.72,18.62,18.62,22.25,22.25,21.82,21.82,22.50,22.50,23.19,23.19,23.84,23.84,3.59,3.58,3.57,3.56,3.55,3.54,3.53,3.52,3.51,3.50,5.49,5.50,5.51,5.52,5.53,5.55,5.56,5.57,5.59,5.60,107.21,0.00,0.00,1.00,1.00,0.00,1.00,-1.00,0,None,0,aggregation
160,179.54,remora4,remora2,19.20,19.20,20.03,20.03,21.02,5.49,5.49,20.60,20.60,6.18,24.27,24.27,24.86,24.86,25.56,-10.21,-10.21,25.26,25.26,-9.52,3.49,3.49,3.48,3.47,3.47,3.46,3.44,3.41,3.39,3.38,5.62,5.63,5.65,5.66,5.68,5.70,5.70,5.70,5.71,5.72,119.66,0.00,0.00,1.00,1.00,0.00,1.00,-1.00,0,None,0,aggregation
160,180.54,remora4,remora2,6.18,19.39,19.39,19.39,19.02,19.02,6.55,6.55,7.07,7.07,-9.52,24.40,24.40,24.40,24.14,24.14,-9.14,-9.14,-8.63,-8.63,3.36,3.33,3.31,3.31,3.30,3.29,3.27,3.24,3.21,3.18,5.73,5.73,5.74,5.75,5.77,5.78,5.79,5.79,5.78,5.78,126.17,0.00,0.00,1.00,1.00,0.00,1.00,-1.00,0,None,0,aggregation
160,181.54,remora4,remora2,17.00,17.00,16.51,16.51,17.49,17.49,18.45,18.45,19.28,19.28,22.66,22.66,22.29,22.29,23.02,23.02,23.72,23.72,24.32,24.32,3.16,3.14,3.13,3.12,3.11,3.10,3.09,3.08,3.08,3.07,5.79,5.80,5.81,5.82,5.84,5.85,5.87,5.88,5.90,5.91,137.39,0.00,0.00,1.00,1.00,0.00,1.00,-1.00,0,None,0,aggregation
160,182.54,remora4,remora2,19.90,19.90,20.71,20.71,21.34,21.96,21.96,21.96,22.44,22.44,24.77,24.77,25.35,25.35,25.79,26.21,26.21,26.21,26.55,26.55,3.06,3.05,3.04,3.04,3.03,3.03,3.02,3.01,3.01,3.00,5.93,5.94,5.96,5.98,6.00,6.01,6.03,6.05,6.07,6.09,150.76,0.00,0.00,1.00,0.00,0.00,0.00,-1.00,0,None,0,aggregation
160,183.54,remora4,remora2,22.99,5.26,5.26,5.26,5.84,5.84,20.86,20.86,20.66,20.66,26.91,-10.44,-10.44,-10.44,-9.85,-9.85,25.45,25.45,25.31,25.31,3.00,2.99,2.97,2.94,2.91,2.88,2.86,2.85,2.84,2.84,6.11,6.13,6.14,6.13,6.13,6.13,6.14,6.15,6.17,6.19,150.99,0.00,1.00,1.00,1.00,1.00,0.00,-1.00,0,None,0,aggregation
160,184.54,remora4,remora2,21.30,21.30,6.45,6.45,20.87,20.87,20.66,20.66,21.30,21.30,25.76,25.76,-9.24,-9.24,25.46,25.46,25.31,25.31,25.76,25.76,2.83,2.82,2.80,2.78,2.76,2.75,2.74,2.73,2.73,2.72,6.21,6.23,6.23,6.23,6.24,6.26,6.27,6.29,6.31,6.33,162.31,0.00,1.00,1.00,1.00,1.00,0.00,-1.00,0,None,0,aggregation
160,185.54,remora4,remora2,22.00,22.00,6.37,6.37,21.84,21.84,21.18,21.18,21.80,21.80,26.24,26.24,-9.33,-9.33,26.13,26.13,25.67,25.67,26.10,26.10,2.72,2.71,2.69,2.66,2.64,2.63,2.63,2.62,2.61,2.61,6.35,2.71,2.69,2.66,2.64,2.63,2.63,2.62,2.61,2.61,171.84,0.00,1.00,1.00,1.00,1.00,0.00,-1.00,0,None,0,aggregation
160,186.54,remora4,remora2,6.67,6.67,21.61,21.61,21.16,21.88,21.88,21.88,22.70,23.08,-9.02,-9.02,25.97,25.97,25.66,26.16,26.16,26.16,26.72,26.97,2.59,2.56,2.54,2.54,2.53,2.52,2.52,2.51,2.51,2.50,2.59,2.56,2.54,2.54,2.53,2.52,2.52,2.51,2.51,2.50,175.44,0.00,1.00,1.00,1.00,1.00,0.00,-1.00,0,None,0,aggregation
160,187.54,remora4,remora2,23.08,6.32,6.32,6.32,22.64,22.37,22.37,22.37,22.99,22.99,26.97,-9.38,-9.38,-9.38,26.68,26.49,26.49,26.49,26.91,26.91,2.50,2.49,2.47,2.44,2.42,2.42,2.41,2.41,2.40,2.40,2.50,2.49,2.47,2.44,2.42,2.42,2.41,2.41,2.40,2.40,180.27,0.00,1.00,1.00,1.00,1.00,0.00,-1.00,0,None,0,aggregation
160,188.54,remora4,remora2,6.61,22.61,22.61,22.61,22.37,22.37,23.01,23.01,23.62,23.62,-9.09,26.66,26.66,26.66,26.50,26.50,26.92,26.92,27.33,27.33,2.38,2.35,2.34,2.33,2.33,2.32,2.32,2.31,2.31,2.30,2.38,2.35,2.34,2.33,2.33,2.32,2.32,2.31,2.31,2.30,182.85,0.00,1.00,1.00,1.00,1.00,0.00,-1.00,0,None,0,aggregation
160,189.54,remora4,remora2,6.54,6.54,23.14,23.14,22.68,22.68,23.19,23.19,23.83,23.83,-9.16,-9.16,27.01,27.01,26.70,26.70,27.04,27.04,27.47,27.47,2.28,2.25,2.23,2.23,2.22,2.22,2.21,2.21,2.21,2.20,2.28,2.25,2.23,2.23,2.22,2.22,2.21,2.21,2.21,2.20,186.82,0.00,1.00,1.00,1.00,1.00,0.00,-1.00,0,None,0,aggregation
160,190.54,remora4,remora2,24.33,24.33,6.46,6.46,7.01,7.01,22.01,22.01,21.58,22.24,27.78,27.78,-9.24,-9.24,-8.69,-8.69,26.25,26.25,25.95,26.41,2.20,2.19,2.18,2.15,2.12,2.09,2.07,2.06,2.06,2.05,2.20,2.19,2.18,2.15,2.12,2.09,2.07,2.06,2.06,2.05,190.65,0.00,1.00,1.00,1.00,1.00,0.00,-1.00,0,None,0,aggregation
160,191.54,remora4,remora2,22.24,-17.85,-17.85,-17.85,-17.81,-17.81,26.22,26.22,-17.55,-17.55,26.41,-2.15,-2.15,-2.15,-2.11,-2.11,28.92,28.92,-1.86,-1.86,2.05,2.04,2.02,1.98,1.94,1.90,1.88,1.88,1.86,1.82,2.05,2.04,2.02,1.98,1.94,1.90,1.88,1.88,1.86,1.82,185.06,0.00,1.00,1.00,1.00,1.00,0.00,-1.00,0,None,0,aggregation
160,192.54,remora4,remora2,-17.36,-17.36,-16.99,-16.99,29.69,-16.30,-16.30,-16.30,-15.89,-15.89,-1.66,-1.66,-1.30,-1.30,30.16,-0.60,-0.60,-0.60,-0.20,-0.20,1.78,1.74,1.71,1.67,1.66,1.68,1.68,1.68,1.67,1.66,1.78,1.74,1.71,1.67,1.66,1.68,1.68,1.68,1.67,1.66,172.37,0.00,1.00,1.00,1.00,1.00,0.00,-1.00,0,None,0,aggregation
160,193.54,remora4,remora2,-15.24,-15.24,29.89,29.89,-14.19,-14.19,-17.65,-12.83,-12.83,-12.83,0.45,0.45,28.20,28.20,1.51,1.51,-1.96,2.87,2.87,2.87,1.65,1.65,1.65,1.67,1.67,1.67,1.66,1.66,1.65,1.65,1.65,1.65,1.65,1.67,1.67,1.67,1.66,1.66,1.65,1.65,170.50,0.00,1.00,1.00,1.00,1.00,0.00,-1.00,0,None,0,aggregation
160,194.54,remora4,remora2,27.17,27.17,-1.38,-1.38,-1.09,-0.60,-0.60,29.51,29.51,29.51,23.37,23.37,-17.08,-17.08,-16.79,-16.30,-16.30,27.35,27.35,27.35,1.65,1.66,1.66,1.66,1.65,1.65,1.64,1.63,1.65,1.67,1.65,1.66,1.66,1.66,1.65,1.65,1.64,1.63,1.65,1.67,169.59,0.00,1.00,1.00,1.00,1.00,0.00,-1.00,0,None,0,aggregation
160,195.54,remora4,remora2,-0.08,-0.08,-0.75,-0.75,1.45,1.45,2.26,2.26,29.55,29.55,-15.78,-15.78,-16.45,-16.45,-14.25,-14.25,-13.44,-13.44,30.18,30.18,1.67,1.67,1.66,1.65,1.65,1.64,1.64,1.63,1.64,1.66,1.67,1.67,1.66,1.65,1.65,1.64,1.64,1.63,1.64,1.66,161.88,0.00,1.00,1.00,1.00,1.00,0.00,-1.00,0,None,0,aggregation
160,196.54,remora4,remora2,0.86,0.86,-17.84,-17.81,-17.81,-17.81,29.82,29.82,0.59,0.59,-14.83,-14.83,-2.14,-2.11,-2.11,-2.11,30.12,30.12,-15.11,-15.11,1.68,1.67,1.66,1.65,1.64,1.64,1.64,1.66,1.67,1.67,1.68,1.67,1.66,1.65,1.64,1.64,1.64,1.66,1.67,1.67,155.19,0.00,1.00,1.00,1.00,1.00,0.00,-1.00,0,None,0,aggregation
160,197.54,remora4,remora2,-1.88,-1.88,3.21,3.21,4.95,27.58,27.58,27.58,-17.78,-17.78,-17.58,-17.58,-12.49,-12.49,-10.75,29.62,29.62,29.62,-2.08,-2.08,1.66,1.65,1.65,1.64,1.64,1.63,1.65,1.68,1.69,1.68,1.66,1.65,1.65,1.64,1.64,1.63,1.65,1.68,1.69,1.68,151.18,0.00,1.00,1.00,1.00,1.00,0.00,-1.00,0,None,0,aggregation
160,198.54,remora4,remora2,-17.62,-17.62,-17.29,-17.29,29.96,29.96,-17.60,-17.63,-17.63,-17.63,-1.92,-1.92,-1.60,-1.60,30.03,30.03,-1.90,-1.93,-1.93,-1.93,1.67,1.66,1.65,1.64,1.65,1.68,1.68,1.68,1.67,1.66,1.67,1.66,1.65,1.64,1.65,1.68,1.68,1.68,1.67,1.66,142.44,0.00,1.00,1.00,1.00,1.00,0.00,-1.00,0,None,0,aggregation
160,199.54,remora4,remora2,-17.25,-17.25,29.31,29.31,-0.84,-1.21,-1.21,-1.21,1.76,2.92,-1.55,-1.55,26.93,26.93,-16.54,-16.91,-16.91,-16.91,-13.93,-12.78,1.65,1.64,1.65,1.67,1.68,1.67,1.66,1.65,1.65,1.64,1.65,1.64,1.65,1.67,1.68,1.67,1.66,1.65,1.65,1.64,134.26,0.00,1.00,1.00,0.00,0.00,0.00,-1.00,0,None,0,aggregation
160,200.54,remora4,remora2,2.92,2.92,3.83,3.83,30.03,30.03,0.18,0.18,-2.01,-2.01,-12.78,-12.78,-11.87,-11.87,29.97,29.97,-15.52,-15.52,-17.70,-17.70,1.64,1.63,1.63,1.63,1.64,1.67,1.68,1.67,1.66,1.65,1.64,1.63,1.63,1.63,1.64,1.67,1.68,1.67,1.66,1.65,130.27,0.00,1.00,1.00,1.00,1.00,0.00,-1.00,0,None,0,aggregation
160,201.54,remora4,remora2,4.60,4.60,7.81,7.81,27.26,27.26,-2.07,-2.07,-1.98,-1.98,-11.10,-11.10,-7.88,-7.88,29.47,29.47,-17.76,-17.76,-17.68,-17.68,1.65,1.64,1.64,1.64,1.65,1.68,1.69,1.68,1.67,1.66,1.65,1.64,1.64,1.64,1.65,1.68,1.69,1.68,1.67,1.66,125.67,0.00,1.00,1.00,1.00,1.00,0.00,-1.00,0,None,0,aggregation
160,202.54,remora4,remora2,-1.73,-1.73,23.41,23.41,-1.21,-0.98,-0.98,-0.98,20.58,-0.30,-17.43,-17.43,27.19,27.19,-16.91,-16.68,-16.68,-16.68,25.25,-16.00,1.65,1.64,1.64,1.66,1.67,1.66,1.65,1.64,1.65,1.66,1.65,1.64,1.64,1.66,1.67,1.66,1.65,1.64,1.65,1.66,128.44,0.00,1.00,1.00,1.00,1.00,0.00,-1.00,0,None,0,aggregation
160,203.54,remora4,remora2,-0.30,-0.30,0.07,0.07,16.74,16.74,0.97,1.36,1.36,1.36,-16.00,-16.00,-15.63,-15.63,22.46,22.46,-14.73,-14.34,-14.34,-14.34,1.66,1.66,1.65,1.64,1.64,1.65,1.66,1.65,1.65,1.64,1.66,1.66,1.65,1.64,1.64,1.65,1.66,1.65,1.65,1.64,127.15,0.00,1.00,1.00,1.00,1.00,0.00,-1.00,0,None,0,aggregation
160,204.54,remora4,remora2,11.72,11.72,10.89,10.89,2.04,2.44,2.44,2.44,8.36,8.36,18.65,18.65,18.01,18.01,-13.66,-13.26,-13.26,-13.26,16.04,16.04,1.64,1.65,1.65,1.66,1.66,1.65,1.65,1.65,1.65,1.65,1.64,1.65,1.65,1.66,1.66,1.65,1.65,1.65,1.65,1.65,119.70,0.00,1.00,1.00,1.00,1.00,0.00,-1.00,0,None,0,aggregation
160,205.54,remora4,remora2,3.40,3.40,3.76,3.76,3.52,3.52,3.07,3.07,5.31,5.31,-12.30,-12.30,-11.93,-11.93,12.21,12.21,11.86,11.86,13.63,13.63,1.65,1.65,1.64,1.64,1.64,1.64,1.64,1.64,1.64,1.65,1.65,1.65,1.64,1.64,1.64,1.64,1.64,1.64,1.64,1.65,114.69,0.00,1.00,1.00,1.00,1.00,0.00,-1.00,0,None,0,aggregation
160,206.54,remora4,remora2,7.07,7.07,3.42,3.42,3.76,3.76,4.86,4.86,4.42,4.42,15.02,15.02,-12.27,-12.27,-11.93,-11.93,13.28,13.28,12.93,12.93,1.65,1.65,1.65,1.65,1.65,1.64,1.64,1.64,1.65,1.65,1.65,1.65,1.65,1.65,1.65,1.64,1.64,1.64,1.65,1.65,109.32,0.00,1.00,1.00,1.00,1.00,0.00,-1.00,0,None,0,aggregation
160,207.54,remora4,remora2,4.33,4.33,4.74,4.74,1.70,1.70,1.70,1.70,3.97,3.97,-11.37,-11.37,-10.96,-10.96,10.77,10.77,10.77,10.77,12.57,12.57,1.65,1.65,1.64,1.64,1.64,1.64,1.64,1.64,1.64,1.64,1.65,1.65,1.64,1.64,1.64,1.64,1.64,1.64,1.64,1.64,101.07,0.00,1.00,1.00,1.00,1.00,0.00,-1.00,0,None,0,aggregation
160,208.54,remora4,remora2,6.19,6.19,4.14,4.14,4.49,4.49,3.74,3.74,3.97,3.97,14.33,14.33,-11.55,-11.55,-11.21,-11.21,12.39,12.39,12.57,12.57,1.65,1.65,1.65,1.65,1.64,1.64,1.64,1.64,1.64,1.65,1.65,1.65,1.65,1.65,1.64,1.64,1.64,1.64,1.64,1.65,94.05,0.00,1.00,1.00,1.00,1.00,0.00,-1.00,0,None,0,aggregation
160,209.54,remora4,remora2,5.75,5.75,4.45,4.79,4.79,4.79,3.52,3.52,3.29,3.29,13.98,13.98,-11.25,-10.91,-10.91,-10.91,12.21,12.21,12.04,12.04,1.65,1.65,1.65,1.65,1.65,1.64,1.64,1.64,1.65,1.65,1.65,1.65,1.65,1.65,1.65,1.64,1.64,1.64,1.65,1.65,88.19,0.00,1.00,1.00,1.00,1.00,0.00,-1.00,0,None,0,aggregation
160,210.54,remora4,remora2,5.31,5.31,7.50,7.50,4.33,4.33,4.74,4.74,4.86,4.86,13.63,13.63,15.36,15.36,-11.37,-11.37,-10.95,-10.95,13.28,13.28,1.65,1.65,1.65,1.66,1.66,1.65,1.65,1.65,1.65,1.65,1.65,1.65,1.65,1.66,1.66,1.65,1.65,1.65,1.65,1.65,84.22,0.00,1.00,1.00,1.00,1.00,0.00,-1.00,0,None,0,aggregation
160,211.54,remora4,remora2,4.86,7.07,7.07,7.07,4.74,4.74,4.74,5.16,4.42,4.42,13.28,15.02,15.02,15.02,-10.96,-10.96,-10.96,-10.54,12.93,12.93,1.65,1.65,1.66,1.66,1.66,1.66,1.66,1.65,1.65,1.65,1.65,1.65,1.66,1.66,1.66,1.66,1.66,1.65,1.65,1.65,81.09,0.00,1.00,1.00,1.00,1.00,0.00,-1.00,0,None,0,aggregation
160,212.54,remora4,remora2,3.52,3.52,5.31,5.31,7.50,7.50,9.43,9.43,4.46,4.89,12.21,12.21,13.63,13.63,15.36,15.36,16.87,16.87,-11.24,-10.81,1.65,1.66,1.66,1.66,1.66,1.67,1.67,1.68,1.68,1.71,1.65,1.66,1.66,1.66,1.66,1.67,1.67,1.68,1.68,1.71,76.48,0.00,1.00,1.00,0.00,0.00,0.00,-1.00,0,None,0,aggregation
160,213.54,remora4,remora2,4.89,4.89,6.85,6.85,6.85,6.85,5.42,5.42,7.28,7.28,-10.81,-10.81,14.85,14.85,14.85,14.85,-10.28,-10.28,15.19,15.19,1.74,1.76,1.79,1.83,1.86,1.89,1.92,1.95,1.97,2.01,1.74,1.76,1.79,1.83,1.86,1.89,1.92,1.95,1.97,2.01,74.40,0.00,1.00,1.00,1.00,1.00,0.00,-1.00,0,None,0,aggregation
160,214.54,remora4,remora2,6.63,6.63,8.36,5.07,5.07,5.58,5.58,5.58,4.64,4.64,14.68,14.68,16.04,-10.63,-10.63,-10.12,-10.12,-10.12,13.10,13.10,2.04,2.07,2.10,2.13,2.15,2.17,2.20,2.22,2.24,2.26,2.04,2.07,2.10,2.13,2.15,2.17,2.20,2.22,2.24,2.26,70.19,0.00,1.00,1.00,1.00,1.00,0.00,-1.00,0,None,0,aggregation
160,215.54,remora4,remora2,3.29,3.29,5.08,5.08,6.63,6.63,8.36,8.36,4.84,4.84,12.04,12.04,13.46,13.46,14.68,14.68,16.04,16.04,-10.86,-10.86,2.28,2.31,2.33,2.35,2.37,2.39,2.40,2.42,2.44,2.45,2.28,2.31,2.33,2.35,2.37,2.39,2.40,2.42,2.44,2.45,72.09,0.00,1.00,1.00,0.00,0.00,0.00,-1.00,0,None,0,aggregation
160,216.54,remora4,remora2,8.15,8.15,7.07,5.06,5.06,5.56,5.56,5.56,3.29,3.29,15.87,15.87,15.02,-10.64,-10.64,-10.14,-10.14,-10.14,12.04,12.04,2.46,2.47,2.49,2.50,2.51,2.51,2.52,2.52,2.53,2.53,2.46,2.47,2.49,2.50,2.51,2.51,2.52,2.52,2.53,2.53,70.91,0.00,1.00,1.00,1.00,1.00,0.00,-1.00,0,None,0,aggregation
160,217.54,remora4,remora2,2.84,2.84,4.64,4.64,6.41,6.41,8.15,8.15,4.63,4.63,11.68,11.68,13.10,13.10,14.50,14.50,15.87,15.87,-11.07,-11.07,2.54,2.54,2.55,2.55,2.56,2.56,2.57,2.57,2.58,2.57,2.54,2.54,2.55,2.55,2.56,2.56,2.57,2.57,2.58,2.57,73.80,0.00,1.00,1.00,0.00,0.00,0.00,-1.00,0,None,0,aggregation
160,218.54,remora4,remora2,4.99,4.99,5.97,5.97,5.53,5.53,7.72,7.72,9.64,9.64,-10.71,-10.71,14.16,14.16,13.81,13.81,15.53,15.53,17.04,17.04,2.57,2.57,2.58,2.58,2.58,2.59,2.60,2.60,2.61,2.62,2.57,2.57,2.58,2.58,2.58,2.59,2.60,2.60,2.61,2.62,76.58,0.00,1.00,1.00,1.00,1.00,0.00,-1.00,0,None,0,aggregation
160,219.54,remora4,remora2,4.68,4.68,5.11,5.11,7.93,7.93,8.15,8.15,10.27,10.27,-11.02,-11.02,-10.59,-10.59,15.70,15.70,15.87,15.87,17.53,17.53,2.63,2.63,2.64,2.64,2.65,2.67,10.00,10.00,10.00,10.00,2.63,2.63,2.64,2.64,2.65,2.67,10.00,10.00,10.00,10.00,78.97,0.00,1.00,1.00,1.00,1.00,0.00,-1.00,0,None,0,aggregation
160,220.54,remora4,remora2,5.20,5.20,5.66,5.66,8.79,8.79,8.36,8.36,10.48,10.48,-10.49,-10.49,-10.04,-10.04,16.37,16.37,16.04,16.04,17.69,17.69,10.00,10.00,10.00,10.00,10.00,10.00,10.00,10.00,10.00,10.00,10.00,10.00,10.00,10.00,10.00,10.00,10.00,10.00,10.00,10.00,80.39,0.00,0.00,1.00,1.00,0.00,1.00,-1.00,0,None,0,aggregation
160,221.54,remora4,remora2,12.32,12.32,5.48,5.48,12.53,12.53,12.12,12.12,5.69,5.69,19.11,19.11,-10.22,-10.22,19.27,19.27,18.96,18.96,-10.01,-10.01,10.00,10.00,10.00,10.00,10.00,10.00,10.00,10.00,10.00,10.00,10.00,10.00,10.00,10.00,10.00,10.00,10.00,10.00,10.00,10.00,83.57,0.00,0.00,1.00,1.00,0.00,1.00,-1.00,0,None,0,aggregation
160,222.54,remora4,remora2,6.14,9.22,9.22,9.22,9.43,9.43,11.10,11.10,12.73,12.73,-9.55,16.71,16.71,16.71,16.87,16.87,18.17,18.17,19.42,19.42,10.00,10.00,10.00,10.00,10.00,10.00,10.00,10.00,10.00,10.00,10.00,10.00,10.00,10.00,10.00,10.00,10.00,10.00,10.00,10.00,87.38,0.00,0.00,1.00,1.00,0.00,1.00,-1.00,0,None,0,aggregation
160,223.54,remora4,remora2,14.30,14.30,5.38,5.38,5.78,5.78,11.51,11.51,11.10,11.10,20.63,20.63,-10.32,-10.32,-9.92,-9.92,18.49,18.49,18.17,18.17,10.00,10.00,10.00,10.00,10.00,10.00,10.00,10.00,10.00,10.00,10.00,10.00,10.00,10.00,10.00,10.00,10.00,10.00,10.00,10.00,90.05,0.00,0.00,1.00,1.00,0.00,1.00,-1.00,0,None,0,aggregation
160,260.54,remora4,remora2,29.97,29.97,29.97,29.97,29.95,29.95,29.95,29.95,29.95,29.95,28.44,28.44,28.44,28.44,28.37,28.37,28.37,28.37,28.37,28.37,3.75,3.73,3.70,3.68,3.66,3.64,3.62,3.60,3.59,3.57,7.45,7.43,7.40,7.38,7.35,7.33,7.30,7.28,7.25,7.23,287.84,0.00,0.00,1.00,0.00,0.00,0.00,-1.00,0,None,0,aggregation
160,261.54,remora4,remora2,29.95,29.95,29.92,29.92,29.92,29.92,29.89,29.89,29.89,29.89,28.37,28.37,28.29,28.29,28.29,28.29,28.22,28.22,28.22,28.22,3.55,3.54,3.52,3.51,3.49,3.48,3.47,3.46,3.45,3.44,7.20,7.18,7.16,7.14,7.11,7.09,7.06,7.04,7.02,7.00,286.94,0.00,0.00,1.00,0.00,0.00,0.00,-1.00,0,None,0,aggregation
160,262.54,remora4,remora2,29.89,29.87,29.87,29.87,29.87,29.87,29.87,29.87,29.87,29.87,28.22,28.14,28.14,28.14,28.14,28.14,28.14,28.14,28.14,28.14,3.43,3.42,3.41,3.40,3.40,3.39,3.39,3.38,3.38,3.37,6.97,6.95,6.93,6.91,6.89,6.87,6.85,6.83,6.81,6.79,285.95,0.00,0.00,1.00,0.00,0.00,0.00,-1.00,0,None,0,aggregation
160,263.54,remora4,remora2,29.83,29.83,29.83,29.83,29.83,29.83,29.83,29.83,29.83,29.83,28.07,28.07,28.07,28.07,28.07,28.07,28.07,28.07,28.07,28.07,3.37,3.36,3.36,3.36,3.36,3.36,3.35,3.35,3.35,3.35,6.77,6.75,6.73,6.71,6.69,6.67,7.49,7.47,7.45,7.43,284.90,0.00,0.00,1.00,0.00,0.00,0.00,-1.00,0,None,0,aggregation
160,264.54,remora4,remora2,29.87,29.87,29.87,29.87,29.87,29.87,29.87,29.87,29.87,29.87,28.14,28.14,28.14,28.14,28.14,28.14,28.14,28.14,28.14,28.14,3.35,3.35,3.35,3.35,3.35,3.35,3.35,3.35,3.35,3.35,7.40,7.38,7.36,7.34,7.32,7.30,7.27,7.25,7.23,7.21,283.91,0.00,0.00,1.00,0.00,0.00,0.00,-1.00,0,None,0,aggregation
160,265.54,remora4,remora2,29.87,29.87,29.89,29.89,29.92,29.92,29.92,29.92,29.92,29.92,28.14,28.14,28.22,28.22,28.29,28.29,28.29,28.29,28.29,28.29,3.35,3.36,3.36,3.36,3.36,3.36,3.36,3.36,3.36,3.37,7.19,7.17,7.15,7.13,7.11,7.09,7.07,7.05,7.03,7.01,289.78,0.00,0.00,1.00,0.00,0.00,0.00,-1.00,0,None,0,aggregation
160,266.54,remora4,remora2,29.95,29.95,29.97,29.97,29.97,29.97,29.97,30.02,30.02,30.02,28.37,28.37,28.44,28.44,28.44,28.44,28.44,28.58,28.58,28.58,3.37,3.37,3.37,3.37,3.37,3.37,3.38,3.38,3.38,3.38,6.98,6.96,6.94,6.92,6.90,6.89,6.87,6.85,6.83,6.81,290.67,0.00,0.00,1.00,0.00,0.00,0.00,-1.00,0,None,0,aggregation
160,267.54,remora4,remora2,30.02,30.02,30.02,30.02,30.04,30.04,30.06,30.06,30.06,30.06,28.58,28.58,28.58,28.58,28.65,28.65,28.71,28.71,28.71,28.71,3.38,3.38,3.38,3.38,3.39,3.39,3.39,3.39,3.39,3.39,6.79,6.77,6.75,6.72,6.70,6.69,6.67,6.65,6.63,6.61,291.19,0.00,0.00,1.00,0.00,0.00,0.00,-1.00,0,None,0,aggregation
160,268.54,remora4,remora2,30.08,30.08,30.10,30.10,30.10,30.10,30.10,30.10,30.11,30.13,28.78,28.78,28.84,28.84,28.84,28.84,28.84,28.84,28.90,28.96,3.39,3.39,3.39,3.39,3.39,3.39,3.39,3.39,3.39,3.39,6.59,6.57,6.55,6.53,6.51,6.49,6.47,6.45,6.43,6.41,291.57,0.00,0.00,1.00,0.00,0.00,0.00,-1.00,0,None,0,aggregation
160,269.54,remora4,remora2,30.13,30.13,30.13,30.13,30.13,30.13,30.14,30.14,30.14,30.14,28.96,28.96,28.96,28.96,28.96,28.96,29.02,29.02,29.02,29.02,3.39,3.39,3.38,3.38,3.38,3.38,3.38,3.38,3.38,3.37,6.39,6.37,6.35,6.33,6.31,7.03,7.01,6.99,6.97,6.95,291.92,0.00,0.00,1.00,0.00,0.00,0.00,-1.00,0,None,0,aggregation
160,270.54,remora4,remora2,30.15,30.15,30.15,30.15,30.15,30.15,30.15,30.15,30.18,30.18,29.08,29.08,29.08,29.08,29.08,29.08,29.08,29.08,29.31,29.31,3.37,3.37,3.37,3.37,3.37,3.36,3.36,3.36,3.36,3.36,6.92,6.90,6.88,6.85,6.83,6.81,6.79,6.77,6.75,6.73,292.38,0.00,0.00,1.00,0.00,0.00,0.00,-1.00,0,None,0,aggregation
160,271.54,remora4,remora2,30.18,30.18,30.18,30.18,30.18,30.18,30.18,30.18,30.18,30.18,29.38,29.38,29.42,29.42,29.42,29.42,29.55,29.55,29.58,29.58,3.35,3.35,3.35,3.35,3.34,3.34,3.34,3.34,3.34,3.33,6.71,5.99,5.97,5.96,5.94,5.92,5.91,5.89,5.86,5.84,293.11,0.00,0.00,1.00,0.00,0.00,0.00,-1.00,0,None,0,aggregation
160,272.54,remora4,remora2,30.18,30.18,30.18,30.18,30.18,30.18,30.18,30.18,30.19,30.19,29.54,29.54,29.61,29.61,29.51,29.51,29.48,29.48,29.42,29.42,3.33,3.33,3.33,3.32,3.32,3.32,3.32,3.31,3.31,3.31,5.82,5.81,5.79,5.77,5.76,5.74,5.72,5.71,5.69,5.67,293.95,0.00,0.00,1.00,0.00,0.00,0.00,-1.00,0,None,0,aggregation
160,273.54,remora4,remora2,30.18,30.18,30.17,30.17,30.15,30.15,30.13,30.10,30.10,30.10,29.41,29.41,29.22,29.22,29.06,29.06,28.98,28.84,28.84,28.84,3.31,3.31,3.30,3.30,3.30,3.30,3.30,3.30,3.29,3.29,5.65,5.64,5.62,5.60,5.59,5.57,5.55,5.54,5.52,5.51,294.61,0.00,0.00,1.00,0.00,0.00,0.00,-1.00,0,None,0,aggregation
160,274.54,remora4,remora2,30.10,30.10,30.10,30.10,30.10,30.10,30.10,30.10,30.10,30.10,28.84,28.84,28.84,28.84,28.84,28.84,28.84,28.84,28.84,28.84,3.29,3.29,3.29,3.29,3.29,3.28,3.28,3.28,3.28,3.28,5.49,5.47,5.46,5.45,5.43,5.41,5.40,5.38,5.37,5.35,295.08,0.00,0.00,1.00,0.00,0.00,0.00,-1.00,0,None,0,aggregation
160,275.54,remora4,remora2,30.10,30.10,30.10,30.10,30.10,30.10,30.10,30.10,30.06,30.06,28.84,28.84,28.84,28.84,28.84,28.84,28.84,28.84,28.71,28.71,3.28,3.28,3.28,3.28,3.27,3.27,3.27,3.27,3.27,3.27,5.34,5.33,5.31,5.30,5.28,5.27,5.25,5.24,5.23,5.21,295.45,0.00,0.00,1.00,0.00,0.00,0.00,-1.00,0,None,0,aggregation
160,276.54,remora4,remora2,30.06,30.06,30.09,30.09,30.12,30.12,30.15,30.15,30.16,30.16,28.71,28.71,28.81,28.81,28.94,28.94,29.09,29.09,29.12,29.12,3.27,3.27,3.27,3.27,3.27,3.27,3.26,3.26,3.26,3.26,5.20,5.19,5.17,5.16,5.15,5.14,5.13,5.11,5.10,5.09,295.75,0.00,0.00,1.00,0.00,0.00,0.00,-1.00,0,None,0,aggregation
160,277.54,remora4,remora2,30.17,30.17,30.18,30.18,30.18,30.18,30.18,30.18,30.17,30.17,29.26,29.26,29.38,29.38,29.41,29.41,29.52,29.52,29.62,29.65,3.26,3.26,3.26,3.26,3.26,3.26,3.26,3.26,3.26,3.26,5.07,5.06,5.05,5.04,5.03,5.02,5.01,5.00,4.99,4.98,296.22,0.00,0.00,1.00,0.00,0.00,0.00,-1.00,0,None,0,aggregation
160,278.54,remora4,remora2,30.17,30.17,30.15,30.15,30.14,30.14,30.11,30.11,30.10,30.10,29.65,29.65,29.74,29.74,29.76,29.76,29.84,29.84,29.86,29.86,3.26,3.25,3.25,3.25,3.25,3.25,3.25,3.25,3.25,3.25,4.97,4.96,4.94,4.93,4.92,4.91,4.90,4.89,4.88,4.88,296.69,0.00,0.00,1.00,0.00,0.00,0.00,-1.00,0,None,0,aggregation
160,279.54,remora4,remora2,30.07,30.07,30.06,30.06,30.04,30.04,30.03,30.03,30.00,30.00,29.92,29.92,29.93,29.93,29.96,29.96,29.97,29.97,30.00,30.00,3.25,3.25,3.25,3.25,3.25,4.52,4.51,4.49,4.48,4.46,4.87,4.86,4.85,4.85,4.84,5.35,5.34,5.33,5.33,5.32,297.13,0.00,0.00,1.00,0.00,0.00,0.00,-1.00,0,None,0,aggregation
160,280.54,remora4,remora2,29.94,29.94,29.93,29.93,29.95,29.95,29.90,29.90,29.88,29.88,30.05,30.05,30.06,30.06,30.05,30.05,30.08,30.08,30.09,30.09,4.44,4.43,4.41,4.40,4.38,4.37,4.35,4.34,4.32,4.31,5.31,5.29,5.28,5.27,5.26,5.24,5.24,5.23,5.23,5.23,297.48,0.00,0.00,1.00,0.00,0.00,0.00,-1.00,0,None,0,aggregation
160,281.54,remora4,remora2,29.83,29.83,29.86,29.86,29.79,29.79,29.77,29.77,29.76,29.76,30.11,30.11,30.10,30.10,30.13,30.13,30.14,30.14,30.14,30.14,4.29,4.28,4.26,4.25,4.24,4.22,4.21,4.20,4.18,4.17,5.23,5.22,5.20,5.19,5.18,5.17,5.16,5.15,5.14,5.14,297.62,0.00,0.00,1.00,0.00,0.00,0.00,-1.00,0,None,0,aggregation
160,282.54,remora4,remora2,29.75,29.75,29.73,29.73,29.70,29.70,29.63,29.63,29.63,29.63,30.14,30.14,30.15,30.15,30.16,30.16,30.17,30.17,30.17,30.17,4.16,4.15,4.13,4.12,4.11,4.10,4.09,4.07,4.06,4.05,5.13,5.12,5.11,5.11,5.11,5.11,5.11,5.10,5.09,5.08,297.70,0.00,0.00,1.00,0.00,0.00,0.00,-1.00,0,None,0,aggregation
160,283.54,remora4,remora2,29.60,29.60,29.58,29.58,29.61,29.61,29.55,29.55,29.51,29.51,30.18,30.18,30.18,30.18,30.17,30.17,30.18,30.18,30.18,30.18,4.04,4.03,4.02,4.01,4.00,3.99,3.98,3.97,3.96,3.95,5.08,5.07,5.07,5.06,5.06,5.05,5.05,5.04,5.04,5.03,297.96,0.00,0.00,1.00,0.00,0.00,0.00,-1.00,0,None,0,aggregation
160,284.54,remora4,remora2,29.49,29.49,29.51,29.51,29.44,29.44,29.40,29.40,29.43,29.43,30.18,30.18,30.18,30.18,30.19,30.19,30.18,30.18,30.19,30.19,3.94,3.93,3.92,3.91,3.90,3.89,3.88,3.87,3.86,3.86,5.03,5.03,5.02,5.02,5.01,5.01,5.00,5.00,4.99,4.99,298.31,0.00,0.00,1.00,0.00,0.00,0.00,-1.00,0,None,0,aggregation
160,285.54,remora4,remora2,29.35,29.35,29.31,29.31,29.33,29.33,29.29,28.70,28.70,28.70,30.18,30.18,30.18,30.18,30.18,30.18,30.18,30.06,30.06,30.06,3.85,3.84,3.83,3.82,3.82,3.81,3.80,3.79,3.79,3.78,4.99,4.99,4.98,4.98,4.98,4.98,4.97,4.97,4.96,4.96,298.50,0.00,0.00,1.00,0.00,0.00,0.00,-1.00,0,None,0,aggregation
160,286.54,remora4,remora2,28.64,28.64,28.60,28.60,28.48,28.48,28.33,28.33,28.11,28.11,30.04,30.04,30.03,30.03,29.99,29.99,29.94,29.94,29.85,29.85,3.77,3.77,3.76,3.75,3.75,3.74,3.74,3.73,3.73,3.72,4.96,4.96,4.96,4.96,4.96,4.96,4.96,4.96,4.96,4.96,298.17,0.00,0.00,1.00,0.00,0.00,0.00,-1.00,0,None,0,aggregation
160,287.54,remora4,remora2,27.93,27.93,27.96,27.96,27.70,27.70,27.52,27.52,27.13,27.13,29.78,29.78,29.79,29.79,29.68,29.68,29.60,29.60,29.41,29.41,3.71,3.71,3.70,3.70,3.69,3.69,3.68,3.68,3.67,3.67,4.96,4.97,4.97,4.97,4.97,4.97,4.97,4.98,4.98,4.99,297.01,0.00,0.00,1.00,0.00,0.00,0.00,-1.00,0,None,0,aggregation
160,301.54,remora4,remora2,26.46,26.46,26.52,26.65,26.65,26.65,26.82,26.82,26.95,26.95,29.06,29.06,29.08,29.16,29.16,29.16,29.25,29.25,29.32,29.32,2.15,2.15,2.15,2.15,2.15,2.15,2.15,2.15,2.15,2.15,3.96,3.95,3.93,3.92,3.90,3.88,3.86,3.84,3.82,3.81,242.72,0.00,1.00,1.00,0.00,0.00,0.00,-1.00,0,None,0,aggregation
160,302.54,remora4,remora2,27.03,27.03,27.06,27.06,27.20,27.20,27.22,27.41,27.41,27.41,29.36,29.36,29.37,29.37,29.44,29.44,29.45,29.54,29.54,29.54,2.16,2.16,2.16,2.16,2.16,2.16,2.17,2.17,2.17,2.17,3.79,3.77,3.75,3.73,3.71,3.69,3.67,3.66,3.64,3.62,250.36,0.00,1.00,1.00,0.00,0.00,0.00,-1.00,0,None,0,aggregation
160,303.54,remora4,remora2,27.47,27.47,27.58,27.58,27.61,27.61,27.67,27.76,27.76,27.76,29.57,29.57,29.62,29.62,29.64,29.64,29.66,29.70,29.70,29.70,2.18,2.18,2.18,2.19,2.19,2.19,2.20,2.20,2.21,2.21,3.60,3.59,3.57,3.55,3.53,3.51,3.50,3.48,3.46,3.44,258.24,0.00,1.00,1.00,0.00,0.00,0.00,-1.00,0,None,0,aggregation
160,304.54,remora4,remora2,27.90,27.90,27.91,27.91,27.99,27.99,28.07,28.07,28.18,28.18,29.76,29.76,29.77,29.77,29.80,29.80,29.84,29.84,29.88,29.88,2.18,2.15,2.12,2.09,2.06,2.03,2.01,1.98,1.96,1.94,3.43,3.41,3.39,3.37,3.36,3.34,3.32,3.31,3.29,3.27,265.18,0.00,1.00,1.00,0.00,0.00,0.00,-1.00,0,None,0,aggregation
160,305.54,remora4,remora2,28.25,28.25,28.27,28.27,28.36,28.36,28.49,28.49,28.58,28.58,29.91,29.91,29.91,29.91,29.95,29.95,29.99,29.99,30.02,30.02,1.91,1.89,1.86,1.83,1.80,1.77,1.74,1.71,1.69,1.66,3.25,3.24,3.23,3.21,3.19,3.17,3.16,3.14,3.12,3.11,271.38,0.00,1.00,1.00,0.00,0.00,0.00,-1.00,0,None,0,aggregation
160,306.54,remora4,remora2,0.00,0.00,0.00,0.00,0.00,0.00,0.00,0.00,0.00,0.00,0.00,0.00,0.00,0.00,0.00,0.00,0.00,0.00,0.00,0.00,1.65,1.66,1.66,1.67,1.67,1.67,1.66,1.66,1.66,1.66,3.10,3.11,3.12,3.12,3.13,3.14,3.15,3.16,3.16,3.17,247.61,0.00,1.00,1.00,0.00,0.00,0.00,-1.00,0,None,0,aggregation
160,307.54,remora4,remora2,0.00,0.00,0.00,0.00,0.00,0.00,0.00,0.00,0.00,0.00,0.00,0.00,0.00,0.00,0.00,0.00,0.00,0.00,0.00,0.00,1.66,1.67,1.67,1.68,1.68,1.68,1.68,1.68,1.69,1.69,3.18,3.19,3.19,3.20,3.21,3.21,3.22,3.23,3.24,3.25,222.84,0.00,1.00,1.00,0.00,0.00,0.00,-1.00,0,None,0,aggregation
160,308.54,remora4,remora2,0.00,0.00,0.00,0.00,0.00,0.00,0.00,0.00,0.00,0.00,0.00,0.00,0.00,0.00,0.00,0.00,0.00,0.00,0.00,0.00,1.69,1.69,1.69,1.68,1.68,1.68,1.69,1.69,1.69,1.70,3.26,3.26,3.27,3.27,3.28,3.28,3.29,3.30,3.31,3.32,197.11,0.00,1.00,1.00,0.00,0.00,0.00,-1.00,0,None,0,aggregation
160,309.54,remora4,remora2,0.00,0.00,0.00,0.00,0.00,0.00,0.00,0.00,0.00,0.00,0.00,0.00,0.00,0.00,0.00,0.00,0.00,0.00,0.00,0.00,1.70,1.71,1.72,1.72,1.73,1.73,1.72,1.72,1.71,1.71,3.32,3.33,3.34,3.35,3.36,3.37,3.38,3.38,3.38,3.39,170.43,0.00,1.00,1.00,0.00,0.00,0.00,-1.00,0,None,0,aggregation
160,310.54,remora4,remora2,0.00,0.00,0.00,0.00,0.00,0.00,0.00,0.00,0.00,0.00,0.00,0.00,0.00,0.00,0.00,0.00,0.00,0.00,0.00,0.00,1.71,1.71,1.71,1.72,1.72,1.73,1.73,1.74,1.75,1.75,3.39,3.40,3.41,3.42,3.43,3.44,3.45,3.45,3.46,3.47,142.98,0.00,1.00,1.00,0.00,0.00,0.00,-1.00,0,None,0,aggregation
160,311.54,remora4,remora2,0.00,0.00,0.00,0.00,0.00,0.00,0.00,0.00,0.00,0.00,0.00,0.00,0.00,0.00,0.00,0.00,0.00,0.00,0.00,0.00,1.76,1.76,1.75,1.75,1.75,1.75,1.76,1.76,1.77,1.78,3.48,3.48,3.49,3.49,3.49,3.50,3.51,3.53,3.53,3.54,115.04,0.00,1.00,1.00,0.00,0.00,0.00,-1.00,0,None,0,aggregation
160,312.54,remora4,remora2,0.00,0.00,0.00,0.00,0.00,0.00,0.00,0.00,0.00,0.00,0.00,0.00,0.00,0.00,0.00,0.00,0.00,0.00,0.00,0.00,1.78,1.78,1.78,1.77,1.77,1.78,1.78,1.79,1.80,1.80,3.55,3.55,3.56,3.56,3.57,3.58,3.59,3.60,3.61,3.61,86.72,0.00,1.00,1.00,0.00,0.00,0.00,-1.00,0,None,0,aggregation
160,313.54,remora4,remora2,0.00,0.00,0.00,0.00,0.00,0.00,0.00,0.00,0.00,0.00,0.00,0.00,0.00,0.00,0.00,0.00,0.00,0.00,0.00,0.00,1.80,1.80,1.80,1.81,1.82,1.82,1.83,1.82,1.82,1.82,3.62,3.62,3.63,3.64,3.64,3.65,3.66,3.66,3.67,3.68,58.08,0.00,1.00,1.00,0.00,0.00,0.00,-1.00,0,None,0,aggregation
160,314.54,remora4,remora2,0.00,0.00,0.00,0.00,0.00,0.00,0.00,0.00,0.00,0.00,0.00,0.00,0.00,0.00,0.00,0.00,0.00,0.00,0.00,0.00,1.82,1.82,1.83,1.83,1.84,1.85,1.85,1.86,1.87,1.86,3.69,3.70,3.71,3.71,3.72,3.73,3.74,3.74,3.75,3.75,29.17,0.00,1.00,0.00,0.00,0.00,0.00,-1.00,0,None,0,aggregation
160,315.54,remora4,remora2,0.00,0.00,0.00,0.00,0.00,0.00,0.00,0.00,0.00,0.00,0.00,0.00,0.00,0.00,0.00,0.00,0.00,0.00,0.00,0.00,1.86,1.86,1.86,1.86,1.87,1.87,1.88,1.89,1.89,1.90,3.76,3.76,3.77,3.77,3.78,3.79,3.80,3.81,3.82,3.83,0.00,0.00,1.00,0.00,0.00,0.00,0.00,-1.00,0,None,0,aggregation
160,316.54,remora4,remora2,0.00,0.00,0.00,0.00,0.00,0.00,0.00,0.00,0.00,0.00,0.00,0.00,0.00,0.00,0.00,0.00,0.00,0.00,0.00,0.00,1.90,1.90,1.90,1.90,1.90,1.90,1.91,1.91,1.92,1.93,3.83,3.84,3.84,3.84,3.85,3.86,3.87,3.88,3.89,3.89,0.00,0.00,1.00,0.00,0.00,0.00,0.00,-1.00,0,None,0,aggregation
160,317.54,remora4,remora2,0.00,0.00,0.00,0.00,0.00,0.00,0.00,0.00,0.00,0.00,0.00,0.00,0.00,0.00,0.00,0.00,0.00,0.00,0.00,0.00,1.93,1.94,1.95,1.94,1.94,1.94,1.94,1.95,1.95,1.96,3.90,3.91,3.91,3.92,3.92,3.93,3.94,3.95,3.95,3.96,0.00,0.00,1.00,0.00,0.00,0.00,0.00,-1.00,0,None,0,aggregation
160,318.54,remora4,remora2,0.00,0.00,0.00,0.00,0.00,0.00,0.00,0.00,0.00,0.00,0.00,0.00,0.00,0.00,0.00,0.00,0.00,0.00,0.00,0.00,1.96,1.97,1.98,1.99,1.99,1.99,1.99,1.98,1.98,1.99,3.97,3.97,3.98,3.99,3.99,4.00,4.00,4.01,4.01,4.02,0.00,0.00,1.00,0.00,0.00,0.00,0.00,-1.00,0,None,0,aggregation
160,319.54,remora4,remora2,0.00,0.00,0.00,0.00,0.00,0.00,0.00,0.00,0.00,0.00,0.00,0.00,0.00,0.00,0.00,0.00,0.00,0.00,0.00,0.00,1.99,2.00,2.00,2.01,2.01,2.02,2.02,2.02,2.02,2.02,4.03,4.04,4.04,4.05,4.06,4.06,4.07,4.07,4.07,4.08,0.00,0.00,1.00,0.00,0.00,0.00,0.00,-1.00,0,None,0,aggregation
160,320.54,remora4,remora2,0.00,0.00,0.00,0.00,0.00,0.00,0.00,0.00,0.00,0.00,0.00,0.00,0.00,0.00,0.00,0.00,0.00,0.00,0.00,0.00,2.02,2.02,2.02,2.03,2.03,2.04,2.05,2.05,2.06,2.05,4.09,4.09,4.10,4.10,4.11,4.12,4.13,4.14,4.14,4.15,0.00,0.00,1.00,0.00,0.00,0.00,0.00,-1.00,0,None,0,aggregation
160,321.54,remora4,remora2,0.00,0.00,0.00,0.00,0.00,0.00,0.00,0.00,0.00,0.00,0.00,0.00,0.00,0.00,0.00,0.00,0.00,0.00,0.00,0.00,2.05,2.05,2.05,2.05,2.05,2.06,2.06,2.07,2.07,2.08,4.15,4.15,4.15,4.15,4.16,4.17,4.17,4.18,4.19,4.20,0.00,0.00,1.00,0.00,0.00,0.00,0.00,-1.00,0,None,0,aggregation
160,322.54,remora4,remora2,0.00,0.00,0.00,0.00,0.00,0.00,0.00,0.00,0.00,0.00,0.00,0.00,0.00,0.00,0.00,0.00,0.00,0.00,0.00,0.00,2.08,2.08,2.08,2.07,2.07,2.08,2.08,2.08,2.09,2.09,4.21,4.21,4.21,4.22,4.22,4.23,4.23,4.24,4.24,4.25,0.00,0.00,1.00,0.00,0.00,0.00,0.00,-1.00,0,None,0,aggregation
160,323.54,remora4,remora2,0.00,0.00,0.00,0.00,0.00,0.00,0.00,0.00,0.00,0.00,0.00,0.00,0.00,0.00,0.00,0.00,0.00,0.00,0.00,0.00,2.10,2.10,2.11,2.10,2.10,2.11,2.12,2.12,2.13,2.12,4.26,4.27,4.28,4.28,4.29,4.30,4.30,4.31,4.32,4.32,0.00,0.00,1.00,0.00,0.00,0.00,0.00,-1.00,0,None,0,aggregation
160,324.54,remora4,remora2,0.00,0.00,0.00,0.00,0.00,0.00,0.00,0.00,0.00,0.00,0.00,0.00,0.00,0.00,0.00,0.00,0.00,0.00,0.00,0.00,2.12,2.12,2.11,2.12,2.12,2.13,2.14,2.15,2.15,2.14,4.33,4.33,4.33,4.33,4.34,4.35,4.36,4.37,4.38,4.38,0.00,0.00,1.00,0.00,0.00,0.00,0.00,-1.00,0,None,0,aggregation
160,325.54,remora4,remora2,0.00,0.00,0.00,0.00,0.00,0.00,0.00,0.00,0.00,0.00,0.00,0.00,0.00,0.00,0.00,0.00,0.00,0.00,0.00,0.00,2.14,2.14,2.14,2.14,2.15,2.16,2.16,2.17,2.17,2.17,4.39,4.39,4.40,4.41,4.42,4.43,4.44,4.44,4.45,4.46,0.00,0.00,1.00,0.00,0.00,0.00,0.00,-1.00,0,None,0,aggregation
160,326.54,remora4,remora2,0.00,0.00,0.00,0.00,-24.77,-24.77,-24.75,-24.75,-24.63,-24.63,0.00,0.00,0.00,0.00,-35.23,-35.23,-35.21,-35.21,-35.09,-35.09,2.17,2.18,2.19,2.19,2.21,2.23,2.26,2.29,2.31,2.35,4.46,4.47,4.48,4.49,4.51,4.53,4.55,4.58,4.60,4.63,17.97,0.00,1.00,0.00,0.00,0.00,0.00,-1.00,0,None,0,aggregation
160,327.54,remora4,remora2,-24.33,-24.33,-23.96,-23.96,-23.46,-23.46,-22.84,-22.84,-22.17,-22.17,-34.79,-34.79,-34.43,-34.43,-33.93,-33.93,-33.31,-33.31,-32.63,-32.63,2.38,2.41,2.44,2.48,2.51,2.54,2.57,2.60,2.63,2.66,4.65,4.67,4.70,4.72,4.74,4.77,4.79,4.81,4.83,4.85,46.55,0.00,1.00,1.00,0.00,0.00,0.00,-1.00,0,None,0,aggregation
160,328.54,remora4,remora2,-21.38,-21.38,-20.57,-19.47,-19.47,-19.47,-18.52,-17.37,-17.37,-17.37,-31.85,-31.85,-31.03,-29.93,-29.93,-29.93,-28.98,-27.84,-27.84,-27.84,2.68,2.71,2.74,2.76,2.79,2.81,2.84,2.86,2.88,2.89,4.87,4.89,4.91,4.92,4.94,4.96,4.97,4.99,5.00,5.02,71.02,0.00,1.00,1.00,0.00,0.00,0.00,-1.00,0,None,0,aggregation
160,329.54,remora4,remora2,-16.20,-16.20,-14.84,-14.84,-13.57,-13.57,-11.89,-11.89,-10.49,-10.49,-26.67,-26.67,-25.31,-25.31,-24.03,-24.03,-22.35,-22.35,-20.95,-20.95,2.91,2.93,2.95,2.97,2.98,3.00,3.02,3.03,3.05,3.06,5.03,5.04,5.05,5.06,5.07,5.08,5.09,5.10,5.11,5.12,89.65,0.00,0.00,1.00,0.00,0.00,0.00,-1.00,0,None,0,aggregation
160,330.54,remora4,remora2,-8.85,-8.85,-7.16,-7.16,-5.42,-5.42,-3.64,-3.64,-1.82,-1.82,-19.32,-19.32,-17.63,-17.63,-15.89,-15.89,-14.10,-14.10,-12.29,-12.29,3.07,3.08,3.09,3.10,3.11,3.12,3.13,3.12,3.13,3.13,5.13,5.14,5.15,5.15,5.16,5.17,5.18,5.18,5.18,5.19,100.26,0.00,0.00,1.00,0.00,0.00,0.00,-1.00,0,None,0,aggregation
160,331.54,remora4,remora2,0.02,0.02,2.10,4.19,4.19,4.19,4.19,5.98,7.83,7.83,-10.44,-10.44,-8.37,-6.28,-6.28,-6.28,-6.28,-4.30,-1.98,-1.98,3.14,3.15,3.15,3.16,3.16,3.15,3.15,3.16,3.16,3.17,5.20,5.21,5.22,5.23,5.23,5.24,5.25,5.25,5.27,5.28,102.70,0.00,0.00,1.00,0.00,0.00,0.00,-1.00,0,None,0,aggregation
160,332.54,remora4,remora2,9.68,9.68,11.50,11.50,13.10,13.10,14.68,14.68,16.21,16.21,0.33,0.33,2.61,2.61,4.64,4.64,6.63,6.63,8.58,8.58,3.17,3.18,3.18,3.18,3.17,3.18,3.19,3.20,3.21,3.22,5.29,5.30,5.31,5.32,5.33,5.34,5.36,5.38,5.39,5.41,111.50,0.00,0.00,1.00,0.00,0.00,0.00,-1.00,0,None,0,aggregation
160,333.54,remora4,remora2,17.69,17.69,18.96,20.18,20.18,20.18,21.35,21.35,22.19,22.19,10.48,10.48,12.12,13.72,13.72,13.72,15.26,15.26,16.38,16.38,3.23,3.23,3.23,3.23,3.23,3.25,3.26,3.27,3.29,3.31,5.43,5.44,5.46,5.47,5.49,5.51,5.53,5.55,5.57,5.60,128.47,0.00,0.00,1.00,0.00,0.00,0.00,-1.00,0,None,0,aggregation
160,334.54,remora4,remora2,23.26,23.26,24.02,24.02,24.85,24.85,25.64,25.64,26.26,26.26,17.82,17.82,18.85,18.85,20.02,20.02,21.12,21.12,22.03,22.03,3.32,3.34,3.36,3.37,3.37,3.38,3.39,3.41,3.43,3.45,5.62,5.65,5.67,5.69,5.71,5.73,5.76,5.78,5.81,5.83,150.86,0.00,0.00,1.00,0.00,0.00,0.00,-1.00,0,None,0,aggregation
160,335.54,remora4,remora2,26.85,26.85,27.30,27.30,27.64,27.64,28.12,28.12,28.41,28.41,22.89,22.89,23.58,23.58,24.11,24.11,24.86,24.86,25.34,25.34,3.47,3.49,3.51,3.54,3.56,3.59,3.61,3.64,3.67,3.69,5.86,5.88,5.91,5.94,5.97,6.00,6.03,6.06,6.09,6.12,176.77,0.00,0.00,1.00,0.00,0.00,0.00,-1.00,0,None,0,aggregation
160,131.54,remora4,remora6,0.00,0.00,0.00,0.00,0.00,0.00,0.00,0.00,0.00,0.00,0.00,0.00,0.00,0.00,0.00,0.00,0.00,0.00,0.00,0.00,1.60,1.60,1.60,1.60,1.60,1.60,1.60,1.60,1.60,1.60,4.95,4.94,4.94,4.94,4.94,4.95,4.95,4.95,4.95,4.95,106.06,0.00,1.00,1.00,0.00,0.00,0.00,-1.00,0,None,0,aggregation
160,132.54,remora4,remora6,0.00,0.00,0.00,0.00,0.00,0.00,0.00,0.00,0.00,0.00,0.00,0.00,0.00,0.00,0.00,0.00,0.00,0.00,0.00,0.00,1.60,1.60,1.60,1.60,1.60,1.60,1.60,1.60,1.60,1.60,4.95,4.96,4.96,4.96,4.96,4.96,4.96,4.96,4.96,4.96,76.69,0.00,1.00,1.00,0.00,0.00,0.00,-1.00,0,None,0,aggregation
160,133.54,remora4,remora6,0.00,0.00,0.00,0.00,0.00,0.00,0.00,0.00,0.00,0.00,0.00,0.00,0.00,0.00,0.00,0.00,0.00,0.00,0.00,0.00,1.60,1.60,1.60,1.60,1.60,1.60,1.60,1.60,1.60,1.60,4.96,4.97,4.97,4.97,4.97,4.97,4.97,4.98,4.98,4.98,47.23,0.00,1.00,1.00,0.00,0.00,0.00,-1.00,0,None,0,aggregation
160,134.54,remora4,remora6,0.00,0.00,0.00,0.00,0.00,0.00,0.00,0.00,0.00,0.00,0.00,0.00,0.00,0.00,0.00,0.00,0.00,0.00,0.00,0.00,1.60,1.60,1.60,1.60,1.60,1.60,1.60,1.60,1.60,1.60,4.98,4.98,4.98,4.98,4.99,4.99,4.99,4.99,4.99,4.99,17.74,0.00,1.00,0.00,0.00,0.00,0.00,-1.00,0,None,0,aggregation
160,135.54,remora4,remora6,0.00,0.00,0.00,0.00,0.00,0.00,0.00,0.00,0.00,0.00,0.00,0.00,0.00,0.00,0.00,0.00,0.00,0.00,0.00,0.00,1.60,1.60,1.60,1.60,1.60,1.60,1.60,1.60,1.60,1.60,4.99,5.00,5.00,5.00,5.00,5.00,5.00,5.00,5.00,5.00,0.00,0.00,1.00,0.00,0.00,0.00,0.00,-1.00,0,None,0,aggregation
160,136.54,remora4,remora6,0.00,0.00,0.00,0.00,0.00,0.00,0.00,0.00,0.00,0.00,0.00,0.00,0.00,0.00,0.00,0.00,0.00,0.00,0.00,0.00,1.60,1.60,1.60,1.60,1.60,1.60,1.60,1.60,1.60,1.60,5.01,5.01,5.01,5.01,5.01,5.01,5.01,5.01,5.01,5.01,0.00,0.00,1.00,0.00,0.00,0.00,0.00,-1.00,0,None,0,aggregation
160,137.54,remora4,remora6,0.00,0.00,0.00,0.00,0.00,0.00,0.00,0.00,0.00,0.00,0.00,0.00,0.00,0.00,0.00,0.00,0.00,0.00,0.00,0.00,1.60,1.60,1.60,1.60,1.60,1.60,1.60,1.60,1.60,1.60,5.01,5.01,5.01,5.01,5.01,5.01,5.00,5.00,5.00,5.00,0.00,0.00,1.00,0.00,0.00,0.00,0.00,-1.00,0,None,0,aggregation
160,138.54,remora4,remora6,0.00,0.00,0.00,0.00,0.00,0.00,0.00,0.00,0.00,0.00,0.00,0.00,0.00,0.00,0.00,0.00,0.00,0.00,0.00,0.00,1.60,1.60,1.60,1.60,1.60,1.60,1.60,1.60,1.60,1.60,5.00,5.00,4.99,4.99,4.99,4.99,4.99,4.98,4.98,4.98,0.00,0.00,1.00,0.00,0.00,0.00,0.00,-1.00,0,None,0,aggregation
160,139.54,remora4,remora6,0.00,0.00,0.00,0.00,0.00,0.00,0.00,0.00,0.00,0.00,0.00,0.00,0.00,0.00,0.00,0.00,0.00,0.00,0.00,0.00,1.60,1.60,1.60,1.60,1.60,1.60,1.60,1.60,1.60,1.60,4.98,4.98,4.98,4.97,4.97,4.97,4.97,4.97,4.97,4.96,0.00,0.00,1.00,0.00,0.00,0.00,0.00,-1.00,0,None,0,aggregation
160,140.54,remora4,remora6,0.00,0.00,0.00,0.00,0.00,0.00,0.00,0.00,0.00,0.00,0.00,0.00,0.00,0.00,0.00,0.00,0.00,0.00,0.00,0.00,1.60,1.60,1.60,1.60,1.60,1.60,1.60,1.60,1.60,1.60,4.96,4.96,4.96,4.96,4.96,4.96,4.96,4.96,4.96,4.95,0.00,0.00,1.00,0.00,0.00,0.00,0.00,-1.00,0,None,0,aggregation
160,141.54,remora4,remora6,0.00,0.00,0.00,0.00,0.00,0.00,0.00,0.00,0.00,0.00,0.00,0.00,0.00,0.00,0.00,0.00,0.00,0.00,0.00,0.00,1.60,1.60,1.60,1.60,1.60,1.60,1.60,1.60,1.60,1.60,4.95,4.95,5.96,5.96,5.95,5.95,5.94,5.93,5.93,5.92,0.00,0.00,1.00,0.00,0.00,0.00,0.00,-1.00,0,None,0,aggregation
160,142.54,remora4,remora6,0.00,0.00,0.00,0.00,0.00,0.00,0.00,0.00,0.00,0.00,0.00,0.00,0.00,0.00,0.00,0.00,0.00,0.00,0.00,0.00,1.60,1.60,1.60,1.60,1.60,1.60,1.60,1.60,1.60,1.60,5.92,5.91,5.91,5.90,5.90,5.89,5.89,5.88,5.88,5.87,0.00,0.00,1.00,0.00,0.00,0.00,0.00,-1.00,0,None,0,aggregation
160,143.54,remora4,remora6,0.00,0.00,0.00,0.00,0.00,0.00,0.00,0.00,0.00,0.00,0.00,0.00,0.00,0.00,0.00,0.00,0.00,0.00,0.00,0.00,1.60,1.60,1.60,1.62,1.63,1.65,1.67,1.69,1.71,1.73,5.87,5.86,5.86,5.85,5.85,5.85,5.85,5.85,5.85,5.84,0.00,0.00,1.00,0.00,0.00,0.00,0.00,-1.00,0,None,0,aggregation
160,144.54,remora4,remora6,0.00,0.00,0.00,0.00,0.00,0.00,0.00,0.00,0.00,0.00,0.00,0.00,0.00,0.00,0.00,0.00,0.00,0.00,0.00,0.00,1.75,1.78,1.80,1.82,1.84,1.87,1.89,1.91,1.94,1.96,5.84,5.84,5.84,5.84,5.84,5.84,5.84,5.84,5.83,5.83,0.00,0.00,1.00,0.00,0.00,0.00,0.00,-1.00,0,None,0,aggregation
160,145.54,remora4,remora6,0.00,0.00,0.00,0.00,0.00,0.00,0.00,0.00,0.00,0.00,0.00,0.00,0.00,0.00,0.00,0.00,0.00,0.00,0.00,0.00,1.99,2.01,2.04,2.06,2.09,2.12,2.14,2.17,2.20,2.22,5.83,5.83,5.83,5.82,5.82,5.82,5.82,5.82,5.82,5.81,0.00,0.00,1.00,0.00,0.00,0.00,0.00,-1.00,0,None,0,aggregation
160,146.54,remora4,remora6,-35.22,-35.22,-35.16,-35.16,-34.91,-34.91,-34.49,-34.49,-33.95,-33.95,-24.75,-24.75,-24.69,-24.69,-24.45,-24.45,-24.02,-24.02,-23.49,-23.49,2.26,2.31,2.37,2.42,2.48,2.54,2.59,2.65,2.71,2.76,5.82,5.84,5.86,5.88,5.91,5.93,5.95,5.97,6.00,6.02,29.51,0.00,1.00,0.00,0.00,0.00,0.00,-1.00,0,None,0,aggregation
160,147.54,remora4,remora6,-33.20,-33.20,-32.38,-32.38,-31.52,-31.52,-30.45,-30.45,-29.25,-29.25,-22.74,-22.74,-21.91,-21.91,-21.06,-21.06,-19.98,-19.98,-18.79,-18.79,2.82,2.87,2.93,2.98,3.03,3.08,3.13,3.18,3.23,3.28,6.04,6.06,6.08,6.11,6.13,6.15,6.17,6.19,6.21,6.23,55.64,0.00,0.00,1.00,0.00,0.00,0.00,-1.00,0,None,0,aggregation
160,148.54,remora4,remora6,-28.08,-28.08,-26.67,-26.67,-25.31,-25.31,-23.87,-23.87,-22.35,-22.35,-17.61,-17.61,-16.20,-16.20,-14.84,-14.84,-13.40,-13.40,-11.89,-11.89,3.33,3.37,3.41,3.45,3.49,3.52,3.56,3.59,3.62,3.64,6.25,6.27,6.28,6.30,6.32,6.33,6.35,6.36,6.38,6.39,75.66,0.00,0.00,1.00,0.00,0.00,0.00,-1.00,0,None,0,aggregation
160,149.54,remora4,remora6,-20.59,-20.59,-19.13,-19.13,-17.24,-17.24,-15.49,-15.49,-13.70,-13.70,-10.13,-10.13,-8.67,-8.67,-6.78,-6.78,-5.03,-5.03,-3.24,-3.24,3.66,3.68,3.70,3.72,3.74,3.75,3.77,3.78,3.79,3.81,6.40,6.41,6.42,6.43,6.44,6.45,6.46,6.47,6.47,6.48,87.66,0.00,0.00,1.00,0.00,0.00,0.00,-1.00,0,None,0,aggregation
160,150.54,remora4,remora6,-11.67,-11.67,-9.82,-9.82,-7.74,-7.74,-5.86,-5.86,-3.60,-3.60,-1.21,-1.21,0.64,0.64,2.72,2.72,4.60,4.60,6.54,6.54,3.82,3.83,3.84,3.85,3.86,3.87,3.88,3.89,3.90,3.91,6.48,6.49,6.49,6.50,6.60,6.60,6.60,6.60,6.60,6.60,90.79,0.00,0.00,1.00,0.00,0.00,0.00,-1.00,0,None,0,aggregation
160,151.54,remora4,remora6,-1.29,-1.29,0.79,0.79,2.84,2.84,4.86,4.86,6.63,6.63,8.39,8.39,10.04,10.04,11.68,11.68,13.28,13.28,14.68,14.68,3.91,3.92,3.93,3.94,3.94,3.95,3.96,3.97,3.98,3.99,6.60,6.60,6.61,6.61,6.61,6.61,6.61,6.62,6.62,6.63,97.98,0.00,0.00,1.00,0.00,0.00,0.00,-1.00,0,None,0,aggregation
160,152.54,remora4,remora6,8.58,8.58,10.27,10.27,11.72,11.72,13.32,13.32,14.88,14.88,16.21,16.21,17.53,17.53,18.65,18.65,19.88,19.88,21.06,21.06,4.00,4.01,4.02,4.03,4.04,4.05,4.06,4.07,4.08,4.10,6.63,6.64,6.64,6.64,6.65,6.65,6.66,6.67,6.68,6.69,113.19,0.00,0.00,1.00,0.00,0.00,0.00,-1.00,0,None,0,aggregation
160,153.54,remora4,remora6,16.01,16.01,17.10,17.10,18.51,18.51,19.52,19.52,20.34,20.34,21.91,21.91,22.73,22.73,23.77,23.77,24.50,24.50,25.08,25.08,4.11,4.12,4.14,4.15,4.16,4.18,4.19,4.21,4.23,4.24,6.71,6.72,6.74,6.75,6.76,6.77,6.78,6.80,6.81,6.83,134.14,0.00,0.00,1.00,0.00,0.00,0.00,-1.00,0,None,0,aggregation
160,234.54,remora4,remora6,18.10,18.10,18.26,18.26,18.31,18.31,18.01,18.01,17.84,17.84,23.47,23.47,23.58,23.58,23.62,23.62,23.40,23.40,23.27,23.27,2.30,2.31,2.32,2.33,2.34,2.35,2.36,2.38,2.39,2.40,3.55,3.58,3.60,3.63,3.66,3.69,3.72,3.75,3.77,3.80,89.83,0.00,1.00,1.00,0.00,0.00,0.00,-1.00,0,None,0,aggregation
160,235.54,remora4,remora6,17.03,17.03,16.84,16.84,16.31,16.31,15.83,15.83,15.10,15.10,22.68,22.68,22.54,22.54,22.14,22.14,21.79,21.79,21.23,21.23,2.42,2.43,2.44,2.46,2.48,2.49,2.51,2.52,2.54,2.56,3.83,3.86,3.89,3.92,3.94,3.97,4.00,4.03,4.05,4.08,108.98,0.00,1.00,1.00,0.00,0.00,0.00,-1.00,0,None,0,aggregation
160,236.54,remora4,remora6,14.80,14.80,13.88,13.88,13.12,13.12,12.70,12.70,12.19,12.19,21.01,21.01,20.31,20.31,19.73,19.73,19.41,19.41,19.01,19.01,2.58,2.59,2.61,2.63,2.65,2.67,2.69,2.71,2.73,2.75,4.11,4.13,4.16,4.18,4.20,4.23,4.25,4.27,4.30,4.32,125.60,0.00,1.00,1.00,0.00,0.00,0.00,-1.00,0,None,0,aggregation
160,237.54,remora4,remora6,11.59,11.59,11.18,11.18,10.98,10.98,10.89,10.89,10.68,10.68,18.55,18.55,18.23,18.23,18.08,18.08,18.00,18.00,17.84,17.84,2.77,2.79,2.81,2.83,2.85,2.87,2.89,2.91,2.93,2.96,4.34,4.36,4.38,4.40,4.42,4.47,4.48,4.48,4.49,4.50,140.20,0.00,1.00,1.00,0.00,0.00,0.00,-1.00,0,None,0,aggregation
160,238.54,remora4,remora6,10.58,10.58,10.49,10.49,10.72,10.72,11.07,11.07,11.18,11.18,17.77,17.77,17.69,17.69,17.87,17.87,18.15,18.15,18.23,18.23,2.98,3.00,3.03,3.05,3.08,3.10,3.13,3.15,3.18,3.21,4.50,4.51,4.52,4.53,4.54,4.55,4.56,4.56,4.57,4.58,141.16,0.00,0.00,1.00,0.00,0.00,0.00,-1.00,0,None,0,aggregation
160,239.54,remora4,remora6,11.56,11.56,11.89,11.89,12.14,12.14,12.63,12.63,13.16,13.16,18.52,18.52,18.78,18.78,18.97,18.97,19.35,19.35,19.76,19.76,3.24,3.26,3.29,3.32,3.35,3.38,3.41,3.45,3.48,3.51,4.59,4.61,4.62,4.63,4.64,4.65,4.66,4.67,4.69,4.70,146.77,0.00,0.00,1.00,0.00,0.00,0.00,-1.00,0,None,0,aggregation
160,240.54,remora4,remora6,13.67,13.67,14.28,14.28,14.91,14.91,15.59,15.59,16.32,16.32,20.15,20.15,20.61,20.61,21.09,21.09,21.60,21.60,22.15,22.15,3.54,3.58,3.61,3.65,3.68,3.72,3.75,3.79,3.83,3.87,4.71,4.73,4.74,4.75,4.77,4.78,4.79,4.81,4.82,4.84,162.32,0.00,0.00,1.00,0.00,0.00,0.00,-1.00,0,None,0,aggregation
160,241.54,remora4,remora6,17.19,17.19,17.77,17.77,18.62,18.62,19.51,19.51,20.23,20.23,22.80,22.80,23.22,23.22,23.84,23.84,24.49,24.49,25.00,25.00,3.91,3.95,3.98,4.03,4.07,4.08,4.08,4.08,4.08,4.08,4.85,4.87,4.88,4.90,4.91,4.93,4.94,4.96,4.97,4.99,175.28,0.00,0.00,1.00,0.00,0.00,0.00,-1.00,0,None,0,aggregation
160,242.54,remora4,remora6,20.92,20.92,21.86,21.86,22.63,22.63,23.44,23.44,24.22,24.22,25.49,25.49,26.15,26.15,26.67,26.67,27.21,27.21,27.72,27.72,4.09,4.09,4.09,4.09,4.09,4.10,4.10,1.67,1.67,1.68,5.01,5.02,5.04,5.05,5.07,5.08,5.10,4.25,4.26,4.28,184.72,0.00,0.00,1.00,0.00,0.00,0.00,-1.00,0,None,0,aggregation
160,243.54,remora4,remora6,24.82,24.82,25.26,25.26,-17.72,-17.72,-17.60,-17.60,-17.31,-17.31,28.09,28.09,28.36,28.36,-2.02,-2.02,-1.90,-1.90,-1.61,-1.61,1.69,1.71,1.73,1.74,1.75,1.74,1.73,1.73,1.72,1.71,4.29,4.30,4.32,4.33,4.34,4.34,4.33,4.33,4.32,4.32,181.61,0.00,1.00,1.00,1.00,1.00,0.00,-1.00,0,None,0,aggregation
160,244.54,remora4,remora6,-16.93,-16.93,29.64,29.64,-16.17,-16.17,-15.84,-15.84,-15.19,-15.19,-1.23,-1.23,30.17,30.17,-0.48,-0.48,-0.15,-0.15,0.51,0.51,1.70,1.69,1.70,1.73,1.74,1.74,1.73,1.72,1.71,1.71,4.31,4.31,4.31,4.31,4.32,4.31,4.31,4.30,4.30,4.30,173.35,0.00,1.00,1.00,1.00,1.00,0.00,-1.00,0,None,0,aggregation
160,245.54,remora4,remora6,-14.45,-14.45,29.26,29.26,-13.15,-13.15,-12.72,-12.72,-11.80,-11.80,1.25,1.25,26.85,26.85,2.55,2.55,2.98,2.98,3.90,3.90,1.70,1.69,1.69,1.71,1.73,1.73,1.72,1.72,1.71,1.71,4.29,4.29,4.29,4.29,4.29,4.28,4.28,4.29,4.29,4.29,163.96,0.00,1.00,1.00,1.00,1.00,0.00,-1.00,0,None,0,aggregation
160,246.54,remora4,remora6,25.09,25.09,-10.50,-10.50,-10.03,-10.03,-9.02,-9.02,18.77,18.77,20.35,20.35,5.19,5.19,5.67,5.67,6.68,6.68,11.87,11.87,1.71,1.73,1.74,1.74,1.74,1.74,1.73,1.73,1.74,1.75,4.30,4.29,4.30,4.30,4.30,4.31,4.31,4.31,4.30,4.30,156.15,0.00,1.00,1.00,1.00,1.00,0.00,-1.00,0,None,0,aggregation
160,247.54,remora4,remora6,17.94,17.94,18.77,18.77,19.69,19.69,20.45,20.45,21.28,21.28,10.81,10.81,11.88,11.88,13.07,13.07,14.07,14.07,15.16,15.16,1.76,1.77,1.78,1.79,1.81,1.82,1.83,1.85,1.86,1.88,4.30,4.30,4.29,4.29,4.29,4.29,4.28,4.28,4.27,4.26,157.86,0.00,1.00,1.00,0.00,0.00,0.00,-1.00,0,None,0,aggregation
160,248.54,remora4,remora6,-9.79,-9.79,-9.37,-9.37,18.39,18.39,17.26,17.26,18.17,18.17,5.91,5.91,6.33,6.33,11.39,11.39,9.92,9.92,11.10,11.10,1.89,1.89,1.88,1.88,1.88,1.90,1.91,1.92,1.93,1.94,4.26,4.26,4.26,4.26,4.26,4.26,4.25,4.24,4.24,4.23,152.80,0.00,1.00,1.00,1.00,1.00,0.00,-1.00,0,None,0,aggregation
160,249.54,remora4,remora6,19.05,19.05,19.93,19.93,20.59,20.59,-10.13,-10.13,20.08,20.08,12.24,12.24,13.38,13.38,14.26,14.26,5.57,5.57,13.59,13.59,1.96,1.97,1.98,2.00,2.01,2.03,2.03,2.03,2.04,2.05,4.22,4.22,4.21,4.20,4.19,4.19,4.18,4.18,4.17,4.16,150.89,0.00,1.00,1.00,1.00,1.00,0.00,-1.00,0,None,0,aggregation
160,250.54,remora4,remora6,19.24,19.24,-9.82,-9.82,-9.48,-9.48,-8.48,-8.48,13.50,13.50,12.48,12.48,5.88,5.88,6.21,6.21,7.21,7.21,5.14,5.14,2.07,2.08,2.09,2.09,2.09,2.09,2.08,2.08,2.08,2.09,4.15,4.15,4.15,4.15,4.15,4.15,4.14,4.14,4.14,4.13,138.74,0.00,1.00,1.00,1.00,1.00,0.00,-1.00,0,None,0,aggregation
160,251.54,remora4,remora6,12.39,12.39,13.58,13.58,14.62,14.62,15.38,15.38,16.16,16.16,3.74,3.74,5.25,5.25,6.56,6.56,7.52,7.52,8.52,8.52,2.10,2.11,2.11,2.12,2.13,2.14,2.15,2.16,2.17,2.18,4.12,4.11,4.11,4.10,4.09,4.08,4.08,4.07,4.07,4.07,127.84,0.00,1.00,1.00,0.00,0.00,0.00,-1.00,0,None,0,aggregation
160,252.54,remora4,remora6,16.83,16.83,17.58,17.58,18.22,18.22,-11.17,-11.17,-10.87,-10.87,9.38,9.38,10.33,10.33,11.16,11.16,4.53,4.53,4.83,4.83,2.19,2.20,2.19,2.16,2.13,2.10,2.07,2.04,2.02,1.99,4.06,4.06,4.05,4.04,4.03,4.03,4.02,4.02,4.01,4.00,112.83,0.00,1.00,1.00,1.00,1.00,0.00,-1.00,0,None,0,aggregation
160,253.54,remora4,remora6,-9.91,-9.91,10.86,10.86,10.53,10.53,11.31,11.31,12.26,12.26,5.79,5.79,1.81,1.81,1.40,1.40,2.38,2.38,3.57,3.57,1.97,1.94,1.91,1.88,1.85,1.83,1.80,1.77,1.74,1.71,4.00,3.99,3.99,3.99,3.98,3.98,3.97,3.96,3.95,3.95,102.19,0.00,1.00,1.00,0.00,0.00,0.00,-1.00,0,None,0,aggregation
160,254.54,remora4,remora6,13.12,13.12,-11.11,-11.11,-11.00,-11.00,10.65,10.65,10.08,10.08,4.66,4.66,4.59,4.59,4.70,4.70,1.54,1.54,0.83,0.83,1.68,1.65,1.62,1.61,1.61,1.61,1.61,1.61,1.60,1.60,3.95,3.94,3.94,3.94,3.94,3.94,3.95,3.95,3.95,3.95,95.03,0.00,1.00,1.00,1.00,1.00,0.00,-1.00,0,None,0,aggregation
160,255.54,remora4,remora6,11.40,11.40,12.64,12.64,-11.55,-11.55,-11.22,-11.22,10.24,10.24,2.49,2.49,4.06,4.06,4.15,4.15,4.48,4.48,1.03,1.03,1.60,1.59,1.59,1.59,1.59,1.59,1.59,1.59,1.58,1.58,3.95,3.95,3.95,3.95,3.95,3.95,3.95,3.95,3.95,3.95,90.87,0.00,1.00,1.00,1.00,1.00,0.00,-1.00,0,None,0,aggregation
160,256.54,remora4,remora6,9.61,9.61,11.19,11.19,12.48,12.48,-11.77,-11.77,12.96,12.96,0.25,0.25,2.23,2.23,3.85,3.85,3.93,3.93,4.46,4.46,1.58,1.58,1.57,1.57,1.57,1.57,1.56,1.56,1.56,1.56,3.96,3.96,3.95,3.95,3.95,3.94,3.94,3.94,3.93,3.93,88.55,0.00,1.00,1.00,1.00,1.00,0.00,-1.00,0,None,0,aggregation
160,257.54,remora4,remora6,12.29,12.29,-11.79,-11.79,-11.54,-11.54,10.24,10.24,9.59,9.59,3.62,3.62,3.91,3.91,4.16,4.16,1.03,1.03,0.22,0.22,1.56,1.55,1.55,1.55,1.55,1.55,1.55,1.55,1.55,1.54,3.93,3.92,3.92,3.92,3.92,3.92,3.92,3.92,3.91,3.91,77.46,0.00,1.00,1.00,0.00,0.00,0.00,-1.00,0,None,0,aggregation
160,258.54,remora4,remora6,11.04,11.04,-11.48,-11.48,-11.31,-11.31,9.10,9.10,8.41,8.41,2.04,2.04,4.21,4.21,4.39,4.39,-0.40,-0.40,-1.26,-1.26,1.54,1.54,1.54,1.54,1.54,1.54,1.54,1.53,1.53,1.53,3.91,3.90,3.90,3.90,3.90,3.90,3.90,3.90,3.90,3.89,72.46,0.00,1.00,1.00,0.00,0.00,0.00,-1.00,0,None,0,aggregation
160,259.54,remora4,remora6,9.97,9.97,11.35,11.35,12.94,12.94,-12.28,-12.28,-12.10,-12.10,0.70,0.70,2.43,2.43,4.44,4.44,3.42,3.42,3.60,3.60,1.53,1.53,1.52,1.52,1.52,1.52,1.52,1.52,1.52,1.52,3.89,3.89,3.89,3.88,3.88,3.88,3.88,3.87,3.87,3.87,64.61,0.00,1.00,1.00,0.00,0.00,0.00,-1.00,0,None,0,aggregation
160,260.54,remora4,remora6,11.15,11.15,10.78,10.78,12.08,12.08,-12.08,-12.08,-11.69,-11.69,2.18,2.18,1.71,1.71,3.34,3.34,3.62,3.62,4.01,4.01,1.52,1.51,1.51,1.51,1.51,1.50,1.50,1.50,1.50,1.50,3.87,3.87,3.87,3.86,3.86,3.85,3.85,3.85,3.84,3.84,64.47,0.00,1.00,1.00,0.00,0.00,0.00,-1.00,0,None,0,aggregation
160,261.54,remora4,remora6,9.92,9.92,9.07,9.07,10.84,10.84,12.28,12.28,-12.24,-12.24,0.63,0.63,-0.43,-0.43,1.78,1.78,3.59,3.59,3.46,3.46,1.50,1.50,1.50,1.50,1.49,1.49,1.49,1.49,1.49,1.49,3.84,3.84,3.83,3.83,3.82,3.82,3.81,3.81,3.81,3.80,59.74,1.00,1.00,1.00,0.00,0.00,0.00,-1.00,0,None,0,aggregation
160,262.54,remora4,remora6,-11.93,-11.93,10.34,10.34,9.73,9.73,11.12,11.12,12.78,12.78,3.77,3.77,1.16,1.16,0.40,0.40,2.14,2.14,4.24,4.24,1.49,1.49,1.48,1.48,1.48,1.48,1.48,1.48,1.47,1.47,3.80,3.79,3.79,3.78,3.78,3.77,3.76,3.76,3.76,3.75,56.13,1.00,1.00,1.00,0.00,0.00,0.00,-1.00,0,None,0,aggregation
160,263.54,remora4,remora6,-12.45,-12.45,-12.14,-12.14,10.45,10.45,9.05,9.05,10.35,10.35,3.25,3.25,3.56,3.56,1.29,1.29,-0.46,-0.46,1.17,1.17,1.47,1.47,1.47,1.47,1.47,1.47,1.46,1.46,1.46,1.46,3.75,3.74,3.74,3.74,3.74,3.74,4.99,4.98,4.98,4.97,55.27,1.00,1.00,1.00,0.00,0.00,0.00,-1.00,0,None,0,aggregation
160,264.54,remora4,remora6,11.73,11.73,-12.46,-12.46,11.93,11.93,11.30,11.30,-12.51,-12.51,2.91,2.91,3.24,3.24,3.16,3.16,2.36,2.36,3.19,3.19,1.46,1.46,1.46,1.46,1.45,1.45,1.45,1.45,1.45,1.45,4.97,4.96,4.96,4.95,4.94,4.93,4.93,4.92,4.91,4.90,56.09,1.00,1.00,1.00,0.00,0.00,0.00,-1.00,0,None,0,aggregation
160,265.54,remora4,remora6,-12.14,-12.14,8.07,8.07,7.51,7.51,9.12,9.12,10.23,10.23,3.56,3.56,-1.68,-1.68,-2.39,-2.39,-0.37,-0.37,1.02,1.02,1.45,1.45,1.45,1.44,1.44,1.44,1.44,1.44,1.44,1.44,4.90,4.89,4.88,4.87,4.86,4.85,4.84,4.84,4.83,4.82,54.50,1.00,0.00,1.00,0.00,0.00,0.00,-1.00,0,None,0,aggregation
160,266.54,remora4,remora6,11.90,11.90,-13.26,-13.26,-13.10,-13.10,9.97,9.97,9.90,9.90,3.12,3.12,2.44,2.44,2.60,2.60,0.70,0.70,0.60,0.60,1.44,1.44,1.44,1.44,1.43,1.43,1.43,1.43,1.43,1.43,4.81,4.80,4.79,4.78,4.77,4.76,4.75,4.74,4.73,4.72,53.76,1.00,0.00,1.00,0.00,0.00,0.00,-1.00,0,None,0,aggregation
160,267.54,remora4,remora6,11.09,11.09,-13.19,-13.19,-12.90,-12.90,9.05,9.05,8.51,8.51,2.10,2.10,2.51,2.51,2.80,2.80,-0.46,-0.46,-1.14,-1.14,1.43,1.43,1.43,1.43,1.42,1.42,1.42,1.42,1.42,1.42,4.71,4.70,4.69,4.68,4.67,4.66,4.65,4.64,4.63,4.62,53.53,1.00,0.00,1.00,0.00,0.00,0.00,-1.00,0,None,0,aggregation
160,268.54,remora4,remora6,9.96,9.96,11.43,11.43,13.09,13.09,-13.84,-13.84,-13.62,-13.62,0.68,0.68,2.53,2.53,4.63,4.63,1.86,1.86,2.08,2.08,1.42,1.42,1.42,1.42,1.42,1.42,1.42,1.42,1.41,1.41,4.61,4.60,4.59,4.58,4.57,4.56,4.56,4.55,4.54,4.53,55.80,1.00,0.00,1.00,0.00,0.00,0.00,-1.00,0,None,0,aggregation
160,269.54,remora4,remora6,11.06,11.06,10.64,10.64,-13.19,-13.19,-12.97,-12.97,8.38,8.38,2.06,2.06,1.54,1.54,2.51,2.51,2.73,2.73,-1.29,-1.29,1.41,1.41,1.41,1.41,1.41,1.41,1.40,1.40,1.40,1.40,4.52,4.51,4.50,4.50,4.49,4.48,4.47,4.46,4.46,4.45,55.22,1.00,0.00,1.00,0.00,0.00,0.00,-1.00,0,None,0,aggregation
160,270.54,remora4,remora6,8.06,8.06,9.52,9.52,11.10,11.10,12.27,12.27,-14.07,-14.07,-1.69,-1.69,0.14,0.14,2.11,2.11,3.59,3.59,1.63,1.63,1.40,1.40,1.40,1.40,1.40,1.40,1.40,1.40,1.40,1.40,4.44,4.44,4.43,4.43,4.43,4.42,4.42,4.41,4.41,4.40,55.23,1.00,0.00,1.00,0.00,0.00,0.00,-1.00,0,None,0,aggregation
160,271.54,remora4,remora6,-13.91,-13.91,10.00,10.00,8.95,8.95,10.32,10.32,-13.88,-13.88,1.78,1.78,0.73,0.73,-0.58,-0.58,1.13,1.13,1.81,1.81,1.40,1.39,1.39,1.39,1.39,1.39,1.39,1.39,1.39,1.39,4.40,4.58,4.57,4.55,4.54,4.53,4.52,4.51,4.50,4.49,55.06,1.00,0.00,1.00,0.00,0.00,0.00,-1.00,0,None,0,aggregation
160,272.54,remora4,remora6,-13.93,-13.93,8.75,8.75,7.55,7.55,8.93,8.93,10.42,10.42,1.77,1.77,-0.84,-0.84,-2.33,-2.33,-0.61,-0.61,1.26,1.26,1.39,1.38,1.38,1.38,1.38,1.38,1.38,1.38,1.38,1.38,4.49,4.48,4.47,4.46,4.45,4.44,4.43,4.42,4.41,4.40,53.58,1.00,0.00,1.00,0.00,0.00,0.00,-1.00,0,None,0,aggregation
160,273.54,remora4,remora6,11.58,11.58,-14.85,-14.85,-14.61,-14.61,8.55,8.55,7.95,7.95,2.71,2.71,0.85,0.85,1.09,1.09,-1.08,-1.08,-1.83,-1.83,1.38,1.38,1.38,1.38,1.38,1.37,1.37,1.37,1.37,1.37,4.40,4.39,4.38,4.37,4.36,4.36,4.35,4.34,4.33,4.33,54.16,1.00,0.00,1.00,0.00,0.00,0.00,-1.00,0,None,0,aggregation
160,274.54,remora4,remora6,9.18,9.18,10.58,10.58,11.66,11.66,-15.49,-15.49,-15.32,-15.32,-0.30,-0.30,1.46,1.46,2.82,2.82,0.21,0.21,0.38,0.38,1.37,1.37,1.37,1.37,1.38,1.38,1.38,1.38,1.37,1.37,4.32,4.31,4.31,4.30,4.29,4.29,4.28,4.28,4.27,4.26,54.53,1.00,0.00,1.00,0.00,0.00,0.00,-1.00,0,None,0,aggregation
160,275.54,remora4,remora6,9.06,9.06,8.14,8.14,9.40,9.40,10.80,10.80,-15.76,-15.76,-0.45,-0.45,-1.59,-1.59,-0.02,-0.02,1.74,1.74,-0.06,-0.06,1.36,1.36,1.36,1.36,1.37,1.37,1.37,1.37,1.37,1.37,4.25,4.25,4.24,4.24,4.23,4.23,4.23,4.22,4.22,4.21,55.81,1.00,0.00,1.00,0.00,0.00,0.00,-1.00,0,None,0,aggregation
160,276.54,remora4,remora6,-15.74,-15.74,8.76,8.76,8.37,8.37,9.85,9.85,11.38,11.38,-0.04,-0.04,-0.82,-0.82,-1.30,-1.30,0.54,0.54,2.47,2.47,1.36,1.36,1.36,1.36,1.36,1.36,1.36,1.36,1.36,1.37,4.20,4.20,4.19,4.19,4.18,4.18,4.18,4.17,4.17,4.17,55.56,1.00,0.00,1.00,0.00,0.00,0.00,-1.00,0,None,0,aggregation
160,277.54,remora4,remora6,-16.19,-16.19,12.44,12.44,12.03,12.03,-16.26,-16.26,-16.15,-16.15,-0.49,-0.49,3.81,3.81,3.29,3.29,-0.56,-0.56,-0.45,-0.45,1.36,1.36,1.36,1.36,1.36,1.37,1.37,1.36,1.36,1.35,4.17,4.16,4.16,4.16,4.16,4.16,4.15,4.15,4.14,4.14,58.74,1.00,0.00,1.00,1.00,1.00,0.00,-1.00,0,None,0,aggregation
160,278.54,remora4,remora6,10.44,10.44,9.93,9.93,11.70,11.70,-16.16,-16.16,-15.97,-15.97,1.29,1.29,0.65,0.65,2.87,2.87,-0.46,-0.46,-0.27,-0.27,1.35,1.35,1.35,1.35,1.36,1.36,1.36,1.35,1.35,1.34,4.13,4.13,4.13,4.13,4.13,4.13,4.13,4.12,4.12,4.11,59.13,1.00,0.00,1.00,1.00,1.00,0.00,-1.00,0,None,0,aggregation
160,279.54,remora4,remora6,9.65,9.65,8.91,8.91,10.58,10.58,12.19,12.19,-16.26,-16.26,0.29,0.29,-0.63,-0.63,1.46,1.46,3.49,3.49,-0.57,-0.57,1.34,1.34,1.34,1.34,1.34,1.34,1.35,1.35,1.35,1.35,4.11,4.11,4.11,4.10,4.10,3.53,3.53,3.52,3.52,3.51,60.07,1.00,0.00,1.00,1.00,1.00,0.00,-1.00,0,None,0,aggregation
160,280.54,remora4,remora6,-16.07,-16.07,10.31,10.31,9.56,9.56,11.17,11.17,12.87,12.87,-0.37,-0.37,1.12,1.12,0.19,0.19,2.20,2.20,4.34,4.34,1.34,1.33,1.33,1.33,1.33,1.33,1.34,1.34,1.34,1.35,3.50,3.49,3.49,3.48,3.47,3.47,3.46,3.46,3.46,3.46,61.13,1.00,0.00,1.00,0.00,0.00,0.00,-1.00,0,None,0,aggregation
160,281.54,remora4,remora6,-16.35,-16.35,-16.28,-16.28,11.54,11.54,10.54,10.54,12.02,12.02,-0.65,-0.65,-0.58,-0.58,2.67,2.67,1.41,1.41,3.27,3.27,1.35,1.34,1.34,1.33,1.33,1.33,1.33,1.33,1.34,1.34,3.46,3.45,3.44,3.43,3.42,3.42,3.41,3.40,3.40,3.39,63.19,1.00,0.00,1.00,1.00,1.00,0.00,-1.00,0,None,0,aggregation
160,282.54,remora4,remora6,-16.14,-16.14,12.73,12.73,12.11,12.11,-16.11,-16.11,-16.00,-16.00,-0.44,-0.44,4.16,4.16,3.38,3.38,-0.41,-0.41,-0.30,-0.30,1.34,1.33,1.33,1.33,1.34,1.34,1.34,1.34,1.33,1.32,3.39,3.38,3.37,3.38,3.38,3.39,3.39,3.38,3.37,3.37,66.84,1.00,0.00,1.00,1.00,1.00,0.00,-1.00,0,None,0,aggregation
160,283.54,remora4,remora6,10.89,10.89,10.24,10.24,11.90,11.90,-15.99,-15.99,12.82,12.82,1.85,1.85,1.03,1.03,3.12,3.12,-0.29,-0.29,4.28,4.28,1.32,1.32,1.32,1.33,1.33,1.33,1.33,1.33,1.32,1.33,3.36,3.36,3.35,3.35,3.34,3.34,3.34,3.33,3.33,3.32,68.54,1.00,0.00,1.00,1.00,1.00,0.00,-1.00,0,None,0,aggregation
160,284.54,remora4,remora6,12.49,12.49,-16.05,-16.05,-15.84,-15.84,10.39,10.39,9.74,9.74,3.86,3.86,-0.35,-0.35,-0.15,-0.15,1.23,1.23,0.41,0.41,1.33,1.34,1.34,1.33,1.32,1.32,1.31,1.32,1.32,1.32,3.32,3.32,3.32,3.31,3.31,3.30,3.30,3.30,3.30,3.30,69.03,1.00,0.00,1.00,1.00,1.00,0.00,-1.00,0,None,0,aggregation
160,285.54,remora4,remora6,11.50,11.50,13.10,13.10,-16.08,-16.08,-15.92,-15.92,12.37,12.37,2.62,2.62,4.63,4.63,-0.38,-0.38,-0.22,-0.22,3.71,3.71,1.32,1.32,1.33,1.33,1.33,1.33,1.32,1.32,1.31,1.31,3.30,3.30,3.31,3.31,3.31,3.31,3.31,3.31,3.31,3.32,71.79,1.00,0.00,1.00,1.00,1.00,0.00,-1.00,0,None,0,aggregation
160,286.54,remora4,remora6,11.67,11.67,13.31,13.31,-15.73,-15.55,-15.55,-15.55,12.31,12.31,2.83,2.83,4.90,4.90,-0.03,0.15,0.15,0.15,3.64,3.64,1.32,1.32,1.32,1.33,1.33,1.32,1.32,1.31,1.31,1.31,3.32,3.32,3.33,3.33,3.34,3.34,3.34,3.34,3.35,3.35,74.26,1.00,0.00,1.00,1.00,1.00,0.00,-1.00,0,None,0,aggregation
160,287.54,remora4,remora6,12.61,12.61,-15.18,-15.18,-14.99,-14.99,11.64,11.64,11.24,11.24,4.01,4.01,0.52,0.52,0.71,0.71,2.79,2.79,2.29,2.29,1.31,1.32,1.32,1.31,1.31,1.30,1.30,1.30,1.30,1.30,3.36,3.37,3.37,3.37,3.38,3.38,3.38,3.39,3.40,3.40,73.44,1.00,0.00,1.00,1.00,1.00,0.00,-1.00,0,None,0,aggregation
160,288.54,remora4,remora6,13.32,13.32,15.01,15.01,-15.25,-15.25,-15.00,-15.00,14.12,14.12,4.91,4.91,7.05,7.05,0.45,0.45,0.70,0.70,5.92,5.92,1.31,1.31,1.31,1.32,1.32,1.32,1.31,1.31,1.30,1.31,3.41,3.42,3.43,3.43,3.44,3.44,3.45,3.45,2.77,2.78,75.41,1.00,0.00,1.00,1.00,1.00,0.00,-1.00,0,None,0,aggregation
160,289.54,remora4,remora6,14.01,14.01,-14.50,-14.50,-14.28,-14.28,13.25,13.25,13.10,13.10,5.78,5.78,1.20,1.20,1.42,1.42,4.83,4.83,4.63,4.63,1.31,1.31,1.31,1.31,1.31,1.30,1.30,1.30,1.30,1.31,2.79,2.81,2.82,2.83,2.85,2.86,2.87,2.88,2.89,2.91,77.31,1.00,0.00,1.00,1.00,1.00,0.00,-1.00,0,None,0,aggregation
160,290.54,remora4,remora6,-13.75,-13.75,-13.58,-13.58,12.53,12.53,12.13,12.13,13.92,13.92,1.95,1.95,2.11,2.11,3.91,3.91,3.41,3.41,5.67,5.67,1.31,1.30,1.30,1.30,1.29,1.30,1.30,1.30,1.30,1.30,2.92,2.93,2.94,2.96,2.97,2.98,2.99,2.99,3.00,3.01,77.98,1.00,0.00,1.00,1.00,1.00,0.00,-1.00,0,None,0,aggregation
160,291.54,remora4,remora6,-13.36,-13.36,-12.99,-12.99,12.34,12.34,12.38,12.38,-12.56,-12.56,2.33,2.33,2.70,2.70,3.67,3.67,3.73,3.73,3.14,3.14,1.30,1.30,1.30,1.29,1.29,1.29,1.30,1.30,1.30,1.29,3.01,3.02,3.02,3.02,3.02,3.02,3.56,3.55,3.55,3.55,76.73,1.00,0.00,1.00,1.00,1.00,0.00,-1.00,0,None,0,aggregation
160,292.54,remora4,remora6,13.39,13.39,-12.22,-12.22,12.35,12.35,12.05,12.05,-12.14,-12.14,5.01,5.01,3.48,3.48,3.69,3.69,3.31,3.31,3.55,3.55,1.29,1.30,1.30,1.29,1.29,1.29,1.29,1.30,1.30,1.29,3.54,3.54,3.54,3.53,3.53,3.53,3.52,3.52,3.52,3.51,75.27,1.00,0.00,1.00,1.00,1.00,0.00,-1.00,0,None,0,aggregation
160,293.54,remora4,remora6,-11.82,-11.82,10.53,10.53,9.72,9.72,11.61,11.61,13.29,13.29,3.87,3.87,1.39,1.39,0.39,0.39,2.76,2.76,4.88,4.88,1.29,1.29,1.29,1.29,1.29,1.29,1.29,1.29,1.29,1.29,3.51,3.51,3.50,3.50,3.50,3.49,3.49,3.49,3.48,3.48,74.28,1.00,0.00,1.00,0.00,0.00,0.00,-1.00,0,None,0,aggregation
160,294.54,remora4,remora6,-12.17,-12.17,-11.77,-11.77,11.67,11.67,11.29,11.29,12.99,12.99,3.53,3.53,3.92,3.92,2.83,2.83,2.35,2.35,4.49,4.49,1.29,1.29,1.29,1.29,1.29,1.29,1.29,1.29,1.30,1.33,3.48,3.47,3.47,3.47,3.46,3.46,3.45,3.45,3.45,3.45,73.43,1.00,0.00,1.00,1.00,1.00,0.00,-1.00,0,None,0,aggregation
160,295.54,remora4,remora6,-11.64,-11.64,-11.24,-11.24,10.71,10.71,10.26,10.26,11.96,11.96,4.06,4.06,4.46,4.46,1.63,1.63,1.06,1.06,3.20,3.20,1.35,1.38,1.41,1.43,1.46,1.49,1.51,1.54,1.57,1.59,3.46,3.46,3.47,3.47,3.48,3.48,3.48,3.49,3.49,3.49,70.70,1.00,0.00,1.00,1.00,1.00,0.00,-1.00,0,None,0,aggregation
160,296.54,remora4,remora6,13.68,13.68,-11.72,-11.72,-11.46,-11.46,12.29,12.29,11.71,11.71,5.37,5.37,3.98,3.98,4.24,4.24,3.61,3.61,2.89,2.89,1.62,1.65,1.67,1.69,1.71,1.73,1.75,1.76,1.78,1.80,3.50,3.50,3.50,3.50,3.50,3.50,3.50,3.50,3.50,3.50,69.18,0.00,1.00,1.00,1.00,1.00,0.00,-1.00,0,None,0,aggregation
160,297.54,remora4,remora6,13.34,13.34,-11.24,-11.24,-11.11,-11.11,12.67,12.67,12.79,12.79,4.93,4.93,4.46,4.46,4.59,4.59,4.10,4.10,4.24,4.24,1.81,1.83,1.84,1.85,1.86,1.86,1.87,1.87,1.88,1.88,3.50,3.49,3.49,3.49,3.48,3.48,3.47,3.46,3.46,3.45,68.37,0.00,1.00,1.00,1.00,1.00,0.00,-1.00,0,None,0,aggregation
160,298.54,remora4,remora6,14.32,14.32,-11.16,-11.16,-10.82,-10.82,12.62,12.62,11.88,11.88,6.18,6.18,4.54,4.54,4.88,4.88,4.03,4.03,3.10,3.10,1.89,1.89,1.89,1.89,1.89,1.89,1.88,1.88,1.88,1.87,3.43,3.42,3.41,3.40,3.40,3.39,3.38,3.37,3.36,3.35,65.89,0.00,1.00,1.00,1.00,1.00,0.00,-1.00,0,None,0,aggregation
160,299.54,remora4,remora6,13.45,13.45,14.90,14.90,-11.08,-11.08,-10.80,-10.80,-9.83,-9.83,5.07,5.07,6.91,6.91,4.62,4.62,4.90,4.90,5.87,5.87,1.87,1.87,1.86,1.86,1.85,1.85,1.84,1.83,1.83,1.82,3.34,3.33,3.32,3.30,3.29,3.28,3.27,3.26,3.25,3.24,63.38,0.00,1.00,1.00,1.00,1.00,0.00,-1.00,0,None,0,aggregation
160,300.54,remora4,remora6,10.07,10.07,9.62,9.62,11.00,11.00,12.32,12.32,13.42,13.42,0.82,0.82,0.26,0.26,1.99,1.99,3.64,3.64,5.04,5.04,1.81,1.81,1.80,1.80,1.79,1.79,1.79,1.78,1.78,1.78,3.23,3.22,3.20,3.19,3.17,3.15,3.14,3.12,3.11,3.10,62.71,0.00,1.00,1.00,0.00,0.00,0.00,-1.00,0,None,0,aggregation
160,301.54,remora4,remora6,14.65,14.65,-11.41,-11.41,-11.14,-11.14,12.23,12.23,11.83,11.83,6.59,6.59,4.29,4.29,4.56,4.56,3.54,3.54,3.03,3.03,1.78,1.78,1.78,1.78,1.78,1.78,1.78,1.78,1.78,1.79,3.09,3.08,3.07,3.06,3.05,3.04,3.02,3.01,3.00,2.99,62.99,0.00,1.00,1.00,1.00,1.00,0.00,-1.00,0,None,0,aggregation
160,302.54,remora4,remora6,-10.69,-10.69,11.92,11.92,11.16,11.16,-10.74,-10.74,-10.48,-10.48,5.00,5.00,3.15,3.15,2.19,2.19,4.96,4.96,5.21,5.21,1.79,1.79,1.80,1.80,1.81,1.82,1.82,1.83,1.84,1.85,2.98,2.97,2.95,2.94,2.93,2.92,2.91,2.90,2.90,2.89,60.79,0.00,1.00,1.00,1.00,1.00,0.00,-1.00,0,None,0,aggregation
160,303.54,remora4,remora6,8.77,8.77,8.18,8.18,9.69,9.69,11.12,11.12,12.57,12.57,-0.80,-0.80,-1.55,-1.55,0.34,0.34,2.14,2.14,3.97,3.97,1.86,1.87,1.88,1.89,1.90,1.92,1.93,1.94,1.96,1.97,2.89,2.88,2.87,2.86,2.85,2.84,2.83,2.83,2.82,2.81,59.98,0.00,1.00,1.00,0.00,0.00,0.00,-1.00,0,None,0,aggregation
160,304.54,remora4,remora6,-11.65,-11.65,-11.33,-11.33,10.26,10.26,9.61,9.61,11.08,11.08,4.05,4.05,4.37,4.37,1.06,1.06,0.24,0.24,2.09,2.09,1.99,2.00,2.02,2.04,2.05,2.03,2.01,1.98,1.96,1.94,2.80,2.80,2.79,2.79,2.79,2.78,2.77,2.77,2.76,2.75,58.66,0.00,1.00,1.00,0.00,0.00,0.00,-1.00,0,None,0,aggregation
160,305.54,remora4,remora6,12.47,12.47,-11.79,-11.79,-11.40,-11.40,10.39,10.39,9.95,9.95,3.84,3.84,3.90,3.90,4.30,4.30,1.22,1.22,0.67,0.67,1.91,1.89,1.86,1.83,1.80,1.77,1.74,1.71,1.69,1.66,2.75,2.75,2.74,2.74,2.74,2.74,2.73,2.73,2.72,2.72,58.70,0.00,1.00,1.00,0.00,0.00,0.00,-1.00,0,None,0,aggregation
160,306.54,remora4,remora6,11.47,11.47,12.85,12.85,-11.92,-11.92,-11.60,-11.60,10.86,10.86,2.57,2.57,4.31,4.31,3.78,3.78,4.10,4.10,1.82,1.82,1.65,1.66,1.66,1.67,1.67,1.67,1.66,1.66,1.66,1.66,2.71,2.72,2.72,2.73,2.73,2.74,2.75,2.76,2.76,2.77,58.20,0.00,1.00,1.00,0.00,0.00,0.00,-1.00,0,None,0,aggregation
160,307.54,remora4,remora6,10.78,10.78,12.30,12.30,-11.65,-11.65,12.85,12.85,11.93,11.93,1.71,1.71,3.63,3.63,4.05,4.05,4.31,4.31,3.16,3.16,1.66,1.67,1.67,1.68,1.68,1.68,1.68,1.68,1.69,1.69,2.77,2.78,2.78,2.79,2.79,2.80,2.80,2.81,2.82,2.83,58.49,0.00,1.00,1.00,0.00,0.00,0.00,-1.00,0,None,0,aggregation
160,308.54,remora4,remora6,-11.45,-11.45,-11.13,-11.13,10.05,10.05,9.10,9.10,10.70,10.70,4.24,4.24,4.57,4.57,0.80,0.80,-0.39,-0.39,1.62,1.62,1.69,1.69,1.69,1.68,1.68,1.68,1.69,1.69,1.69,1.70,2.84,2.84,2.85,2.85,2.86,2.86,2.87,2.88,2.89,2.89,56.59,0.00,1.00,1.00,0.00,0.00,0.00,-1.00,0,None,0,aggregation
160,309.54,remora4,remora6,12.33,12.33,13.90,13.90,-11.97,-11.97,-11.78,-11.78,-10.84,-10.84,3.66,3.66,5.65,5.65,3.73,3.73,3.92,3.92,4.86,4.86,1.70,1.71,1.72,1.72,1.73,1.73,1.72,1.72,1.71,1.71,2.90,2.90,2.91,2.92,2.92,2.93,2.94,2.95,2.96,2.96,56.68,0.00,1.00,1.00,0.00,0.00,0.00,-1.00,0,None,0,aggregation
160,310.54,remora4,remora6,9.99,9.99,9.42,9.42,11.30,11.30,12.73,12.73,14.38,14.38,0.71,0.71,0.01,0.01,2.37,2.37,4.16,4.16,6.25,6.25,1.71,1.71,1.71,1.72,1.72,1.73,1.73,1.74,1.75,1.75,2.97,2.97,2.98,2.99,3.00,3.00,3.01,3.02,3.02,3.03,57.00,0.00,1.00,1.00,0.00,0.00,0.00,-1.00,0,None,0,aggregation
160,311.54,remora4,remora6,-11.72,-11.72,-11.46,-11.46,12.62,12.62,12.09,12.09,13.63,13.63,3.97,3.97,4.24,4.24,4.03,4.03,3.36,3.36,5.31,5.31,1.76,1.76,1.75,1.75,1.75,1.75,1.76,1.76,1.77,1.78,3.04,3.04,3.05,3.05,3.06,3.07,3.08,3.09,3.09,3.10,57.04,0.00,1.00,1.00,1.00,1.00,0.00,-1.00,0,None,0,aggregation
160,312.54,remora4,remora6,-11.30,-11.30,-11.03,-11.03,12.12,12.12,11.77,11.77,13.27,13.27,4.40,4.40,4.66,4.66,3.40,3.40,2.96,2.96,4.85,4.85,1.78,1.78,1.78,1.77,1.77,1.78,1.78,1.79,1.80,1.80,3.10,3.11,3.12,3.13,3.14,3.14,3.15,3.16,3.16,3.17,58.69,0.00,1.00,1.00,1.00,1.00,0.00,-1.00,0,None,0,aggregation
160,313.54,remora4,remora6,-10.89,-10.89,13.67,13.67,13.30,13.30,-10.80,-10.80,-10.53,-10.53,4.81,4.81,5.36,5.36,4.89,4.89,4.90,4.90,5.16,5.16,1.80,1.80,1.80,1.81,1.82,1.82,1.83,1.82,1.82,1.82,3.18,3.18,3.19,3.19,3.20,3.20,3.21,3.22,3.23,3.24,58.70,0.00,1.00,1.00,1.00,1.00,0.00,-1.00,0,None,0,aggregation
160,314.54,remora4,remora6,11.80,11.80,11.68,11.68,12.98,12.98,14.60,14.60,-10.90,-10.90,3.00,3.00,2.85,2.85,4.48,4.48,6.53,6.53,4.79,4.79,1.82,1.82,1.83,1.83,1.84,1.85,1.85,1.86,1.87,1.86,3.25,3.26,3.26,3.27,3.27,3.28,3.29,3.29,3.30,3.30,61.21,0.00,1.00,1.00,1.00,1.00,0.00,-1.00,0,None,0,aggregation
160,315.54,remora4,remora6,-10.55,-10.55,12.49,12.49,11.43,11.43,13.16,13.16,14.23,14.23,5.15,5.15,3.86,3.86,2.53,2.53,4.71,4.71,6.06,6.06,1.86,1.86,1.86,1.86,1.87,1.87,1.88,1.89,1.89,1.90,3.31,3.31,3.32,3.33,3.34,3.35,3.35,3.36,3.36,3.37,63.25,0.00,1.00,1.00,0.00,0.00,0.00,-1.00,0,None,0,aggregation
160,316.54,remora4,remora6,-10.77,-10.77,-10.34,-10.34,12.27,12.27,11.49,11.49,13.22,13.22,4.93,4.93,5.35,5.35,3.59,3.59,2.61,2.61,4.78,4.78,1.90,1.90,1.90,1.90,1.90,1.90,1.91,1.91,1.92,1.93,3.38,3.38,3.39,3.39,3.40,3.41,3.41,3.42,3.43,3.44,63.18,0.00,1.00,1.00,1.00,1.00,0.00,-1.00,0,None,0,aggregation
160,317.54,remora4,remora6,14.53,14.53,-10.79,-10.79,-10.51,-10.51,12.20,12.20,11.91,11.91,6.45,6.45,4.91,4.91,5.19,5.19,3.50,3.50,3.13,3.13,1.93,1.94,1.95,1.94,1.94,1.94,1.94,1.95,1.95,1.96,3.44,3.45,3.45,3.46,3.46,3.47,3.48,3.49,3.50,3.50,62.64,0.00,1.00,1.00,1.00,1.00,0.00,-1.00,0,None,0,aggregation
160,318.54,remora4,remora6,13.09,13.09,14.08,14.08,-11.03,-11.03,-10.69,-10.69,11.00,11.00,4.62,4.62,5.87,5.87,4.67,4.67,5.01,5.01,1.98,1.98,1.96,1.97,1.98,1.99,1.99,1.99,1.99,1.98,1.98,1.99,3.51,3.51,3.52,3.52,3.53,3.53,3.54,3.55,3.56,3.56,64.34,0.00,1.00,1.00,1.00,1.00,0.00,-1.00,0,None,0,aggregation
160,319.54,remora4,remora6,10.51,10.51,11.75,11.75,12.41,12.41,-11.05,-11.05,-10.87,-10.87,1.37,1.37,2.93,2.93,3.77,3.77,4.65,4.65,4.83,4.83,1.99,2.00,2.00,2.01,2.01,2.02,2.02,2.02,2.02,2.02,3.57,3.58,3.58,3.59,3.59,3.60,3.60,3.61,3.61,3.62,64.10,0.00,1.00,1.00,1.00,1.00,0.00,-1.00,0,None,0,aggregation
160,320.54,remora4,remora6,10.02,10.02,9.97,9.97,10.92,10.92,12.06,12.06,-11.51,-11.51,0.75,0.75,0.70,0.70,1.88,1.88,3.33,3.33,4.19,4.19,2.02,2.02,2.02,2.03,2.03,2.04,2.05,2.05,2.06,2.05,3.63,3.64,3.64,3.65,3.65,3.66,3.67,3.68,3.69,3.69,62.66,0.00,1.00,1.00,1.00,1.00,0.00,-1.00,0,None,0,aggregation
160,321.54,remora4,remora6,-11.26,-11.26,10.05,10.05,9.40,9.40,10.70,10.70,12.16,12.16,4.44,4.44,0.80,0.80,-0.02,-0.02,1.62,1.62,3.45,3.45,2.05,2.05,2.05,2.05,2.05,2.06,2.06,2.07,2.07,2.08,3.70,3.70,3.70,3.70,3.71,3.71,3.72,3.73,3.74,3.75,61.56,0.00,1.00,1.00,0.00,0.00,0.00,-1.00,0,None,0,aggregation
160,322.54,remora4,remora6,-11.89,-11.89,-11.50,-11.50,9.71,9.71,8.92,8.92,10.31,10.31,3.80,3.80,4.20,4.20,0.37,0.37,-0.63,-0.63,1.12,1.12,2.08,2.08,2.08,2.07,2.07,2.08,2.08,2.08,2.09,2.09,3.76,3.76,3.77,3.78,3.78,3.79,3.79,3.80,3.81,3.81,59.92,0.00,1.00,1.00,0.00,0.00,0.00,-1.00,0,None,0,aggregation
160,323.54,remora4,remora6,11.32,11.32,-12.16,-12.16,12.72,12.72,12.50,12.50,-12.19,-12.19,2.40,2.40,3.54,3.54,4.15,4.15,3.87,3.87,3.51,3.51,2.10,2.10,2.11,2.10,2.10,2.11,2.12,2.12,2.13,2.12,3.82,3.83,3.84,3.85,3.86,3.86,3.87,3.88,3.89,3.89,60.88,0.00,1.00,1.00,0.00,0.00,0.00,-1.00,0,None,0,aggregation
160,324.54,remora4,remora6,-11.95,-11.95,11.62,11.62,11.52,11.52,12.70,12.70,-11.68,-11.68,3.75,3.75,2.77,2.77,2.65,2.65,4.12,4.12,4.02,4.02,2.12,2.12,2.11,2.12,2.12,2.13,2.14,2.15,2.15,2.14,3.90,3.90,3.90,3.90,3.91,3.92,3.93,3.94,3.95,3.96,59.61,0.00,1.00,1.00,0.00,0.00,0.00,-1.00,0,None,0,aggregation
160,325.54,remora4,remora6,-11.35,-11.35,12.04,12.04,11.44,11.44,12.65,12.65,-11.21,-11.21,4.35,4.35,3.29,3.29,2.55,2.55,4.07,4.07,4.49,4.49,2.14,2.14,2.14,2.14,2.15,2.16,2.16,2.17,2.17,2.17,3.97,3.97,3.98,3.99,4.00,4.00,4.01,4.02,4.03,4.04,58.19,0.00,1.00,1.00,0.00,0.00,0.00,-1.00,0,None,0,aggregation
160,326.54,remora4,remora6,13.35,13.35,12.40,12.40,-11.22,-11.22,-11.03,-11.03,9.21,9.21,4.95,4.95,3.76,3.76,4.48,4.48,4.66,4.66,-0.25,-0.25,2.17,2.18,2.19,2.19,2.21,2.23,2.26,2.29,2.31,2.35,4.04,4.05,4.06,4.06,4.08,4.09,4.11,4.13,4.15,4.17,57.97,0.00,1.00,1.00,0.00,0.00,0.00,-1.00,0,None,0,aggregation
160,327.54,remora4,remora6,7.60,7.60,8.46,8.46,8.81,8.81,8.95,8.95,-12.18,-12.18,-2.28,-2.28,-1.20,-1.20,-0.75,-0.75,-0.58,-0.58,3.52,3.52,2.38,2.41,2.44,2.48,2.51,2.54,2.57,2.60,2.63,2.64,4.19,4.20,4.22,4.24,4.25,4.27,4.29,4.31,4.33,4.34,55.44,0.00,1.00,1.00,0.00,0.00,0.00,-1.00,0,None,0,aggregation
160,328.54,remora4,remora6,8.08,8.08,6.52,6.52,7.40,7.40,7.74,7.74,-13.53,-13.53,-1.67,-1.67,-3.63,-3.63,-2.53,-2.53,-2.10,-2.10,2.17,2.17,2.65,2.64,2.63,2.62,2.62,2.61,2.60,2.60,2.61,2.62,4.36,4.38,4.39,4.41,4.42,4.44,4.46,4.47,4.49,4.51,52.29,0.00,1.00,1.00,0.00,0.00,0.00,-1.00,0,None,0,aggregation
160,329.54,remora4,remora6,7.09,7.09,6.12,6.12,6.75,6.75,7.74,7.74,9.07,9.07,-2.91,-2.91,-4.13,-4.13,-3.34,-3.34,-2.10,-2.10,-0.43,-0.43,2.62,2.61,2.61,2.60,2.60,2.59,2.58,2.57,2.57,2.57,4.52,4.53,4.55,4.56,4.57,4.59,4.60,4.61,4.62,4.64,49.16,0.00,1.00,1.00,0.00,0.00,0.00,-1.00,0,None,0,aggregation
160,330.54,remora4,remora6,-15.05,-15.05,9.15,9.15,9.04,9.04,-15.27,-15.27,8.96,8.96,0.65,0.65,-0.33,-0.33,-0.48,-0.48,0.43,0.43,-0.57,-0.57,2.57,2.58,2.58,2.57,2.56,2.56,2.55,2.55,2.55,2.55,4.65,4.66,4.68,4.69,4.70,4.71,4.72,4.73,4.73,4.74,48.97,0.00,1.00,1.00,0.00,0.00,0.00,-1.00,0,None,0,aggregation
160,331.54,remora4,remora6,7.90,7.90,9.03,9.03,-15.72,-15.72,-15.72,9.89,9.11,9.11,-1.90,-1.90,-0.49,-0.49,-0.02,-0.02,-0.02,0.60,-0.38,-0.38,2.54,2.54,2.54,2.54,2.54,2.55,2.55,2.54,2.54,2.53,4.75,4.77,4.78,4.79,4.80,4.81,4.82,4.82,4.84,4.85,48.68,0.00,1.00,1.00,0.00,0.00,0.00,-1.00,0,None,0,aggregation
160,332.54,remora4,remora6,10.42,10.42,-16.02,-16.02,10.64,10.64,9.83,9.83,10.63,10.63,1.26,1.26,-0.33,-0.33,1.54,1.54,0.52,0.52,1.52,1.52,2.52,2.52,2.52,2.52,2.52,2.51,2.50,2.50,2.49,2.49,4.86,4.87,4.88,4.88,4.89,4.90,4.91,4.92,4.93,4.95,50.43,0.00,1.00,1.00,0.00,0.00,0.00,-1.00,0,None,0,aggregation
160,333.54,remora4,remora6,-16.33,-16.33,-16.27,-16.27,9.26,9.26,8.94,8.94,9.87,9.87,-0.63,-0.63,-0.58,-0.58,-0.19,-0.19,-0.60,-0.60,0.57,0.57,2.49,2.49,2.50,2.50,2.50,2.49,2.49,2.49,2.48,2.48,4.96,4.97,4.98,4.99,5.00,5.01,5.02,5.04,5.05,5.07,50.17,0.00,1.00,1.00,0.00,0.00,0.00,-1.00,0,None,0,aggregation
160,334.54,remora4,remora6,11.01,11.01,-16.65,-16.65,-16.49,-16.49,6.87,6.87,5.72,5.72,2.00,2.00,-0.95,-0.95,-0.79,-0.79,-3.19,-3.19,-4.63,-4.63,2.47,2.47,2.46,2.46,2.47,2.47,2.47,2.47,2.47,2.46,5.08,5.10,5.11,5.12,5.13,5.14,5.16,5.17,5.19,5.20,49.32,0.00,1.00,1.00,0.00,0.00,0.00,-1.00,0,None,0,aggregation
160,335.54,remora4,remora6,6.24,6.24,7.89,7.89,8.66,8.66,9.26,9.26,10.12,10.12,-3.97,-3.97,-1.91,-1.91,-0.94,-0.94,-0.20,-0.20,0.88,0.88,2.46,2.46,2.46,2.46,2.46,2.46,2.46,2.45,2.45,2.44,5.22,5.23,5.25,5.27,5.29,5.31,5.33,5.34,5.36,3.07,46.95,0.00,1.00,1.00,0.00,0.00,0.00,-1.00,0,None,0,aggregation
160,131.54,remora4,remora1,28.12,28.12,28.23,28.23,28.36,28.36,28.15,28.15,28.01,27.78,24.87,24.87,25.05,25.05,25.25,25.25,24.91,24.91,24.69,24.32,4.16,4.16,4.16,4.15,4.13,4.11,4.08,4.06,4.03,4.01,6.03,6.02,6.00,5.99,5.97,5.95,5.93,5.92,5.90,5.88,148.59,0.00,0.00,1.00,0.00,0.00,0.00,-1.00,0,None,1,aggregation
160,132.54,remora4,remora1,27.78,27.78,27.74,27.74,27.28,27.28,27.27,27.27,27.12,27.12,24.32,24.32,24.27,24.27,23.55,23.55,23.53,23.53,23.31,23.31,3.99,3.97,3.95,3.93,3.91,3.90,3.88,3.86,3.84,3.83,5.87,5.85,5.83,5.82,5.80,5.79,5.77,5.76,5.74,5.73,174.20,0.00,0.00,1.00,0.00,0.00,0.00,-1.00,0,None,1,aggregation
160,133.54,remora4,remora1,26.78,26.78,26.63,26.63,26.61,26.61,26.34,26.34,26.14,26.14,22.79,22.79,22.57,22.57,22.55,22.55,22.14,22.14,21.85,21.85,3.81,3.80,3.78,3.77,3.76,3.74,3.73,3.72,3.71,3.70,5.72,5.70,5.69,5.68,5.67,5.65,5.64,5.63,5.62,5.61,198.64,0.00,0.00,1.00,0.00,0.00,0.00,-1.00,0,None,1,aggregation
160,134.54,remora4,remora1,26.24,26.24,26.20,26.20,26.27,26.27,26.42,26.42,26.47,26.47,21.99,21.99,21.94,21.94,22.04,22.04,22.26,22.26,22.33,22.33,3.69,3.68,3.67,3.67,3.66,3.66,3.65,3.65,3.65,3.65,5.60,5.59,5.58,5.57,5.56,5.55,5.54,5.54,5.53,5.52,222.86,0.00,0.00,1.00,0.00,0.00,0.00,-1.00,0,None,1,aggregation
160,135.54,remora4,remora1,26.48,26.48,26.57,26.57,26.46,26.46,26.52,26.52,26.39,26.39,22.35,22.35,22.48,22.48,22.32,22.32,22.41,22.41,22.21,22.21,3.65,3.65,3.65,3.66,3.66,3.66,3.67,3.68,3.69,3.69,5.51,5.51,5.50,5.49,5.49,5.48,5.48,5.47,5.47,5.46,247.28,0.00,0.00,1.00,0.00,0.00,0.00,-1.00,0,None,1,aggregation
160,136.54,remora4,remora1,26.36,26.36,26.45,26.45,26.22,26.22,26.32,26.00,26.00,26.00,22.17,22.17,22.30,22.30,21.97,21.97,22.11,21.64,21.64,21.64,3.70,3.71,3.72,3.74,3.75,3.76,3.77,3.79,3.80,3.81,5.46,5.46,5.46,5.45,5.45,5.45,5.45,5.44,5.44,5.44,255.69,0.00,0.00,1.00,0.00,0.00,0.00,-1.00,0,None,1,aggregation
160,137.54,remora4,remora1,25.96,25.96,25.77,25.77,26.04,26.04,25.29,25.29,25.36,25.36,21.59,21.59,21.32,21.32,21.71,21.71,20.63,20.63,20.74,20.74,3.82,3.84,3.85,3.87,3.88,3.90,3.91,3.93,3.94,3.95,5.44,5.23,5.23,5.23,5.24,5.24,5.24,5.45,5.45,5.45,254.98,0.00,0.00,1.00,0.00,0.00,0.00,-1.00,0,None,1,aggregation
160,138.54,remora4,remora1,24.97,24.97,24.68,24.68,24.33,23.71,23.71,23.71,23.36,23.36,20.18,20.18,19.77,19.77,19.29,18.43,18.43,18.43,17.96,17.96,3.97,3.98,3.99,4.00,4.01,4.02,4.03,4.04,4.05,4.07,5.45,5.45,5.45,5.27,5.28,5.28,5.29,5.29,5.30,5.31,249.64,0.00,0.00,1.00,0.00,0.00,0.00,-1.00,0,None,1,aggregation
160,139.54,remora4,remora1,23.37,23.37,23.11,23.26,23.26,23.26,22.96,22.96,22.71,22.71,17.96,17.96,17.62,17.82,17.82,17.82,17.41,17.41,17.07,17.07,4.08,4.09,4.10,4.11,4.12,4.14,4.15,4.16,4.17,4.19,5.31,5.32,5.32,5.33,5.34,5.34,5.35,5.36,5.36,5.37,242.04,0.00,0.00,1.00,0.00,0.00,0.00,-1.00,0,None,1,aggregation
160,140.54,remora4,remora1,22.74,22.74,22.36,22.36,22.67,22.67,22.56,22.56,22.86,22.86,17.11,17.11,16.60,16.60,17.02,17.02,16.87,16.87,17.27,17.27,4.20,4.21,4.20,4.19,4.18,4.17,4.16,4.15,4.14,4.13,5.38,5.39,5.40,5.41,5.41,5.42,5.43,5.44,5.44,5.45,234.53,0.00,0.00,1.00,0.00,0.00,0.00,-1.00,0,None,1,aggregation
160,141.54,remora4,remora1,23.66,23.66,24.21,24.21,24.94,24.94,25.42,25.42,26.17,26.67,18.37,18.37,19.11,19.11,20.14,20.14,20.82,20.82,21.90,22.64,4.13,4.12,4.11,4.11,4.10,4.09,4.09,4.08,4.08,4.08,5.46,5.46,5.47,5.48,5.48,5.49,5.50,5.51,5.52,5.53,230.53,0.00,0.00,1.00,0.00,0.00,0.00,-1.00,0,None,1,aggregation
160,142.54,remora4,remora1,26.67,26.67,27.19,27.19,27.70,27.70,27.81,27.81,28.24,28.24,22.64,22.64,23.40,23.40,24.19,24.19,24.37,24.37,25.06,25.06,4.07,4.07,4.07,4.07,4.06,4.06,4.06,4.06,4.06,4.07,5.54,5.55,5.56,5.57,5.58,5.59,5.60,5.62,5.63,5.64,230.64,0.00,0.00,1.00,0.00,0.00,0.00,-1.00,0,None,1,aggregation
160,143.54,remora4,remora1,29.08,29.08,29.22,29.22,29.34,29.34,29.74,29.74,30.03,30.03,26.50,26.50,26.77,26.77,26.99,26.99,27.84,27.84,28.60,28.60,4.07,4.07,4.07,4.08,4.08,4.09,4.10,4.11,4.12,4.13,5.65,5.67,5.68,5.69,5.71,5.72,5.74,5.75,5.77,5.79,234.61,0.00,0.00,1.00,0.00,0.00,0.00,-1.00,0,None,1,aggregation
160,144.54,remora4,remora1,30.17,30.17,30.17,30.17,30.11,30.11,29.93,29.93,29.66,29.66,29.20,29.20,29.65,29.65,29.85,29.85,30.06,30.06,30.17,30.17,4.14,4.15,4.16,4.18,4.19,4.21,4.20,4.20,4.20,4.19,5.80,5.82,5.84,5.85,5.87,5.89,5.90,5.92,5.93,5.95,240.29,0.00,0.00,1.00,0.00,0.00,0.00,-1.00,0,None,1,aggregation
160,145.54,remora4,remora1,29.53,29.53,29.12,29.12,28.98,28.98,28.50,28.50,28.41,28.41,30.18,30.18,30.16,30.16,30.13,30.13,29.99,29.99,29.96,29.96,4.19,4.19,4.19,4.19,4.19,4.19,4.20,4.20,4.20,4.21,5.96,5.98,5.99,6.01,6.02,6.04,6.05,6.07,6.08,6.10,245.37,0.00,0.00,1.00,0.00,0.00,0.00,-1.00,0,None,1,aggregation
160,146.54,remora4,remora1,28.11,28.11,28.07,28.07,28.06,28.06,28.01,28.01,27.75,27.75,29.85,29.85,29.83,29.83,29.83,29.83,29.81,29.81,29.70,29.70,4.22,4.22,4.23,4.24,4.25,4.26,4.27,4.29,4.30,4.31,6.12,6.13,6.16,6.18,6.20,6.22,6.24,6.26,6.28,6.30,250.15,0.00,0.00,1.00,0.00,0.00,0.00,-1.00,0,None,1,aggregation
160,147.54,remora4,remora1,27.71,27.71,27.48,27.48,27.68,27.68,27.16,27.16,26.90,26.90,29.68,29.68,29.58,29.58,29.67,29.67,29.42,29.42,29.29,29.29,4.33,4.35,4.36,4.38,4.40,4.42,4.44,4.46,4.48,4.51,6.32,6.34,6.36,6.39,6.41,6.43,6.45,6.48,6.50,6.52,255.17,0.00,0.00,1.00,0.00,0.00,0.00,-1.00,0,None,1,aggregation
160,148.54,remora4,remora1,27.02,27.02,26.30,26.30,26.30,26.30,25.88,25.88,26.01,26.01,29.35,29.35,28.97,28.97,28.96,28.96,28.72,28.72,28.80,28.80,4.53,4.56,4.58,4.61,4.63,4.66,4.69,4.72,4.75,4.78,6.55,6.57,6.60,6.62,6.64,6.67,6.69,6.71,6.74,6.76,261.21,0.00,0.00,1.00,0.00,0.00,0.00,-1.00,0,None,1,aggregation
160,149.54,remora4,remora1,25.10,25.10,25.79,25.79,26.23,26.23,26.43,26.43,26.84,26.84,28.26,28.26,28.68,28.68,28.92,28.92,29.04,29.04,29.25,29.25,4.81,4.84,4.86,4.89,4.90,4.92,4.94,4.98,5.01,5.04,6.78,6.81,6.83,6.85,6.88,6.90,6.92,6.94,6.97,6.99,268.31,0.00,0.00,1.00,0.00,0.00,0.00,-1.00,0,None,1,aggregation
160,148.54,remora4,remora5,27.27,27.27,26.94,26.94,27.17,27.17,27.28,27.28,27.44,27.44,29.48,29.48,29.31,29.31,29.43,29.43,29.48,29.48,29.56,29.56,4.39,4.36,4.33,4.30,4.28,4.25,4.22,4.19,4.16,4.14,5.93,5.93,5.92,5.91,5.90,5.89,5.89,5.88,5.88,5.87,230.16,0.00,0.00,1.00,0.00,0.00,0.00,-1.00,0,None,0,aggregation
160,149.54,remora4,remora5,25.01,25.01,-4.90,-4.90,-35.18,-35.18,27.73,27.73,6.00,6.00,28.21,28.21,5.50,5.50,-24.72,-24.72,24.25,24.25,-4.27,-4.27,4.11,4.09,4.07,4.07,4.08,4.10,4.10,4.08,4.06,4.06,5.87,6.55,6.55,6.56,5.89,5.91,5.92,5.92,5.92,5.92,246.90,0.00,0.00,1.00,1.00,0.00,1.00,-1.00,0,None,0,aggregation
160,150.54,remora4,remora5,-18.39,-18.39,-3.85,-3.85,7.37,7.37,12.74,12.74,8.14,8.14,-28.85,-28.85,-14.32,-14.32,-2.56,-2.56,4.18,4.18,-1.60,-1.60,4.07,4.08,4.10,4.10,4.10,4.09,4.08,4.07,4.05,4.04,5.93,5.95,5.96,5.97,6.19,6.19,6.19,6.18,6.18,6.17,246.83,0.00,0.00,1.00,0.00,0.00,0.00,-1.00,0,None,0,aggregation
160,151.54,remora4,remora5,9.95,9.95,6.81,6.81,0.90,0.90,0.59,0.59,3.15,3.15,0.67,0.67,-3.25,-3.25,-9.57,-9.57,-9.88,-9.88,-7.31,-7.31,4.03,4.02,4.01,4.00,4.00,3.99,3.99,3.99,3.98,3.98,6.17,6.16,6.16,6.15,6.15,6.15,6.15,6.15,6.15,6.15,224.99,0.00,0.00,1.00,0.00,0.00,0.00,-1.00,0,None,0,aggregation
160,152.54,remora4,remora5,6.09,6.09,7.37,7.37,19.00,19.00,-8.29,-8.29,-12.77,-12.77,-4.16,-4.16,-2.56,-2.56,12.18,12.18,-18.76,-18.76,-23.23,-23.23,3.97,3.96,3.95,3.94,3.92,3.90,3.89,3.89,3.90,3.90,6.15,6.15,6.15,6.15,6.14,6.12,6.12,6.12,6.14,6.15,208.07,0.00,0.00,1.00,0.00,0.00,0.00,-1.00,0,None,0,aggregation
160,153.54,remora4,remora5,-18.94,-18.94,-2.56,-2.56,8.83,8.83,-23.00,-23.00,-18.77,-18.77,-29.41,-29.41,7.37,7.37,16.41,16.41,-12.53,-12.53,-8.30,-8.30,3.91,3.92,3.93,3.91,3.90,3.87,3.87,3.87,3.87,3.87,6.16,6.17,6.18,6.17,6.17,6.16,6.16,6.17,6.18,6.19,194.48,0.00,0.00,1.00,1.00,0.00,1.00,-1.00,0,None,0,aggregation
160,154.54,remora4,remora5,1.36,1.36,0.35,0.35,-9.24,-9.24,-19.10,-19.10,-3.14,-3.14,10.50,10.50,9.70,9.70,1.23,1.23,-8.64,-8.64,6.90,6.90,3.86,3.85,3.83,3.81,3.80,3.79,3.79,3.79,3.78,3.77,6.20,6.19,6.19,6.19,6.18,6.18,6.19,6.20,6.20,5.09,172.69,0.00,0.00,1.00,0.00,0.00,0.00,-1.00,0,None,0,aggregation
160,155.54,remora4,remora5,-4.11,-4.11,-2.16,-2.16,-7.39,-7.39,-13.14,-13.14,-4.13,-4.13,6.13,6.13,7.69,7.69,3.08,3.08,-2.68,-2.68,6.12,6.12,3.76,3.75,3.74,3.74,3.73,3.72,3.72,3.72,3.72,3.72,5.08,5.07,5.07,5.06,5.06,5.06,5.06,5.06,5.07,5.06,147.76,0.00,0.00,1.00,0.00,0.00,0.00,-1.00,0,None,0,aggregation
160,156.54,remora4,remora5,1.83,1.83,1.96,1.96,-8.27,-8.27,-6.52,-6.52,-3.49,-3.49,10.88,10.88,10.98,10.98,2.20,2.20,3.95,3.95,6.63,6.63,3.71,3.70,3.69,3.68,3.67,3.67,3.67,3.67,3.66,3.66,5.06,5.06,5.05,5.04,5.04,5.04,5.04,5.04,5.04,5.03,123.38,0.00,0.00,1.00,0.00,0.00,0.00,-1.00,0,None,0,aggregation
160,157.54,remora4,remora5,-4.84,-4.84,-3.88,-3.88,-2.10,-2.10,-5.63,-5.63,-5.63,-9.89,5.55,5.55,6.31,6.31,7.73,7.73,4.83,4.83,4.83,0.57,3.65,3.65,3.65,3.64,3.64,3.63,3.63,3.63,3.63,3.63,5.03,5.03,5.03,5.03,5.03,5.03,5.03,5.03,5.03,5.03,96.59,0.00,0.00,1.00,0.00,0.00,0.00,-1.00,0,None,0,aggregation
160,158.54,remora4,remora5,-12.87,-12.87,-12.76,-12.76,-12.04,-12.04,-12.60,-12.60,-11.01,-11.01,-2.41,-2.41,-2.30,-2.30,-1.57,-1.57,-2.13,-2.13,-0.55,-0.55,3.63,3.63,3.64,3.64,3.65,3.65,3.65,3.66,3.66,3.66,5.03,5.04,5.05,5.05,5.05,5.06,5.07,5.07,5.08,5.08,75.28,0.00,0.00,1.00,0.00,0.00,0.00,-1.00,0,None,0,aggregation
160,159.54,remora4,remora5,-10.11,-10.11,-8.44,-8.44,-7.86,-7.86,-6.07,-6.07,-3.41,-3.41,0.36,0.36,2.02,2.02,2.60,2.60,4.39,4.39,6.69,6.69,3.67,3.67,3.67,3.68,3.68,3.68,3.69,3.69,3.69,3.70,5.09,5.09,5.10,5.11,5.11,5.12,5.12,5.13,5.13,5.14,61.17,0.00,0.00,1.00,0.00,0.00,0.00,-1.00,0,None,0,aggregation
160,160.54,remora4,remora5,-1.91,-1.91,0.32,0.32,2.94,2.94,4.58,4.58,6.99,6.99,7.89,7.89,9.67,9.67,11.76,11.76,13.06,13.06,14.96,14.96,3.70,3.70,3.70,3.71,3.71,3.71,3.72,3.72,3.73,3.73,5.15,5.15,5.16,5.16,5.17,5.17,5.18,5.19,5.20,5.21,58.83,0.00,0.00,1.00,0.00,0.00,0.00,-1.00,0,None,0,aggregation
160,161.54,remora4,remora5,9.56,9.56,11.57,11.57,13.10,13.10,14.77,14.77,17.16,17.16,16.97,16.97,18.53,18.53,19.71,19.71,20.98,20.98,22.77,22.77,3.74,3.75,3.75,3.76,3.77,3.78,3.79,3.81,3.82,3.83,5.22,5.23,5.24,5.25,5.26,5.27,5.28,5.30,5.32,5.33,71.71,0.00,0.00,1.00,0.00,0.00,0.00,-1.00,0,None,0,aggregation
160,162.54,remora4,remora5,18.80,18.80,20.68,20.68,22.19,22.19,24.35,24.35,25.44,25.44,23.98,23.98,25.32,25.32,26.37,26.37,27.80,27.80,28.47,28.47,3.85,3.86,3.88,3.90,3.92,3.94,3.96,3.98,4.00,4.03,5.35,5.36,5.38,5.39,5.41,5.43,5.45,5.47,5.50,5.52,85.95,0.00,0.00,1.00,0.00,0.00,0.00,-1.00,0,None,0,aggregation
160,163.54,remora4,remora5,27.44,27.44,29.02,29.02,30.06,30.06,30.13,30.13,28.70,28.70,29.56,29.56,30.14,30.14,29.92,29.92,28.98,28.98,25.83,25.83,4.05,4.08,4.10,4.13,4.16,4.19,4.22,4.25,4.28,4.31,5.54,5.55,5.57,5.59,5.61,5.63,5.65,5.68,5.71,5.73,100.83,0.00,0.00,1.00,0.00,0.00,0.00,-1.00,0,None,0,aggregation
160,164.54,remora4,remora5,25.98,25.98,22.70,22.70,20.04,20.04,17.28,17.28,16.56,16.56,21.62,21.62,17.07,17.07,13.53,13.53,9.95,9.95,9.03,9.03,4.34,4.36,4.39,4.41,4.44,4.46,4.48,4.50,4.53,4.54,5.76,5.79,5.81,5.84,5.86,5.88,5.90,5.92,5.95,5.97,112.07,0.00,0.00,1.00,0.00,0.00,0.00,-1.00,0,None,0,aggregation
160,165.54,remora4,remora5,16.70,16.70,15.57,15.57,14.64,14.64,14.97,14.97,14.76,14.76,9.22,9.22,7.76,7.76,6.58,6.58,7.00,7.00,6.73,6.73,4.56,4.59,4.61,4.62,4.64,4.66,4.68,4.70,4.72,4.74,5.99,6.00,6.02,6.04,6.05,6.07,6.09,6.11,6.13,6.15,120.49,0.00,0.00,1.00,0.00,0.00,0.00,-1.00,0,None,0,aggregation
160,166.54,remora4,remora5,15.33,15.33,15.88,15.88,15.59,15.59,15.84,15.84,16.80,16.80,7.46,7.46,8.16,8.16,7.79,7.79,8.11,8.11,9.34,9.34,4.76,4.78,4.80,4.82,4.83,4.85,4.87,4.89,4.91,4.92,6.17,6.19,6.21,6.22,6.24,6.26,6.27,6.29,6.31,6.33,128.78,0.00,0.00,1.00,0.00,0.00,0.00,-1.00,0,None,0,aggregation
160,167.54,remora4,remora5,16.86,16.86,18.55,18.55,18.01,18.01,18.32,18.32,19.92,19.92,9.41,9.41,11.59,11.59,10.90,10.90,11.29,11.29,13.38,13.38,4.94,4.96,4.98,4.99,5.01,5.03,5.04,5.06,5.08,5.09,6.35,6.36,6.37,6.39,6.40,6.42,6.43,6.45,6.46,6.48,142.14,0.00,0.00,1.00,0.00,0.00,0.00,-1.00,0,None,0,aggregation
160,168.54,remora4,remora5,20.13,20.13,21.10,21.10,21.31,21.31,21.89,21.89,16.30,16.30,13.65,13.65,14.93,14.93,15.20,15.20,15.97,15.97,8.70,8.70,5.11,5.12,5.14,5.15,5.16,5.18,5.18,5.17,5.15,5.15,6.50,6.51,6.53,6.54,6.56,6.57,6.58,6.59,6.61,6.62,152.03,0.00,0.00,1.00,0.00,0.00,0.00,-1.00,0,None,0,aggregation
160,169.54,remora4,remora5,4.90,4.90,-23.91,-23.91,-33.20,-33.20,23.26,23.26,0.00,0.00,-5.56,-5.56,-34.37,-34.37,-22.74,-22.74,17.82,17.82,0.00,0.00,5.15,5.15,5.16,5.18,5.21,5.24,5.26,5.24,5.24,5.24,6.64,6.65,6.67,6.68,6.70,6.72,6.74,6.75,6.76,6.77,164.99,0.00,0.00,1.00,1.00,0.00,1.00,-1.00,0,None,0,aggregation
160,170.54,remora4,remora5,30.00,30.00,30.00,30.00,0.00,0.00,29.15,29.15,29.20,29.20,30.00,30.00,30.00,30.00,0.00,0.00,26.64,26.64,26.74,26.74,5.22,5.19,5.16,5.14,5.13,5.13,5.12,5.10,5.08,5.06,6.78,6.79,6.79,6.80,6.81,6.82,6.83,5.25,5.24,5.23,181.13,0.00,0.00,1.00,0.00,0.00,0.00,-1.00,0,None,0,aggregation
160,171.54,remora4,remora5,29.30,29.30,29.40,29.40,29.45,29.45,29.54,29.54,29.62,29.62,26.93,26.93,27.12,27.12,27.22,27.22,27.40,27.40,27.57,27.57,5.03,5.00,4.97,4.94,4.91,4.90,4.88,4.86,4.84,4.81,5.22,5.21,5.20,5.18,5.17,5.17,5.16,5.16,5.15,5.13,192.98,0.00,0.00,1.00,0.00,0.00,0.00,-1.00,0,None,0,aggregation
160,172.54,remora4,remora5,29.66,29.66,29.70,29.70,29.77,29.77,29.83,29.83,29.83,29.83,27.66,27.66,27.74,27.74,27.91,27.91,28.07,28.07,28.07,28.07,4.78,4.74,4.72,4.70,4.69,4.68,4.66,4.63,4.60,4.56,5.12,5.10,5.09,5.09,5.09,5.08,5.08,5.06,5.05,5.04,197.46,0.00,0.00,1.00,0.00,0.00,0.00,-1.00,0,None,0,aggregation
160,173.54,remora4,remora5,29.89,29.89,29.89,29.89,29.92,29.92,29.95,29.95,29.97,29.97,28.22,28.22,28.22,28.22,28.29,28.29,28.37,28.37,28.44,28.44,4.53,4.50,4.47,4.43,4.41,4.40,4.39,4.37,4.36,4.35,5.03,5.01,5.00,4.99,4.98,4.98,4.97,4.97,4.97,4.97,197.60,0.00,0.00,1.00,0.00,0.00,0.00,-1.00,0,None,0,aggregation
160,174.54,remora4,remora5,30.02,30.02,30.02,30.02,30.04,30.04,30.06,30.06,30.06,30.06,28.58,28.58,28.58,28.58,28.65,28.65,28.71,28.71,28.71,28.71,4.33,4.30,4.27,4.24,4.22,4.20,4.19,4.18,4.16,4.13,4.96,4.95,4.94,4.93,4.92,4.91,4.91,4.91,4.91,4.90,209.57,0.00,0.00,1.00,0.00,0.00,0.00,-1.00,0,None,0,aggregation
160,175.54,remora4,remora5,30.10,30.10,30.10,30.10,30.11,30.11,30.13,30.13,30.13,30.13,28.84,28.84,28.84,28.84,28.90,28.90,28.96,28.96,28.96,28.96,4.10,4.07,4.05,4.03,4.02,4.01,4.00,3.99,3.97,3.94,4.89,4.88,4.87,4.87,4.88,4.88,4.88,4.88,4.88,4.87,227.68,0.00,0.00,1.00,0.00,0.00,0.00,-1.00,0,None,0,aggregation
160,176.54,remora4,remora5,30.14,30.14,30.14,30.14,30.15,30.15,30.15,30.15,30.16,30.16,29.02,29.02,29.02,29.02,29.08,29.08,29.08,29.08,29.14,29.14,3.92,3.91,3.89,3.88,3.87,3.86,3.85,3.85,3.82,3.79,4.87,4.87,4.87,4.87,4.88,4.88,4.88,4.89,4.89,4.88,245.26,0.00,0.00,1.00,0.00,0.00,0.00,-1.00,0,None,0,aggregation
160,177.54,remora4,remora5,30.16,30.16,30.16,30.16,30.17,30.17,30.17,30.17,30.17,30.17,29.14,29.14,29.14,29.14,29.19,29.19,29.24,29.24,29.24,29.24,3.77,3.76,3.75,3.74,3.74,3.73,3.71,3.68,3.65,3.62,4.88,4.89,4.89,4.90,4.90,4.91,4.91,4.91,4.90,4.90,260.12,0.00,0.00,1.00,0.00,0.00,0.00,-1.00,0,None,0,aggregation
160,178.54,remora4,remora5,30.17,30.17,30.17,30.17,30.18,30.18,30.18,30.18,30.18,30.18,29.24,29.24,29.24,29.24,29.29,29.29,29.34,29.34,29.34,29.34,3.59,3.58,3.57,3.56,3.55,3.54,3.53,3.52,3.51,3.50,4.90,4.91,4.91,4.92,4.93,4.93,4.94,4.95,4.96,4.97,272.93,0.00,0.00,1.00,0.00,0.00,0.00,-1.00,0,None,0,aggregation
160,179.54,remora4,remora5,30.18,30.18,30.18,30.18,30.18,30.18,30.18,30.18,30.18,30.18,29.34,29.34,29.34,29.34,29.39,29.39,29.39,29.39,29.39,29.39,3.49,3.49,3.48,3.47,3.47,3.46,3.44,3.41,3.39,3.38,4.98,4.99,5.00,5.01,5.02,5.03,5.03,5.03,5.04,5.05,287.12,0.00,0.00,1.00,0.00,0.00,0.00,-1.00,0,None,0,aggregation
160,180.54,remora4,remora5,30.19,30.19,30.18,30.18,30.18,30.18,30.18,30.18,30.18,30.18,29.44,29.44,29.49,29.49,29.49,29.49,29.49,29.49,29.49,29.49,3.36,3.33,3.31,3.31,3.30,3.29,3.27,3.24,3.21,3.18,5.05,5.05,5.06,5.07,5.08,5.09,5.10,5.10,5.10,5.10,293.78,0.00,0.00,1.00,0.00,0.00,0.00,-1.00,0,None,0,aggregation
160,181.54,remora4,remora5,30.18,30.18,30.18,30.18,30.18,30.18,30.18,30.18,30.18,30.18,29.49,29.49,29.49,29.49,29.53,29.53,29.53,29.53,29.53,29.53,3.16,3.14,3.13,3.12,3.11,3.10,3.09,3.08,3.08,3.07,5.11,5.12,5.13,5.14,5.15,5.16,5.17,5.19,5.20,5.21,295.27,0.00,0.00,1.00,0.00,0.00,0.00,-1.00,0,None,0,aggregation
160,182.54,remora4,remora5,30.18,30.18,30.18,30.18,30.18,30.18,30.18,30.18,30.18,30.18,29.53,29.53,29.53,29.53,29.53,29.53,29.53,29.53,29.57,29.57,3.06,3.05,3.04,3.04,3.03,3.03,3.02,3.01,3.01,3.00,5.23,5.24,5.26,5.27,5.28,5.30,5.32,5.33,5.35,5.36,296.31,0.00,0.00,1.00,0.00,0.00,0.00,-1.00,0,None,0,aggregation
160,183.54,remora4,remora5,30.17,30.17,30.17,30.17,30.17,30.17,30.17,30.17,30.17,30.17,29.62,29.62,29.62,29.62,29.62,29.62,29.62,29.62,29.62,29.62,3.00,2.99,2.97,2.94,2.91,2.88,2.86,2.85,2.84,2.84,5.38,5.39,5.40,5.41,5.41,5.41,5.42,5.44,5.45,5.47,297.08,0.00,1.00,1.00,0.00,0.00,0.00,-1.00,0,None,0,aggregation
160,184.54,remora4,remora5,30.17,30.17,30.18,30.18,30.18,30.18,30.18,30.18,30.18,30.18,29.64,29.64,29.59,29.59,29.53,29.53,29.48,29.48,29.41,29.41,2.83,2.82,2.80,2.78,2.76,2.75,2.74,2.73,2.73,2.72,5.49,5.50,5.51,5.52,5.53,5.54,5.56,5.58,5.59,5.61,297.59,0.00,1.00,1.00,0.00,0.00,0.00,-1.00,0,None,0,aggregation
160,185.54,remora4,remora5,30.18,30.18,30.18,30.18,30.17,30.17,30.17,30.17,30.16,30.16,29.39,29.39,29.32,29.32,29.26,29.26,29.23,29.23,29.17,29.17,2.72,2.71,2.69,2.66,2.64,2.63,2.63,2.62,2.61,2.61,5.63,5.64,5.65,5.66,5.67,5.69,5.70,5.72,5.74,5.76,297.81,0.00,1.00,1.00,0.00,0.00,0.00,-1.00,0,None,0,aggregation
160,186.54,remora4,remora5,30.16,30.16,30.16,30.16,30.15,30.15,30.13,30.13,30.13,30.13,29.16,29.16,29.15,29.15,29.10,29.10,28.99,28.99,29.01,29.01,2.59,2.56,2.54,2.54,2.53,2.52,2.52,2.51,2.51,2.50,5.77,5.77,5.79,5.80,5.82,5.84,5.86,5.88,5.89,5.91,297.82,0.00,1.00,1.00,0.00,0.00,0.00,-1.00,0,None,0,aggregation
160,187.54,remora4,remora5,30.12,30.12,30.13,30.13,30.13,30.13,30.12,30.12,30.12,30.12,28.95,28.95,28.99,28.99,28.97,28.97,28.92,28.92,28.94,28.94,2.50,2.49,2.47,2.44,2.42,2.42,2.41,2.41,2.40,2.40,5.93,5.95,5.96,5.97,5.98,6.00,6.02,6.04,6.06,6.07,297.68,0.00,1.00,1.00,0.00,0.00,0.00,-1.00,0,None,0,aggregation
160,188.54,remora4,remora5,30.11,30.11,30.12,30.12,30.11,30.11,30.12,30.12,30.11,30.11,28.89,28.89,28.94,28.94,28.90,28.90,28.93,28.93,28.89,28.89,2.38,2.35,2.34,2.33,2.33,2.32,2.32,2.31,2.31,2.30,6.09,6.09,6.11,6.13,6.14,2.32,2.32,2.31,2.31,2.30,297.46,0.00,1.00,1.00,0.00,0.00,0.00,-1.00,0,None,0,aggregation
160,189.54,remora4,remora5,30.11,30.11,30.12,30.12,30.11,30.11,30.11,30.11,30.11,30.11,28.89,28.89,28.92,28.92,28.91,28.91,28.90,28.90,28.89,28.89,2.28,2.25,2.23,2.23,2.22,2.22,2.21,2.21,2.21,2.20,2.28,2.25,2.23,2.23,2.22,2.22,2.21,2.21,2.21,2.20,297.18,0.00,1.00,1.00,0.00,0.00,0.00,-1.00,0,None,0,aggregation
160,190.54,remora4,remora5,30.11,30.11,30.13,30.13,30.13,30.13,30.13,30.13,30.14,30.14,28.89,28.89,28.97,28.97,28.97,28.97,29.00,29.00,29.02,29.02,2.20,2.19,2.18,2.15,2.12,2.09,2.07,2.06,2.06,2.05,2.20,2.19,2.18,2.15,2.12,2.09,2.07,2.06,2.06,2.05,296.90,0.00,1.00,1.00,0.00,0.00,0.00,-1.00,0,None,0,aggregation
160,191.54,remora4,remora5,30.14,30.14,30.13,30.13,30.14,30.14,30.16,30.16,30.16,30.16,29.02,29.02,29.01,29.01,29.04,29.04,29.12,29.12,29.12,29.12,2.05,2.04,2.02,1.98,1.94,1.90,1.88,1.88,1.86,1.82,2.05,2.04,2.02,1.98,1.94,1.90,1.88,1.88,1.86,1.82,296.66,0.00,1.00,1.00,0.00,0.00,0.00,-1.00,0,None,0,aggregation
160,192.54,remora4,remora5,30.17,30.17,30.17,30.17,0.00,0.00,0.00,0.00,0.00,0.00,29.19,29.19,29.25,29.25,0.00,0.00,0.00,0.00,0.00,0.00,1.78,1.74,1.71,1.67,1.66,1.68,1.68,1.68,1.67,1.66,1.78,1.74,1.71,1.67,1.66,1.68,1.68,1.68,1.67,1.66,278.67,0.00,1.00,1.00,0.00,0.00,0.00,-1.00,0,None,0,aggregation
160,193.54,remora4,remora5,0.00,0.00,0.00,0.00,0.00,0.00,0.00,0.00,0.00,0.00,0.00,0.00,0.00,0.00,0.00,0.00,0.00,0.00,0.00,0.00,1.65,1.65,1.65,1.67,1.67,1.67,1.66,1.66,1.65,1.65,1.65,1.65,1.65,1.67,1.67,1.67,1.66,1.66,1.65,1.65,248.78,0.00,1.00,1.00,0.00,0.00,0.00,-1.00,0,None,0,aggregation
160,194.54,remora4,remora5,0.00,0.00,0.00,0.00,0.00,0.00,0.00,0.00,0.00,0.00,0.00,0.00,0.00,0.00,0.00,0.00,0.00,0.00,0.00,0.00,1.65,1.66,1.66,1.66,1.65,1.65,1.64,1.63,1.65,1.67,1.65,1.66,1.66,1.66,1.65,1.65,1.64,1.63,1.65,1.67,218.92,0.00,1.00,1.00,0.00,0.00,0.00,-1.00,0,None,0,aggregation
160,195.54,remora4,remora5,0.00,0.00,0.00,0.00,0.00,0.00,0.00,0.00,0.00,0.00,0.00,0.00,0.00,0.00,0.00,0.00,0.00,0.00,0.00,0.00,1.67,1.67,1.66,1.65,1.65,1.64,1.64,1.63,1.64,1.66,1.67,1.67,1.66,1.65,1.65,1.64,1.64,1.63,1.64,1.66,189.20,0.00,1.00,1.00,0.00,0.00,0.00,-1.00,0,None,0,aggregation
160,196.54,remora4,remora5,0.00,0.00,0.00,0.00,0.00,0.00,0.00,0.00,0.00,0.00,0.00,0.00,0.00,0.00,0.00,0.00,0.00,0.00,0.00,0.00,1.68,1.67,1.66,1.65,1.64,1.64,1.64,1.66,1.67,1.67,1.68,1.67,1.66,1.65,1.64,1.64,1.64,1.66,1.67,1.67,159.59,0.00,1.00,1.00,0.00,0.00,0.00,-1.00,0,None,0,aggregation
160,197.54,remora4,remora5,0.00,0.00,0.00,0.00,0.00,0.00,0.00,0.00,0.00,0.00,0.00,0.00,0.00,0.00,0.00,0.00,0.00,0.00,0.00,0.00,1.66,1.65,1.65,1.64,1.64,1.63,1.65,1.68,1.69,1.68,1.66,1.65,1.65,1.64,1.64,1.63,1.65,1.68,1.69,1.68,130.05,0.00,1.00,1.00,0.00,0.00,0.00,-1.00,0,None,0,aggregation
160,198.54,remora4,remora5,0.00,0.00,0.00,0.00,0.00,0.00,0.00,0.00,0.00,0.00,0.00,0.00,0.00,0.00,0.00,0.00,0.00,0.00,0.00,0.00,1.67,1.66,1.65,1.64,1.65,1.68,1.68,1.68,1.67,1.66,1.67,1.66,1.65,1.64,1.65,1.68,1.68,1.68,1.67,1.66,100.54,0.00,1.00,1.00,0.00,0.00,0.00,-1.00,0,None,0,aggregation
160,199.54,remora4,remora5,0.00,0.00,0.00,0.00,0.00,0.00,0.00,0.00,0.00,0.00,0.00,0.00,0.00,0.00,0.00,0.00,0.00,0.00,0.00,0.00,1.65,1.64,1.65,1.67,1.68,1.67,1.66,1.65,1.65,1.64,1.65,1.64,1.65,1.67,1.68,1.67,1.66,1.65,1.65,1.64,71.03,0.00,1.00,1.00,0.00,0.00,0.00,-1.00,0,None,0,aggregation
160,200.54,remora4,remora5,0.00,0.00,0.00,0.00,0.00,0.00,0.00,0.00,0.00,0.00,0.00,0.00,0.00,0.00,0.00,0.00,0.00,0.00,0.00,0.00,1.64,1.63,1.63,1.63,1.64,1.67,1.68,1.67,1.66,1.65,1.64,1.63,1.63,1.63,1.64,1.67,1.68,1.67,1.66,1.65,41.48,0.00,1.00,0.00,0.00,0.00,0.00,-1.00,0,None,0,aggregation
160,201.54,remora4,remora5,0.00,0.00,0.00,0.00,0.00,0.00,0.00,0.00,0.00,0.00,0.00,0.00,0.00,0.00,0.00,0.00,0.00,0.00,0.00,0.00,1.65,1.64,1.64,1.64,1.65,1.68,1.69,1.68,1.67,1.66,1.65,1.64,1.64,1.64,1.65,1.68,1.69,1.68,1.67,1.66,11.88,0.00,1.00,0.00,0.00,0.00,0.00,-1.00,0,None,0,aggregation
160,202.54,remora4,remora5,0.00,0.00,0.00,0.00,0.00,0.00,0.00,0.00,0.00,0.00,0.00,0.00,0.00,0.00,0.00,0.00,0.00,0.00,0.00,0.00,1.65,1.64,1.64,1.66,1.67,1.66,1.65,1.64,1.65,1.66,1.65,1.64,1.64,1.66,1.67,1.66,1.65,1.64,1.65,1.66,0.00,0.00,1.00,0.00,0.00,0.00,0.00,-1.00,0,None,0,aggregation
160,203.54,remora4,remora5,0.00,0.00,0.00,0.00,0.00,0.00,0.00,0.00,0.00,0.00,0.00,0.00,0.00,0.00,0.00,0.00,0.00,0.00,0.00,0.00,1.66,1.66,1.65,1.64,1.64,1.65,1.66,1.65,1.65,1.64,1.66,1.66,1.65,1.64,1.64,1.65,1.66,1.65,1.65,1.64,0.00,0.00,1.00,0.00,0.00,0.00,0.00,-1.00,0,None,0,aggregation
160,204.54,remora4,remora5,0.00,0.00,0.00,0.00,0.00,0.00,0.00,0.00,0.00,0.00,0.00,0.00,0.00,0.00,0.00,0.00,0.00,0.00,0.00,0.00,1.64,1.65,1.65,1.66,1.66,1.65,1.65,1.65,1.65,1.65,1.64,1.65,1.65,1.66,1.66,1.65,1.65,1.65,1.65,1.65,0.00,0.00,1.00,0.00,0.00,0.00,0.00,-1.00,0,None,0,aggregation
160,205.54,remora4,remora5,0.00,0.00,0.00,0.00,0.00,0.00,0.00,0.00,0.00,0.00,0.00,0.00,0.00,0.00,0.00,0.00,0.00,0.00,0.00,0.00,1.65,1.65,1.64,1.64,1.64,1.64,1.64,1.64,1.64,1.65,1.65,1.65,1.64,1.64,1.64,1.64,1.64,1.64,1.64,1.65,0.00,0.00,1.00,0.00,0.00,0.00,0.00,-1.00,0,None,0,aggregation
160,206.54,remora4,remora5,0.00,0.00,0.00,0.00,0.00,0.00,0.00,0.00,0.00,0.00,0.00,0.00,0.00,0.00,0.00,0.00,0.00,0.00,0.00,0.00,1.65,1.65,1.65,1.65,1.65,1.64,1.64,1.64,1.65,1.65,1.65,1.65,1.65,1.65,1.65,1.64,1.64,1.64,1.65,1.65,0.00,0.00,1.00,0.00,0.00,0.00,0.00,-1.00,0,None,0,aggregation
160,207.54,remora4,remora5,0.00,0.00,0.00,0.00,0.00,0.00,0.00,0.00,0.00,0.00,0.00,0.00,0.00,0.00,0.00,0.00,0.00,0.00,0.00,0.00,1.65,1.65,1.64,1.64,1.64,1.64,1.64,1.64,1.64,1.64,1.65,1.65,1.64,1.64,1.64,1.64,1.64,1.64,1.64,1.64,0.00,0.00,1.00,0.00,0.00,0.00,0.00,-1.00,0,None,0,aggregation
160,208.54,remora4,remora5,0.00,0.00,0.00,0.00,0.00,0.00,0.00,0.00,0.00,0.00,0.00,0.00,0.00,0.00,0.00,0.00,0.00,0.00,0.00,0.00,1.65,1.65,1.65,1.65,1.64,1.64,1.64,1.64,1.64,1.65,1.65,1.65,1.65,1.65,1.64,1.64,1.64,1.64,1.64,1.65,0.00,0.00,1.00,0.00,0.00,0.00,0.00,-1.00,0,None,0,aggregation
160,209.54,remora4,remora5,0.00,0.00,0.00,0.00,0.00,0.00,0.00,0.00,0.00,0.00,0.00,0.00,0.00,0.00,0.00,0.00,0.00,0.00,0.00,0.00,1.65,1.65,1.65,1.65,1.65,1.64,1.64,1.64,1.65,1.65,1.65,1.65,1.65,1.65,1.65,1.64,1.64,1.64,1.65,1.65,0.00,0.00,1.00,0.00,0.00,0.00,0.00,-1.00,0,None,0,aggregation
160,210.54,remora4,remora5,0.00,0.00,0.00,0.00,0.00,0.00,0.00,0.00,0.00,0.00,0.00,0.00,0.00,0.00,0.00,0.00,0.00,0.00,0.00,0.00,1.65,1.65,1.65,1.66,1.66,1.65,1.65,1.65,1.65,1.65,1.65,1.65,1.65,1.66,1.66,1.65,1.65,1.65,1.65,1.65,0.00,0.00,1.00,0.00,0.00,0.00,0.00,-1.00,0,None,0,aggregation
160,211.54,remora4,remora5,0.00,0.00,0.00,0.00,0.00,0.00,0.00,0.00,0.00,0.00,0.00,0.00,0.00,0.00,0.00,0.00,0.00,0.00,0.00,0.00,1.65,1.65,1.66,1.66,1.66,1.66,1.66,1.65,1.65,1.65,1.65,1.65,1.66,1.66,1.66,1.66,1.66,1.65,1.65,1.65,0.00,0.00,1.00,0.00,0.00,0.00,0.00,-1.00,0,None,0,aggregation
160,212.54,remora4,remora5,0.00,0.00,0.00,0.00,0.00,0.00,0.00,0.00,-35.23,-35.23,0.00,0.00,0.00,0.00,0.00,0.00,0.00,0.00,-24.76,-24.76,1.65,1.66,1.66,1.66,1.66,1.67,1.67,1.68,1.68,1.71,1.65,1.66,1.66,1.66,1.66,1.67,1.67,1.68,1.68,1.71,6.00,0.00,1.00,0.00,0.00,0.00,0.00,-1.00,0,None,0,aggregation
160,213.54,remora4,remora5,-35.19,-35.19,-35.04,-35.04,-34.70,-34.70,-34.18,-34.18,-33.56,-33.56,-24.73,-24.73,-24.58,-24.58,-24.24,-24.24,-23.72,-23.72,-23.10,-23.10,1.74,1.76,1.79,1.83,1.86,1.89,1.92,1.95,1.97,2.01,1.74,1.76,1.79,1.83,1.86,1.89,1.92,1.95,1.97,2.01,35.30,0.00,1.00,0.00,0.00,0.00,0.00,-1.00,0,None,0,aggregation
160,214.54,remora4,remora5,-32.81,-32.81,-31.82,-31.82,-30.89,-30.89,-29.75,-29.75,-28.74,-28.74,-22.34,-22.34,-21.35,-21.35,-20.43,-20.43,-19.28,-19.28,-18.28,-18.28,2.04,2.07,2.10,2.13,2.15,2.17,2.20,2.22,2.24,2.26,2.04,2.07,2.10,2.13,2.15,2.17,2.20,2.22,2.24,2.26,60.87,0.00,1.00,1.00,0.00,0.00,0.00,-1.00,0,None,0,aggregation
160,215.54,remora4,remora5,-27.53,-27.53,-26.22,-26.22,-24.84,-24.84,-23.20,-23.20,-21.48,-21.48,-17.06,-17.06,-15.76,-15.76,-14.37,-14.37,-12.74,-12.74,-11.02,-11.02,2.28,2.31,2.33,2.35,2.37,2.39,2.40,2.42,2.44,2.45,2.28,2.31,2.33,2.35,2.37,2.39,2.40,2.42,2.44,2.45,80.29,0.00,1.00,1.00,0.00,0.00,0.00,-1.00,0,None,0,aggregation
160,216.54,remora4,remora5,-19.87,-19.87,-18.20,-18.20,-16.28,-16.28,-14.50,-14.50,-12.69,-12.69,-9.40,-9.40,-7.73,-7.73,-5.81,-5.81,-4.04,-4.04,-2.23,-2.23,2.46,2.47,2.49,2.50,2.51,2.51,2.52,2.52,2.53,2.53,2.46,2.47,2.49,2.50,2.51,2.51,2.52,2.52,2.53,2.53,91.37,0.00,1.00,1.00,0.00,0.00,0.00,-1.00,0,None,0,aggregation
160,217.54,remora4,remora5,-10.85,-10.85,-8.78,-8.78,-6.70,-6.70,-4.07,-4.07,-1.75,-1.75,-0.39,-0.39,1.68,1.68,3.77,3.77,6.16,6.16,8.02,8.02,2.54,2.54,2.55,2.55,2.56,2.56,2.57,2.57,2.58,2.57,2.54,2.54,2.55,2.55,2.56,2.56,2.57,2.57,2.58,2.57,94.33,0.00,1.00,1.00,0.00,0.00,0.00,-1.00,0,None,0,aggregation
160,218.54,remora4,remora5,0.56,0.56,2.84,2.84,5.08,5.08,7.28,7.28,9.43,9.43,9.86,9.86,11.68,11.68,13.46,13.46,15.19,15.19,16.87,16.87,2.57,2.57,2.58,2.58,2.58,2.59,2.60,2.60,2.61,2.62,2.57,2.57,2.58,2.58,2.58,2.59,2.60,2.60,2.61,2.62,103.56,0.00,1.00,1.00,0.00,0.00,0.00,-1.00,0,None,0,aggregation
160,247.54,remora4,remora8,28.64,28.64,28.24,28.24,27.63,27.63,27.14,27.14,26.59,26.59,25.74,25.74,25.06,25.06,24.09,24.09,23.33,23.33,22.51,22.51,2.83,2.85,2.88,2.90,2.93,2.95,2.98,3.00,3.03,3.05,3.86,3.86,3.85,3.85,3.84,3.84,3.83,3.82,3.81,3.80,293.81,0.00,1.00,1.00,0.00,0.00,0.00,-1.00,0,None,0,aggregation
160,248.54,remora4,remora8,26.34,26.34,25.87,25.87,25.32,25.32,24.91,24.91,24.47,24.47,22.14,22.14,21.46,21.46,20.68,20.68,20.10,20.10,19.48,19.48,3.08,3.11,3.13,3.12,3.11,3.09,3.06,3.04,3.02,3.00,3.80,3.79,3.79,3.79,3.78,3.78,3.77,3.76,3.75,3.75,286.98,0.00,0.00,1.00,0.00,0.00,0.00,-1.00,0,None,0,aggregation
160,249.54,remora4,remora8,24.64,24.64,24.96,24.96,25.35,25.35,25.86,25.86,26.00,26.00,19.72,19.72,20.16,20.16,20.72,20.72,21.44,21.44,21.65,21.65,2.98,2.96,2.93,2.91,2.89,2.86,2.84,2.83,2.80,2.78,3.74,3.73,3.73,3.72,3.71,3.70,3.70,3.69,3.68,3.68,280.22,0.00,1.00,1.00,0.00,0.00,0.00,-1.00,0,None,0,aggregation
160,250.54,remora4,remora8,26.27,26.27,26.63,26.63,26.69,26.69,26.80,26.80,27.00,27.00,22.04,22.04,22.57,22.57,22.67,22.67,22.82,22.82,23.12,23.12,2.75,2.73,2.71,2.69,2.67,2.64,2.62,2.60,2.58,2.55,3.67,3.67,3.67,3.66,3.66,3.66,3.65,3.65,3.64,3.64,275.04,0.00,1.00,1.00,0.00,0.00,0.00,-1.00,0,None,0,aggregation
160,251.54,remora4,remora8,27.24,27.24,27.46,27.46,27.63,27.63,27.86,27.86,28.02,28.02,23.49,23.49,23.83,23.83,24.09,24.09,24.45,24.45,24.71,24.71,2.53,2.50,2.48,2.45,2.42,2.39,2.36,2.34,2.31,2.28,3.63,3.63,3.62,3.61,3.61,3.60,3.60,3.60,3.59,3.59,270.99,0.00,1.00,1.00,0.00,0.00,0.00,-1.00,0,None,0,aggregation
160,252.54,remora4,remora8,28.22,28.22,28.24,28.24,28.53,28.53,28.69,28.69,28.80,28.80,25.04,25.04,25.06,25.06,25.55,25.55,25.82,25.82,26.01,26.01,2.25,2.22,2.19,2.16,2.13,2.10,2.07,2.04,2.02,1.99,3.59,3.59,3.58,3.58,3.57,3.57,3.57,3.56,3.56,3.56,268.00,0.00,1.00,1.00,0.00,0.00,0.00,-1.00,0,None,0,aggregation
160,253.54,remora4,remora8,28.91,28.91,28.93,28.93,28.99,28.99,28.99,28.99,29.14,29.14,26.19,26.19,26.23,26.23,26.35,26.35,26.34,26.34,26.63,26.63,1.97,1.94,1.91,1.88,1.85,1.83,1.80,1.77,1.74,1.71,3.55,3.55,3.55,3.55,3.55,3.54,3.54,3.54,3.53,3.53,265.68,0.00,1.00,1.00,0.00,0.00,0.00,-1.00,0,None,0,aggregation
160,254.54,remora4,remora8,29.22,29.22,0.00,0.00,0.00,0.00,0.00,0.00,0.00,0.00,26.78,26.78,0.00,0.00,0.00,0.00,0.00,0.00,0.00,0.00,1.68,1.65,1.62,1.61,1.61,1.61,1.61,1.61,1.60,1.60,3.53,3.54,3.54,3.54,3.54,3.54,3.54,3.55,3.55,3.55,241.29,0.00,1.00,1.00,0.00,0.00,0.00,-1.00,0,None,0,aggregation
160,255.54,remora4,remora8,0.00,0.00,0.00,0.00,0.00,0.00,0.00,0.00,0.00,0.00,0.00,0.00,0.00,0.00,0.00,0.00,0.00,0.00,0.00,0.00,1.60,1.59,1.59,1.59,1.59,1.59,1.59,1.59,1.58,1.58,3.55,3.55,3.55,3.56,3.56,3.56,3.56,3.56,3.56,3.56,211.50,0.00,1.00,1.00,0.00,0.00,0.00,-1.00,0,None,0,aggregation
160,256.54,remora4,remora8,0.00,0.00,0.00,0.00,0.00,0.00,0.00,0.00,0.00,0.00,0.00,0.00,0.00,0.00,0.00,0.00,0.00,0.00,0.00,0.00,1.58,1.58,1.57,1.57,1.57,1.57,1.56,1.56,1.56,1.56,3.57,3.57,3.57,3.56,3.56,3.56,3.55,3.55,3.55,3.55,182.83,0.00,1.00,1.00,0.00,0.00,0.00,-1.00,0,None,0,aggregation
160,257.54,remora4,remora8,0.00,0.00,0.00,0.00,0.00,0.00,0.00,0.00,0.00,0.00,0.00,0.00,0.00,0.00,0.00,0.00,0.00,0.00,0.00,0.00,1.56,1.55,1.55,1.55,1.55,1.55,1.55,1.55,1.55,1.54,3.54,3.54,3.54,3.54,3.54,3.54,3.54,3.54,3.53,3.53,156.93,0.00,1.00,1.00,0.00,0.00,0.00,-1.00,0,None,0,aggregation
160,258.54,remora4,remora8,0.00,0.00,0.00,0.00,0.00,0.00,0.00,0.00,0.00,0.00,0.00,0.00,0.00,0.00,0.00,0.00,0.00,0.00,0.00,0.00,1.54,1.54,1.54,1.54,1.54,1.54,1.54,1.53,1.53,1.53,3.53,3.53,3.53,3.52,3.52,3.52,3.52,4.81,4.81,4.80,133.86,0.00,1.00,1.00,0.00,0.00,0.00,-1.00,0,None,0,aggregation
160,259.54,remora4,remora8,0.00,0.00,0.00,0.00,0.00,0.00,0.00,0.00,0.00,0.00,0.00,0.00,0.00,0.00,0.00,0.00,0.00,0.00,0.00,0.00,1.53,1.53,1.52,1.52,1.52,1.52,1.52,1.52,1.52,1.52,4.79,4.79,4.78,4.77,4.76,4.76,4.75,4.74,4.74,4.73,110.80,0.00,1.00,1.00,0.00,0.00,0.00,-1.00,0,None,0,aggregation
160,260.54,remora4,remora8,0.00,0.00,0.00,0.00,0.00,0.00,0.00,0.00,0.00,0.00,0.00,0.00,0.00,0.00,0.00,0.00,0.00,0.00,0.00,0.00,1.52,1.51,1.51,1.51,1.51,1.50,1.50,1.50,1.50,1.50,4.72,4.72,4.71,4.70,4.69,4.68,4.68,4.67,4.66,4.65,86.14,0.00,1.00,1.00,0.00,0.00,0.00,-1.00,0,None,0,aggregation
160,261.54,remora4,remora8,0.00,0.00,0.00,0.00,0.00,0.00,0.00,0.00,0.00,0.00,0.00,0.00,0.00,0.00,0.00,0.00,0.00,0.00,0.00,0.00,1.50,1.50,1.50,1.50,1.49,1.49,1.49,1.49,1.49,1.49,4.64,4.64,4.63,4.62,4.61,4.60,4.59,4.58,4.58,4.57,60.27,1.00,0.00,1.00,0.00,0.00,0.00,-1.00,0,None,0,aggregation
160,262.54,remora4,remora8,0.00,0.00,0.00,0.00,0.00,0.00,0.00,0.00,0.00,0.00,0.00,0.00,0.00,0.00,0.00,0.00,0.00,0.00,0.00,0.00,1.49,1.49,1.48,1.48,1.48,1.48,1.48,1.48,1.47,1.47,4.56,4.55,4.54,4.53,4.52,4.51,4.50,4.49,4.48,4.47,33.27,1.00,0.00,0.00,0.00,0.00,0.00,-1.00,0,None,0,aggregation
160,263.54,remora4,remora8,0.00,0.00,0.00,0.00,0.00,0.00,0.00,0.00,0.00,0.00,0.00,0.00,0.00,0.00,0.00,0.00,0.00,0.00,0.00,0.00,1.47,1.47,1.47,1.47,1.47,1.47,1.46,1.46,1.46,1.46,4.46,4.45,4.44,4.44,4.43,4.43,4.42,4.42,4.41,4.41,5.60,1.00,0.00,0.00,0.00,0.00,0.00,-1.00,0,None,0,aggregation
160,264.54,remora4,remora8,0.00,0.00,0.00,0.00,0.00,0.00,0.00,0.00,0.00,0.00,0.00,0.00,0.00,0.00,0.00,0.00,0.00,0.00,0.00,0.00,1.46,1.46,1.46,1.46,1.45,1.45,1.45,1.45,1.45,1.45,4.41,4.40,4.40,4.39,4.39,4.38,4.37,4.37,4.36,4.35,0.00,1.00,0.00,0.00,0.00,0.00,0.00,-1.00,0,None,0,aggregation
160,265.54,remora4,remora8,0.00,0.00,0.00,0.00,0.00,0.00,0.00,0.00,0.00,0.00,0.00,0.00,0.00,0.00,0.00,0.00,0.00,0.00,0.00,0.00,1.45,1.45,1.45,1.44,1.44,1.44,1.44,1.44,1.44,1.44,4.35,4.34,4.34,4.33,4.32,4.31,4.31,4.30,4.29,4.29,0.00,1.00,0.00,0.00,0.00,0.00,0.00,-1.00,0,None,0,aggregation
160,266.54,remora4,remora8,0.00,0.00,0.00,0.00,0.00,0.00,0.00,0.00,0.00,0.00,0.00,0.00,0.00,0.00,0.00,0.00,0.00,0.00,0.00,0.00,1.44,1.44,1.44,1.44,1.43,1.43,1.43,1.43,1.43,1.43,4.28,4.27,4.26,4.25,4.24,4.24,4.23,4.22,4.21,4.20,0.00,1.00,0.00,0.00,0.00,0.00,0.00,-1.00,0,None,0,aggregation
160,267.54,remora4,remora8,0.00,0.00,0.00,0.00,0.00,0.00,0.00,0.00,0.00,0.00,0.00,0.00,0.00,0.00,0.00,0.00,0.00,0.00,0.00,0.00,1.43,1.43,1.43,1.43,1.42,1.42,1.42,1.42,1.42,1.42,4.19,4.18,4.17,4.16,4.15,4.14,4.13,4.12,4.11,4.10,0.00,1.00,0.00,0.00,0.00,0.00,0.00,-1.00,0,None,0,aggregation
160,268.54,remora4,remora8,0.00,0.00,0.00,0.00,0.00,0.00,0.00,0.00,0.00,0.00,0.00,0.00,0.00,0.00,0.00,0.00,0.00,0.00,0.00,0.00,1.42,1.42,1.42,1.42,1.42,1.42,1.42,1.42,1.41,1.41,4.09,4.08,4.07,4.06,4.05,4.04,4.04,4.03,4.02,4.01,0.00,1.00,0.00,0.00,0.00,0.00,0.00,-1.00,0,None,0,aggregation
160,269.54,remora4,remora8,0.00,0.00,0.00,0.00,0.00,0.00,0.00,0.00,0.00,0.00,0.00,0.00,0.00,0.00,0.00,0.00,0.00,0.00,0.00,0.00,1.41,1.41,1.41,1.41,1.41,1.41,1.40,1.40,1.40,1.40,4.00,3.99,3.98,3.97,3.96,3.96,3.95,3.94,3.93,3.93,0.00,1.00,0.00,0.00,0.00,0.00,0.00,-1.00,0,None,0,aggregation
160,270.54,remora4,remora8,0.00,0.00,0.00,0.00,0.00,0.00,0.00,0.00,0.00,0.00,0.00,0.00,0.00,0.00,0.00,0.00,0.00,0.00,0.00,0.00,1.40,1.40,1.40,1.40,1.40,1.40,1.40,1.40,1.40,1.40,3.92,3.91,3.91,3.90,3.90,3.89,3.88,3.88,3.87,3.87,0.00,1.00,0.00,0.00,0.00,0.00,0.00,-1.00,0,None,0,aggregation
160,271.54,remora4,remora8,0.00,0.00,0.00,0.00,0.00,0.00,0.00,0.00,0.00,0.00,0.00,0.00,0.00,0.00,0.00,0.00,0.00,0.00,0.00,0.00,1.40,1.39,1.39,1.39,1.39,1.39,1.39,1.39,1.39,1.39,3.86,3.82,3.81,3.80,3.80,3.79,3.78,3.77,3.76,3.75,0.00,1.00,0.00,0.00,0.00,0.00,0.00,-1.00,0,None,0,aggregation
160,272.54,remora4,remora8,0.00,0.00,0.00,0.00,0.00,0.00,0.00,0.00,0.00,0.00,0.00,0.00,0.00,0.00,0.00,0.00,0.00,0.00,0.00,0.00,1.39,1.38,1.38,1.38,1.38,1.38,1.38,1.38,1.38,1.38,3.74,3.73,3.73,3.72,3.71,3.70,3.69,3.69,3.68,3.67,0.00,1.00,0.00,0.00,0.00,0.00,0.00,-1.00,0,None,0,aggregation
160,273.54,remora4,remora8,0.00,0.00,0.00,0.00,0.00,0.00,0.00,0.00,0.00,0.00,0.00,0.00,0.00,0.00,0.00,0.00,0.00,0.00,0.00,0.00,1.38,1.38,1.38,1.38,1.38,1.37,1.37,1.37,1.37,1.37,3.67,3.66,3.65,3.64,3.64,3.63,3.62,3.62,3.61,3.60,0.00,1.00,0.00,0.00,0.00,0.00,0.00,-1.00,0,None,0,aggregation
160,274.54,remora4,remora8,0.00,0.00,0.00,0.00,0.00,0.00,0.00,0.00,0.00,0.00,0.00,0.00,0.00,0.00,0.00,0.00,0.00,0.00,0.00,0.00,1.37,1.37,1.37,1.37,1.38,1.38,1.38,1.38,1.37,1.37,3.60,3.59,3.59,3.58,3.58,3.57,3.57,3.56,3.56,3.55,0.00,1.00,0.00,0.00,0.00,0.00,0.00,-1.00,0,None,0,aggregation
160,275.54,remora4,remora8,0.00,0.00,0.00,0.00,0.00,0.00,0.00,0.00,0.00,0.00,0.00,0.00,0.00,0.00,0.00,0.00,0.00,0.00,0.00,0.00,1.36,1.36,1.36,1.36,1.37,1.37,1.37,1.37,1.37,1.37,3.55,3.54,3.54,3.53,3.53,3.53,3.52,3.52,3.52,3.51,0.00,1.00,0.00,0.00,0.00,0.00,0.00,-1.00,0,None,0,aggregation
160,276.54,remora4,remora8,0.00,0.00,0.00,0.00,0.00,0.00,0.00,0.00,0.00,0.00,0.00,0.00,0.00,0.00,0.00,0.00,0.00,0.00,0.00,0.00,1.36,1.36,1.36,1.36,1.36,1.36,1.36,1.36,1.36,1.37,3.51,3.50,3.50,3.50,3.50,3.49,3.49,3.49,3.49,3.48,0.00,1.00,0.00,0.00,0.00,0.00,0.00,-1.00,0,None,0,aggregation
160,277.54,remora4,remora8,0.00,0.00,0.00,0.00,0.00,0.00,0.00,0.00,0.00,0.00,0.00,0.00,0.00,0.00,0.00,0.00,0.00,0.00,0.00,0.00,1.36,1.36,1.36,1.36,1.36,1.37,1.37,1.36,1.36,1.35,3.48,3.48,3.48,3.47,3.47,3.47,3.47,3.47,3.47,3.47,0.00,1.00,0.00,0.00,0.00,0.00,0.00,-1.00,0,None,0,aggregation
160,278.54,remora4,remora8,0.00,0.00,0.00,0.00,0.00,0.00,0.00,0.00,0.00,0.00,0.00,0.00,0.00,0.00,0.00,0.00,0.00,0.00,0.00,0.00,1.35,1.35,1.35,1.35,1.36,1.36,1.36,1.35,1.35,1.34,3.46,3.46,3.46,3.46,3.46,3.46,3.46,3.46,3.45,3.45,0.00,1.00,0.00,0.00,0.00,0.00,0.00,-1.00,0,None,0,aggregation
160,279.54,remora4,remora8,0.00,0.00,0.00,0.00,0.00,0.00,0.00,0.00,0.00,0.00,0.00,0.00,0.00,0.00,0.00,0.00,0.00,0.00,0.00,0.00,1.34,1.34,1.34,1.34,1.34,1.34,1.35,1.35,1.35,1.35,3.45,3.45,3.45,3.45,3.45,3.04,3.04,3.03,3.03,3.02,0.00,1.00,0.00,0.00,0.00,0.00,0.00,-1.00,0,None,0,aggregation
160,280.54,remora4,remora8,0.00,0.00,0.00,0.00,0.00,0.00,0.00,0.00,0.00,0.00,0.00,0.00,0.00,0.00,0.00,0.00,0.00,0.00,0.00,0.00,1.34,1.33,1.33,1.33,1.33,1.33,1.34,1.34,1.34,1.35,3.02,3.01,3.00,2.99,2.98,2.98,2.97,2.98,2.98,2.98,0.00,1.00,0.00,0.00,0.00,0.00,0.00,-1.00,0,None,0,aggregation
160,281.54,remora4,remora8,0.00,0.00,0.00,0.00,0.00,0.00,0.00,0.00,0.00,0.00,0.00,0.00,0.00,0.00,0.00,0.00,0.00,0.00,0.00,0.00,1.35,1.34,1.34,1.33,1.33,1.33,1.33,1.33,1.34,1.34,2.98,2.97,2.96,2.95,2.95,2.94,2.93,2.93,2.92,2.92,0.00,1.00,0.00,0.00,0.00,0.00,0.00,-1.00,0,None,0,aggregation
160,282.54,remora4,remora8,0.00,0.00,0.00,0.00,0.00,0.00,0.00,0.00,0.00,0.00,0.00,0.00,0.00,0.00,0.00,0.00,0.00,0.00,0.00,0.00,1.34,1.33,1.33,1.33,1.34,1.34,1.34,1.34,1.33,1.32,2.91,2.90,2.90,2.91,2.91,2.92,2.92,2.91,2.91,2.90,0.00,1.00,0.00,0.00,0.00,0.00,0.00,-1.00,0,None,0,aggregation
160,283.54,remora4,remora8,0.00,0.00,0.00,0.00,0.00,0.00,0.00,0.00,0.00,0.00,0.00,0.00,0.00,0.00,0.00,0.00,0.00,0.00,0.00,0.00,1.32,1.32,1.32,1.33,1.33,1.33,1.33,1.33,1.32,1.33,2.90,2.89,2.89,2.89,2.88,2.88,2.88,2.87,2.87,2.87,0.00,1.00,0.00,0.00,0.00,0.00,0.00,-1.00,0,None,0,aggregation
160,284.54,remora4,remora8,0.00,0.00,0.00,0.00,0.00,0.00,0.00,0.00,0.00,0.00,0.00,0.00,0.00,0.00,0.00,0.00,0.00,0.00,0.00,0.00,1.33,1.34,1.34,1.33,1.32,1.32,1.31,1.32,1.32,1.32,2.87,2.86,2.86,2.86,2.85,2.85,2.85,2.85,2.85,2.85,0.00,1.00,0.00,0.00,0.00,0.00,0.00,-1.00,0,None,0,aggregation
160,285.54,remora4,remora8,0.00,0.00,0.00,0.00,0.00,0.00,0.00,0.00,0.00,0.00,0.00,0.00,0.00,0.00,0.00,0.00,0.00,0.00,0.00,0.00,1.32,1.32,1.33,1.33,1.33,1.33,1.32,1.32,1.31,1.31,2.85,2.85,2.85,2.85,2.86,2.86,2.85,2.85,2.86,2.86,0.00,1.00,0.00,0.00,0.00,0.00,0.00,-1.00,0,None,0,aggregation
160,286.54,remora4,remora8,0.00,0.00,0.00,0.00,0.00,0.00,0.00,0.00,0.00,0.00,0.00,0.00,0.00,0.00,0.00,0.00,0.00,0.00,0.00,0.00,1.32,1.32,1.32,1.33,1.33,1.32,1.32,1.31,1.31,1.31,2.86,2.87,2.87,2.87,2.88,2.88,2.88,2.88,2.89,2.89,0.00,1.00,0.00,0.00,0.00,0.00,0.00,-1.00,0,None,0,aggregation
160,287.54,remora4,remora8,0.00,0.00,0.00,0.00,0.00,0.00,0.00,0.00,0.00,0.00,0.00,0.00,0.00,0.00,0.00,0.00,0.00,0.00,0.00,0.00,1.31,1.32,1.32,1.31,1.31,1.30,1.30,1.30,1.30,1.30,2.90,2.91,2.91,2.91,2.92,2.92,2.93,2.93,2.94,2.95,0.00,1.00,0.00,0.00,0.00,0.00,0.00,-1.00,0,None,0,aggregation
160,288.54,remora4,remora8,0.00,0.00,0.00,0.00,0.00,0.00,0.00,0.00,0.00,0.00,0.00,0.00,0.00,0.00,0.00,0.00,0.00,0.00,0.00,0.00,1.31,1.31,1.31,1.32,1.32,1.32,1.31,1.31,1.30,1.31,2.95,2.96,2.97,2.98,2.98,2.99,2.99,3.00,2.69,2.71,0.00,1.00,0.00,0.00,0.00,0.00,0.00,-1.00,0,None,0,aggregation
160,289.54,remora4,remora8,0.00,0.00,0.00,0.00,0.00,0.00,0.00,0.00,0.00,0.00,0.00,0.00,0.00,0.00,0.00,0.00,0.00,0.00,0.00,0.00,1.31,1.31,1.31,1.31,1.31,1.30,1.30,1.30,1.30,1.31,2.72,2.74,2.75,2.76,2.77,2.78,2.80,2.81,2.82,2.84,0.00,1.00,0.00,0.00,0.00,0.00,0.00,-1.00,0,None,0,aggregation
160,290.54,remora4,remora8,0.00,0.00,0.00,0.00,0.00,0.00,0.00,0.00,0.00,0.00,0.00,0.00,0.00,0.00,0.00,0.00,0.00,0.00,0.00,0.00,1.31,1.30,1.30,1.30,1.29,1.30,1.30,1.30,1.30,1.30,2.85,2.86,2.87,2.88,2.90,2.91,2.92,2.93,2.94,2.95,0.00,1.00,0.00,0.00,0.00,0.00,0.00,-1.00,0,None,0,aggregation
160,291.54,remora4,remora8,0.00,0.00,0.00,0.00,0.00,0.00,0.00,0.00,0.00,0.00,0.00,0.00,0.00,0.00,0.00,0.00,0.00,0.00,0.00,0.00,1.30,1.30,1.30,1.29,1.29,1.29,1.30,1.30,1.30,1.29,2.95,2.96,2.96,2.96,2.96,2.96,3.14,3.14,3.14,3.14,0.00,1.00,0.00,0.00,0.00,0.00,0.00,-1.00,0,None,0,aggregation
160,292.54,remora4,remora8,0.00,0.00,0.00,0.00,0.00,0.00,0.00,0.00,0.00,0.00,0.00,0.00,0.00,0.00,0.00,0.00,0.00,0.00,0.00,0.00,1.29,1.30,1.30,1.29,1.29,1.29,1.29,1.30,1.30,1.29,3.13,3.13,3.13,3.13,3.13,3.13,3.13,3.12,3.12,3.12,0.00,1.00,0.00,0.00,0.00,0.00,0.00,-1.00,0,None,0,aggregation
160,293.54,remora4,remora8,0.00,0.00,0.00,0.00,0.00,0.00,0.00,0.00,0.00,0.00,0.00,0.00,0.00,0.00,0.00,0.00,0.00,0.00,0.00,0.00,1.29,1.29,1.29,1.29,1.29,1.29,1.29,1.29,1.29,1.29,3.12,3.12,3.12,3.11,3.11,3.11,3.11,3.11,3.11,3.11,0.00,1.00,0.00,0.00,0.00,0.00,0.00,-1.00,0,None,0,aggregation
160,294.54,remora4,remora8,0.00,0.00,0.00,0.00,0.00,0.00,0.00,0.00,-35.23,-35.23,0.00,0.00,0.00,0.00,0.00,0.00,0.00,0.00,-24.76,-24.76,1.29,1.29,1.29,1.29,1.29,1.29,1.29,1.29,1.30,1.33,3.11,3.11,3.10,3.10,3.10,3.10,3.10,3.10,3.10,3.10,6.00,1.00,0.00,0.00,0.00,0.00,0.00,-1.00,0,None,0,aggregation
160,295.54,remora4,remora8,-35.17,-35.17,-34.60,-34.60,-33.57,-33.57,-32.24,-32.24,-30.77,-30.77,-24.70,-24.70,-24.14,-24.14,-23.10,-23.10,-21.77,-21.77,-20.31,-20.31,1.35,1.38,1.41,1.43,1.46,1.49,1.51,1.54,1.57,1.59,3.10,3.10,3.10,3.10,3.10,3.11,3.11,3.11,3.12,3.12,34.04,1.00,0.00,0.00,0.00,0.00,0.00,-1.00,0,None,0,aggregation
160,296.54,remora4,remora8,-28.91,-28.91,-26.90,-26.90,-24.43,-24.43,-21.70,-21.70,-19.28,-19.28,-18.44,-18.44,-16.44,-16.44,-13.97,-13.97,-11.24,-11.24,-8.82,-8.82,1.62,1.65,1.67,1.69,1.71,1.73,1.75,1.76,1.78,1.80,3.12,3.13,3.13,3.13,3.14,3.14,3.14,3.14,3.15,3.15,53.05,0.00,1.00,1.00,0.00,0.00,0.00,-1.00,0,None,0,aggregation
160,297.54,remora4,remora8,-16.85,-16.85,-14.52,-14.52,-12.04,-12.04,-9.61,-9.61,-7.33,-7.33,-6.38,-6.38,-4.05,-4.05,-1.58,-1.58,0.85,0.85,3.13,3.13,1.81,1.83,1.84,1.85,1.86,1.86,1.87,1.87,1.88,1.88,3.15,3.15,3.15,3.14,3.14,3.14,3.13,3.13,3.12,3.12,59.89,0.00,1.00,1.00,0.00,0.00,0.00,-1.00,0,None,0,aggregation
160,298.54,remora4,remora8,-5.15,-5.15,-2.84,-2.84,-0.60,-0.60,1.74,1.74,3.80,3.80,5.29,5.29,7.15,7.15,8.93,8.93,10.80,10.80,12.44,12.44,1.89,1.89,1.89,1.89,1.89,1.89,1.88,1.88,1.88,1.87,3.11,3.11,3.10,3.09,3.09,3.08,3.07,3.07,3.06,3.05,64.04,0.00,1.00,1.00,0.00,0.00,0.00,-1.00,0,None,0,aggregation
160,299.54,remora4,remora8,5.48,5.48,7.25,7.25,8.49,8.49,9.72,9.72,11.15,11.15,13.77,13.77,15.16,15.16,16.14,16.14,17.10,17.10,18.21,18.21,1.87,1.87,1.86,1.86,1.85,1.85,1.84,1.83,1.83,1.82,3.05,3.04,3.03,3.02,3.01,3.00,2.99,2.98,2.97,2.97,76.29,0.00,1.00,1.00,0.00,0.00,0.00,-1.00,0,None,0,aggregation
160,300.54,remora4,remora8,12.54,12.54,13.82,13.82,14.83,14.83,15.58,15.58,16.24,16.24,19.28,19.28,20.26,20.26,21.02,21.02,21.60,21.60,22.09,22.09,1.81,1.81,1.80,1.80,1.79,1.79,1.79,1.78,1.78,1.78,2.96,2.95,2.94,2.93,2.92,2.90,2.89,2.88,2.87,2.86,94.02,0.00,1.00,1.00,0.00,0.00,0.00,-1.00,0,None,0,aggregation
160,301.54,remora4,remora8,16.95,16.95,17.70,17.70,18.63,18.63,19.53,19.53,19.93,19.93,22.62,22.62,23.17,23.17,23.85,23.85,24.50,24.50,24.79,24.79,1.78,1.78,1.78,1.78,1.78,1.78,1.78,1.78,1.78,1.79,2.85,2.85,2.84,2.83,2.83,2.82,2.81,2.80,2.79,2.78,115.18,0.00,1.00,1.00,0.00,0.00,0.00,-1.00,0,None,0,aggregation
160,302.54,remora4,remora8,20.21,20.21,20.57,20.57,20.66,20.66,20.89,20.89,21.30,21.30,24.99,24.99,25.25,25.25,25.31,25.31,25.47,25.47,25.76,25.76,1.79,1.79,1.80,1.80,1.81,1.82,1.82,1.83,1.84,1.85,2.77,2.77,2.76,2.75,2.74,2.74,2.73,2.73,2.73,2.72,138.22,0.00,1.00,1.00,0.00,0.00,0.00,-1.00,0,None,0,aggregation
160,303.54,remora4,remora8,21.68,21.68,22.01,22.01,22.16,22.16,22.48,22.48,22.77,22.77,26.02,26.02,26.25,26.25,26.35,26.35,26.57,26.57,26.76,26.76,1.86,1.87,1.88,1.89,1.90,1.92,1.93,1.94,1.96,1.97,2.72,2.72,2.71,2.71,2.71,2.70,2.70,2.70,2.70,2.69,162.53,0.00,1.00,1.00,0.00,0.00,0.00,-1.00,0,None,0,aggregation
160,304.54,remora4,remora8,22.74,22.74,22.87,22.87,23.23,23.23,23.41,23.41,23.46,23.46,26.74,26.74,26.83,26.83,27.07,27.07,27.19,27.19,27.22,27.22,1.99,2.00,2.02,2.04,2.05,2.07,2.09,2.10,2.12,2.14,2.69,2.69,2.69,2.70,2.70,2.70,2.70,2.70,2.70,2.70,181.61,0.00,1.00,1.00,0.00,0.00,0.00,-1.00,0,None,0,aggregation
160,305.54,remora4,remora8,23.45,23.45,23.61,23.61,23.59,23.59,23.72,23.72,23.80,23.80,27.22,27.22,27.32,27.32,27.31,27.31,27.40,27.40,27.44,27.44,2.16,2.18,2.20,2.22,2.24,2.26,2.28,2.30,2.32,2.33,2.70,2.71,2.71,2.72,2.72,2.73,2.73,2.73,2.74,2.74,179.05,0.00,1.00,1.00,0.00,0.00,0.00,-1.00,0,None,0,aggregation
160,306.54,remora4,remora8,23.90,23.90,23.98,23.98,23.90,23.90,23.90,23.90,24.14,24.14,27.51,27.51,27.56,27.56,27.51,27.51,27.51,27.51,27.66,27.66,2.35,2.37,2.40,2.42,2.45,2.47,2.49,2.52,2.54,2.56,2.75,2.76,2.77,2.78,2.79,2.81,2.82,2.84,2.85,2.86,185.80,0.00,1.00,1.00,0.00,0.00,0.00,-1.00,0,None,0,aggregation
160,307.54,remora4,remora8,24.22,24.22,24.26,24.26,24.31,24.31,24.32,24.32,24.46,24.46,27.72,27.72,27.74,27.74,27.77,27.77,27.78,27.78,27.87,27.87,2.59,2.61,2.63,2.65,2.68,2.70,2.73,2.75,2.77,2.79,2.87,2.89,2.90,2.91,2.92,2.94,2.95,2.97,2.98,3.00,205.01,0.00,1.00,1.00,0.00,0.00,0.00,-1.00,0,None,0,aggregation
160,308.54,remora4,remora8,24.50,24.50,24.61,24.61,24.83,24.83,24.86,24.86,25.03,25.03,27.89,27.89,27.96,27.96,28.10,28.10,28.12,28.12,28.22,28.22,2.82,2.84,2.87,2.90,2.92,2.95,2.97,2.99,3.02,3.04,3.02,3.03,3.05,3.06,3.08,3.09,3.11,3.13,3.14,3.16,227.26,0.00,1.00,1.00,0.00,0.00,0.00,-1.00,0,None,0,aggregation
160,309.54,remora4,remora8,25.09,25.09,25.22,25.22,25.32,25.32,25.49,25.49,25.63,25.63,28.26,28.26,28.34,28.34,28.39,28.39,28.50,28.50,28.58,28.58,3.07,3.09,3.11,3.14,3.16,3.19,3.22,3.24,3.27,3.29,3.18,3.19,3.21,3.23,3.25,3.27,3.28,3.30,3.32,3.34,241.90,0.00,0.00,1.00,0.00,0.00,0.00,-1.00,0,None,0,aggregation
160,310.54,remora4,remora8,25.85,25.85,26.11,26.11,26.13,26.13,26.25,26.25,26.45,26.45,28.71,28.71,28.86,28.86,28.87,28.87,28.93,28.93,29.05,29.05,3.31,3.34,3.36,3.38,3.41,3.43,3.45,3.48,3.50,3.52,3.36,3.38,3.40,3.42,3.44,3.46,3.48,3.50,3.52,3.54,251.69,0.00,0.00,1.00,0.00,0.00,0.00,-1.00,0,None,0,aggregation
160,311.54,remora4,remora8,26.59,26.59,26.73,26.73,26.90,26.90,26.98,26.98,27.18,27.18,29.12,29.12,29.20,29.20,29.29,29.29,29.33,29.33,29.43,29.43,3.54,3.56,3.57,3.59,3.60,3.62,3.63,3.65,3.67,3.68,3.56,3.58,3.60,3.62,3.64,3.66,3.68,3.70,3.73,3.75,258.60,0.00,0.00,1.00,0.00,0.00,0.00,-1.00,0,None,0,aggregation
160,312.54,remora4,remora8,27.24,27.24,27.35,27.35,27.45,27.45,27.59,27.59,27.67,27.67,29.46,29.46,29.51,29.51,29.56,29.56,29.63,29.63,29.66,29.66,3.70,3.72,3.73,3.75,3.77,3.79,3.81,3.83,3.85,3.87,3.77,3.79,3.81,3.84,3.86,3.88,3.90,3.93,3.95,3.97,264.07,0.00,0.00,1.00,0.00,0.00,0.00,-1.00,0,None,0,aggregation
160,313.54,remora4,remora8,27.80,27.80,27.92,27.92,28.02,28.02,28.08,28.08,28.18,28.18,29.72,29.72,29.77,29.77,29.82,29.82,29.84,29.84,29.88,29.88,3.89,3.91,3.93,3.95,3.97,3.99,4.01,4.04,4.06,4.08,3.99,4.02,4.04,4.06,4.08,4.11,4.13,4.15,4.18,4.20,268.67,0.00,0.00,1.00,0.00,0.00,0.00,-1.00,0,None,0,aggregation
160,314.54,remora4,remora8,28.20,28.20,28.32,28.32,28.26,28.26,28.29,28.29,28.48,28.48,29.89,29.89,29.93,29.93,29.91,29.91,29.92,29.92,29.99,29.99,4.10,4.13,4.15,4.17,4.20,4.22,4.24,4.27,4.29,4.32,4.23,4.25,4.27,4.30,4.32,4.34,4.37,4.39,4.41,4.44,272.71,0.00,0.00,1.00,0.00,0.00,0.00,-1.00,0,None,0,aggregation
160,315.54,remora4,remora8,28.44,28.44,28.51,28.51,28.53,28.53,28.38,28.38,28.42,28.42,29.97,29.97,30.00,30.00,30.01,30.01,29.95,29.95,29.97,29.97,4.34,4.36,4.39,4.41,4.44,4.47,4.49,4.52,4.54,4.57,4.46,4.49,4.51,4.54,4.56,4.59,4.61,4.63,4.66,4.68,276.44,0.00,0.00,1.00,0.00,0.00,0.00,-1.00,0,None,0,aggregation
160,316.54,remora4,remora8,28.45,28.45,28.36,28.36,28.30,28.30,28.14,28.14,28.07,28.07,29.98,29.98,29.95,29.95,29.92,29.92,29.86,29.86,29.84,29.84,4.59,4.62,4.64,4.67,4.70,4.72,4.75,4.78,4.80,4.83,4.71,4.73,4.76,4.78,4.81,4.83,4.85,4.88,4.90,4.93,279.77,0.00,0.00,1.00,0.00,0.00,0.00,-1.00,0,None,0,aggregation
160,317.54,remora4,remora8,27.96,27.96,27.70,27.70,27.28,27.28,27.24,27.24,26.72,26.72,29.79,29.79,29.68,29.68,29.48,29.48,29.46,29.46,29.19,29.19,4.85,4.88,4.91,4.93,4.96,4.98,5.00,5.03,5.05,5.07,4.95,4.97,5.00,5.02,5.05,5.07,5.10,5.12,5.14,5.17,282.18,0.00,0.00,1.00,0.00,0.00,0.00,-1.00,0,None,0,aggregation
160,318.54,remora4,remora8,26.74,26.74,26.31,26.31,25.80,25.80,25.58,25.58,25.10,25.10,29.21,29.21,28.97,28.97,28.68,28.68,28.55,28.55,28.26,28.26,5.09,5.11,5.13,5.15,5.17,5.19,5.21,5.22,5.24,5.26,5.19,5.21,5.24,5.26,5.28,5.31,5.33,5.35,5.38,5.40,283.09,0.00,0.00,1.00,0.00,0.00,0.00,-1.00,0,None,0,aggregation
160,319.54,remora4,remora8,25.57,25.57,26.01,26.01,26.23,26.23,26.64,26.64,26.93,26.93,28.54,28.54,28.80,28.80,28.92,28.92,29.15,29.15,29.30,29.30,5.28,5.30,5.32,5.34,5.36,5.38,5.39,5.41,5.43,5.45,5.42,5.44,5.47,5.49,5.51,5.54,5.56,5.58,5.61,5.63,283.81,0.00,0.00,1.00,0.00,0.00,0.00,-1.00,0,None,0,aggregation
160,320.54,remora4,remora8,27.22,27.22,27.49,27.49,27.74,27.74,27.99,27.99,28.07,28.07,29.45,29.45,29.58,29.58,29.70,29.70,29.80,29.80,29.83,29.83,5.47,5.49,5.51,5.52,5.54,5.56,5.58,5.60,5.62,5.63,5.65,5.67,5.70,5.72,5.75,5.77,5.79,5.81,5.84,5.86,284.98,0.00,0.00,1.00,0.00,0.00,0.00,-1.00,0,None,0,aggregation
160,321.54,remora4,remora8,0.00,0.00,30.00,30.00,30.00,30.00,30.00,30.00,30.00,30.00,0.00,0.00,30.00,30.00,30.00,30.00,30.00,30.00,30.00,30.00,5.65,5.65,5.66,5.68,5.69,5.71,5.73,5.75,5.77,5.79,5.88,5.88,5.89,5.92,5.94,5.96,5.99,6.01,6.03,6.06,280.90,0.00,0.00,1.00,0.00,0.00,0.00,-1.00,0,None,0,aggregation
160,322.54,remora4,remora8,30.00,30.00,30.00,30.00,30.00,30.00,30.00,30.00,30.00,30.00,30.00,30.00,30.00,30.00,30.00,30.00,30.00,30.00,30.00,30.00,5.81,5.82,5.84,5.86,5.88,5.90,5.92,5.94,5.96,5.98,6.08,6.11,6.13,6.15,6.18,6.20,6.23,6.25,6.28,6.30,282.39,0.00,0.00,1.00,0.00,0.00,0.00,-1.00,0,None,0,aggregation
160,323.54,remora4,remora8,30.00,30.00,30.00,30.00,30.00,30.00,30.00,30.00,30.00,30.00,30.00,30.00,30.00,30.00,30.00,30.00,30.00,30.00,30.00,30.00,5.99,6.01,6.03,6.05,6.07,6.09,6.11,6.13,6.15,6.17,6.33,6.35,6.38,6.40,6.42,6.45,6.47,6.50,6.52,6.55,283.49,0.00,0.00,1.00,0.00,0.00,0.00,-1.00,0,None,0,aggregation
160,324.54,remora4,remora8,0.00,0.00,29.66,29.66,29.69,29.69,29.77,29.77,29.86,29.86,0.00,0.00,30.17,30.17,30.16,30.16,30.14,30.14,30.10,30.10,6.19,6.19,6.20,6.22,6.24,6.26,6.28,6.30,6.32,6.34,6.57,6.57,6.58,6.60,6.63,6.65,6.68,6.70,6.72,6.75,278.33,0.00,0.00,1.00,0.00,0.00,0.00,-1.00,0,None,0,aggregation
160,325.54,remora4,remora8,29.91,29.91,29.96,29.96,30.00,30.00,30.04,30.04,30.07,30.07,30.07,30.07,30.04,30.04,30.00,30.00,29.96,29.96,29.91,29.91,6.36,6.38,6.40,6.42,6.44,6.46,6.48,6.50,6.52,6.54,6.77,6.80,6.82,6.85,6.87,6.90,6.93,6.95,6.98,7.00,279.10,0.00,0.00,1.00,0.00,0.00,0.00,-1.00,0,None,0,aggregation
160,326.54,remora4,remora8,30.09,30.09,30.10,30.10,30.14,30.14,30.15,30.15,30.16,30.16,29.88,29.88,29.86,29.86,29.77,29.77,29.73,29.73,29.69,29.69,6.57,6.59,6.61,6.63,6.65,6.67,6.69,6.70,6.72,6.74,7.03,7.06,7.08,7.11,7.14,7.16,7.18,7.20,7.23,7.25,279.97,0.00,0.00,1.00,0.00,0.00,0.00,-1.00,0,None,0,aggregation
160,327.54,remora4,remora8,30.17,30.17,30.17,30.17,30.18,30.18,30.18,30.18,30.18,30.18,29.66,29.66,29.62,29.62,29.57,29.57,29.53,29.53,29.49,29.49,6.75,6.77,6.78,6.79,6.81,6.82,6.83,6.84,6.85,6.86,7.28,7.30,7.32,7.35,7.37,7.40,7.42,7.44,7.46,7.48,281.40,0.00,0.00,1.00,0.00,0.00,0.00,-1.00,0,None,0,aggregation
160,328.54,remora4,remora8,30.19,30.19,30.18,30.18,30.18,30.18,30.18,30.18,30.18,30.18,29.44,29.44,29.39,29.39,29.39,29.39,29.34,29.34,29.29,29.29,6.87,6.88,6.89,6.90,6.91,6.92,6.92,6.93,6.94,6.94,7.50,7.52,7.55,7.57,7.59,7.62,7.64,7.66,7.68,7.69,283.86,0.00,0.00,1.00,0.00,0.00,0.00,-1.00,0,None,0,aggregation
160,329.54,remora4,remora8,30.17,30.17,30.17,30.17,30.16,30.16,30.16,30.16,30.16,30.16,29.24,29.24,29.24,29.24,29.14,29.14,29.14,29.14,29.14,29.14,6.95,6.95,6.96,6.97,6.97,6.98,6.99,6.99,7.00,7.01,7.71,7.73,7.76,7.78,7.80,7.82,7.85,7.87,7.89,7.91,285.92,0.00,0.00,1.00,0.00,0.00,0.00,-1.00,0,None,0,aggregation
160,330.54,remora4,remora8,30.14,30.14,30.14,30.14,30.14,30.14,30.13,30.13,30.11,30.11,29.02,29.02,29.02,29.02,29.02,29.02,28.96,28.96,28.90,28.90,7.02,7.03,7.04,7.05,7.06,7.07,7.08,7.10,7.11,7.13,7.93,7.95,7.97,7.99,8.02,8.04,8.07,8.09,8.11,8.14,286.79,0.00,0.00,1.00,0.00,0.00,0.00,-1.00,0,None,0,aggregation
160,331.54,remora4,remora8,30.11,30.11,30.11,30.11,30.10,30.10,30.10,30.10,30.10,30.10,28.90,28.90,28.90,28.90,28.84,28.84,28.84,28.84,28.84,28.84,7.14,7.16,7.18,7.20,7.22,7.24,7.27,7.29,7.31,7.34,8.16,8.19,8.21,8.24,8.26,8.28,8.31,8.34,8.37,8.40,292.27,0.00,0.00,1.00,0.00,0.00,0.00,-1.00,0,None,0,aggregation
160,332.54,remora4,remora8,30.10,30.10,30.08,30.08,30.08,30.08,30.08,30.08,30.10,30.10,28.84,28.84,28.78,28.78,28.78,28.78,28.78,28.78,28.84,28.84,7.37,7.40,7.42,7.45,7.49,7.52,7.55,7.58,7.62,7.65,8.43,8.46,8.48,8.51,8.54,8.57,8.61,8.64,8.67,8.70,291.72,0.00,0.00,1.00,0.00,0.00,0.00,-1.00,0,None,0,aggregation
160,333.54,remora4,remora8,30.10,30.10,30.10,30.10,30.10,30.10,30.10,30.10,30.11,30.11,28.84,28.84,28.84,28.84,28.84,28.84,28.84,28.84,28.90,28.90,7.68,7.72,7.76,7.79,7.83,7.87,7.90,7.94,7.98,8.01,8.73,8.76,8.78,8.81,8.84,8.87,8.91,8.94,8.97,9.01,291.19,0.00,0.00,1.00,0.00,0.00,0.00,-1.00,0,None,0,aggregation
160,334.54,remora4,remora8,30.11,30.11,30.11,30.11,30.11,30.11,30.13,30.13,30.13,30.13,28.90,28.90,28.90,28.90,28.90,28.90,28.96,28.96,28.96,28.96,8.05,8.09,8.13,8.17,8.20,8.24,8.28,8.32,8.35,8.39,9.04,9.07,9.11,9.14,9.17,9.20,9.23,9.27,9.30,9.33,296.76,0.00,0.00,1.00,0.00,0.00,0.00,-1.00,0,None,0,aggregation
160,335.54,remora4,remora8,30.14,30.14,30.14,30.14,30.15,30.15,30.15,30.15,30.16,30.16,29.02,29.02,29.02,29.02,29.08,29.08,29.08,29.08,29.14,29.14,8.43,8.47,8.50,8.54,8.58,8.61,8.65,8.69,8.72,8.76,9.36,9.39,9.42,9.18,9.21,9.24,9.28,9.31,9.35,8.76,296.37,0.00,0.00,1.00,0.00,0.00,0.00,-1.00,0,None,0,aggregation
160,252.54,remora4,remora3,0.00,0.00,0.00,0.00,0.00,0.00,0.00,0.00,0.00,0.00,0.00,0.00,0.00,0.00,0.00,0.00,0.00,0.00,0.00,0.00,2.19,2.20,2.22,2.23,2.24,2.26,2.26,2.26,2.26,2.26,5.05,5.05,5.05,5.05,5.05,5.06,5.06,5.06,5.05,5.05,0.00,0.00,1.00,0.00,0.00,0.00,0.00,-1.00,0,None,0,aggregation
160,253.54,remora4,remora3,0.00,0.00,0.00,0.00,0.00,0.00,0.00,0.00,0.00,0.00,0.00,0.00,0.00,0.00,0.00,0.00,0.00,0.00,0.00,0.00,2.25,2.25,2.25,2.26,2.26,2.27,2.28,2.28,2.29,2.30,5.05,5.04,5.05,5.05,5.05,5.05,5.05,5.05,5.05,5.05,0.00,0.00,1.00,0.00,0.00,0.00,0.00,-1.00,0,None,0,aggregation
160,254.54,remora4,remora3,0.00,0.00,0.00,0.00,0.00,0.00,0.00,0.00,0.00,0.00,0.00,0.00,0.00,0.00,0.00,0.00,0.00,0.00,0.00,0.00,2.30,2.31,2.32,2.32,2.31,2.31,2.31,2.32,2.32,2.33,5.06,5.06,5.06,5.06,5.07,5.07,5.07,5.07,5.07,5.08,0.00,0.00,1.00,0.00,0.00,0.00,0.00,-1.00,0,None,0,aggregation
160,255.54,remora4,remora3,0.00,0.00,0.00,0.00,0.00,0.00,0.00,0.00,0.00,0.00,0.00,0.00,0.00,0.00,0.00,0.00,0.00,0.00,0.00,0.00,2.33,2.34,2.35,2.35,2.36,2.35,2.35,2.35,2.35,2.35,5.08,5.08,5.08,5.09,5.09,5.09,5.09,5.09,5.09,5.09,0.00,0.00,1.00,0.00,0.00,0.00,0.00,-1.00,0,None,0,aggregation
160,256.54,remora4,remora3,0.00,0.00,0.00,0.00,0.00,0.00,0.00,0.00,0.00,0.00,0.00,0.00,0.00,0.00,0.00,0.00,0.00,0.00,0.00,0.00,2.36,2.36,2.37,2.37,2.38,2.39,2.39,2.39,2.39,2.40,5.10,5.10,5.10,5.10,5.10,5.10,5.10,5.09,5.09,5.09,0.00,0.00,1.00,0.00,0.00,0.00,0.00,-1.00,0,None,0,aggregation
160,257.54,remora4,remora3,0.00,0.00,0.00,0.00,0.00,0.00,0.00,0.00,0.00,0.00,0.00,0.00,0.00,0.00,0.00,0.00,0.00,0.00,0.00,0.00,2.40,2.41,2.42,2.41,2.41,2.41,2.41,2.41,2.41,2.42,5.09,5.09,5.09,5.09,5.09,5.09,5.09,5.09,5.09,5.09,0.00,0.00,1.00,0.00,0.00,0.00,0.00,-1.00,0,None,0,aggregation
160,258.54,remora4,remora3,0.00,0.00,0.00,0.00,0.00,0.00,0.00,0.00,0.00,0.00,0.00,0.00,0.00,0.00,0.00,0.00,0.00,0.00,0.00,0.00,2.42,2.43,2.43,2.43,2.43,2.42,2.42,2.43,2.43,2.43,5.09,5.08,5.08,5.08,5.08,5.08,5.08,5.08,5.08,5.08,0.00,0.00,1.00,0.00,0.00,0.00,0.00,-1.00,0,None,0,aggregation
160,259.54,remora4,remora3,0.00,0.00,0.00,0.00,0.00,0.00,0.00,0.00,0.00,0.00,0.00,0.00,0.00,0.00,0.00,0.00,0.00,0.00,0.00,0.00,2.44,2.44,2.45,2.45,2.46,2.47,2.48,2.47,2.47,2.46,5.08,5.08,5.08,5.07,5.07,5.07,5.07,5.07,5.07,5.07,0.00,0.00,1.00,0.00,0.00,0.00,0.00,-1.00,0,None,0,aggregation
160,260.54,remora4,remora3,0.00,0.00,0.00,0.00,0.00,0.00,0.00,0.00,0.00,0.00,0.00,0.00,0.00,0.00,0.00,0.00,0.00,0.00,0.00,0.00,2.46,2.47,2.48,2.48,2.49,2.50,2.50,2.49,2.49,2.49,5.06,5.06,5.06,5.06,5.06,5.06,5.05,5.05,5.04,5.04,0.00,0.00,1.00,0.00,0.00,0.00,0.00,-1.00,0,None,0,aggregation
160,261.54,remora4,remora3,0.00,0.00,0.00,0.00,0.00,0.00,0.00,0.00,0.00,0.00,0.00,0.00,0.00,0.00,0.00,0.00,0.00,0.00,0.00,0.00,2.49,2.49,2.49,2.50,2.50,2.51,2.52,2.52,2.53,2.52,5.03,5.03,5.03,5.02,5.02,5.02,5.02,5.01,5.01,5.00,0.00,0.00,1.00,0.00,0.00,0.00,0.00,-1.00,0,None,0,aggregation
160,262.54,remora4,remora3,0.00,0.00,0.00,0.00,0.00,0.00,0.00,0.00,0.00,0.00,0.00,0.00,0.00,0.00,0.00,0.00,0.00,0.00,0.00,0.00,2.52,2.52,2.51,2.52,2.52,2.53,2.54,2.54,2.55,2.56,5.00,4.99,4.98,4.98,4.97,4.97,4.96,4.96,4.96,4.96,0.00,0.00,1.00,0.00,0.00,0.00,0.00,-1.00,0,None,0,aggregation
160,263.54,remora4,remora3,0.00,0.00,-34.29,-34.29,-33.96,-33.96,-33.39,-33.39,-32.68,-31.93,0.00,0.00,-23.83,-23.83,-23.50,-23.50,-22.92,-22.92,-22.22,-21.46,2.56,2.56,2.56,2.58,2.61,2.64,2.67,2.69,2.72,2.75,4.95,4.94,4.95,4.96,4.98,5.00,5.02,5.04,5.06,5.08,22.60,0.00,1.00,0.00,0.00,0.00,0.00,-1.00,0,None,0,aggregation
160,264.54,remora4,remora3,-31.93,-31.93,-30.95,-29.93,-29.93,-29.93,-28.88,-28.88,-27.66,-27.66,-21.46,-21.46,-20.49,-19.46,-19.46,-19.46,-18.42,-18.42,-17.20,-17.20,2.78,2.81,2.84,2.86,2.88,2.90,2.93,2.96,2.98,2.99,5.10,5.12,5.14,5.16,5.17,5.19,5.21,5.22,5.24,5.25,47.14,0.00,1.00,1.00,0.00,0.00,0.00,-1.00,0,None,0,aggregation
160,265.54,remora4,remora3,-26.27,-26.27,-24.96,-24.96,-23.50,-23.50,-22.12,-22.12,-20.42,-20.42,-15.80,-15.80,-14.49,-14.49,-13.03,-13.03,-11.66,-11.66,-9.96,-9.96,3.00,3.01,3.03,3.04,3.06,3.08,3.09,3.11,3.12,3.14,5.26,5.27,5.28,5.29,5.30,5.31,5.32,5.33,5.34,5.34,65.36,0.00,0.00,1.00,0.00,0.00,0.00,-1.00,0,None,0,aggregation
160,266.54,remora4,remora3,-18.69,-18.69,-17.04,-17.04,-15.30,-15.30,-13.52,-13.52,-11.63,-11.63,-8.22,-8.22,-6.58,-6.58,-4.84,-4.84,-3.06,-3.06,-1.16,-1.16,3.15,3.17,3.18,3.18,3.18,3.18,3.19,3.20,3.20,3.21,5.35,5.36,5.36,5.36,5.36,5.36,5.36,5.36,5.36,5.35,75.37,0.00,0.00,1.00,0.00,0.00,0.00,-1.00,0,None,0,aggregation
160,267.54,remora4,remora3,-9.58,-9.58,-7.64,-7.64,-5.64,-5.64,-3.34,-3.34,-1.15,-1.15,0.89,0.89,2.82,2.82,4.82,4.82,6.75,6.75,8.50,8.50,3.22,3.23,3.23,3.23,3.23,3.23,3.23,3.23,3.24,3.24,5.35,5.35,5.35,5.34,5.34,5.33,5.33,5.32,5.31,5.31,77.87,0.00,0.00,1.00,0.00,0.00,0.00,-1.00,0,None,0,aggregation
160,268.54,remora4,remora3,1.13,1.13,3.06,3.06,5.15,5.15,7.00,7.00,8.97,8.97,10.32,10.32,11.85,11.85,13.51,13.51,14.97,14.97,16.51,16.51,3.25,3.26,3.27,3.28,3.29,3.30,3.31,3.31,3.31,3.31,5.30,5.30,5.29,5.29,5.28,5.28,5.28,5.27,5.26,5.26,87.12,0.00,0.00,1.00,0.00,0.00,0.00,-1.00,0,None,0,aggregation
160,269.54,remora4,remora3,10.71,10.71,12.33,12.33,13.75,13.75,15.14,16.64,16.64,17.71,17.87,17.87,19.12,19.12,20.21,20.21,21.26,22.39,22.39,23.18,3.32,3.33,3.35,3.36,3.37,3.38,3.39,3.39,3.41,3.42,5.25,5.25,5.25,5.25,5.25,6.19,6.18,6.17,6.16,6.16,104.29,0.00,0.00,1.00,0.00,0.00,0.00,-1.00,0,None,0,aggregation
160,270.54,remora4,remora3,17.71,17.71,18.89,18.89,19.97,19.97,20.90,20.90,21.80,21.80,23.18,23.18,24.04,24.04,24.82,24.82,25.48,25.48,26.10,26.10,3.44,3.46,3.48,3.50,3.52,3.55,3.57,3.60,3.62,3.64,6.15,6.15,6.15,6.15,6.14,6.14,6.14,6.14,6.14,6.14,126.58,0.00,0.00,1.00,0.00,0.00,0.00,-1.00,0,None,0,aggregation
160,131.54,remora3,remora6,0.00,0.00,0.00,0.00,0.00,0.00,0.00,0.00,0.00,0.00,0.00,0.00,0.00,0.00,0.00,0.00,0.00,0.00,0.00,0.00,1.60,1.60,1.60,1.60,1.60,1.60,1.60,1.60,1.60,1.60,4.95,4.94,4.94,4.94,4.94,4.95,4.95,4.95,4.95,4.95,106.06,0.00,1.00,1.00,0.00,0.00,0.00,-1.00,0,None,0,aggregation
160,132.54,remora3,remora6,0.00,0.00,0.00,0.00,0.00,0.00,0.00,0.00,0.00,0.00,0.00,0.00,0.00,0.00,0.00,0.00,0.00,0.00,0.00,0.00,1.60,1.60,1.60,1.60,1.60,1.60,1.60,1.60,1.60,1.60,4.95,4.96,4.96,4.96,4.96,4.96,4.96,4.96,4.96,4.96,76.69,0.00,1.00,1.00,0.00,0.00,0.00,-1.00,0,None,0,aggregation
160,133.54,remora3,remora6,0.00,0.00,0.00,0.00,0.00,0.00,0.00,0.00,0.00,0.00,0.00,0.00,0.00,0.00,0.00,0.00,0.00,0.00,0.00,0.00,1.60,1.60,1.60,1.60,1.60,1.60,1.60,1.60,1.60,1.60,4.96,4.97,4.97,4.24,4.24,4.24,4.24,4.24,4.24,4.24,47.23,0.00,1.00,1.00,0.00,0.00,0.00,-1.00,0,None,0,aggregation
160,134.54,remora3,remora6,0.00,0.00,0.00,0.00,0.00,0.00,0.00,0.00,0.00,0.00,0.00,0.00,0.00,0.00,0.00,0.00,0.00,0.00,0.00,0.00,1.60,1.60,1.60,1.60,1.60,1.60,1.60,1.60,1.60,1.60,4.22,4.21,4.19,4.18,4.17,4.16,4.15,4.13,4.12,4.11,17.74,0.00,1.00,0.00,0.00,0.00,0.00,-1.00,0,None,0,aggregation
160,135.54,remora3,remora6,0.00,0.00,0.00,0.00,0.00,0.00,0.00,0.00,0.00,0.00,0.00,0.00,0.00,0.00,0.00,0.00,0.00,0.00,0.00,0.00,1.60,1.60,1.60,1.60,1.60,1.60,1.60,1.60,1.60,1.60,4.10,4.08,4.07,4.06,4.05,4.04,4.02,4.01,4.00,3.99,0.00,0.00,1.00,0.00,0.00,0.00,0.00,-1.00,0,None,0,aggregation
160,136.54,remora3,remora6,0.00,0.00,0.00,0.00,0.00,0.00,0.00,0.00,0.00,0.00,0.00,0.00,0.00,0.00,0.00,0.00,0.00,0.00,0.00,0.00,1.60,1.60,1.60,1.60,1.60,1.60,1.60,1.60,1.60,1.60,3.97,3.96,3.95,3.94,3.93,3.91,3.90,3.89,3.88,3.87,0.00,0.00,1.00,0.00,0.00,0.00,0.00,-1.00,0,None,0,aggregation
160,137.54,remora3,remora6,0.00,0.00,0.00,0.00,0.00,0.00,0.00,0.00,0.00,0.00,0.00,0.00,0.00,0.00,0.00,0.00,0.00,0.00,0.00,0.00,1.60,1.60,1.60,1.60,1.60,1.60,1.60,1.60,1.60,1.60,3.86,3.84,3.83,3.82,3.81,3.80,3.79,3.78,3.77,3.76,0.00,0.00,1.00,0.00,0.00,0.00,0.00,-1.00,0,None,0,aggregation
160,138.54,remora3,remora6,0.00,0.00,0.00,0.00,0.00,0.00,0.00,0.00,0.00,0.00,0.00,0.00,0.00,0.00,0.00,0.00,0.00,0.00,0.00,0.00,1.60,1.60,1.60,1.60,1.60,1.60,1.60,1.60,1.60,1.60,3.75,3.73,3.72,3.71,3.70,3.70,3.69,3.68,3.67,3.66,0.00,0.00,1.00,0.00,0.00,0.00,0.00,-1.00,0,None,0,aggregation
160,139.54,remora3,remora6,0.00,0.00,0.00,0.00,0.00,0.00,0.00,0.00,0.00,0.00,0.00,0.00,0.00,0.00,0.00,0.00,0.00,0.00,0.00,0.00,1.60,1.60,1.60,1.60,1.60,1.60,1.60,1.60,1.60,1.60,3.65,3.64,3.63,3.62,3.62,3.61,3.60,3.59,3.59,3.58,0.00,0.00,1.00,0.00,0.00,0.00,0.00,-1.00,0,None,0,aggregation
160,140.54,remora3,remora6,0.00,0.00,0.00,0.00,0.00,0.00,0.00,0.00,0.00,0.00,0.00,0.00,0.00,0.00,0.00,0.00,0.00,0.00,0.00,0.00,1.60,1.60,1.60,1.60,1.60,1.60,1.60,1.60,1.60,1.60,3.57,3.56,3.56,3.55,3.54,3.54,3.53,3.53,3.52,3.51,0.00,0.00,1.00,0.00,0.00,0.00,0.00,-1.00,0,None,0,aggregation
160,141.54,remora3,remora6,0.00,0.00,0.00,0.00,0.00,0.00,0.00,0.00,0.00,0.00,0.00,0.00,0.00,0.00,0.00,0.00,0.00,0.00,0.00,0.00,1.60,1.60,1.60,1.60,1.60,1.60,1.60,1.60,1.60,1.60,3.51,3.50,3.50,3.49,3.49,3.48,3.48,3.47,3.47,3.46,0.00,0.00,1.00,0.00,0.00,0.00,0.00,-1.00,0,None,0,aggregation
160,142.54,remora3,remora6,0.00,0.00,0.00,0.00,0.00,0.00,0.00,0.00,0.00,0.00,0.00,0.00,0.00,0.00,0.00,0.00,0.00,0.00,0.00,0.00,1.60,1.60,1.60,1.60,1.60,1.60,1.60,1.60,1.60,1.60,3.46,3.46,3.45,3.45,3.45,3.44,3.44,3.44,3.43,3.43,0.00,0.00,1.00,0.00,0.00,0.00,0.00,-1.00,0,None,0,aggregation
160,143.54,remora3,remora6,0.00,0.00,0.00,0.00,0.00,0.00,0.00,0.00,0.00,0.00,0.00,0.00,0.00,0.00,0.00,0.00,0.00,0.00,0.00,0.00,1.60,1.60,1.60,1.62,1.63,1.65,1.67,1.69,1.71,1.73,3.43,3.43,3.43,3.43,3.44,3.45,3.46,3.47,3.48,3.49,0.00,0.00,1.00,0.00,0.00,0.00,0.00,-1.00,0,None,0,aggregation
160,144.54,remora3,remora6,0.00,0.00,0.00,0.00,0.00,0.00,0.00,0.00,0.00,0.00,0.00,0.00,0.00,0.00,0.00,0.00,0.00,0.00,0.00,0.00,1.75,1.78,1.80,1.82,1.84,1.87,1.89,1.91,5.25,5.26,3.50,3.51,3.52,3.53,3.54,3.56,3.57,3.58,5.25,5.26,0.00,0.00,1.00,0.00,0.00,0.00,0.00,-1.00,0,None,0,aggregation
160,145.54,remora3,remora6,0.00,0.00,0.00,0.00,0.00,0.00,0.00,0.00,0.00,0.00,0.00,0.00,0.00,0.00,0.00,0.00,0.00,0.00,0.00,0.00,5.26,5.26,5.27,5.27,5.27,5.28,5.28,5.29,5.29,5.30,5.26,5.26,5.27,5.27,5.27,5.28,5.28,5.29,5.29,5.30,0.00,0.00,0.00,0.00,0.00,0.00,0.00,-1.00,0,None,0,aggregation
160,146.54,remora3,remora6,-35.22,-35.22,-35.16,-35.16,-34.91,-34.91,-34.49,-34.49,-33.95,-33.95,-24.75,-24.75,-24.69,-24.69,-24.45,-24.45,-24.02,-24.02,-23.49,-23.49,5.31,5.33,5.35,5.37,5.39,5.41,5.43,5.46,5.48,5.50,5.31,5.33,5.35,5.37,5.39,5.41,5.43,5.46,5.48,5.50,29.51,0.00,0.00,0.00,0.00,0.00,0.00,-1.00,0,None,0,aggregation
160,147.54,remora3,remora6,-33.20,-33.20,-32.38,-32.38,-31.52,-31.52,-30.45,-30.45,-29.25,-29.25,-22.74,-22.74,-21.91,-21.91,-21.06,-21.06,-19.98,-19.98,-18.79,-18.79,5.52,5.55,5.57,5.59,5.62,5.64,5.66,5.69,5.71,5.73,5.52,5.55,5.57,5.59,5.62,5.64,5.66,5.69,5.71,5.73,55.64,0.00,0.00,1.00,0.00,0.00,0.00,-1.00,0,None,0,aggregation
160,148.54,remora3,remora6,-28.08,-28.08,-26.67,-26.67,-25.31,-25.31,-23.87,-23.87,-22.35,-22.35,-17.61,-17.61,-16.20,-16.20,-14.84,-14.84,-13.40,-13.40,-11.89,-11.89,5.76,5.78,5.80,5.82,5.84,5.86,5.89,5.90,5.92,5.94,5.76,5.78,5.80,5.82,5.84,5.86,5.89,5.90,5.92,5.94,75.66,0.00,0.00,1.00,0.00,0.00,0.00,-1.00,0,None,0,aggregation
160,177.54,remora3,remora6,30.00,30.00,30.00,30.00,30.00,30.00,30.00,30.00,-1.26,-1.26,30.00,30.00,30.00,30.00,30.00,30.00,30.00,30.00,-16.96,-16.96,6.72,6.73,6.73,6.74,6.74,6.75,6.76,6.76,6.77,6.77,6.72,6.73,6.73,6.74,6.74,6.75,6.76,6.76,6.77,6.77,295.82,0.00,0.00,1.00,0.00,0.00,0.00,-1.00,0,None,0,aggregation
160,178.54,remora3,remora6,-1.07,-1.07,-0.57,-0.57,0.02,0.02,0.69,0.69,1.45,1.45,-16.77,-16.77,-16.27,-16.27,-15.68,-15.68,-15.00,-15.00,-14.25,-14.25,6.77,6.77,6.76,6.77,6.77,6.77,6.77,6.77,6.77,6.77,6.77,6.77,6.76,6.77,6.77,6.77,6.77,6.77,6.77,6.77,273.57,0.00,0.00,1.00,0.00,0.00,0.00,-1.00,0,None,0,aggregation
160,179.54,remora3,remora6,2.26,2.26,-19.76,-19.76,-18.15,-18.15,-16.64,-16.64,-15.15,-15.15,-13.43,-13.43,-30.22,-30.22,-28.61,-28.61,-27.10,-27.10,-25.62,-25.62,6.78,4.90,4.86,4.81,4.77,4.72,4.67,4.62,4.58,4.53,6.78,5.84,5.82,5.81,5.79,5.77,5.76,5.74,5.73,5.71,262.81,0.00,0.00,1.00,0.00,0.00,0.00,-1.00,0,None,0,aggregation
160,180.54,remora3,remora6,-13.57,-13.57,-11.72,-11.72,-9.95,-9.95,-8.11,-8.11,-6.01,-6.01,-24.03,-24.03,-22.18,-22.18,-20.41,-20.41,-18.57,-18.57,-16.47,-16.47,4.49,4.45,4.41,4.36,4.32,4.28,4.25,4.21,4.17,4.13,5.70,5.69,5.67,5.66,5.65,5.64,5.62,5.61,5.60,5.59,247.91,0.00,0.00,1.00,0.00,0.00,0.00,-1.00,0,None,0,aggregation
160,181.54,remora3,remora6,-3.84,-3.84,-1.82,-1.82,0.23,0.23,2.31,2.31,4.39,4.39,-14.30,-14.30,-12.29,-12.29,-10.24,-10.24,-8.16,-8.16,-6.07,-6.07,4.10,4.06,4.03,4.00,3.96,3.93,3.90,3.87,3.83,3.80,5.58,5.57,5.56,5.54,5.53,5.52,5.51,5.50,5.48,5.47,222.89,0.00,0.00,1.00,0.00,0.00,0.00,-1.00,0,None,0,aggregation
160,182.54,remora3,remora6,6.35,6.35,8.20,8.20,9.86,9.86,11.32,11.32,12.93,12.93,-3.84,-3.84,-1.52,-1.52,0.56,0.56,2.39,2.39,4.42,4.42,3.77,3.74,3.71,3.68,3.65,3.61,3.58,3.55,3.52,3.49,5.45,5.44,5.42,5.41,5.39,5.37,5.35,5.33,5.32,5.30,197.95,0.00,0.00,1.00,0.00,0.00,0.00,-1.00,0,None,0,aggregation
160,183.54,remora3,remora6,14.16,14.16,15.36,15.36,16.54,16.54,17.69,17.69,18.65,18.65,5.97,5.97,7.50,7.50,9.01,9.01,10.48,10.48,11.72,11.72,3.45,3.42,3.39,3.36,3.32,3.29,3.25,3.22,3.18,3.14,5.28,5.25,5.23,5.21,5.19,5.17,5.14,5.12,5.10,5.07,180.66,0.00,0.00,1.00,0.00,0.00,0.00,-1.00,0,None,0,aggregation
160,184.54,remora3,remora6,19.42,19.42,20.03,20.03,20.92,20.92,21.49,21.49,22.05,22.05,12.73,12.73,13.52,13.52,14.69,14.69,15.45,15.45,16.19,16.19,3.11,3.07,3.03,3.00,2.96,2.92,2.88,2.84,2.80,2.76,5.05,5.02,5.00,4.97,4.95,4.92,4.89,4.87,4.84,4.82,168.31,0.00,1.00,1.00,0.00,0.00,0.00,-1.00,0,None,0,aggregation
160,185.54,remora3,remora6,22.46,22.46,23.00,23.00,23.39,23.39,23.89,23.89,24.14,24.14,16.74,16.74,17.46,17.46,17.99,17.99,18.68,18.68,19.02,19.02,2.72,2.68,2.64,2.60,2.55,2.51,2.47,2.43,2.38,2.34,4.79,4.76,4.74,4.71,4.68,4.65,4.63,4.60,4.57,4.55,158.99,0.00,1.00,1.00,0.00,0.00,0.00,-1.00,0,None,0,aggregation
160,186.54,remora3,remora6,24.50,24.50,24.62,24.62,24.85,24.85,25.08,25.08,25.20,25.20,19.52,19.52,19.69,19.69,20.02,20.02,20.34,20.34,20.50,20.50,2.30,2.25,2.21,2.17,2.12,2.08,2.03,1.99,1.95,1.90,4.52,4.49,4.47,4.44,4.41,4.39,4.36,4.33,4.31,4.28,151.42,0.00,1.00,1.00,0.00,0.00,0.00,-1.00,0,None,0,aggregation
160,187.54,remora3,remora6,25.31,25.31,25.42,25.42,25.53,25.53,0.00,0.00,0.00,0.00,20.66,20.66,20.81,20.81,20.97,20.97,0.00,0.00,0.00,0.00,1.86,1.81,1.77,1.72,1.68,1.64,1.61,1.60,1.60,1.60,4.25,4.23,4.20,4.18,4.15,4.13,4.11,4.11,4.11,4.11,139.47,0.00,1.00,1.00,0.00,0.00,0.00,-1.00,0,None,0,aggregation
160,188.54,remora3,remora6,0.00,0.00,0.00,0.00,0.00,0.00,0.00,0.00,0.00,0.00,0.00,0.00,0.00,0.00,0.00,0.00,0.00,0.00,0.00,0.00,1.60,1.60,1.60,1.61,1.61,1.61,1.60,1.60,1.60,1.60,4.11,4.11,4.11,4.11,4.11,4.11,4.11,4.11,4.11,4.11,131.72,0.00,1.00,1.00,0.00,0.00,0.00,-1.00,0,None,0,aggregation
160,189.54,remora3,remora6,0.00,0.00,0.00,0.00,0.00,0.00,0.00,0.00,0.00,0.00,0.00,0.00,0.00,0.00,0.00,0.00,0.00,0.00,0.00,0.00,1.60,1.60,1.60,1.60,1.60,1.60,1.60,1.60,1.60,1.60,4.11,4.11,4.11,4.11,4.11,4.11,4.11,4.11,4.11,4.11,112.48,0.00,1.00,1.00,0.00,0.00,0.00,-1.00,0,None,0,aggregation
160,190.54,remora3,remora6,0.00,0.00,0.00,0.00,0.00,0.00,0.00,0.00,0.00,0.00,0.00,0.00,0.00,0.00,0.00,0.00,0.00,0.00,0.00,0.00,1.60,1.60,1.60,1.60,1.60,1.60,1.60,1.60,1.60,1.60,4.11,4.11,4.11,4.11,4.11,4.11,4.11,4.11,4.11,4.11,97.38,0.00,1.00,1.00,0.00,0.00,0.00,-1.00,0,None,0,aggregation
160,191.54,remora3,remora6,0.00,0.00,0.00,0.00,0.00,0.00,0.00,0.00,0.00,0.00,0.00,0.00,0.00,0.00,0.00,0.00,0.00,0.00,0.00,0.00,1.60,1.60,1.60,1.60,1.60,1.60,1.60,1.60,1.60,1.60,4.11,4.11,4.11,4.11,4.11,4.11,4.11,4.11,5.28,5.27,92.40,0.00,1.00,1.00,0.00,0.00,0.00,-1.00,0,None,0,aggregation
160,192.54,remora3,remora6,0.00,0.00,0.00,0.00,0.00,0.00,0.00,0.00,0.00,0.00,0.00,0.00,0.00,0.00,0.00,0.00,0.00,0.00,0.00,0.00,1.61,1.61,1.61,1.61,1.61,1.61,1.61,1.61,1.61,1.61,5.27,5.26,5.25,5.25,5.24,5.23,5.23,5.22,5.21,5.21,87.33,0.00,1.00,1.00,0.00,0.00,0.00,-1.00,0,None,0,aggregation
160,193.54,remora3,remora6,0.00,0.00,0.00,0.00,0.00,0.00,0.00,0.00,0.00,0.00,0.00,0.00,0.00,0.00,0.00,0.00,0.00,0.00,0.00,0.00,1.61,1.61,1.61,1.61,1.61,1.61,1.61,1.61,1.61,1.61,5.20,5.19,5.19,5.18,5.17,5.17,5.16,5.15,5.15,5.14,74.63,0.00,1.00,1.00,0.00,0.00,0.00,-1.00,0,None,0,aggregation
160,194.54,remora3,remora6,0.00,0.00,0.00,0.00,0.00,0.00,0.00,0.00,0.00,0.00,0.00,0.00,0.00,0.00,0.00,0.00,0.00,0.00,0.00,0.00,1.61,1.61,1.61,1.61,1.61,1.61,1.61,1.61,1.61,1.61,5.14,5.13,5.12,5.12,5.11,5.10,5.10,5.09,5.09,5.08,56.98,0.00,1.00,1.00,0.00,0.00,0.00,-1.00,0,None,0,aggregation
160,195.54,remora3,remora6,0.00,0.00,0.00,0.00,0.00,0.00,0.00,0.00,0.00,0.00,0.00,0.00,0.00,0.00,0.00,0.00,0.00,0.00,0.00,0.00,1.61,1.61,1.61,1.61,1.61,1.61,1.61,1.61,1.61,1.61,5.07,5.07,5.06,5.06,5.05,5.04,5.04,5.03,5.03,5.02,36.30,0.00,1.00,0.00,0.00,0.00,0.00,-1.00,0,None,0,aggregation
160,196.54,remora3,remora6,0.00,0.00,0.00,0.00,0.00,0.00,0.00,0.00,0.00,0.00,0.00,0.00,0.00,0.00,0.00,0.00,0.00,0.00,0.00,0.00,1.61,1.61,1.61,1.61,1.61,1.61,1.61,1.61,1.61,1.61,5.01,5.01,5.00,5.00,4.99,4.99,4.98,4.97,4.97,4.96,13.87,0.00,1.00,0.00,0.00,0.00,0.00,-1.00,0,None,0,aggregation
160,197.54,remora3,remora6,0.00,0.00,0.00,0.00,0.00,0.00,0.00,0.00,0.00,0.00,0.00,0.00,0.00,0.00,0.00,0.00,0.00,0.00,0.00,0.00,1.61,1.61,1.61,1.61,1.61,1.61,1.61,1.61,1.61,1.61,4.96,4.95,4.95,4.94,4.94,4.93,4.93,4.92,4.92,4.91,0.00,0.00,1.00,0.00,0.00,0.00,0.00,-1.00,0,None,0,aggregation
160,198.54,remora3,remora6,0.00,0.00,0.00,0.00,0.00,0.00,0.00,0.00,0.00,0.00,0.00,0.00,0.00,0.00,0.00,0.00,0.00,0.00,0.00,0.00,1.61,1.61,1.61,1.61,1.61,1.61,1.61,1.61,1.61,1.61,4.91,4.90,4.89,4.89,4.88,4.88,4.88,4.87,4.87,4.86,0.00,0.00,1.00,0.00,0.00,0.00,0.00,-1.00,0,None,0,aggregation
160,199.54,remora3,remora6,0.00,0.00,0.00,0.00,0.00,0.00,0.00,0.00,0.00,0.00,0.00,0.00,0.00,0.00,0.00,0.00,0.00,0.00,0.00,0.00,1.61,1.61,1.61,1.61,1.61,1.61,1.61,1.61,1.61,1.61,4.86,4.85,4.85,4.84,4.84,4.83,4.83,4.82,4.82,4.81,0.00,0.00,1.00,0.00,0.00,0.00,0.00,-1.00,0,None,0,aggregation
160,200.54,remora3,remora6,0.00,0.00,0.00,0.00,0.00,0.00,0.00,0.00,0.00,0.00,0.00,0.00,0.00,0.00,0.00,0.00,0.00,0.00,0.00,0.00,1.62,1.62,1.62,1.62,1.62,1.62,1.62,1.62,1.62,1.62,4.81,4.81,4.80,4.80,4.79,4.79,4.78,4.46,4.45,4.44,0.00,0.00,1.00,0.00,0.00,0.00,0.00,-1.00,0,None,0,aggregation
160,201.54,remora3,remora6,0.00,0.00,0.00,0.00,0.00,0.00,0.00,0.00,0.00,0.00,0.00,0.00,0.00,0.00,0.00,0.00,0.00,0.00,0.00,0.00,1.62,1.62,1.62,1.62,1.62,1.62,1.62,1.62,1.62,1.62,4.43,4.42,4.41,4.40,4.39,4.38,4.37,4.36,4.35,4.34,0.00,0.00,1.00,0.00,0.00,0.00,0.00,-1.00,0,None,0,aggregation
160,202.54,remora3,remora6,0.00,0.00,0.00,0.00,0.00,0.00,0.00,0.00,0.00,0.00,0.00,0.00,0.00,0.00,0.00,0.00,0.00,0.00,0.00,0.00,1.62,1.62,1.62,1.62,1.62,1.62,1.62,1.62,1.62,1.62,4.33,4.32,4.31,4.30,4.29,4.28,4.27,4.26,4.25,4.24,0.00,0.00,1.00,0.00,0.00,0.00,0.00,-1.00,0,None,0,aggregation
160,203.54,remora3,remora6,0.00,0.00,0.00,0.00,0.00,0.00,0.00,0.00,0.00,0.00,0.00,0.00,0.00,0.00,0.00,0.00,0.00,0.00,0.00,0.00,1.62,1.62,1.62,1.62,1.62,1.62,1.62,1.62,1.62,1.62,4.23,4.21,4.21,4.20,4.20,4.20,4.19,4.19,4.18,4.18,0.00,0.00,1.00,0.00,0.00,0.00,0.00,-1.00,0,None,0,aggregation
160,204.54,remora3,remora6,0.00,0.00,0.00,0.00,0.00,0.00,0.00,0.00,0.00,0.00,0.00,0.00,0.00,0.00,0.00,0.00,0.00,0.00,0.00,0.00,1.62,1.62,1.62,1.62,1.62,1.62,1.62,1.62,1.62,1.62,4.17,4.17,4.16,4.16,4.15,4.15,4.14,4.14,4.13,4.13,0.00,0.00,1.00,0.00,0.00,0.00,0.00,-1.00,0,None,0,aggregation
160,205.54,remora3,remora6,0.00,0.00,0.00,0.00,0.00,0.00,0.00,0.00,0.00,0.00,0.00,0.00,0.00,0.00,0.00,0.00,0.00,0.00,0.00,0.00,1.62,1.62,1.62,1.62,1.62,1.62,1.62,1.62,1.62,1.62,4.13,4.12,4.12,4.11,4.11,4.11,4.11,4.10,4.10,4.10,0.00,0.00,1.00,0.00,0.00,0.00,0.00,-1.00,0,None,0,aggregation
160,206.54,remora3,remora6,0.00,0.00,0.00,0.00,0.00,0.00,0.00,0.00,0.00,0.00,0.00,0.00,0.00,0.00,0.00,0.00,0.00,0.00,0.00,0.00,1.62,1.62,1.63,1.63,1.63,1.63,1.63,1.63,1.63,1.63,4.10,4.10,4.10,4.10,4.10,4.10,4.10,4.10,4.10,4.10,0.00,0.00,1.00,0.00,0.00,0.00,0.00,-1.00,0,None,0,aggregation
160,207.54,remora3,remora6,0.00,0.00,0.00,0.00,0.00,0.00,0.00,0.00,0.00,0.00,0.00,0.00,0.00,0.00,0.00,0.00,0.00,0.00,0.00,0.00,1.63,1.63,1.63,1.63,1.63,1.63,1.63,1.63,1.63,1.63,4.11,4.11,4.11,4.12,4.12,4.13,4.13,4.14,4.14,4.15,0.00,0.00,1.00,0.00,0.00,0.00,0.00,-1.00,0,None,0,aggregation
160,208.54,remora3,remora6,0.00,0.00,0.00,0.00,0.00,0.00,0.00,0.00,0.00,0.00,0.00,0.00,0.00,0.00,0.00,0.00,0.00,0.00,0.00,0.00,1.63,1.63,1.63,1.63,1.63,1.63,1.63,1.63,1.63,1.63,4.15,4.16,4.17,4.17,4.18,4.19,4.19,4.20,4.21,4.21,0.00,0.00,1.00,0.00,0.00,0.00,0.00,-1.00,0,None,0,aggregation
160,209.54,remora3,remora6,0.00,0.00,0.00,0.00,0.00,0.00,0.00,0.00,0.00,0.00,0.00,0.00,0.00,0.00,0.00,0.00,0.00,0.00,0.00,0.00,1.63,1.63,1.63,1.63,1.63,1.63,1.63,1.63,1.63,1.63,4.22,4.23,4.24,4.24,4.25,4.26,4.27,4.27,4.28,4.29,0.00,0.00,1.00,0.00,0.00,0.00,0.00,-1.00,0,None,0,aggregation
160,210.54,remora3,remora6,0.00,0.00,0.00,0.00,0.00,0.00,0.00,0.00,0.00,0.00,0.00,0.00,0.00,0.00,0.00,0.00,0.00,0.00,0.00,0.00,1.63,1.63,1.63,1.63,1.63,1.63,1.63,1.63,1.63,1.63,4.29,4.30,4.31,4.32,4.33,4.33,4.34,4.35,4.36,4.36,0.00,0.00,1.00,0.00,0.00,0.00,0.00,-1.00,0,None,0,aggregation
160,211.54,remora3,remora6,0.00,0.00,0.00,0.00,0.00,0.00,0.00,0.00,0.00,0.00,0.00,0.00,0.00,0.00,0.00,0.00,0.00,0.00,0.00,0.00,1.63,1.63,1.63,1.63,1.63,1.63,1.63,1.63,1.63,1.63,4.37,4.38,4.39,4.40,4.41,4.41,4.42,4.43,4.44,4.45,0.00,0.00,1.00,0.00,0.00,0.00,0.00,-1.00,0,None,0,aggregation
160,212.54,remora3,remora6,0.00,0.00,0.00,0.00,0.00,0.00,0.00,0.00,0.00,0.00,0.00,0.00,0.00,0.00,0.00,0.00,0.00,0.00,0.00,0.00,1.63,1.63,1.63,1.63,1.63,1.63,1.63,1.63,1.63,1.63,4.46,4.47,4.47,4.48,4.49,4.50,4.51,4.52,4.53,4.54,0.00,0.00,1.00,0.00,0.00,0.00,0.00,-1.00,0,None,0,aggregation
160,213.54,remora3,remora6,0.00,0.00,0.00,0.00,0.00,0.00,0.00,0.00,0.00,0.00,0.00,0.00,0.00,0.00,0.00,0.00,0.00,0.00,0.00,0.00,1.63,1.63,1.63,1.63,1.63,1.63,1.63,1.63,1.63,1.63,4.55,4.56,4.57,4.58,4.59,4.60,4.61,4.62,4.63,4.64,0.00,0.00,1.00,0.00,0.00,0.00,0.00,-1.00,0,None,0,aggregation
160,214.54,remora3,remora6,0.00,0.00,0.00,0.00,0.00,0.00,0.00,0.00,0.00,0.00,0.00,0.00,0.00,0.00,0.00,0.00,0.00,0.00,0.00,0.00,1.63,1.63,1.63,1.63,1.63,1.63,1.63,1.63,1.63,1.63,4.65,4.66,4.68,4.69,4.70,4.71,4.72,4.73,4.74,4.76,0.00,0.00,1.00,0.00,0.00,0.00,0.00,-1.00,0,None,0,aggregation
160,215.54,remora3,remora6,0.00,0.00,0.00,0.00,0.00,0.00,0.00,0.00,0.00,0.00,0.00,0.00,0.00,0.00,0.00,0.00,0.00,0.00,0.00,0.00,1.63,1.63,1.63,1.63,1.63,1.63,1.63,1.63,1.63,1.63,4.77,4.78,4.79,4.80,4.81,4.83,4.84,4.85,4.86,4.87,0.00,0.00,1.00,0.00,0.00,0.00,0.00,-1.00,0,None,0,aggregation
160,216.54,remora3,remora6,0.00,0.00,0.00,0.00,0.00,0.00,0.00,0.00,0.00,0.00,0.00,0.00,0.00,0.00,0.00,0.00,0.00,0.00,0.00,0.00,1.63,1.63,1.63,1.63,1.63,1.63,1.63,1.63,1.63,1.63,4.89,4.90,4.91,4.92,4.94,4.95,4.96,4.98,4.99,5.00,0.00,0.00,1.00,0.00,0.00,0.00,0.00,-1.00,0,None,0,aggregation
160,217.54,remora3,remora6,0.00,0.00,0.00,0.00,0.00,0.00,0.00,0.00,0.00,0.00,0.00,0.00,0.00,0.00,0.00,0.00,0.00,0.00,0.00,0.00,1.63,1.63,1.63,1.63,1.63,1.63,1.63,1.63,1.63,1.63,5.01,5.03,5.04,5.05,5.07,5.08,5.09,5.11,5.12,5.13,0.00,0.00,1.00,0.00,0.00,0.00,0.00,-1.00,0,None,0,aggregation
160,218.54,remora3,remora6,0.00,0.00,0.00,0.00,0.00,0.00,0.00,0.00,0.00,0.00,0.00,0.00,0.00,0.00,0.00,0.00,0.00,0.00,0.00,0.00,1.63,1.63,1.63,1.63,1.63,1.63,1.63,1.63,1.63,1.63,5.14,5.16,5.17,5.18,5.20,5.21,5.23,5.24,5.25,5.27,0.00,0.00,1.00,0.00,0.00,0.00,0.00,-1.00,0,None,0,aggregation
160,219.54,remora3,remora6,0.00,0.00,0.00,0.00,0.00,0.00,0.00,0.00,0.00,0.00,0.00,0.00,0.00,0.00,0.00,0.00,0.00,0.00,0.00,0.00,1.63,1.63,1.63,1.63,1.63,1.63,1.63,1.63,1.63,1.63,5.28,6.23,6.24,6.24,6.25,6.25,6.26,6.26,6.27,6.27,0.00,0.00,1.00,0.00,0.00,0.00,0.00,-1.00,0,None,0,aggregation
160,220.54,remora3,remora6,0.00,0.00,0.00,0.00,0.00,0.00,0.00,0.00,0.00,0.00,0.00,0.00,0.00,0.00,0.00,0.00,0.00,0.00,0.00,0.00,1.63,1.63,1.63,1.63,1.63,1.63,1.63,1.63,1.63,1.63,5.34,5.34,5.34,5.34,5.34,5.34,5.34,5.34,5.34,5.34,0.00,0.00,1.00,0.00,0.00,0.00,0.00,-1.00,0,None,0,aggregation
160,221.54,remora3,remora6,0.00,0.00,0.00,0.00,0.00,0.00,0.00,0.00,0.00,0.00,0.00,0.00,0.00,0.00,0.00,0.00,0.00,0.00,0.00,0.00,1.63,1.63,1.63,1.63,1.63,1.63,1.63,1.63,1.63,1.63,5.33,5.33,5.33,5.33,5.33,5.33,5.33,5.33,5.33,5.33,0.00,0.00,1.00,0.00,0.00,0.00,0.00,-1.00,0,None,0,aggregation
160,222.54,remora3,remora6,0.00,0.00,0.00,0.00,0.00,0.00,0.00,0.00,0.00,0.00,0.00,0.00,0.00,0.00,0.00,0.00,0.00,0.00,0.00,0.00,1.63,1.64,1.64,1.64,1.64,1.64,1.64,1.64,1.64,1.64,5.33,5.33,5.32,5.32,5.32,5.32,5.32,5.32,5.32,5.32,0.00,0.00,1.00,0.00,0.00,0.00,0.00,-1.00,0,None,0,aggregation
160,223.54,remora3,remora6,0.00,0.00,0.00,0.00,0.00,0.00,0.00,0.00,0.00,0.00,0.00,0.00,0.00,0.00,0.00,0.00,0.00,0.00,0.00,0.00,1.64,1.64,1.64,1.64,1.64,1.64,1.64,1.64,1.64,1.64,5.32,5.32,5.32,5.32,5.31,5.31,5.31,5.32,5.33,5.33,0.00,0.00,1.00,0.00,0.00,0.00,0.00,-1.00,0,None,0,aggregation
160,224.54,remora3,remora6,0.00,0.00,0.00,0.00,0.00,0.00,0.00,0.00,0.00,0.00,0.00,0.00,0.00,0.00,0.00,0.00,0.00,0.00,0.00,0.00,1.64,1.64,1.64,1.64,1.64,1.64,1.64,1.64,1.64,1.64,5.34,5.34,5.35,5.35,5.36,5.37,5.37,5.38,5.38,5.38,0.00,0.00,1.00,0.00,0.00,0.00,0.00,-1.00,0,None,0,aggregation
160,225.54,remora3,remora6,0.00,0.00,0.00,0.00,0.00,0.00,0.00,0.00,0.00,0.00,0.00,0.00,0.00,0.00,0.00,0.00,0.00,0.00,0.00,0.00,1.64,1.64,1.64,1.64,1.64,1.64,1.64,1.64,1.64,1.64,5.39,5.39,5.40,5.40,5.40,5.41,5.41,5.41,5.42,5.42,0.00,0.00,1.00,0.00,0.00,0.00,0.00,-1.00,0,None,0,aggregation
160,226.54,remora3,remora6,0.00,0.00,0.00,0.00,0.00,0.00,0.00,0.00,0.00,0.00,0.00,0.00,0.00,0.00,0.00,0.00,0.00,0.00,0.00,0.00,1.64,1.64,1.64,1.64,1.64,1.64,1.64,1.64,1.64,1.64,5.42,5.42,5.42,5.43,5.43,5.43,5.43,5.43,5.43,5.43,0.00,0.00,1.00,0.00,0.00,0.00,0.00,-1.00,0,None,0,aggregation
160,227.54,remora3,remora6,0.00,0.00,0.00,0.00,0.00,0.00,0.00,0.00,0.00,0.00,0.00,0.00,0.00,0.00,0.00,0.00,0.00,0.00,0.00,0.00,1.64,1.64,1.64,1.64,1.64,1.64,1.64,1.64,1.64,1.64,5.43,5.43,5.43,5.43,5.43,5.43,5.43,5.43,5.42,5.42,0.00,0.00,1.00,0.00,0.00,0.00,0.00,-1.00,0,None,0,aggregation
160,228.54,remora3,remora6,0.00,0.00,-23.45,-23.45,-22.74,-22.74,-21.53,-21.53,-20.28,-20.28,0.00,0.00,-12.98,-12.98,-12.28,-12.28,-11.06,-11.06,-9.82,-9.82,1.64,1.64,1.65,1.68,1.72,1.76,1.80,1.83,1.87,1.90,5.42,5.42,5.42,5.44,5.45,5.46,5.48,5.49,5.50,5.51,13.41,0.00,1.00,0.00,0.00,0.00,0.00,-1.00,0,None,0,aggregation
160,229.54,remora3,remora6,-18.63,-18.63,-17.06,-17.06,-15.43,-15.43,-13.65,-13.65,-11.72,-11.72,-8.16,-8.16,-6.59,-6.59,-4.97,-4.97,-3.19,-3.19,-1.26,-1.26,1.94,1.97,2.00,2.03,2.06,2.08,2.11,2.13,2.15,2.17,5.52,5.54,5.55,5.56,5.57,5.58,5.59,5.60,5.60,5.61,23.48,0.00,1.00,0.00,0.00,0.00,0.00,-1.00,0,None,0,aggregation
160,230.54,remora3,remora6,-9.93,-9.93,-7.99,-7.99,-6.07,-6.07,-4.04,-4.04,-1.79,-1.79,0.54,0.54,2.47,2.47,4.40,4.40,6.19,6.19,7.99,7.99,2.18,2.20,2.21,2.23,2.24,2.25,2.25,2.26,2.27,2.27,5.62,5.62,5.63,5.63,5.64,5.64,5.65,5.65,5.65,5.66,25.97,0.00,1.00,0.00,0.00,0.00,0.00,-1.00,0,None,0,aggregation
160,231.54,remora3,remora6,0.28,0.28,2.28,2.28,4.08,4.08,5.86,5.86,7.56,7.56,9.64,9.64,11.23,11.23,12.66,12.66,14.07,14.07,15.41,15.41,2.27,2.27,2.28,2.28,2.27,2.27,2.27,2.27,2.27,2.27,5.66,5.66,5.66,5.66,5.65,5.65,5.64,5.63,5.63,5.62,34.28,0.00,1.00,0.00,0.00,0.00,0.00,-1.00,0,None,0,aggregation
160,232.54,remora3,remora6,9.08,9.08,10.41,10.41,11.83,11.83,13.03,13.03,14.26,14.26,16.60,16.60,17.63,17.63,18.74,18.74,19.66,19.66,20.60,20.60,2.26,2.26,2.26,2.26,2.25,2.25,2.25,2.25,2.25,2.25,5.62,5.61,5.60,5.60,5.59,5.59,5.58,5.58,5.57,5.57,49.46,0.00,1.00,1.00,0.00,0.00,0.00,-1.00,0,None,0,aggregation
160,233.54,remora3,remora6,15.13,15.13,16.20,16.20,16.99,16.99,17.46,17.46,17.84,17.84,21.25,21.25,22.06,22.06,22.65,22.65,23.00,23.00,23.28,23.28,2.25,2.25,2.26,2.26,2.26,2.27,2.27,2.28,2.29,2.29,5.56,5.56,5.56,5.55,5.55,5.55,5.54,5.54,5.54,5.54,69.05,0.00,1.00,1.00,0.00,0.00,0.00,-1.00,0,None,0,aggregation
160,234.54,remora3,remora6,18.10,18.10,18.26,18.26,18.31,18.31,18.01,18.01,17.84,17.84,23.47,23.47,23.58,23.58,23.62,23.62,23.40,23.40,23.27,23.27,2.30,2.31,2.32,2.33,2.34,2.35,2.36,2.38,2.39,2.40,5.54,5.54,5.54,5.54,5.54,5.54,5.54,5.54,5.54,5.54,89.83,0.00,1.00,1.00,0.00,0.00,0.00,-1.00,0,None,0,aggregation
160,235.54,remora3,remora6,17.03,17.03,16.84,16.84,16.31,16.31,15.83,15.83,15.10,15.10,22.68,22.68,22.54,22.54,22.14,22.14,21.79,21.79,21.23,21.23,2.42,2.43,2.44,2.46,2.48,2.49,2.51,2.52,2.54,2.56,5.54,5.54,5.54,5.54,5.54,5.54,5.54,5.54,5.54,5.54,108.98,0.00,1.00,1.00,0.00,0.00,0.00,-1.00,0,None,0,aggregation
160,236.54,remora3,remora6,14.80,14.80,13.88,13.88,13.12,13.12,12.70,12.70,12.19,12.19,21.01,21.01,20.31,20.31,19.73,19.73,19.41,19.41,19.01,19.01,2.58,2.59,2.61,2.63,2.65,2.67,2.69,2.71,2.73,2.75,5.54,5.54,5.54,5.55,5.55,5.55,5.55,5.55,5.56,5.56,125.60,0.00,1.00,1.00,0.00,0.00,0.00,-1.00,0,None,0,aggregation
160,237.54,remora3,remora6,11.59,11.59,11.18,11.18,10.98,10.98,10.89,10.89,10.68,10.68,18.55,18.55,18.23,18.23,18.08,18.08,18.00,18.00,17.84,17.84,2.77,2.79,2.81,2.83,2.85,2.87,2.89,2.91,2.93,2.96,5.56,5.56,5.57,5.57,5.57,5.58,5.58,5.59,5.59,5.60,140.20,0.00,1.00,1.00,0.00,0.00,0.00,-1.00,0,None,0,aggregation
160,238.54,remora3,remora6,10.58,10.58,10.49,10.49,10.72,10.72,11.07,11.07,11.18,11.18,17.77,17.77,17.69,17.69,17.87,17.87,18.15,18.15,18.23,18.23,2.98,3.00,3.03,3.05,3.08,3.10,3.13,3.15,3.18,3.21,5.60,5.61,5.61,5.62,5.63,5.64,5.64,5.65,5.66,5.67,141.16,0.00,0.00,1.00,0.00,0.00,0.00,-1.00,0,None,0,aggregation
160,239.54,remora3,remora6,11.56,11.56,11.89,11.89,12.14,12.14,12.63,12.63,13.16,13.16,18.52,18.52,18.78,18.78,18.97,18.97,19.35,19.35,19.76,19.76,3.24,3.26,3.29,3.32,3.35,3.38,3.41,3.45,3.48,3.51,5.68,5.69,5.70,5.71,5.72,5.73,5.74,5.76,5.77,5.78,146.77,0.00,0.00,1.00,0.00,0.00,0.00,-1.00,0,None,0,aggregation
160,240.54,remora3,remora6,13.67,13.67,14.28,14.28,14.91,14.91,15.59,15.59,16.32,16.32,20.15,20.15,20.61,20.61,21.09,21.09,21.60,21.60,22.15,22.15,3.54,3.58,3.61,3.65,3.68,3.72,3.75,3.79,3.83,3.87,5.80,5.81,5.82,5.84,5.85,5.87,5.88,5.90,5.92,5.93,162.32,0.00,0.00,1.00,0.00,0.00,0.00,-1.00,0,None,0,aggregation
160,241.54,remora3,remora6,17.19,17.19,17.77,17.77,18.62,18.62,19.51,19.51,20.23,20.23,22.80,22.80,23.22,23.22,23.84,23.84,24.49,24.49,25.00,25.00,3.91,3.95,3.98,4.03,4.07,4.08,4.08,4.08,4.08,4.08,5.95,5.97,5.99,6.00,6.02,6.04,6.06,6.08,6.10,6.12,175.28,0.00,0.00,1.00,0.00,0.00,0.00,-1.00,0,None,0,aggregation
160,242.54,remora3,remora6,20.92,20.92,21.86,21.86,22.63,22.63,23.44,23.44,24.22,24.22,25.49,25.49,26.15,26.15,26.67,26.67,27.21,27.21,27.72,27.72,4.09,4.09,4.09,4.09,4.09,4.10,4.10,4.10,4.11,4.11,6.14,6.16,6.18,6.20,6.22,6.77,6.78,6.79,6.80,6.82,184.72,0.00,0.00,1.00,0.00,0.00,0.00,-1.00,0,None,0,aggregation
160,243.54,remora3,remora6,24.82,24.82,25.26,25.26,-17.72,-17.72,-17.60,-17.60,-17.31,-17.31,28.09,28.09,28.36,28.36,-2.02,-2.02,-1.90,-1.90,-1.61,-1.61,4.12,4.12,4.13,4.13,4.12,4.10,4.07,4.04,4.01,3.98,6.83,6.84,6.85,6.07,6.07,6.06,6.05,6.04,6.03,6.02,181.61,0.00,0.00,1.00,1.00,0.00,1.00,-1.00,0,None,0,aggregation
160,244.54,remora3,remora6,-16.93,-16.93,29.64,29.64,-16.17,-16.17,-15.84,-15.84,-15.19,-15.19,-1.23,-1.23,30.17,30.17,-0.48,-0.48,-0.15,-0.15,0.51,0.51,3.96,3.93,3.91,3.91,3.90,3.88,3.85,3.83,3.81,3.78,6.01,6.00,5.99,5.99,5.98,5.97,5.96,5.95,5.94,5.94,173.35,0.00,0.00,1.00,1.00,0.00,1.00,-1.00,0,None,0,aggregation
160,245.54,remora3,remora6,-14.45,-14.45,29.26,29.26,-13.15,-13.15,-12.72,-12.72,-11.80,-11.80,1.25,1.25,26.85,26.85,2.55,2.55,2.98,2.98,3.90,3.90,3.76,3.74,3.72,3.70,3.69,3.67,3.65,3.63,3.61,3.59,5.93,5.92,5.91,5.89,5.88,5.87,5.87,5.86,5.86,5.86,163.96,0.00,0.00,1.00,1.00,0.00,1.00,-1.00,0,None,0,aggregation
160,246.54,remora3,remora6,25.09,25.09,-10.50,-10.50,-10.03,-10.03,-9.02,-9.02,18.77,18.77,20.35,20.35,5.19,5.19,5.67,5.67,6.68,6.68,11.87,11.87,3.57,3.55,3.53,3.52,3.50,3.48,3.47,3.45,3.43,3.41,5.85,5.84,5.82,5.82,5.82,5.82,5.81,5.80,5.79,5.78,156.15,0.00,0.00,1.00,1.00,0.00,1.00,-1.00,0,None,0,aggregation
160,247.54,remora3,remora6,17.94,17.94,18.77,18.77,19.69,19.69,20.45,20.45,21.28,21.28,10.81,10.81,11.88,11.88,13.07,13.07,14.07,14.07,15.16,15.16,3.39,3.36,3.34,3.32,3.30,3.28,3.25,3.23,3.21,3.19,5.76,5.75,5.73,5.71,5.70,5.68,5.67,5.65,5.64,5.62,157.86,0.00,0.00,1.00,0.00,0.00,0.00,-1.00,0,None,0,aggregation
160,248.54,remora3,remora6,-9.79,-9.79,-9.37,-9.37,18.39,18.39,17.26,17.26,18.17,18.17,5.91,5.91,6.33,6.33,11.39,11.39,9.92,9.92,11.10,11.10,3.17,3.16,3.14,3.12,3.11,3.09,3.06,3.04,3.02,3.00,5.61,5.61,5.62,5.62,5.62,5.61,5.59,5.58,5.57,5.55,152.80,0.00,0.00,1.00,1.00,0.00,1.00,-1.00,0,None,0,aggregation
160,249.54,remora3,remora6,19.05,19.05,19.93,19.93,20.59,20.59,-10.13,-10.13,20.08,20.08,12.24,12.24,13.38,13.38,14.26,14.26,5.57,5.57,13.59,13.59,2.98,2.96,2.93,2.91,2.89,2.86,2.84,2.83,2.80,2.78,5.54,5.52,5.51,5.49,5.48,5.46,5.45,5.45,5.44,5.43,150.89,0.00,1.00,1.00,1.00,1.00,0.00,-1.00,0,None,0,aggregation
160,250.54,remora3,remora6,19.24,19.24,-9.82,-9.82,-9.48,-9.48,-8.48,-8.48,13.50,13.50,12.48,12.48,5.88,5.88,6.21,6.21,7.21,7.21,5.14,5.14,2.75,2.73,2.71,2.69,2.67,2.64,2.62,2.60,2.58,2.55,5.41,5.40,5.40,5.40,5.40,5.40,5.39,5.39,5.38,5.37,138.74,0.00,1.00,1.00,1.00,1.00,0.00,-1.00,0,None,0,aggregation
160,251.54,remora3,remora6,12.39,12.39,13.58,13.58,14.62,14.62,15.38,15.38,16.16,16.16,3.74,3.74,5.25,5.25,6.56,6.56,7.52,7.52,8.52,8.52,2.53,2.50,2.48,2.45,2.42,2.39,2.36,2.34,2.31,2.28,5.36,5.35,5.34,5.33,5.31,5.30,5.29,5.28,5.27,5.26,127.84,0.00,1.00,1.00,0.00,0.00,0.00,-1.00,0,None,0,aggregation
160,252.54,remora3,remora6,16.83,16.83,17.58,17.58,18.22,18.22,-11.17,-11.17,-10.87,-10.87,9.38,9.38,10.33,10.33,11.16,11.16,4.53,4.53,4.83,4.83,2.25,2.22,2.19,2.16,2.13,2.10,2.07,2.04,2.02,1.99,5.25,5.24,5.23,5.21,5.20,5.18,5.17,5.17,5.16,5.16,112.83,0.00,1.00,1.00,1.00,1.00,0.00,-1.00,0,None,0,aggregation
160,253.54,remora3,remora6,-9.91,-9.91,10.86,10.86,10.53,10.53,11.31,11.31,12.26,12.26,5.79,5.79,1.81,1.81,1.40,1.40,2.38,2.38,3.57,3.57,1.97,1.94,1.91,1.88,1.85,1.83,1.80,1.77,1.74,1.71,5.16,5.15,5.15,5.14,5.13,5.12,5.11,5.10,5.09,5.08,102.19,0.00,1.00,1.00,0.00,0.00,0.00,-1.00,0,None,0,aggregation
160,254.54,remora3,remora6,13.12,13.12,-11.11,-11.11,-11.00,-11.00,10.65,10.65,10.08,10.08,4.66,4.66,4.59,4.59,4.70,4.70,1.54,1.54,0.83,0.83,1.68,1.65,1.62,1.61,1.61,1.61,1.61,1.61,1.60,1.60,5.08,5.07,5.06,5.06,5.07,5.07,5.07,5.07,5.07,5.07,95.03,0.00,1.00,1.00,1.00,1.00,0.00,-1.00,0,None,0,aggregation
160,255.54,remora3,remora6,11.40,11.40,12.64,12.64,-11.55,-11.55,-11.22,-11.22,10.24,10.24,2.49,2.49,4.06,4.06,4.15,4.15,4.48,4.48,1.03,1.03,1.60,1.59,1.59,1.59,1.59,1.59,1.59,1.59,1.58,1.58,5.06,5.06,5.06,5.05,5.05,5.06,5.06,5.06,5.06,5.06,90.87,0.00,1.00,1.00,1.00,1.00,0.00,-1.00,0,None,0,aggregation
160,256.54,remora3,remora6,9.61,9.61,11.19,11.19,12.48,12.48,-11.77,-11.77,12.96,12.96,0.25,0.25,2.23,2.23,3.85,3.85,3.93,3.93,4.46,4.46,1.58,1.58,1.57,1.57,1.57,1.57,1.56,1.56,1.56,1.56,5.06,5.06,5.05,5.04,5.04,5.03,5.02,5.02,5.02,5.01,88.55,0.00,1.00,1.00,1.00,1.00,0.00,-1.00,0,None,0,aggregation
160,257.54,remora3,remora6,12.29,12.29,-11.79,-11.79,-11.54,-11.54,10.24,10.24,9.59,9.59,3.62,3.62,3.91,3.91,4.16,4.16,1.03,1.03,0.22,0.22,1.56,1.55,1.55,1.55,1.55,1.55,1.55,1.55,1.55,1.54,5.00,4.99,4.99,4.99,4.99,5.00,5.00,4.99,4.98,4.98,77.46,0.00,1.00,1.00,0.00,0.00,0.00,-1.00,0,None,0,aggregation
160,258.54,remora3,remora6,11.04,11.04,-11.48,-11.48,-11.31,-11.31,9.10,9.10,8.41,8.41,2.04,2.04,4.21,4.21,4.39,4.39,-0.40,-0.40,-1.26,-1.26,1.54,1.54,1.54,1.54,1.54,1.54,1.54,1.53,1.53,1.53,4.97,4.97,4.96,4.96,4.96,4.96,4.97,4.96,4.96,4.96,72.46,0.00,1.00,1.00,0.00,0.00,0.00,-1.00,0,None,0,aggregation
160,259.54,remora3,remora6,9.97,9.97,11.35,11.35,12.94,12.94,-12.28,-12.28,-12.10,-12.10,0.70,0.70,2.43,2.43,4.44,4.44,3.42,3.42,3.60,3.60,1.53,1.53,1.52,1.52,1.52,1.52,1.52,1.52,1.52,1.52,4.95,4.95,4.94,4.93,4.93,4.92,4.92,4.92,4.92,4.92,64.61,0.00,1.00,1.00,0.00,0.00,0.00,-1.00,0,None,0,aggregation
160,260.54,remora3,remora6,11.15,11.15,10.78,10.78,12.08,12.08,-12.08,-12.08,-11.69,-11.69,2.18,2.18,1.71,1.71,3.34,3.34,3.62,3.62,4.01,4.01,1.52,1.51,1.51,1.51,1.51,1.50,1.50,1.50,1.50,1.50,4.92,4.91,4.91,4.90,4.89,4.88,4.88,4.88,4.88,4.88,64.47,0.00,1.00,1.00,0.00,0.00,0.00,-1.00,0,None,0,aggregation
160,261.54,remora3,remora6,9.92,9.92,9.07,9.07,10.84,10.84,12.28,12.28,-12.24,-12.24,0.63,0.63,-0.43,-0.43,1.78,1.78,3.59,3.59,3.46,3.46,1.50,1.50,1.50,1.50,1.49,1.49,1.49,1.49,1.49,1.49,4.87,4.87,4.86,4.85,4.85,4.84,4.83,4.83,4.82,4.82,59.74,1.00,0.00,1.00,0.00,0.00,0.00,-1.00,0,None,0,aggregation
160,262.54,remora3,remora6,-11.93,-11.93,10.34,10.34,9.73,9.73,11.12,11.12,12.78,12.78,3.77,3.77,1.16,1.16,0.40,0.40,2.14,2.14,4.24,4.24,1.49,1.49,1.48,1.48,1.48,1.48,1.48,1.48,1.47,1.47,4.82,4.81,4.81,4.80,4.79,4.78,4.77,4.77,4.76,4.75,56.13,1.00,0.00,1.00,0.00,0.00,0.00,-1.00,0,None,0,aggregation
160,263.54,remora3,remora6,-12.45,-12.45,-12.14,-12.14,10.45,10.45,9.05,9.05,10.35,10.35,3.25,3.25,3.56,3.56,1.29,1.29,-0.46,-0.46,1.17,1.17,1.47,1.47,1.47,1.47,1.47,1.47,1.46,1.46,1.46,1.46,4.75,4.74,4.74,4.73,4.73,4.72,4.71,4.70,4.69,4.68,55.27,1.00,0.00,1.00,0.00,0.00,0.00,-1.00,0,None,0,aggregation
160,264.54,remora3,remora6,11.73,11.73,-12.46,-12.46,11.93,11.93,11.30,11.30,-12.51,-12.51,2.91,2.91,3.24,3.24,3.16,3.16,2.36,2.36,3.19,3.19,1.46,1.46,1.46,1.46,1.45,1.45,1.45,1.45,1.45,1.45,4.68,4.67,4.66,4.66,4.65,4.64,4.63,4.62,4.61,4.61,56.09,1.00,0.00,1.00,0.00,0.00,0.00,-1.00,0,None,0,aggregation
160,265.54,remora3,remora6,-12.14,-12.14,8.07,8.07,7.51,7.51,9.12,9.12,10.23,10.23,3.56,3.56,-1.68,-1.68,-2.39,-2.39,-0.37,-0.37,1.02,1.02,1.45,1.45,1.45,1.44,1.44,1.44,1.44,1.44,1.44,1.44,4.60,4.60,4.60,4.59,4.58,4.57,4.56,4.55,4.55,4.54,54.50,1.00,0.00,1.00,0.00,0.00,0.00,-1.00,0,None,0,aggregation
160,266.54,remora3,remora6,11.90,11.90,-13.26,-13.26,-13.10,-13.10,9.97,9.97,9.90,9.90,3.12,3.12,2.44,2.44,2.60,2.60,0.70,0.70,0.60,0.60,1.44,1.44,1.44,1.44,1.43,1.43,1.43,1.43,1.43,1.43,4.53,4.52,4.52,4.51,4.51,4.50,4.49,4.48,4.47,4.46,53.76,1.00,0.00,1.00,0.00,0.00,0.00,-1.00,0,None,0,aggregation
160,267.54,remora3,remora6,11.09,11.09,-13.19,-13.19,-12.90,-12.90,9.05,9.05,8.51,8.51,2.10,2.10,2.51,2.51,2.80,2.80,-0.46,-0.46,-1.14,-1.14,1.43,1.43,1.43,1.43,1.42,1.42,1.42,1.42,1.42,1.42,4.46,4.45,4.44,4.44,4.44,4.43,4.43,4.42,4.41,4.40,53.53,1.00,0.00,1.00,0.00,0.00,0.00,-1.00,0,None,0,aggregation
160,268.54,remora3,remora6,9.96,9.96,11.43,11.43,13.09,13.09,-13.84,-13.84,-13.62,-13.62,0.68,0.68,2.53,2.53,4.63,4.63,1.86,1.86,2.08,2.08,1.42,1.42,1.42,1.42,1.42,1.42,1.42,1.42,1.41,1.41,4.39,4.39,4.39,4.39,4.39,4.39,4.39,4.39,4.39,4.40,55.80,1.00,0.00,1.00,0.00,0.00,0.00,-1.00,0,None,0,aggregation
160,269.54,remora3,remora6,11.06,11.06,10.64,10.64,-13.19,-13.19,-12.97,-12.97,8.38,8.38,2.06,2.06,1.54,1.54,2.51,2.51,2.73,2.73,-1.29,-1.29,1.41,1.41,1.41,1.41,1.41,1.41,1.40,1.40,1.40,1.40,4.40,5.19,5.18,5.17,5.16,5.16,5.16,5.15,5.14,5.14,55.22,1.00,0.00,1.00,0.00,0.00,0.00,-1.00,0,None,0,aggregation
160,270.54,remora3,remora6,8.06,8.06,9.52,9.52,11.10,11.10,12.27,12.27,-14.07,-14.07,-1.69,-1.69,0.14,0.14,2.11,2.11,3.59,3.59,1.63,1.63,1.40,1.40,1.40,1.40,1.40,1.40,1.40,1.40,1.40,1.40,5.13,5.12,5.12,5.11,5.10,5.09,5.09,5.08,4.61,4.60,55.23,1.00,0.00,1.00,0.00,0.00,0.00,-1.00,0,None,0,aggregation
160,271.54,remora3,remora6,-13.91,-13.91,10.00,10.00,8.95,8.95,10.32,10.32,-13.88,-13.88,1.78,1.78,0.73,0.73,-0.58,-0.58,1.13,1.13,1.81,1.81,1.40,1.39,1.39,1.39,1.39,1.39,1.39,1.39,1.39,1.39,4.59,4.58,4.57,4.55,4.54,4.53,4.52,4.51,4.50,4.49,55.06,1.00,0.00,1.00,0.00,0.00,0.00,-1.00,0,None,0,aggregation
160,272.54,remora3,remora6,-13.93,-13.93,8.75,8.75,7.55,7.55,8.93,8.93,10.42,10.42,1.77,1.77,-0.84,-0.84,-2.33,-2.33,-0.61,-0.61,1.26,1.26,1.39,1.38,1.38,1.38,1.38,1.38,1.38,1.38,1.38,1.38,4.49,4.48,4.47,4.46,4.45,4.44,4.43,4.42,4.41,4.40,53.58,1.00,0.00,1.00,0.00,0.00,0.00,-1.00,0,None,0,aggregation
160,273.54,remora3,remora6,11.58,11.58,-14.85,-14.85,-14.61,-14.61,8.55,8.55,7.95,7.95,2.71,2.71,0.85,0.85,1.09,1.09,-1.08,-1.08,-1.83,-1.83,1.38,1.38,1.38,1.38,1.38,1.37,1.37,1.37,1.37,1.37,4.40,4.39,4.38,4.37,4.36,4.36,4.35,4.34,4.33,4.33,54.16,1.00,0.00,1.00,0.00,0.00,0.00,-1.00,0,None,0,aggregation
160,274.54,remora3,remora6,9.18,9.18,10.58,10.58,11.66,11.66,-15.49,-15.49,-15.32,-15.32,-0.30,-0.30,1.46,1.46,2.82,2.82,0.21,0.21,0.38,0.38,1.37,1.37,1.37,1.37,1.38,1.38,1.38,1.38,1.37,1.37,4.32,4.31,4.31,4.30,4.29,4.29,4.28,4.28,4.27,4.26,54.53,1.00,0.00,1.00,0.00,0.00,0.00,-1.00,0,None,0,aggregation
160,275.54,remora3,remora6,9.06,9.06,8.14,8.14,9.40,9.40,10.80,10.80,-15.76,-15.76,-0.45,-0.45,-1.59,-1.59,-0.02,-0.02,1.74,1.74,-0.06,-0.06,1.36,1.36,1.36,1.36,1.37,1.37,1.37,1.37,1.37,1.37,4.25,4.25,4.24,4.24,4.23,4.23,4.23,4.22,4.22,4.21,55.81,1.00,0.00,1.00,0.00,0.00,0.00,-1.00,0,None,0,aggregation
160,276.54,remora3,remora6,-15.74,-15.74,8.76,8.76,8.37,8.37,9.85,9.85,11.38,11.38,-0.04,-0.04,-0.82,-0.82,-1.30,-1.30,0.54,0.54,2.47,2.47,1.36,1.36,1.36,1.36,1.36,1.36,1.36,1.36,1.36,1.37,4.20,4.20,4.19,4.19,4.18,4.18,4.18,4.17,4.17,4.17,55.56,1.00,0.00,1.00,0.00,0.00,0.00,-1.00,0,None,0,aggregation
160,277.54,remora3,remora6,-16.19,-16.19,12.44,12.44,12.03,12.03,-16.26,-16.26,-16.15,-16.15,-0.49,-0.49,3.81,3.81,3.29,3.29,-0.56,-0.56,-0.45,-0.45,1.36,1.36,1.36,1.36,1.36,1.37,1.37,1.36,1.36,1.35,4.17,4.16,4.16,4.16,4.16,4.16,4.15,4.15,4.14,4.14,58.74,1.00,0.00,1.00,1.00,1.00,0.00,-1.00,0,None,0,aggregation
160,278.54,remora3,remora6,10.44,10.44,9.93,9.93,11.70,11.70,-16.16,-16.16,-15.97,-15.97,1.29,1.29,0.65,0.65,2.87,2.87,-0.46,-0.46,-0.27,-0.27,1.35,1.35,1.35,1.35,1.36,1.36,1.36,1.35,1.35,1.34,4.13,4.13,4.13,4.13,4.13,4.13,4.13,4.12,4.12,4.11,59.13,1.00,0.00,1.00,1.00,1.00,0.00,-1.00,0,None,0,aggregation
160,279.54,remora3,remora6,9.65,9.65,8.91,8.91,10.58,10.58,12.19,12.19,-16.26,-16.26,0.29,0.29,-0.63,-0.63,1.46,1.46,3.49,3.49,-0.57,-0.57,1.34,1.34,1.34,1.34,1.34,1.34,1.35,1.35,1.35,1.35,4.11,4.11,4.11,4.10,4.10,4.11,4.11,4.11,4.11,4.10,60.07,1.00,0.00,1.00,1.00,1.00,0.00,-1.00,0,None,0,aggregation
160,280.54,remora3,remora6,-16.07,-16.07,10.31,10.31,9.56,9.56,11.17,11.17,12.87,12.87,-0.37,-0.37,1.12,1.12,0.19,0.19,2.20,2.20,4.34,4.34,1.34,1.33,1.33,1.33,1.33,1.33,1.34,1.34,1.34,1.35,4.10,4.10,4.09,4.09,4.09,4.09,4.09,4.10,4.10,4.11,61.13,1.00,0.00,1.00,0.00,0.00,0.00,-1.00,0,None,0,aggregation
160,281.54,remora3,remora6,-16.35,-16.35,-16.28,-16.28,11.54,11.54,10.54,10.54,12.02,12.02,-0.65,-0.65,-0.58,-0.58,2.67,2.67,1.41,1.41,3.27,3.27,1.35,1.34,1.34,1.33,1.33,1.33,1.33,1.33,1.34,1.34,4.11,4.11,4.10,4.10,4.10,4.10,4.10,4.10,4.10,4.10,63.19,1.00,0.00,1.00,1.00,1.00,0.00,-1.00,0,None,0,aggregation
160,282.54,remora3,remora6,-16.14,-16.14,12.73,12.73,12.11,12.11,-16.11,-16.11,-16.00,-16.00,-0.44,-0.44,4.16,4.16,3.38,3.38,-0.41,-0.41,-0.30,-0.30,1.34,1.33,1.33,1.33,1.34,1.34,1.34,1.34,1.33,1.32,4.10,4.10,4.35,4.36,4.36,4.37,4.37,4.37,4.36,4.36,66.84,1.00,0.00,1.00,1.00,1.00,0.00,-1.00,0,None,0,aggregation
160,283.54,remora3,remora6,10.89,10.89,10.24,10.24,11.90,11.90,-15.99,-15.99,12.82,12.82,1.85,1.85,1.03,1.03,3.12,3.12,-0.29,-0.29,4.28,4.28,1.32,1.32,1.32,1.33,1.33,1.33,1.33,1.33,1.32,1.33,4.36,4.36,4.37,4.37,4.38,4.39,4.39,4.39,4.39,4.39,68.54,1.00,0.00,1.00,1.00,1.00,0.00,-1.00,0,None,0,aggregation
160,284.54,remora3,remora6,12.49,12.49,-16.05,-16.05,-15.84,-15.84,10.39,10.39,9.74,9.74,3.86,3.86,-0.35,-0.35,-0.15,-0.15,1.23,1.23,0.41,0.41,1.33,1.34,1.34,1.33,1.32,1.32,1.31,1.32,1.32,1.32,4.40,4.41,4.41,4.41,4.40,4.40,4.40,4.40,4.41,4.42,69.03,1.00,0.00,1.00,1.00,1.00,0.00,-1.00,0,None,0,aggregation
160,285.54,remora3,remora6,11.50,11.50,13.10,13.10,-16.08,-16.08,-15.92,-15.92,12.37,12.37,2.62,2.62,4.63,4.63,-0.38,-0.38,-0.22,-0.22,3.71,3.71,1.32,1.32,1.33,1.33,1.33,1.33,1.32,1.32,1.31,1.31,4.42,4.43,4.44,4.45,4.45,4.45,4.45,4.44,4.44,4.45,71.79,1.00,0.00,1.00,1.00,1.00,0.00,-1.00,0,None,0,aggregation
160,286.54,remora3,remora6,11.67,11.67,13.31,13.31,-15.73,-15.55,-15.55,-15.55,12.31,12.31,2.83,2.83,4.90,4.90,-0.03,0.15,0.15,0.15,3.64,3.64,1.32,1.32,1.32,1.33,1.33,1.32,1.32,1.31,1.31,1.31,4.46,4.47,4.48,4.49,4.49,4.49,4.49,4.48,4.49,4.50,74.26,1.00,0.00,1.00,1.00,1.00,0.00,-1.00,0,None,0,aggregation
160,287.54,remora3,remora6,12.61,12.61,-15.18,-15.18,-14.99,-14.99,11.64,11.64,11.24,11.24,4.01,4.01,0.52,0.52,0.71,0.71,2.79,2.79,2.29,2.29,1.31,1.32,1.32,1.31,1.31,1.30,1.30,1.30,1.30,1.30,4.51,4.52,4.52,4.52,4.52,4.52,4.52,4.53,4.53,4.54,73.44,1.00,0.00,1.00,1.00,1.00,0.00,-1.00,0,None,0,aggregation
160,288.54,remora3,remora6,13.32,13.32,15.01,15.01,-15.25,-15.25,-15.00,-15.00,14.12,14.12,4.91,4.91,7.05,7.05,0.45,0.45,0.70,0.70,5.92,5.92,1.31,1.31,1.31,1.32,1.32,1.32,1.31,1.31,1.30,1.31,4.55,4.56,4.58,4.59,4.59,4.59,4.59,4.59,4.60,4.61,75.41,1.00,0.00,1.00,1.00,1.00,0.00,-1.00,0,None,0,aggregation
160,289.54,remora3,remora6,14.01,14.01,-14.50,-14.50,-14.28,-14.28,13.25,13.25,13.10,13.10,5.78,5.78,1.20,1.20,1.42,1.42,4.83,4.83,4.63,4.63,1.31,1.31,1.31,1.31,1.31,1.30,1.30,1.30,1.30,1.31,4.62,4.63,4.64,4.64,4.64,4.64,4.64,4.65,4.66,4.67,77.31,1.00,0.00,1.00,1.00,1.00,0.00,-1.00,0,None,0,aggregation
160,290.54,remora3,remora6,-13.75,-13.75,-13.58,-13.58,12.53,12.53,12.13,12.13,13.92,13.92,1.95,1.95,2.11,2.11,3.91,3.91,3.41,3.41,5.67,5.67,1.31,1.30,1.30,1.30,1.29,1.30,1.30,1.30,1.30,1.30,4.68,4.68,4.68,4.68,4.68,4.69,4.70,4.71,4.72,4.73,77.98,1.00,0.00,1.00,1.00,1.00,0.00,-1.00,0,None,0,aggregation
160,291.54,remora3,remora6,-13.36,-13.36,-12.99,-12.99,12.34,12.34,12.38,12.38,-12.56,-12.56,2.33,2.33,2.70,2.70,3.67,3.67,3.73,3.73,3.14,3.14,1.30,1.30,1.30,1.29,1.29,1.29,1.30,1.30,1.30,1.29,4.74,4.74,4.74,4.74,4.75,4.76,4.76,4.77,4.78,4.78,76.73,1.00,0.00,1.00,1.00,1.00,0.00,-1.00,0,None,0,aggregation
160,292.54,remora3,remora6,13.39,13.39,-12.22,-12.22,12.35,12.35,12.05,12.05,-12.14,-12.14,5.01,5.01,3.48,3.48,3.69,3.69,3.31,3.31,3.55,3.55,1.29,1.30,1.30,1.29,1.29,1.29,1.29,1.30,1.30,1.29,4.79,4.80,4.80,4.80,4.81,4.81,4.82,4.83,4.84,4.84,75.27,1.00,0.00,1.00,1.00,1.00,0.00,-1.00,0,None,0,aggregation
160,293.54,remora3,remora6,-11.82,-11.82,10.53,10.53,9.72,9.72,11.61,11.61,13.29,13.29,3.87,3.87,1.39,1.39,0.39,0.39,2.76,2.76,4.88,4.88,1.29,1.29,1.29,1.29,1.29,1.29,1.29,1.29,1.29,1.29,4.84,4.84,4.84,4.84,4.85,4.85,4.86,4.86,4.87,4.88,74.28,1.00,0.00,1.00,0.00,0.00,0.00,-1.00,0,None,0,aggregation
160,294.54,remora3,remora6,-12.17,-12.17,-11.77,-11.77,11.67,11.67,11.29,11.29,12.99,12.99,3.53,3.53,3.92,3.92,2.83,2.83,2.35,2.35,4.49,4.49,1.29,1.29,1.29,1.29,1.29,1.29,1.29,1.29,1.30,1.33,4.88,4.88,4.88,4.87,4.87,4.88,4.88,4.88,4.89,4.90,73.43,1.00,0.00,1.00,1.00,1.00,0.00,-1.00,0,None,0,aggregation
160,295.54,remora3,remora6,-11.64,-11.64,-11.24,-11.24,10.71,10.71,10.26,10.26,11.96,11.96,4.06,4.06,4.46,4.46,1.63,1.63,1.06,1.06,3.20,3.20,1.35,1.38,1.40,1.43,1.46,1.49,1.51,1.54,1.57,1.59,4.91,4.91,4.92,4.92,4.93,4.94,4.95,4.96,4.97,4.98,70.70,1.00,0.00,1.00,1.00,1.00,0.00,-1.00,0,None,0,aggregation
160,296.54,remora3,remora6,13.68,13.68,-11.72,-11.72,-11.46,-11.46,12.29,12.29,11.71,11.71,5.37,5.37,3.98,3.98,4.24,4.24,3.61,3.61,2.89,2.89,1.62,1.65,1.67,1.69,1.71,1.73,1.75,1.76,1.78,1.80,4.99,5.00,5.01,5.01,5.01,5.01,5.02,5.02,5.03,5.03,69.18,0.00,1.00,1.00,1.00,1.00,0.00,-1.00,0,None,0,aggregation
160,297.54,remora3,remora6,13.34,13.34,-11.24,-11.24,-11.11,-11.11,12.67,12.67,12.79,12.79,4.93,4.93,4.46,4.46,4.59,4.59,4.10,4.10,4.24,4.24,1.81,1.83,1.84,1.85,1.86,1.86,1.87,1.87,1.88,1.88,5.04,5.05,5.05,5.05,5.05,5.05,5.05,5.05,5.05,5.06,68.37,0.00,1.00,1.00,1.00,1.00,0.00,-1.00,0,None,0,aggregation
160,298.54,remora3,remora6,14.32,14.32,-11.16,-11.16,-10.82,-10.82,12.62,12.62,11.88,11.88,6.18,6.18,4.54,4.54,4.88,4.88,4.03,4.03,3.10,3.10,1.89,1.89,1.89,1.89,1.89,1.89,1.88,1.88,1.88,1.87,5.06,5.06,5.06,5.05,5.05,5.04,5.04,5.03,5.03,5.03,65.89,0.00,1.00,1.00,1.00,1.00,0.00,-1.00,0,None,0,aggregation
160,299.54,remora3,remora6,13.45,13.45,14.90,14.90,-11.08,-11.08,-10.80,-10.80,-9.83,-9.83,5.07,5.07,6.91,6.91,4.62,4.62,4.90,4.90,5.87,5.87,1.87,1.87,1.86,1.86,1.85,1.85,1.84,1.83,1.83,1.82,5.03,5.03,5.03,5.03,5.02,5.02,5.01,5.00,4.99,4.98,63.38,0.00,1.00,1.00,1.00,1.00,0.00,-1.00,0,None,0,aggregation
160,300.54,remora3,remora6,10.07,10.07,9.62,9.62,11.00,11.00,12.32,12.32,13.42,13.42,0.82,0.82,0.26,0.26,1.99,1.99,3.64,3.64,5.04,5.04,1.81,1.81,1.80,1.80,1.79,1.79,1.79,1.78,1.78,1.78,4.97,4.97,4.96,4.96,4.95,4.95,4.94,2.41,2.40,2.38,62.71,0.00,1.00,1.00,0.00,0.00,0.00,-1.00,0,None,0,aggregation
160,301.54,remora3,remora6,14.65,14.65,-11.41,-11.41,-11.14,-11.14,12.23,12.23,11.83,11.83,6.59,6.59,4.29,4.29,4.56,4.56,3.54,3.54,3.03,3.03,1.78,1.78,1.78,1.78,1.78,1.78,1.78,1.78,1.78,1.79,2.37,2.36,2.35,2.34,2.32,2.30,2.29,2.28,2.27,2.26,62.99,0.00,1.00,1.00,1.00,1.00,0.00,-1.00,0,None,0,aggregation
160,302.54,remora3,remora6,-10.69,-10.69,11.92,11.92,11.16,11.16,-10.74,-10.74,-10.48,-10.48,5.00,5.00,3.15,3.15,2.19,2.19,4.96,4.96,5.21,5.21,1.79,1.79,1.80,1.80,1.81,1.82,1.82,1.83,1.84,1.85,2.25,2.24,2.23,2.22,2.21,2.20,2.19,2.18,2.17,2.16,60.79,0.00,1.00,1.00,1.00,1.00,0.00,-1.00,0,None,0,aggregation
160,303.54,remora3,remora6,8.77,8.77,8.18,8.18,9.69,9.69,11.12,11.12,12.57,12.57,-0.80,-0.80,-1.55,-1.55,0.34,0.34,2.14,2.14,3.97,3.97,1.86,1.87,1.88,1.89,1.90,1.92,1.93,1.94,1.96,1.97,2.15,2.14,2.13,2.12,2.12,2.11,2.10,2.10,2.10,2.09,59.98,0.00,1.00,1.00,0.00,0.00,0.00,-1.00,0,None,0,aggregation
160,304.54,remora3,remora6,-11.65,-11.65,-11.33,-11.33,10.26,10.26,9.61,9.61,11.08,11.08,4.05,4.05,4.37,4.37,1.06,1.06,0.24,0.24,2.09,2.09,1.99,2.00,2.02,2.04,2.05,2.03,2.01,1.98,1.96,1.94,2.09,2.08,2.07,2.06,2.06,2.05,2.05,2.04,2.04,2.04,58.66,0.00,1.00,1.00,0.00,0.00,0.00,-1.00,0,None,0,aggregation
160,305.54,remora3,remora6,12.47,12.47,-11.79,-11.79,-11.40,-11.40,10.39,10.39,9.95,9.95,3.84,3.84,3.90,3.90,4.30,4.30,1.22,1.22,0.67,0.67,1.91,1.89,1.86,1.83,1.80,1.77,1.74,1.71,1.69,1.66,2.04,2.03,2.03,2.02,2.02,2.01,2.01,2.01,2.01,2.00,58.70,0.00,1.00,1.00,0.00,0.00,0.00,-1.00,0,None,0,aggregation
160,306.54,remora3,remora6,11.47,11.47,12.85,12.85,-11.92,-11.92,-11.60,-11.60,10.86,10.86,2.57,2.57,4.31,4.31,3.78,3.78,4.10,4.10,1.82,1.82,1.65,1.66,1.66,1.67,1.67,1.67,1.66,1.66,1.66,1.66,2.01,2.02,2.03,2.05,2.06,2.07,2.08,2.09,2.10,2.11,58.20,0.00,1.00,1.00,0.00,0.00,0.00,-1.00,0,None,0,aggregation
160,307.54,remora3,remora6,10.78,10.78,12.30,12.30,-11.65,-11.65,12.85,12.85,11.93,11.93,1.71,1.71,3.63,3.63,4.05,4.05,4.31,4.31,3.16,3.16,1.66,1.67,1.67,1.68,1.68,1.68,1.68,1.68,1.69,1.69,2.12,2.14,2.15,2.17,2.18,2.19,2.20,2.21,2.23,2.24,58.49,0.00,1.00,1.00,0.00,0.00,0.00,-1.00,0,None,0,aggregation
160,308.54,remora3,remora6,-11.45,-11.45,-11.13,-11.13,10.05,10.05,9.10,9.10,10.70,10.70,4.24,4.24,4.57,4.57,0.80,0.80,-0.39,-0.39,1.62,1.62,1.69,1.69,1.69,1.68,1.68,1.68,1.69,1.69,1.69,1.70,2.26,2.27,2.28,2.29,2.30,2.32,2.33,2.34,2.36,2.37,56.59,0.00,1.00,1.00,0.00,0.00,0.00,-1.00,0,None,0,aggregation
160,131.54,remora3,remora9,28.74,28.74,28.58,28.58,28.50,28.50,28.40,28.40,28.24,28.24,25.90,25.90,25.64,25.64,25.49,25.49,25.33,25.33,25.06,25.06,2.48,2.51,2.53,2.56,2.59,2.61,2.64,2.66,2.69,2.72,5.43,5.43,5.43,5.43,5.44,5.44,5.45,5.46,5.46,5.47,158.74,0.00,1.00,1.00,0.00,0.00,0.00,-1.00,0,None,0,aggregation
160,132.54,remora3,remora9,28.32,28.32,28.12,28.12,27.93,27.93,27.81,27.81,27.40,27.40,25.20,25.20,24.86,24.86,24.57,24.57,24.37,24.37,23.74,23.74,2.74,2.77,2.79,2.82,2.85,2.87,2.90,2.92,2.95,2.98,5.48,5.49,5.49,5.50,5.51,5.52,5.52,5.53,5.54,5.55,184.97,0.00,1.00,1.00,0.00,0.00,0.00,-1.00,0,None,0,aggregation
160,133.54,remora3,remora9,27.04,27.04,26.97,26.97,26.36,26.36,26.32,26.32,26.02,26.02,23.18,23.18,23.08,23.08,22.17,22.17,22.12,22.12,21.68,21.68,3.00,3.03,3.05,3.08,3.10,3.12,3.15,3.17,3.20,3.22,5.56,5.57,5.58,5.87,5.88,5.89,5.90,5.91,5.92,5.94,194.84,0.00,0.00,1.00,0.00,0.00,0.00,-1.00,0,None,0,aggregation
160,210.54,remora3,remora9,0.00,0.00,0.00,0.00,0.00,0.00,0.00,0.00,0.00,0.00,0.00,0.00,0.00,0.00,0.00,0.00,0.00,0.00,0.00,0.00,1.60,1.60,1.60,1.60,1.60,1.60,1.60,1.60,1.60,1.60,5.38,5.39,5.40,5.40,5.41,5.42,5.43,5.44,5.45,5.46,65.67,0.00,1.00,1.00,0.00,0.00,0.00,-1.00,0,None,0,aggregation
160,211.54,remora3,remora9,0.00,0.00,0.00,0.00,0.00,0.00,0.00,0.00,0.00,0.00,0.00,0.00,0.00,0.00,0.00,0.00,0.00,0.00,0.00,0.00,1.60,1.60,1.60,1.60,1.60,1.60,1.60,1.60,1.60,1.60,5.47,5.48,5.49,5.50,5.51,5.52,5.53,4.05,4.05,4.06,35.83,0.00,1.00,0.00,0.00,0.00,0.00,-1.00,0,None,0,aggregation
160,212.54,remora3,remora9,0.00,0.00,0.00,0.00,0.00,0.00,0.00,0.00,0.00,0.00,0.00,0.00,0.00,0.00,0.00,0.00,0.00,0.00,0.00,0.00,1.60,1.60,1.60,1.60,1.60,1.60,1.60,1.60,1.60,1.60,4.06,4.07,4.08,4.08,4.09,4.09,4.10,4.10,4.11,4.11,5.97,0.00,1.00,0.00,0.00,0.00,0.00,-1.00,0,None,0,aggregation
160,213.54,remora3,remora9,0.00,0.00,0.00,0.00,0.00,0.00,0.00,0.00,0.00,0.00,0.00,0.00,0.00,0.00,0.00,0.00,0.00,0.00,0.00,0.00,1.60,1.60,1.60,1.59,1.59,1.59,1.59,1.59,1.59,1.59,4.12,4.13,4.13,4.14,4.14,4.15,4.16,4.16,4.17,4.18,0.00,0.00,1.00,0.00,0.00,0.00,0.00,-1.00,0,None,0,aggregation
160,214.54,remora3,remora9,0.00,0.00,0.00,0.00,0.00,0.00,0.00,0.00,0.00,0.00,0.00,0.00,0.00,0.00,0.00,0.00,0.00,0.00,0.00,0.00,1.59,1.59,1.59,1.59,1.59,1.59,1.59,1.59,1.59,1.59,4.18,4.19,4.20,4.20,4.21,4.22,4.22,4.23,4.24,4.25,0.00,0.00,1.00,0.00,0.00,0.00,0.00,-1.00,0,None,0,aggregation
160,215.54,remora3,remora9,0.00,0.00,0.00,0.00,0.00,0.00,0.00,0.00,0.00,0.00,0.00,0.00,0.00,0.00,0.00,0.00,0.00,0.00,0.00,0.00,1.59,1.59,1.59,1.59,1.59,1.59,1.59,1.59,1.59,1.59,4.25,4.26,4.27,4.28,4.28,4.29,4.30,4.31,4.31,4.32,0.00,0.00,1.00,0.00,0.00,0.00,0.00,-1.00,0,None,0,aggregation
160,216.54,remora3,remora9,0.00,0.00,0.00,0.00,0.00,0.00,0.00,0.00,0.00,0.00,0.00,0.00,0.00,0.00,0.00,0.00,0.00,0.00,0.00,0.00,1.59,1.59,1.59,1.59,1.59,1.59,1.59,1.59,1.59,1.59,4.33,4.34,4.35,4.35,4.36,4.37,4.38,4.39,4.40,4.40,0.00,0.00,1.00,0.00,0.00,0.00,0.00,-1.00,0,None,0,aggregation
160,217.54,remora3,remora9,0.00,0.00,0.00,0.00,0.00,0.00,0.00,0.00,0.00,0.00,0.00,0.00,0.00,0.00,0.00,0.00,0.00,0.00,0.00,0.00,1.59,1.59,1.59,1.59,1.59,1.59,1.59,1.59,1.59,1.59,4.41,4.42,4.43,4.44,4.45,4.46,4.46,4.47,4.48,4.49,0.00,0.00,1.00,0.00,0.00,0.00,0.00,-1.00,0,None,0,aggregation
160,218.54,remora3,remora9,0.00,0.00,0.00,0.00,0.00,0.00,0.00,0.00,0.00,0.00,0.00,0.00,0.00,0.00,0.00,0.00,0.00,0.00,0.00,0.00,1.59,1.59,1.59,1.59,1.59,1.59,1.59,1.59,1.59,1.59,4.50,4.51,4.52,4.53,4.54,4.54,4.55,4.56,4.57,4.58,0.00,0.00,1.00,0.00,0.00,0.00,0.00,-1.00,0,None,0,aggregation
160,219.54,remora3,remora9,0.00,0.00,0.00,0.00,0.00,0.00,0.00,0.00,0.00,0.00,0.00,0.00,0.00,0.00,0.00,0.00,0.00,0.00,0.00,0.00,1.59,1.59,1.59,1.59,1.59,1.59,1.59,1.59,1.59,1.59,4.59,4.60,4.61,4.62,4.63,4.63,4.64,4.65,4.66,4.67,0.00,0.00,1.00,0.00,0.00,0.00,0.00,-1.00,0,None,0,aggregation
160,220.54,remora3,remora9,0.00,0.00,0.00,0.00,0.00,0.00,0.00,0.00,0.00,0.00,0.00,0.00,0.00,0.00,0.00,0.00,0.00,0.00,0.00,0.00,1.59,1.59,1.59,1.59,1.59,1.59,1.59,1.59,1.59,1.59,4.68,4.69,4.70,4.71,4.72,4.73,4.74,4.75,4.76,4.76,0.00,0.00,1.00,0.00,0.00,0.00,0.00,-1.00,0,None,0,aggregation
160,221.54,remora3,remora9,0.00,0.00,0.00,0.00,0.00,0.00,0.00,0.00,0.00,0.00,0.00,0.00,0.00,0.00,0.00,0.00,0.00,0.00,0.00,0.00,1.59,1.59,1.59,1.59,1.59,1.59,1.59,1.59,1.59,1.59,4.77,4.78,4.79,4.80,2.21,2.21,2.21,2.21,2.21,2.21,0.00,0.00,1.00,0.00,0.00,0.00,0.00,-1.00,0,None,0,aggregation
160,222.54,remora3,remora9,0.00,0.00,0.00,0.00,0.00,0.00,0.00,0.00,0.00,0.00,0.00,0.00,0.00,0.00,0.00,0.00,0.00,0.00,0.00,0.00,1.59,1.59,1.59,1.59,1.59,1.59,1.59,1.59,1.59,1.59,2.21,2.21,2.21,2.21,2.21,2.21,2.21,2.21,2.21,2.21,0.00,0.00,1.00,0.00,0.00,0.00,0.00,-1.00,0,None,0,aggregation
160,223.54,remora3,remora9,0.00,0.00,0.00,0.00,0.00,0.00,-24.61,-24.61,-24.50,-24.50,0.00,0.00,0.00,0.00,0.00,0.00,-35.07,-35.07,-34.96,-34.96,1.59,1.59,1.59,1.59,1.59,1.59,1.60,1.63,1.66,1.69,2.21,2.21,2.21,2.21,2.21,4.80,4.80,4.81,4.83,4.85,11.91,0.00,1.00,0.00,0.00,0.00,0.00,-1.00,0,None,0,aggregation
160,224.54,remora3,remora9,-24.20,-24.20,-23.80,-23.80,-23.21,-23.21,-22.55,-22.55,-21.77,-21.77,-34.66,-34.66,-34.27,-34.27,-33.67,-33.67,-33.01,-33.01,-32.24,-32.24,1.72,1.74,1.77,1.80,1.83,1.86,1.89,1.92,1.94,1.97,4.87,4.88,4.90,4.92,4.93,4.95,4.97,4.98,5.00,5.01,40.25,0.00,1.00,0.00,0.00,0.00,0.00,-1.00,0,None,0,aggregation
160,225.54,remora3,remora9,-20.96,-20.96,-19.97,-19.97,-18.96,-18.96,-17.77,-17.77,-16.66,-16.66,-31.42,-31.42,-30.44,-30.44,-29.43,-29.43,-28.23,-28.23,-27.12,-27.12,2.00,2.02,2.05,2.07,2.10,2.12,2.14,2.17,2.19,2.21,5.03,5.04,5.06,5.07,5.08,5.10,5.11,5.12,5.13,5.14,64.35,0.00,1.00,1.00,0.00,0.00,0.00,-1.00,0,None,0,aggregation
160,226.54,remora3,remora9,-15.29,-15.29,-14.05,-14.05,-12.56,-12.56,-11.14,-11.14,-9.48,-9.48,-25.76,-25.76,-24.51,-24.51,-23.02,-23.02,-21.60,-21.60,-19.95,-19.95,2.23,2.25,2.27,2.28,2.30,2.32,2.33,2.35,2.36,2.37,5.15,5.16,5.16,5.17,5.17,5.18,5.18,5.19,5.19,5.19,82.09,0.00,1.00,1.00,0.00,0.00,0.00,-1.00,0,None,0,aggregation
160,227.54,remora3,remora9,-7.91,-7.91,-6.33,-6.33,-4.41,-4.41,-2.76,-2.76,-0.77,-0.77,-18.37,-18.37,-16.79,-16.79,-14.88,-14.88,-13.23,-13.23,-11.23,-11.23,2.38,2.39,2.40,2.41,2.42,2.43,2.43,2.44,2.44,2.45,5.19,5.19,5.19,5.19,5.19,5.18,5.18,5.17,5.17,5.16,91.76,0.00,1.00,1.00,0.00,0.00,0.00,-1.00,0,None,0,aggregation
160,228.54,remora3,remora9,1.15,1.15,3.02,3.02,4.96,4.96,6.46,6.46,8.10,8.10,-9.31,-9.31,-7.45,-7.45,-5.51,-5.51,-3.70,-3.70,-1.65,-1.65,2.45,2.46,2.46,2.46,2.46,2.46,2.45,2.45,2.45,2.45,5.16,5.15,5.14,5.14,5.13,5.12,5.11,5.10,5.09,5.08,93.99,0.00,1.00,1.00,0.00,0.00,0.00,-1.00,0,None,0,aggregation
160,229.54,remora3,remora9,9.55,9.55,11.05,11.05,12.45,12.45,13.86,13.86,15.30,15.30,0.17,0.17,2.05,2.05,3.82,3.82,5.60,5.60,7.43,7.43,2.44,2.44,2.44,2.44,2.43,2.43,2.42,2.42,2.42,2.42,5.07,5.06,5.05,5.04,5.04,5.03,5.02,5.01,5.00,4.99,102.12,0.00,1.00,1.00,0.00,0.00,0.00,-1.00,0,None,0,aggregation
160,230.54,remora3,remora9,16.60,16.60,17.77,17.77,18.99,18.99,20.05,20.05,21.15,21.15,9.08,9.08,10.59,10.59,12.17,12.17,13.55,13.55,14.99,14.99,2.41,2.41,2.41,2.41,2.41,2.41,2.41,2.42,2.42,2.43,4.98,4.97,4.97,4.96,4.96,4.95,4.95,4.94,4.94,4.94,117.61,0.00,1.00,1.00,0.00,0.00,0.00,-1.00,0,None,0,aggregation
160,231.54,remora3,remora9,22.07,22.07,23.00,23.00,23.78,23.78,24.61,24.61,25.32,25.32,16.21,16.21,17.46,17.46,18.53,18.53,19.68,19.68,20.68,20.68,2.43,2.44,2.45,2.46,2.47,2.49,2.50,2.52,2.54,2.56,4.94,4.94,4.94,4.94,4.95,4.95,4.96,4.97,4.98,4.99,138.75,0.00,1.00,1.00,0.00,0.00,0.00,-1.00,0,None,0,aggregation
160,232.54,remora3,remora9,25.91,25.91,26.39,26.39,26.91,26.91,27.34,27.34,27.74,27.74,21.51,21.51,22.22,22.22,22.99,22.99,23.64,23.64,24.25,24.25,2.58,2.61,2.63,2.66,2.68,2.71,2.74,2.77,2.81,2.84,5.00,5.01,5.02,5.03,5.05,5.07,5.08,5.10,5.12,5.14,163.64,0.00,1.00,1.00,0.00,0.00,0.00,-1.00,0,None,0,aggregation
160,233.54,remora3,remora9,27.96,27.96,28.07,28.07,28.15,28.15,28.20,28.20,28.05,28.05,24.61,24.61,24.78,24.78,24.91,24.91,25.00,25.00,24.75,24.75,2.87,2.91,2.94,2.98,3.02,3.05,3.09,3.13,3.17,3.21,5.16,5.18,5.20,5.22,5.24,5.27,5.29,5.31,5.34,5.36,178.17,0.00,0.00,1.00,0.00,0.00,0.00,-1.00,0,None,0,aggregation
160,234.54,remora3,remora9,27.94,27.94,27.80,27.80,27.36,27.36,26.69,26.69,25.79,25.79,24.58,24.58,24.36,24.36,23.68,23.68,22.66,22.66,21.34,21.34,3.25,3.29,3.32,3.36,3.40,3.44,3.48,3.52,3.55,3.59,5.39,5.42,5.46,5.48,5.51,5.53,5.56,5.58,5.61,5.63,175.05,0.00,0.00,1.00,0.00,0.00,0.00,-1.00,0,None,0,aggregation
160,235.54,remora3,remora9,24.58,24.58,23.35,23.35,22.40,22.40,21.16,21.16,19.44,19.44,19.63,19.63,17.94,17.94,16.66,16.66,15.01,15.01,12.74,12.74,3.63,3.66,3.69,3.73,3.76,3.79,3.82,3.85,3.88,3.90,5.65,5.67,5.69,5.72,5.74,5.75,5.77,5.79,5.81,5.82,170.24,0.00,0.00,1.00,0.00,0.00,0.00,-1.00,0,None,0,aggregation
160,236.54,remora3,remora9,18.20,18.20,16.47,16.47,15.85,15.85,13.87,13.87,13.08,13.08,11.15,11.15,8.91,8.91,8.12,8.12,5.61,5.61,4.61,4.61,3.93,3.95,3.98,4.00,4.02,4.04,4.06,4.08,4.10,4.12,5.84,5.85,5.87,5.88,5.89,5.90,5.91,5.92,5.93,5.93,164.09,0.00,0.00,1.00,0.00,0.00,0.00,-1.00,0,None,0,aggregation
160,237.54,remora3,remora9,11.70,11.70,11.42,11.42,10.97,10.97,10.75,10.75,10.67,10.67,2.87,2.87,2.51,2.51,1.95,1.95,1.67,1.67,1.57,1.57,4.13,4.15,4.16,4.18,4.19,4.20,4.22,4.23,4.24,4.25,5.94,5.95,5.95,5.96,5.96,5.96,5.97,5.97,5.97,5.98,161.04,0.00,0.00,1.00,0.00,0.00,0.00,-1.00,0,None,0,aggregation
160,238.54,remora3,remora9,11.23,11.23,11.47,11.47,11.52,11.52,11.98,11.98,12.86,12.86,2.28,2.28,2.59,2.59,2.64,2.64,3.23,3.23,4.34,4.34,4.26,4.28,4.29,4.30,4.31,4.32,4.33,4.34,4.35,4.36,5.98,5.98,5.99,5.99,5.99,5.99,6.00,6.00,6.00,6.00,166.22,0.00,0.00,1.00,0.00,0.00,0.00,-1.00,0,None,0,aggregation
160,239.54,remora3,remora9,13.54,13.54,14.37,14.37,14.74,14.74,15.61,15.61,16.19,16.19,5.19,5.19,6.24,6.24,6.71,6.71,7.81,7.81,8.56,8.56,4.37,4.39,4.40,4.41,4.42,4.43,4.44,4.45,4.46,4.47,6.01,6.01,6.01,6.02,6.02,6.02,6.02,6.03,6.03,6.03,168.98,0.00,0.00,1.00,0.00,0.00,0.00,-1.00,0,None,0,aggregation
160,240.54,remora3,remora9,17.05,17.05,18.07,18.07,18.95,18.95,19.78,19.78,20.48,20.48,9.66,9.66,10.97,10.97,12.11,12.11,13.19,13.19,14.11,14.11,4.48,4.49,4.50,4.51,4.51,4.52,4.53,4.54,4.55,4.56,6.03,6.04,6.04,6.04,6.04,6.04,6.04,6.04,6.05,6.05,168.93,0.00,0.00,1.00,0.00,0.00,0.00,-1.00,0,None,0,aggregation
160,241.54,remora3,remora9,21.24,21.24,22.04,22.04,23.01,23.01,23.73,23.73,24.48,24.48,15.12,15.12,16.17,16.17,17.48,17.48,18.46,18.46,19.50,19.50,4.57,4.57,4.58,4.59,4.60,4.60,4.61,4.61,4.62,4.63,6.05,6.05,6.05,6.05,6.04,6.04,6.04,6.04,6.04,6.03,167.92,0.00,0.00,1.00,0.00,0.00,0.00,-1.00,0,None,0,aggregation
160,242.54,remora3,remora9,25.04,25.04,25.61,25.61,26.38,26.38,26.91,26.91,27.29,27.29,20.28,20.28,21.09,21.09,22.19,22.19,22.98,22.98,23.56,23.56,4.63,4.64,4.64,4.65,4.65,2.46,2.44,2.43,2.42,2.40,6.03,6.03,6.02,6.02,6.01,5.12,5.11,5.11,5.10,5.09,167.16,0.00,0.00,1.00,0.00,0.00,0.00,-1.00,0,None,0,aggregation
160,243.54,remora3,remora9,27.76,27.76,28.17,28.17,28.53,28.53,28.76,28.76,29.10,29.10,24.29,24.29,24.95,24.95,25.55,25.55,25.94,25.94,26.54,26.54,2.39,2.38,2.37,2.36,2.35,2.34,2.34,2.33,2.32,2.31,5.08,5.07,5.06,5.06,5.05,5.04,5.03,5.02,5.02,5.01,167.67,0.00,1.00,1.00,0.00,0.00,0.00,-1.00,0,None,0,aggregation
160,244.54,remora3,remora9,29.29,29.29,29.45,29.45,29.64,29.64,29.76,29.76,29.87,29.87,26.90,26.90,27.22,27.22,27.62,27.62,27.90,27.90,28.17,28.17,2.31,2.30,2.30,2.29,2.29,2.28,2.28,2.27,2.27,2.27,5.00,4.99,4.98,4.97,4.96,4.95,4.94,4.93,4.93,4.92,171.03,0.00,1.00,1.00,0.00,0.00,0.00,-1.00,0,None,0,aggregation
160,245.54,remora3,remora9,29.96,29.96,30.05,30.05,30.09,30.09,-0.89,-0.89,-0.59,-0.59,28.40,28.40,28.68,28.68,28.82,28.82,-16.59,-16.59,-16.29,-16.29,2.26,2.26,2.26,2.26,2.25,2.25,2.24,2.20,2.17,2.13,4.91,4.91,4.90,4.88,4.87,4.87,4.85,4.84,4.82,4.81,172.78,0.00,1.00,1.00,0.00,0.00,0.00,-1.00,0,None,0,aggregation
160,246.54,remora3,remora9,0.00,0.00,0.67,0.67,1.42,1.42,27.53,27.53,2.79,2.79,-15.70,-15.70,-15.03,-15.03,-14.27,-14.27,29.60,29.60,-12.91,-12.91,2.09,2.05,2.02,1.98,1.94,1.91,1.88,1.87,1.86,1.82,4.79,4.77,4.75,4.73,4.71,4.70,4.68,4.67,4.65,4.63,172.21,0.00,1.00,1.00,1.00,1.00,0.00,-1.00,0,None,0,aggregation
160,247.54,remora3,remora9,3.18,3.18,4.11,4.11,5.08,5.08,19.21,19.21,18.17,18.17,-12.52,-12.52,-11.59,-11.59,-10.61,-10.61,24.27,24.27,23.51,23.51,1.79,1.76,1.72,1.69,1.66,1.62,1.61,1.62,1.64,1.65,4.61,4.59,4.58,4.56,4.54,4.52,4.51,4.49,4.47,4.46,176.35,0.00,1.00,1.00,1.00,1.00,0.00,-1.00,0,None,0,aggregation
160,248.54,remora3,remora9,6.24,6.24,6.62,6.62,15.87,15.87,14.73,14.73,16.16,16.16,-9.46,-9.46,-9.08,-9.08,21.81,21.81,20.95,20.95,22.03,22.03,1.66,1.66,1.66,1.66,1.66,1.67,1.68,1.69,1.71,1.72,4.45,4.44,4.44,4.43,4.42,4.41,4.39,4.38,4.37,4.35,180.66,0.00,1.00,1.00,1.00,1.00,0.00,-1.00,0,None,0,aggregation
160,249.54,remora3,remora9,17.38,17.38,18.25,18.25,19.01,19.01,19.76,19.76,20.45,20.45,22.94,22.94,23.58,23.58,24.13,24.13,24.67,24.67,25.16,25.16,1.73,1.75,1.76,1.78,1.79,1.81,1.83,1.85,1.86,1.88,4.34,4.32,4.31,4.30,4.28,4.27,4.26,4.25,4.24,4.23,191.29,0.00,1.00,1.00,0.00,0.00,0.00,-1.00,0,None,0,aggregation
160,250.54,remora3,remora9,5.70,5.70,5.96,5.96,17.79,17.79,16.89,16.89,17.51,17.51,-10.00,-10.00,-9.74,-9.74,23.24,23.24,22.57,22.57,23.03,23.03,1.90,1.90,1.89,1.89,1.90,1.91,1.93,1.94,1.96,1.97,4.22,4.21,4.21,4.21,4.20,4.20,4.19,4.18,4.18,4.17,188.77,0.00,1.00,1.00,1.00,1.00,0.00,-1.00,0,None,0,aggregation
160,251.54,remora3,remora9,18.36,18.36,19.31,19.31,19.83,19.83,5.64,5.64,5.96,5.96,23.66,23.66,24.35,24.35,24.72,24.72,-10.06,-10.06,-9.74,-9.74,1.99,2.01,2.03,2.04,2.06,2.08,2.10,2.09,2.09,2.09,4.16,4.16,4.15,4.14,4.13,4.13,4.12,4.12,4.12,4.12,182.49,0.00,1.00,1.00,0.00,0.00,0.00,-1.00,0,None,0,aggregation
160,252.54,remora3,remora9,17.00,17.00,15.30,15.30,15.67,15.67,16.21,16.21,16.73,16.73,22.65,22.65,21.39,21.39,21.66,21.66,22.06,22.06,22.45,22.45,2.09,2.10,2.12,2.14,2.15,2.17,2.18,2.20,2.22,2.23,4.12,4.11,4.10,4.10,4.09,4.09,4.08,4.08,4.08,4.08,177.47,0.00,1.00,1.00,1.00,1.00,0.00,-1.00,0,None,0,aggregation
160,253.54,remora3,remora9,17.16,17.16,5.59,5.59,16.17,16.17,14.87,14.87,6.04,6.04,22.78,22.78,-10.11,-10.11,22.04,22.04,21.06,21.06,-9.66,-9.66,2.25,2.27,2.28,2.27,2.28,2.29,2.31,2.33,2.34,2.34,4.08,4.08,4.08,4.08,4.08,4.08,4.08,4.08,4.07,4.08,162.73,0.00,1.00,1.00,1.00,1.00,0.00,-1.00,0,None,0,aggregation
160,254.54,remora3,remora9,6.25,6.25,10.52,10.52,8.62,8.62,9.16,9.16,9.58,9.58,-9.45,-9.45,17.72,17.72,16.24,16.24,16.66,16.66,16.99,16.99,2.34,2.33,2.33,2.34,2.35,2.36,2.37,2.39,2.40,2.41,4.08,4.08,4.08,4.08,4.09,4.09,4.09,4.09,4.09,4.09,145.01,0.00,1.00,1.00,1.00,1.00,0.00,-1.00,0,None,0,aggregation
160,255.54,remora3,remora9,10.30,10.30,10.37,10.37,11.13,11.13,11.09,11.09,4.54,4.54,17.55,17.55,17.60,17.60,18.19,18.19,18.16,18.16,-11.16,-11.16,2.42,2.43,2.45,2.46,2.47,2.49,2.50,2.51,2.52,2.52,4.09,4.10,4.10,4.10,4.10,4.10,4.11,4.11,4.11,4.11,136.08,0.00,1.00,1.00,0.00,0.00,0.00,-1.00,0,None,0,aggregation
160,256.54,remora3,remora9,4.91,4.91,6.41,6.41,5.29,5.29,5.88,5.88,6.23,6.23,-10.79,-10.79,14.50,14.50,13.62,13.62,14.09,14.09,14.36,14.36,2.51,2.51,2.51,2.52,2.53,2.54,2.55,2.55,2.56,2.57,4.11,4.11,4.11,4.11,4.10,4.10,4.09,4.09,4.09,4.08,133.69,0.00,1.00,1.00,1.00,1.00,0.00,-1.00,0,None,0,aggregation
160,257.54,remora3,remora9,6.85,6.85,4.20,4.20,4.33,4.33,3.59,3.59,2.59,2.59,14.85,14.85,-11.50,-11.50,-11.37,-11.37,12.28,12.28,11.48,11.48,2.58,2.59,2.60,2.60,2.60,2.59,2.59,2.60,2.61,2.61,4.08,4.08,4.07,4.07,4.07,4.07,4.07,4.07,4.07,4.07,129.54,0.00,1.00,1.00,1.00,1.00,0.00,-1.00,0,None,0,aggregation
160,258.54,remora3,remora9,3.71,3.71,4.46,4.46,3.93,3.93,4.04,4.04,1.64,1.64,12.37,12.37,12.96,12.96,-11.76,-11.76,-11.65,-11.65,10.72,10.72,2.62,2.63,2.64,2.64,2.65,2.65,2.64,2.64,2.64,2.64,4.06,4.06,4.06,4.06,4.06,4.06,4.06,4.06,4.06,4.06,123.94,0.00,1.00,1.00,1.00,1.00,0.00,-1.00,0,None,0,aggregation
160,259.54,remora3,remora9,0.74,0.74,1.80,1.80,2.82,2.82,3.50,3.50,3.67,3.67,10.00,10.00,10.85,10.85,11.66,11.66,-12.19,-12.19,-12.03,-12.03,2.65,2.66,2.66,2.67,2.67,2.68,2.68,2.68,2.68,2.67,4.06,4.06,4.06,4.06,4.06,4.05,4.05,4.05,4.06,4.06,107.91,0.00,1.00,1.00,0.00,0.00,0.00,-1.00,0,None,0,aggregation
160,260.54,remora3,remora9,0.33,0.33,0.19,0.19,0.82,0.82,2.21,2.21,3.03,3.03,9.68,9.68,9.57,9.57,10.07,10.07,11.18,11.18,-12.67,-12.67,2.67,2.68,2.68,2.69,2.69,2.70,2.70,2.71,2.71,2.71,4.06,4.06,4.06,4.06,4.05,4.05,4.05,4.05,4.06,4.06,100.36,0.00,1.00,1.00,1.00,1.00,0.00,-1.00,0,None,0,aggregation
160,261.54,remora3,remora9,2.59,2.59,2.16,2.16,2.83,2.83,2.86,2.86,-0.42,-0.42,11.48,11.48,11.14,11.14,-12.87,-12.87,-12.84,-12.84,9.08,9.08,2.71,2.71,2.72,2.73,2.73,2.73,2.72,2.72,2.72,2.72,4.06,4.06,4.05,4.05,4.05,4.05,4.05,4.05,4.05,4.05,92.13,0.00,1.00,1.00,1.00,1.00,0.00,-1.00,0,None,0,aggregation
160,262.54,remora3,remora9,-0.94,-0.94,0.92,0.92,2.62,2.62,2.29,2.29,2.51,2.51,8.66,8.66,10.15,10.15,11.50,11.50,-13.41,-13.41,-13.19,-13.19,2.73,2.73,2.73,2.74,2.75,2.75,2.75,2.75,2.75,2.74,4.05,4.05,4.05,4.04,4.04,4.04,4.04,4.03,4.03,4.03,78.48,0.00,1.00,1.00,0.00,0.00,0.00,-1.00,0,None,0,aggregation
160,263.54,remora3,remora9,-0.66,-0.66,-1.53,-1.53,0.11,0.11,1.98,1.98,2.01,2.01,8.89,8.89,8.20,8.20,9.50,9.50,10.99,10.99,-13.69,-13.69,2.74,2.74,2.74,2.75,2.75,2.76,2.76,2.77,2.77,2.77,4.03,4.03,4.03,4.03,4.03,4.02,4.02,4.02,4.02,4.01,71.18,0.00,1.00,1.00,0.00,0.00,0.00,-1.00,0,None,0,aggregation
160,264.54,remora3,remora9,2.04,2.04,-0.06,-0.06,-1.19,-1.19,0.49,0.49,2.02,2.02,-13.66,-13.66,9.37,9.37,8.47,8.47,9.81,9.81,11.02,11.02,2.76,2.76,2.76,2.76,2.76,2.77,2.77,2.78,2.78,2.79,4.01,4.01,4.00,4.00,4.00,4.00,3.99,3.99,3.99,3.99,65.47,0.00,1.00,1.00,0.00,0.00,0.00,-1.00,0,None,0,aggregation
160,265.54,remora3,remora9,1.57,1.57,2.60,2.60,2.12,2.12,1.51,1.51,1.65,1.65,-14.13,-14.13,11.49,11.49,11.11,11.11,-14.19,-14.19,-14.04,-14.04,2.79,2.79,2.78,2.79,2.80,2.80,2.81,2.80,2.80,2.79,3.99,3.99,3.99,3.98,3.98,3.98,3.98,3.97,3.97,3.97,59.86,0.00,1.00,1.00,0.00,0.00,0.00,-1.00,0,None,0,aggregation
160,266.54,remora3,remora9,-1.26,-1.26,-2.51,-2.51,-0.56,-0.56,1.50,1.50,2.96,2.96,8.41,8.41,7.41,7.41,8.97,8.97,10.61,10.61,11.77,11.77,2.79,2.79,2.79,2.80,2.80,2.80,2.81,2.81,2.82,2.83,3.96,3.96,3.96,3.96,3.96,3.96,3.95,3.95,3.95,3.95,55.96,0.00,1.00,1.00,0.00,0.00,0.00,-1.00,0,None,0,aggregation
160,267.54,remora3,remora9,0.86,0.86,0.94,0.94,0.52,0.52,0.12,0.12,1.54,1.54,-14.83,-14.83,-14.75,-14.75,9.83,9.83,9.51,9.51,10.64,10.64,2.83,2.83,2.82,2.81,2.81,2.82,2.82,2.83,2.83,2.84,3.94,3.94,3.94,3.94,3.94,3.94,3.94,3.93,3.93,3.93,55.36,0.00,1.00,1.00,0.00,0.00,0.00,-1.00,0,None,0,aggregation
160,268.54,remora3,remora9,2.71,2.71,0.56,0.56,0.74,0.74,-2.41,-2.41,-4.26,-4.26,11.57,11.57,-15.14,-15.14,-14.96,-14.96,7.49,7.49,6.01,6.01,2.85,2.89,2.92,2.94,2.96,2.98,3.01,3.04,3.07,3.09,3.93,3.94,3.94,3.95,3.95,3.95,3.96,3.97,3.97,3.98,54.22,0.00,1.00,1.00,0.00,0.00,0.00,-1.00,0,None,0,aggregation
160,269.54,remora3,remora9,-2.80,-2.80,-1.78,-1.78,-0.63,-0.63,0.52,0.52,1.88,1.88,7.18,7.18,7.99,7.99,8.91,8.91,9.83,9.83,10.91,10.91,3.12,3.15,3.18,3.20,3.23,3.26,3.28,3.31,3.34,3.36,3.99,4.54,4.54,4.54,4.55,4.55,4.55,4.55,4.56,4.56,52.93,0.00,0.00,1.00,0.00,0.00,0.00,-1.00,0,None,0,aggregation
160,270.54,remora3,remora9,-0.77,-0.77,-0.60,-0.60,-2.01,-2.01,-3.33,-3.33,-1.87,-1.87,-16.47,-16.47,-16.29,-16.29,7.81,7.81,6.75,6.75,7.93,7.93,3.38,3.38,3.38,3.38,3.38,3.38,3.38,3.38,3.37,3.37,4.56,4.55,4.55,4.55,4.55,4.54,4.54,4.54,4.81,4.80,52.50,0.00,0.00,1.00,0.00,0.00,0.00,-1.00,0,None,0,aggregation
160,271.54,remora3,remora9,-0.27,-0.27,1.47,1.47,3.48,3.48,-1.45,-1.45,-1.38,-1.38,9.20,9.20,10.58,10.58,12.18,12.18,-17.15,-17.15,-17.08,-17.08,3.37,3.37,3.37,3.37,3.37,3.36,3.36,3.36,3.36,3.36,4.80,4.80,4.80,4.80,4.79,4.79,4.79,4.78,4.78,4.77,54.26,0.00,0.00,1.00,0.00,0.00,0.00,-1.00,0,None,0,aggregation
160,272.54,remora3,remora9,0.79,0.79,-0.41,-0.41,1.46,1.46,3.05,3.05,-1.52,-1.52,10.04,10.04,9.09,9.09,10.58,10.58,11.84,11.84,-17.22,-17.22,3.36,3.36,3.35,3.35,3.35,3.35,3.35,3.35,3.35,3.34,4.77,4.77,4.77,4.77,4.77,4.77,4.77,4.77,4.76,4.76,55.31,0.00,0.00,1.00,0.00,0.00,0.00,-1.00,0,None,0,aggregation
160,273.54,remora3,remora9,-1.43,-1.43,0.28,0.28,-0.19,-0.19,1.65,1.65,-1.48,-1.48,-17.13,-17.13,9.64,9.64,9.26,9.26,10.73,10.73,-17.17,-17.17,3.34,3.34,3.34,3.34,3.34,3.33,3.33,3.33,3.33,3.33,4.75,4.75,4.75,4.75,4.75,4.75,4.75,4.75,4.75,4.75,57.25,0.00,0.00,1.00,1.00,0.00,1.00,-1.00,0,None,0,aggregation
160,274.54,remora3,remora9,2.26,2.26,1.15,1.15,-1.48,-1.48,1.03,1.03,-0.22,-0.22,11.22,11.22,10.33,10.33,-17.17,-17.17,10.24,10.24,9.24,9.24,3.33,3.32,3.32,3.32,3.32,3.32,3.32,3.32,3.31,3.31,4.75,4.75,4.75,4.75,4.75,4.75,4.75,4.75,4.75,4.76,58.49,0.00,0.00,1.00,1.00,0.00,1.00,-1.00,0,None,0,aggregation
160,275.54,remora3,remora9,1.97,1.97,-1.71,-1.71,-1.63,-1.63,-1.92,-1.92,-2.89,-2.89,10.98,10.98,-17.41,-17.41,-17.33,-17.33,7.88,7.88,7.10,7.10,3.31,3.31,3.31,3.31,3.31,3.30,3.30,3.30,3.30,3.30,4.76,4.76,4.76,4.76,4.76,4.76,4.76,4.76,4.76,4.76,58.11,0.00,0.00,1.00,1.00,0.00,1.00,-1.00,0,None,0,aggregation
160,276.54,remora3,remora9,-1.08,-1.08,0.89,0.89,2.20,2.20,-1.98,-1.98,-1.96,-1.96,8.55,8.55,10.12,10.12,11.16,11.16,-17.68,-17.68,-17.66,-17.66,3.30,3.29,3.29,3.29,3.29,3.29,3.29,3.29,3.29,3.28,4.77,4.77,4.78,4.78,4.79,4.79,4.80,4.79,4.79,4.79,60.49,0.00,0.00,1.00,0.00,0.00,0.00,-1.00,0,None,0,aggregation
160,277.54,remora3,remora9,-1.11,-1.11,-2.71,-2.71,-0.96,-0.96,0.47,0.47,2.26,2.26,8.53,8.53,7.25,7.25,8.65,8.65,9.79,9.79,11.22,11.22,3.28,3.28,3.28,3.28,3.28,3.28,3.28,3.28,3.28,3.28,4.79,4.80,4.80,4.80,4.81,4.81,4.82,4.82,4.83,4.84,58.84,0.00,0.00,1.00,1.00,0.00,1.00,-1.00,0,None,0,aggregation
160,278.54,remora3,remora9,-2.13,-2.13,-2.10,-2.10,-1.46,-1.46,-3.15,-3.15,-1.21,-1.21,-17.82,-17.82,-17.80,-17.80,8.25,8.25,6.89,6.89,8.45,8.45,3.28,3.27,3.27,3.26,3.26,3.26,3.26,3.26,3.26,3.26,4.85,4.85,4.84,4.84,4.84,4.85,4.85,4.86,4.87,4.87,59.61,0.00,0.00,1.00,1.00,0.00,1.00,-1.00,0,None,0,aggregation
160,279.54,remora3,remora9,0.57,0.57,2.24,2.24,-17.85,-17.85,5.96,5.96,8.22,8.22,9.87,9.87,11.20,11.20,-2.15,-2.15,14.15,14.15,15.92,15.92,3.26,3.26,3.26,3.26,3.26,3.25,3.25,3.25,3.26,3.26,4.88,4.89,4.89,4.90,4.91,4.91,4.91,4.92,4.93,4.95,64.22,0.00,0.00,1.00,0.00,0.00,0.00,-1.00,0,None,0,aggregation
160,280.54,remora3,remora9,-17.60,-17.60,-17.40,-17.40,-17.04,-17.04,16.91,16.91,18.51,18.51,-1.90,-1.90,-1.70,-1.70,-1.35,-1.35,22.59,22.59,23.76,23.76,3.27,3.26,3.25,3.25,3.24,3.23,3.24,3.25,3.27,3.29,4.96,4.96,4.96,4.96,4.95,4.95,4.96,4.98,5.00,5.03,73.16,0.00,0.00,1.00,0.00,0.00,0.00,-1.00,0,None,0,aggregation
160,281.54,remora3,remora9,-16.03,-16.03,-15.64,-15.64,-14.96,-14.96,-14.19,-14.19,-13.36,-13.36,-0.33,-0.33,0.06,0.06,0.74,0.74,1.50,1.50,2.33,2.33,3.30,3.29,3.29,3.28,3.27,3.27,3.26,3.25,3.25,3.24,5.05,5.05,5.05,5.05,5.05,5.05,5.05,5.05,5.05,5.06,72.78,0.00,0.00,1.00,0.00,0.00,0.00,-1.00,0,None,0,aggregation
160,131.54,remora3,remora7,0.00,0.00,0.00,0.00,0.00,0.00,0.00,0.00,0.00,0.00,0.00,0.00,0.00,0.00,0.00,0.00,0.00,0.00,0.00,0.00,1.60,1.60,1.60,1.60,1.60,1.60,1.60,1.60,1.60,1.60,4.92,4.92,4.92,4.92,4.92,4.92,4.92,4.92,4.92,4.92,0.00,0.00,1.00,0.00,0.00,0.00,0.00,-1.00,0,None,0,aggregation
160,132.54,remora3,remora7,0.00,0.00,0.00,0.00,0.00,0.00,0.00,0.00,0.00,0.00,0.00,0.00,0.00,0.00,0.00,0.00,0.00,0.00,0.00,0.00,1.60,1.60,1.60,1.60,1.60,1.60,1.60,1.60,1.60,1.60,4.93,4.93,4.93,4.93,4.93,4.93,4.93,4.93,4.93,4.93,0.00,0.00,1.00,0.00,0.00,0.00,0.00,-1.00,0,None,0,aggregation
160,133.54,remora3,remora7,0.00,0.00,0.00,0.00,0.00,0.00,0.00,0.00,0.00,0.00,0.00,0.00,0.00,0.00,0.00,0.00,0.00,0.00,0.00,0.00,1.60,1.60,1.60,1.60,1.60,1.60,1.60,1.60,1.60,1.60,4.93,4.93,4.93,4.78,4.78,4.78,4.78,4.78,4.78,4.78,0.00,0.00,1.00,0.00,0.00,0.00,0.00,-1.00,0,None,0,aggregation
160,134.54,remora3,remora7,0.00,0.00,0.00,0.00,0.00,0.00,0.00,0.00,0.00,0.00,0.00,0.00,0.00,0.00,0.00,0.00,0.00,0.00,0.00,0.00,1.60,1.60,1.60,1.60,1.60,1.60,1.60,1.60,1.60,1.60,5.29,5.28,5.27,5.26,5.25,5.25,5.24,5.23,5.22,5.21,0.00,0.00,1.00,0.00,0.00,0.00,0.00,-1.00,0,None,0,aggregation
160,135.54,remora3,remora7,0.00,0.00,0.00,0.00,0.00,0.00,0.00,0.00,0.00,0.00,0.00,0.00,0.00,0.00,0.00,0.00,0.00,0.00,0.00,0.00,1.60,1.60,1.60,1.60,1.60,1.60,1.60,1.60,1.60,1.60,5.21,5.20,5.19,5.18,5.17,5.17,5.16,5.15,5.14,5.13,0.00,0.00,1.00,0.00,0.00,0.00,0.00,-1.00,0,None,0,aggregation
160,136.54,remora3,remora7,0.00,0.00,0.00,0.00,0.00,0.00,0.00,0.00,0.00,0.00,0.00,0.00,0.00,0.00,0.00,0.00,0.00,0.00,0.00,0.00,1.60,1.60,1.60,1.60,1.60,1.60,1.60,1.60,1.60,1.60,5.13,5.12,5.11,5.10,5.09,5.09,5.08,5.07,5.06,5.06,0.00,0.00,1.00,0.00,0.00,0.00,0.00,-1.00,0,None,0,aggregation
160,137.54,remora3,remora7,0.00,0.00,0.00,0.00,0.00,0.00,0.00,0.00,0.00,0.00,0.00,0.00,0.00,0.00,0.00,0.00,0.00,0.00,0.00,0.00,1.60,1.60,1.60,1.60,1.60,1.60,1.60,1.60,1.60,1.60,5.05,5.04,5.04,5.03,5.02,5.01,5.01,5.00,4.99,4.99,0.00,0.00,1.00,0.00,0.00,0.00,0.00,-1.00,0,None,0,aggregation
160,138.54,remora3,remora7,0.00,0.00,0.00,0.00,0.00,0.00,0.00,0.00,0.00,0.00,0.00,0.00,0.00,0.00,0.00,0.00,0.00,0.00,0.00,0.00,1.60,1.60,1.60,1.60,1.60,1.60,1.60,1.60,1.60,1.60,4.98,4.97,4.97,4.96,4.96,4.95,4.94,4.94,4.93,4.93,0.00,0.00,1.00,0.00,0.00,0.00,0.00,-1.00,0,None,0,aggregation
160,139.54,remora3,remora7,0.00,0.00,0.00,0.00,0.00,0.00,0.00,0.00,0.00,0.00,0.00,0.00,0.00,0.00,0.00,0.00,0.00,0.00,0.00,0.00,1.60,1.60,1.60,1.60,1.60,1.60,1.60,1.60,1.60,1.60,4.92,4.92,4.91,4.91,4.90,4.90,2.93,2.93,2.92,2.91,0.00,0.00,1.00,0.00,0.00,0.00,0.00,-1.00,0,None,0,aggregation
160,140.54,remora3,remora7,0.00,0.00,0.00,0.00,0.00,0.00,0.00,0.00,0.00,0.00,0.00,0.00,0.00,0.00,0.00,0.00,0.00,0.00,0.00,0.00,1.60,1.60,1.60,1.60,1.60,1.60,1.60,1.60,1.60,1.60,2.91,2.90,2.90,2.89,2.89,2.88,2.88,2.87,2.87,2.87,0.00,0.00,1.00,0.00,0.00,0.00,0.00,-1.00,0,None,0,aggregation
160,141.54,remora3,remora7,0.00,0.00,0.00,0.00,0.00,0.00,0.00,0.00,0.00,0.00,0.00,0.00,0.00,0.00,0.00,0.00,0.00,0.00,0.00,0.00,1.60,1.60,1.60,1.60,1.60,1.60,1.60,1.60,1.60,1.60,2.86,2.86,2.85,2.85,2.85,2.85,2.84,2.84,2.84,2.84,0.00,0.00,1.00,0.00,0.00,0.00,0.00,-1.00,0,None,0,aggregation
160,142.54,remora3,remora7,0.00,0.00,0.00,0.00,0.00,0.00,0.00,0.00,0.00,0.00,0.00,0.00,0.00,0.00,0.00,0.00,0.00,0.00,0.00,0.00,1.60,1.60,1.60,1.60,1.60,1.60,1.60,1.60,1.60,1.60,2.83,2.83,2.83,2.83,2.83,2.83,2.83,2.83,2.83,2.83,0.00,0.00,1.00,0.00,0.00,0.00,0.00,-1.00,0,None,0,aggregation
160,143.54,remora3,remora7,0.00,0.00,23.41,23.41,23.75,23.75,24.62,24.62,25.49,25.49,0.00,0.00,27.19,27.19,27.41,27.41,27.96,27.96,28.50,28.50,1.60,1.60,1.60,1.62,1.63,1.65,1.67,1.69,1.71,1.73,2.83,2.83,2.84,2.85,2.86,2.87,2.88,2.90,2.91,2.93,20.83,0.00,1.00,0.00,0.00,0.00,0.00,-1.00,0,None,0,aggregation
160,189.54,remora3,remora7,0.00,0.00,0.00,0.00,0.00,0.00,0.00,0.00,0.00,0.00,0.00,0.00,0.00,0.00,0.00,0.00,0.00,0.00,0.00,0.00,1.60,1.60,1.60,1.60,1.60,1.60,1.60,1.60,1.60,1.60,4.61,4.61,4.61,4.61,4.61,4.61,4.61,4.61,4.61,4.61,225.40,0.00,1.00,1.00,0.00,0.00,0.00,-1.00,0,None,0,aggregation
160,190.54,remora3,remora7,0.00,0.00,0.00,0.00,0.00,0.00,0.00,0.00,0.00,0.00,0.00,0.00,0.00,0.00,0.00,0.00,0.00,0.00,0.00,0.00,1.60,1.60,1.60,1.60,1.60,1.60,1.60,1.60,1.60,1.60,4.61,4.61,4.61,4.61,4.61,4.61,4.61,4.61,4.61,4.61,195.72,0.00,1.00,1.00,0.00,0.00,0.00,-1.00,0,None,0,aggregation
160,191.54,remora3,remora7,0.00,0.00,0.00,0.00,0.00,0.00,0.00,0.00,0.00,0.00,0.00,0.00,0.00,0.00,0.00,0.00,0.00,0.00,0.00,0.00,1.60,1.60,1.60,1.60,1.60,1.60,1.60,1.60,1.60,1.60,4.61,4.61,4.61,4.61,4.61,4.61,4.61,4.61,5.29,5.29,165.87,0.00,1.00,1.00,0.00,0.00,0.00,-1.00,0,None,0,aggregation
160,192.54,remora3,remora7,0.00,0.00,0.00,0.00,0.00,0.00,0.00,0.00,0.00,0.00,0.00,0.00,0.00,0.00,0.00,0.00,0.00,0.00,0.00,0.00,1.61,1.61,1.61,1.61,1.61,1.61,1.61,1.61,1.61,1.61,5.28,5.28,5.27,5.27,5.26,5.26,5.25,5.25,5.24,5.24,135.98,0.00,1.00,1.00,0.00,0.00,0.00,-1.00,0,None,0,aggregation
160,193.54,remora3,remora7,0.00,0.00,0.00,0.00,0.00,0.00,0.00,0.00,0.00,0.00,0.00,0.00,0.00,0.00,0.00,0.00,0.00,0.00,0.00,0.00,1.61,1.61,1.61,1.61,1.61,1.61,1.61,1.61,1.61,1.61,5.23,5.23,5.22,5.22,5.21,5.21,5.20,5.20,5.19,5.19,106.10,0.00,1.00,1.00,0.00,0.00,0.00,-1.00,0,None,0,aggregation
160,194.54,remora3,remora7,0.00,0.00,0.00,0.00,0.00,0.00,0.00,0.00,0.00,0.00,0.00,0.00,0.00,0.00,0.00,0.00,0.00,0.00,0.00,0.00,1.61,1.61,1.61,1.61,1.61,1.61,1.61,1.61,1.61,1.61,5.19,5.18,5.18,5.17,5.17,5.16,5.16,5.16,5.15,5.15,76.30,0.00,1.00,1.00,0.00,0.00,0.00,-1.00,0,None,0,aggregation
160,195.54,remora3,remora7,0.00,0.00,0.00,0.00,0.00,0.00,0.00,0.00,0.00,0.00,0.00,0.00,0.00,0.00,0.00,0.00,0.00,0.00,0.00,0.00,1.61,1.61,1.61,1.61,1.61,1.61,1.61,1.61,1.61,1.61,5.14,5.14,5.13,5.13,5.13,5.12,5.12,5.11,5.11,5.11,46.69,0.00,1.00,1.00,0.00,0.00,0.00,-1.00,0,None,0,aggregation
160,196.54,remora3,remora7,0.00,0.00,0.00,0.00,0.00,0.00,0.00,0.00,0.00,0.00,0.00,0.00,0.00,0.00,0.00,0.00,0.00,0.00,0.00,0.00,1.61,1.61,1.61,1.61,1.61,1.61,1.61,1.61,1.61,1.61,5.10,5.10,5.10,5.09,5.09,5.09,5.08,5.08,5.08,5.07,17.37,0.00,1.00,0.00,0.00,0.00,0.00,-1.00,0,None,0,aggregation
160,197.54,remora3,remora7,0.00,0.00,0.00,0.00,0.00,0.00,0.00,0.00,0.00,0.00,0.00,0.00,0.00,0.00,0.00,0.00,0.00,0.00,0.00,0.00,1.61,1.61,1.61,1.61,1.61,1.61,1.61,1.61,1.61,1.61,5.07,5.07,5.06,5.06,5.06,5.05,5.05,5.05,5.04,5.04,0.00,0.00,1.00,0.00,0.00,0.00,0.00,-1.00,0,None,0,aggregation
160,198.54,remora3,remora7,0.00,0.00,0.00,0.00,0.00,0.00,0.00,0.00,0.00,0.00,0.00,0.00,0.00,0.00,0.00,0.00,0.00,0.00,0.00,0.00,1.61,1.61,1.61,1.61,1.61,1.61,1.61,1.61,1.61,1.61,5.04,5.04,5.03,5.03,5.03,5.02,5.02,5.02,5.02,5.01,0.00,0.00,1.00,0.00,0.00,0.00,0.00,-1.00,0,None,0,aggregation
160,199.54,remora3,remora7,0.00,0.00,0.00,0.00,0.00,0.00,0.00,0.00,0.00,0.00,0.00,0.00,0.00,0.00,0.00,0.00,0.00,0.00,0.00,0.00,1.61,1.61,1.61,1.61,1.61,1.61,1.61,1.61,1.61,1.61,5.01,5.01,5.01,5.01,5.00,5.00,5.00,5.00,5.00,4.99,0.00,0.00,1.00,0.00,0.00,0.00,0.00,-1.00,0,None,0,aggregation
160,200.54,remora3,remora7,0.00,0.00,0.00,0.00,0.00,0.00,0.00,0.00,0.00,0.00,0.00,0.00,0.00,0.00,0.00,0.00,0.00,0.00,0.00,0.00,1.62,1.62,1.62,1.62,1.62,1.62,1.62,1.62,1.62,1.62,4.99,4.99,4.99,4.99,4.98,4.98,4.98,4.32,4.31,4.31,0.00,0.00,1.00,0.00,0.00,0.00,0.00,-1.00,0,None,0,aggregation
160,201.54,remora3,remora7,0.00,0.00,0.00,0.00,0.00,0.00,0.00,0.00,0.00,0.00,0.00,0.00,0.00,0.00,0.00,0.00,0.00,0.00,0.00,0.00,1.62,1.62,1.62,1.62,1.62,1.62,1.62,1.62,1.62,1.62,4.30,4.29,4.28,4.27,4.26,4.25,4.25,4.24,4.23,4.22,0.00,0.00,1.00,0.00,0.00,0.00,0.00,-1.00,0,None,0,aggregation
160,202.54,remora3,remora7,0.00,0.00,0.00,0.00,0.00,0.00,0.00,0.00,0.00,0.00,0.00,0.00,0.00,0.00,0.00,0.00,0.00,0.00,0.00,0.00,1.62,1.62,1.62,1.62,1.62,1.62,1.62,1.62,1.62,1.62,4.21,4.21,4.20,4.19,4.18,4.16,4.15,4.14,4.13,4.12,0.00,0.00,1.00,0.00,0.00,0.00,0.00,-1.00,0,None,0,aggregation
160,203.54,remora3,remora7,0.00,0.00,0.00,0.00,0.00,0.00,0.00,0.00,0.00,0.00,0.00,0.00,0.00,0.00,0.00,0.00,0.00,0.00,0.00,0.00,1.62,1.62,1.61,1.61,1.61,1.61,1.61,1.61,1.61,1.61,4.11,4.10,4.09,4.09,4.08,4.08,4.08,4.07,4.07,4.07,0.00,0.00,1.00,0.00,0.00,0.00,0.00,-1.00,0,None,0,aggregation
160,204.54,remora3,remora7,0.00,0.00,0.00,0.00,0.00,0.00,0.00,0.00,0.00,0.00,0.00,0.00,0.00,0.00,0.00,0.00,0.00,0.00,0.00,0.00,1.61,1.61,1.61,1.60,1.60,1.60,1.60,1.60,1.60,1.60,4.06,4.06,4.05,4.05,4.05,4.04,4.04,4.04,4.04,4.03,0.00,0.00,1.00,0.00,0.00,0.00,0.00,-1.00,0,None,0,aggregation
160,205.54,remora3,remora7,0.00,0.00,0.00,0.00,0.00,0.00,0.00,0.00,0.00,0.00,0.00,0.00,0.00,0.00,0.00,0.00,0.00,0.00,0.00,0.00,1.60,1.60,1.60,1.60,1.60,1.60,1.60,1.60,1.60,1.60,4.03,4.03,4.03,4.02,4.02,4.02,4.02,4.02,4.02,4.02,0.00,0.00,1.00,0.00,0.00,0.00,0.00,-1.00,0,None,0,aggregation
160,206.54,remora3,remora7,0.00,0.00,0.00,0.00,0.00,0.00,0.00,0.00,0.00,0.00,0.00,0.00,0.00,0.00,0.00,0.00,0.00,0.00,0.00,0.00,1.60,1.60,1.60,1.60,1.60,1.60,1.60,1.60,1.60,1.60,4.02,4.02,4.02,4.03,4.03,4.03,4.03,4.04,4.04,4.05,0.00,0.00,1.00,0.00,0.00,0.00,0.00,-1.00,0,None,0,aggregation
160,207.54,remora3,remora7,0.00,0.00,0.00,0.00,0.00,0.00,0.00,0.00,0.00,0.00,0.00,0.00,0.00,0.00,0.00,0.00,0.00,0.00,0.00,0.00,1.60,1.60,1.60,1.60,1.60,1.60,1.60,1.60,1.60,1.60,4.05,4.06,4.06,4.07,4.07,4.08,4.09,4.09,4.10,4.11,0.00,0.00,1.00,0.00,0.00,0.00,0.00,-1.00,0,None,0,aggregation
160,208.54,remora3,remora7,0.00,0.00,0.00,0.00,0.00,0.00,0.00,0.00,0.00,0.00,0.00,0.00,0.00,0.00,0.00,0.00,0.00,0.00,0.00,0.00,1.60,1.60,1.60,1.60,1.60,1.60,1.60,1.60,1.60,1.60,4.12,4.12,4.13,4.14,4.15,4.16,4.17,4.17,4.18,4.19,0.00,0.00,1.00,0.00,0.00,0.00,0.00,-1.00,0,None,0,aggregation
160,209.54,remora3,remora7,0.00,0.00,0.00,0.00,0.00,0.00,0.00,0.00,0.00,0.00,0.00,0.00,0.00,0.00,0.00,0.00,0.00,0.00,0.00,0.00,1.60,1.60,1.60,1.60,1.60,1.60,1.60,1.60,1.60,1.60,4.20,4.21,4.22,4.23,4.24,4.24,4.25,4.26,4.27,4.28,0.00,0.00,1.00,0.00,0.00,0.00,0.00,-1.00,0,None,0,aggregation
160,210.54,remora3,remora7,0.00,0.00,0.00,0.00,0.00,0.00,0.00,0.00,0.00,0.00,0.00,0.00,0.00,0.00,0.00,0.00,0.00,0.00,0.00,0.00,1.60,1.60,1.60,1.60,1.60,1.60,1.60,1.60,1.60,1.60,4.29,4.30,4.31,4.32,4.32,4.33,4.34,4.35,4.36,4.37,0.00,0.00,1.00,0.00,0.00,0.00,0.00,-1.00,0,None,0,aggregation
160,211.54,remora3,remora7,0.00,0.00,0.00,0.00,0.00,0.00,0.00,0.00,0.00,0.00,0.00,0.00,0.00,0.00,0.00,0.00,0.00,0.00,0.00,0.00,1.60,1.60,1.60,1.60,1.60,1.60,1.60,1.60,1.60,1.60,4.38,4.39,4.40,4.41,4.42,4.43,4.44,4.45,4.46,4.47,0.00,0.00,1.00,0.00,0.00,0.00,0.00,-1.00,0,None,0,aggregation
160,212.54,remora3,remora7,0.00,0.00,0.00,0.00,0.00,0.00,0.00,0.00,0.00,0.00,0.00,0.00,0.00,0.00,0.00,0.00,0.00,0.00,0.00,0.00,1.60,1.60,1.60,1.60,1.60,1.60,1.60,1.60,1.60,1.60,4.48,4.49,4.50,4.51,4.52,4.53,4.54,4.55,4.56,4.57,0.00,0.00,1.00,0.00,0.00,0.00,0.00,-1.00,0,None,0,aggregation
160,213.54,remora3,remora7,0.00,0.00,0.00,0.00,0.00,0.00,0.00,0.00,0.00,0.00,0.00,0.00,0.00,0.00,0.00,0.00,0.00,0.00,0.00,0.00,1.60,1.60,1.60,1.59,1.59,1.59,1.59,1.59,1.59,1.59,4.59,4.60,4.61,4.62,4.63,4.64,4.65,4.67,4.68,4.69,0.00,0.00,1.00,0.00,0.00,0.00,0.00,-1.00,0,None,0,aggregation
160,214.54,remora3,remora7,0.00,0.00,0.00,0.00,0.00,0.00,0.00,0.00,0.00,0.00,0.00,0.00,0.00,0.00,0.00,0.00,0.00,0.00,0.00,0.00,1.59,1.59,1.59,1.59,1.59,1.59,1.59,1.59,1.59,1.59,4.70,4.71,4.73,4.74,4.75,4.76,4.78,4.79,4.80,4.81,0.00,0.00,1.00,0.00,0.00,0.00,0.00,-1.00,0,None,0,aggregation
160,215.54,remora3,remora7,0.00,0.00,0.00,0.00,0.00,0.00,0.00,0.00,0.00,0.00,0.00,0.00,0.00,0.00,0.00,0.00,0.00,0.00,0.00,0.00,1.59,1.59,1.59,1.59,1.59,1.59,1.59,1.59,1.59,1.59,4.83,4.84,4.85,4.87,4.88,4.89,4.91,4.92,4.93,4.95,0.00,0.00,1.00,0.00,0.00,0.00,0.00,-1.00,0,None,0,aggregation
160,216.54,remora3,remora7,0.00,0.00,0.00,0.00,0.00,0.00,0.00,0.00,0.00,0.00,0.00,0.00,0.00,0.00,0.00,0.00,0.00,0.00,0.00,0.00,1.59,1.59,1.59,1.59,1.59,1.59,1.59,1.59,1.59,1.59,4.96,4.97,4.99,5.00,5.01,5.03,5.04,5.05,5.07,5.08,0.00,0.00,1.00,0.00,0.00,0.00,0.00,-1.00,0,None,0,aggregation
160,217.54,remora3,remora7,0.00,0.00,0.00,0.00,0.00,0.00,0.00,0.00,0.00,0.00,0.00,0.00,0.00,0.00,0.00,0.00,0.00,0.00,0.00,0.00,1.59,1.59,1.59,1.59,1.59,1.59,1.59,1.59,1.59,1.59,5.10,5.11,5.12,3.51,3.52,3.52,3.53,3.54,3.55,3.56,0.00,0.00,1.00,0.00,0.00,0.00,0.00,-1.00,0,None,0,aggregation
160,218.54,remora3,remora7,0.00,0.00,0.00,0.00,0.00,0.00,0.00,0.00,0.00,0.00,0.00,0.00,0.00,0.00,0.00,0.00,0.00,0.00,0.00,0.00,1.59,1.59,1.59,1.59,1.59,1.59,1.59,1.59,1.59,1.59,3.57,3.58,3.59,3.60,3.60,3.61,3.62,3.63,5.23,5.23,0.00,0.00,1.00,0.00,0.00,0.00,0.00,-1.00,0,None,0,aggregation
160,219.54,remora3,remora7,0.00,0.00,0.00,0.00,0.00,0.00,0.00,0.00,0.00,0.00,0.00,0.00,0.00,0.00,0.00,0.00,0.00,0.00,0.00,0.00,1.59,1.59,1.59,1.59,1.59,1.59,1.59,1.59,1.59,1.59,5.23,5.23,5.23,5.22,5.22,5.22,5.22,5.22,5.22,5.22,0.00,0.00,1.00,0.00,0.00,0.00,0.00,-1.00,0,None,0,aggregation
160,220.54,remora3,remora7,0.00,0.00,0.00,0.00,0.00,0.00,0.00,0.00,0.00,0.00,0.00,0.00,0.00,0.00,0.00,0.00,0.00,0.00,0.00,0.00,1.59,1.59,1.59,1.59,1.59,1.59,1.59,1.59,1.59,1.59,5.22,5.22,5.22,5.22,5.22,5.22,5.22,5.22,5.22,5.22,0.00,0.00,1.00,0.00,0.00,0.00,0.00,-1.00,0,None,0,aggregation
160,221.54,remora3,remora7,0.00,0.00,0.00,0.00,0.00,0.00,0.00,0.00,0.00,0.00,0.00,0.00,0.00,0.00,0.00,0.00,0.00,0.00,0.00,0.00,1.59,1.59,1.59,1.59,1.59,1.59,1.59,1.59,1.59,1.59,5.22,5.22,5.21,5.21,5.21,5.21,5.21,5.21,5.21,5.21,0.00,0.00,1.00,0.00,0.00,0.00,0.00,-1.00,0,None,0,aggregation
160,222.54,remora3,remora7,0.00,0.00,0.00,0.00,0.00,0.00,0.00,0.00,0.00,0.00,0.00,0.00,0.00,0.00,0.00,0.00,0.00,0.00,0.00,0.00,1.59,1.59,1.59,1.59,1.59,1.59,1.59,1.59,1.59,1.59,5.21,5.21,5.21,5.21,5.21,5.21,5.21,5.21,5.21,5.21,0.00,0.00,1.00,0.00,0.00,0.00,0.00,-1.00,0,None,0,aggregation
160,223.54,remora3,remora7,0.00,0.00,0.00,0.00,0.00,0.00,0.00,0.00,0.00,0.00,0.00,0.00,0.00,0.00,0.00,0.00,0.00,0.00,0.00,0.00,1.59,1.59,1.59,1.59,1.59,1.59,1.60,1.63,1.64,1.64,5.21,5.21,5.20,5.20,5.20,5.20,5.20,5.21,5.22,5.22,0.00,0.00,1.00,0.00,0.00,0.00,0.00,-1.00,0,None,0,aggregation
160,224.54,remora3,remora7,0.00,0.00,0.00,0.00,0.00,0.00,0.00,0.00,0.00,0.00,0.00,0.00,0.00,0.00,0.00,0.00,0.00,0.00,0.00,0.00,1.64,1.64,1.64,1.64,1.64,1.64,1.64,1.64,1.64,1.64,5.23,5.24,5.24,5.25,5.26,5.26,5.27,5.28,5.28,5.29,0.00,0.00,1.00,0.00,0.00,0.00,0.00,-1.00,0,None,0,aggregation
160,225.54,remora3,remora7,0.00,0.00,0.00,0.00,0.00,0.00,0.00,0.00,0.00,0.00,0.00,0.00,0.00,0.00,0.00,0.00,0.00,0.00,0.00,0.00,1.64,1.64,1.64,1.64,1.64,1.64,1.64,1.64,1.64,1.64,5.29,5.30,5.30,5.31,5.31,5.32,5.32,5.33,5.33,5.33,0.00,0.00,1.00,0.00,0.00,0.00,0.00,-1.00,0,None,0,aggregation
160,226.54,remora3,remora7,0.00,0.00,0.00,0.00,0.00,0.00,0.00,0.00,0.00,0.00,0.00,0.00,0.00,0.00,0.00,0.00,0.00,0.00,0.00,0.00,1.64,1.64,1.64,1.64,1.64,1.64,1.64,1.64,1.64,1.64,5.34,5.34,5.34,5.35,5.35,5.35,5.35,5.35,5.35,5.36,0.00,0.00,1.00,0.00,0.00,0.00,0.00,-1.00,0,None,0,aggregation
160,227.54,remora3,remora7,0.00,0.00,0.00,0.00,0.00,0.00,0.00,0.00,0.00,0.00,0.00,0.00,0.00,0.00,0.00,0.00,0.00,0.00,0.00,0.00,1.64,1.64,1.64,1.64,1.64,1.64,1.64,1.64,1.64,1.64,5.36,5.36,5.36,5.36,5.36,5.36,3.81,3.80,3.79,3.78,0.00,0.00,1.00,0.00,0.00,0.00,0.00,-1.00,0,None,0,aggregation
160,228.54,remora3,remora7,0.00,0.00,-21.55,-21.55,-20.99,-20.99,-19.54,-19.54,-17.97,-17.97,0.00,0.00,-32.02,-32.02,-31.45,-31.45,-30.00,-30.00,-28.44,-28.44,1.64,1.64,1.65,1.68,1.72,1.76,1.80,1.83,1.87,1.90,3.77,3.76,3.76,3.76,3.76,3.76,3.76,3.76,3.76,3.75,20.20,0.00,1.00,0.00,0.00,0.00,0.00,-1.00,0,None,0,aggregation
160,229.54,remora3,remora7,-16.19,-16.19,-14.29,-14.29,-12.32,-12.32,-10.18,-10.18,-8.02,-8.02,-26.65,-26.65,-24.75,-24.75,-22.78,-22.78,-20.65,-20.65,-18.48,-18.48,1.94,1.97,2.00,2.03,2.06,2.08,2.11,2.13,2.15,2.17,3.75,3.75,3.75,3.75,3.75,3.74,3.74,3.74,3.73,3.73,37.63,0.00,1.00,0.00,0.00,0.00,0.00,-1.00,0,None,0,aggregation
160,230.54,remora3,remora7,-5.77,-5.77,-3.56,-3.56,-1.34,-1.34,0.88,0.88,3.03,3.03,-16.23,-16.23,-14.02,-14.02,-11.81,-11.81,-9.59,-9.59,-7.44,-7.44,2.18,2.20,2.21,2.23,2.24,2.25,2.25,2.26,2.27,2.27,3.72,3.72,3.71,3.71,3.70,3.69,3.69,3.68,3.67,3.67,44.21,0.00,1.00,0.00,0.00,0.00,0.00,-1.00,0,None,0,aggregation
160,231.54,remora3,remora7,5.15,5.15,7.09,7.09,8.97,8.97,10.57,10.57,11.96,11.96,-5.31,-5.31,-2.92,-2.92,-0.56,-0.56,1.45,1.45,3.20,3.20,2.27,2.27,2.28,2.28,2.27,2.27,2.27,2.27,2.27,2.27,3.66,3.65,3.65,3.64,3.63,3.63,3.62,3.61,3.61,3.60,48.20,0.00,1.00,1.00,0.00,0.00,0.00,-1.00,0,None,0,aggregation
160,232.54,remora3,remora7,13.35,13.35,14.54,14.54,15.48,15.48,16.48,16.48,17.30,17.30,4.96,4.96,6.45,6.45,7.65,7.65,8.93,8.93,9.98,9.98,2.26,2.26,2.26,2.26,2.25,2.25,2.25,2.25,2.25,2.25,3.59,3.59,3.58,3.58,3.57,3.57,3.57,3.56,3.56,3.56,59.72,0.00,1.00,1.00,0.00,0.00,0.00,-1.00,0,None,0,aggregation
160,233.54,remora3,remora7,18.18,18.18,18.71,18.71,19.20,19.20,19.72,19.72,20.14,20.14,11.11,11.11,11.80,11.80,12.44,12.44,13.11,13.11,13.66,13.66,2.25,2.25,2.26,2.26,2.26,2.27,2.27,2.28,2.29,2.29,3.55,3.55,3.55,3.55,3.55,3.55,3.55,3.54,3.54,3.54,75.52,0.00,1.00,1.00,0.00,0.00,0.00,-1.00,0,None,0,aggregation
160,234.54,remora3,remora7,20.27,20.27,20.11,20.11,20.11,20.11,19.88,19.88,19.52,19.52,13.83,13.83,13.63,13.63,13.63,13.63,13.32,13.32,12.86,12.86,2.30,2.31,2.32,2.33,2.34,2.35,2.36,2.38,2.39,2.40,3.55,3.56,3.57,3.57,3.57,3.57,3.57,3.57,3.57,3.57,92.24,0.00,1.00,1.00,0.00,0.00,0.00,-1.00,0,None,0,aggregation
160,235.54,remora3,remora7,19.30,19.30,18.71,18.71,18.26,18.26,17.65,17.65,17.79,17.79,12.57,12.57,11.79,11.79,11.22,11.22,10.43,10.43,10.61,10.61,2.42,2.43,2.44,2.46,2.48,2.49,2.51,2.52,2.54,2.56,3.58,3.58,3.58,3.58,3.58,3.58,3.58,3.58,3.58,3.58,107.08,0.00,1.00,1.00,0.00,0.00,0.00,-1.00,0,None,0,aggregation
160,236.54,remora3,remora7,17.18,17.18,16.62,16.62,16.63,16.63,16.57,16.57,16.52,16.52,9.82,9.82,9.11,9.11,9.12,9.12,9.04,9.04,8.98,8.98,2.58,2.59,2.61,2.63,2.65,2.67,2.69,2.71,2.73,2.75,3.58,3.58,3.58,3.58,3.58,3.58,3.58,3.58,3.58,3.57,120.03,0.00,1.00,1.00,0.00,0.00,0.00,-1.00,0,None,0,aggregation
160,237.54,remora3,remora7,16.49,16.49,16.37,16.37,16.45,16.45,16.69,16.69,16.89,16.89,8.94,8.94,8.78,8.78,8.89,8.89,9.20,9.20,9.45,9.45,2.77,2.79,2.81,2.83,2.85,2.87,2.89,2.91,2.93,2.96,3.57,3.57,3.57,3.57,3.57,3.56,5.17,5.17,5.16,5.16,132.85,0.00,1.00,1.00,0.00,0.00,0.00,-1.00,0,None,0,aggregation
160,238.54,remora3,remora7,16.97,16.97,17.21,17.21,17.47,17.47,17.95,17.95,18.15,18.15,9.55,9.55,9.86,9.86,10.20,10.20,10.82,10.82,11.07,11.07,2.98,3.00,3.03,3.05,3.08,3.10,3.13,3.15,3.12,3.09,5.16,5.16,5.15,5.15,5.15,5.15,5.15,5.15,5.15,5.15,126.58,0.00,0.00,1.00,0.00,0.00,0.00,-1.00,0,None,0,aggregation
160,239.54,remora3,remora7,18.44,18.44,19.13,19.13,19.24,19.24,19.93,19.93,20.29,20.29,11.45,11.45,12.34,12.34,12.49,12.49,13.39,13.39,13.86,13.86,3.05,3.01,2.98,2.94,2.91,2.88,2.84,2.81,2.78,2.75,5.15,5.15,5.15,5.15,5.16,5.16,5.16,5.16,5.17,5.17,125.21,0.00,1.00,1.00,0.00,0.00,0.00,-1.00,0,None,0,aggregation
160,240.54,remora3,remora7,20.87,20.87,21.36,21.36,21.91,21.91,22.53,22.53,22.92,22.92,14.63,14.63,15.26,15.26,16.00,16.00,16.83,16.83,17.36,17.36,2.72,2.69,2.66,2.63,2.60,2.57,2.55,2.52,2.50,2.47,5.18,5.18,5.19,5.19,3.60,3.61,3.61,3.62,3.62,3.63,137.58,0.00,1.00,1.00,0.00,0.00,0.00,-1.00,0,None,0,aggregation
160,241.54,remora3,remora7,23.68,23.68,24.39,24.39,24.81,24.81,25.46,25.46,26.06,26.06,18.39,18.39,19.37,19.37,19.95,19.95,20.87,20.87,21.74,21.74,2.45,2.43,2.41,2.39,2.37,2.35,2.33,2.32,2.30,2.29,3.64,3.65,3.66,3.67,3.68,3.69,3.70,3.71,3.72,3.73,156.06,0.00,1.00,1.00,0.00,0.00,0.00,-1.00,0,None,0,aggregation
160,242.54,remora3,remora7,26.53,26.53,27.06,27.06,27.51,27.51,27.94,27.94,28.36,28.36,22.42,22.42,23.22,23.22,23.90,23.90,24.57,24.57,25.26,25.26,2.28,2.27,2.26,2.25,2.24,2.23,2.23,2.22,2.22,2.22,3.74,3.76,3.77,3.78,3.80,4.35,4.35,4.36,4.36,4.36,170.23,0.00,1.00,1.00,0.00,0.00,0.00,-1.00,0,None,0,aggregation
160,243.54,remora3,remora7,28.65,28.65,28.87,28.87,29.18,29.18,29.42,29.42,29.71,29.71,25.75,25.75,26.14,26.14,26.70,26.70,27.16,27.16,27.77,27.77,2.22,2.22,2.22,2.23,2.23,2.23,2.24,2.25,2.26,2.26,4.36,4.37,4.37,4.38,4.38,4.38,4.37,4.37,4.37,4.37,182.35,0.00,1.00,1.00,0.00,0.00,0.00,-1.00,0,None,0,aggregation
160,244.54,remora3,remora7,29.87,29.87,30.04,30.04,30.12,30.12,30.17,30.17,30.19,30.19,28.15,28.15,28.64,28.64,28.95,28.95,29.23,29.23,29.46,29.46,2.27,2.28,2.30,2.31,2.32,2.33,2.35,2.36,2.38,2.40,4.37,4.37,4.37,4.38,4.38,4.38,4.38,4.39,4.39,4.39,195.12,0.00,1.00,1.00,0.00,0.00,0.00,-1.00,0,None,0,aggregation
160,245.54,remora3,remora7,30.14,30.14,29.99,29.99,29.82,29.82,29.53,29.53,29.21,29.21,29.78,29.78,30.01,30.01,30.12,30.12,30.18,30.18,30.17,30.17,2.41,2.43,2.45,2.47,2.48,2.50,2.52,2.54,2.56,2.58,4.40,4.40,4.40,4.41,4.41,4.42,4.42,4.42,4.42,4.43,210.18,0.00,1.00,1.00,0.00,0.00,0.00,-1.00,0,None,0,aggregation
160,246.54,remora3,remora7,28.71,28.71,28.05,28.05,27.42,27.42,26.96,26.96,26.28,26.28,30.06,30.06,29.83,29.83,29.55,29.55,29.32,29.32,28.95,28.95,2.61,2.63,2.65,2.67,2.69,2.72,2.74,2.76,2.78,2.81,4.43,4.43,4.43,4.43,4.44,4.44,4.44,4.45,4.45,4.45,225.73,0.00,1.00,1.00,0.00,0.00,0.00,-1.00,0,None,0,aggregation
160,247.54,remora3,remora7,25.73,25.73,25.22,25.22,24.78,24.78,24.31,24.31,24.10,24.10,28.64,28.64,28.34,28.34,28.06,28.06,27.77,27.77,27.64,27.64,2.83,2.85,2.88,2.90,2.93,2.95,2.98,3.00,3.03,3.05,4.46,4.46,4.46,4.47,4.47,4.48,4.48,4.49,4.49,4.50,239.38,0.00,1.00,1.00,0.00,0.00,0.00,-1.00,0,None,0,aggregation
160,248.54,remora3,remora7,23.91,23.91,23.65,23.65,23.93,23.93,23.43,23.43,23.50,23.50,27.51,27.51,27.34,27.34,27.53,27.53,27.20,27.20,27.25,27.25,3.08,3.11,3.13,3.16,3.19,3.22,3.25,3.28,3.30,3.33,4.51,4.52,4.53,4.54,4.55,4.56,4.57,4.57,4.58,4.59,250.98,0.00,0.00,1.00,0.00,0.00,0.00,-1.00,0,None,0,aggregation
160,249.54,remora3,remora7,23.38,23.38,23.55,23.55,23.73,23.73,23.60,23.60,23.79,23.79,27.17,27.17,27.28,27.28,27.40,27.40,27.32,27.32,27.44,27.44,3.36,3.39,3.43,3.46,3.49,3.52,3.56,3.59,3.62,3.66,4.60,4.61,4.62,4.63,4.64,4.66,4.67,4.69,4.70,4.72,260.38,0.00,0.00,1.00,0.00,0.00,0.00,-1.00,0,None,0,aggregation
160,250.54,remora3,remora7,23.93,23.93,24.05,24.05,23.97,23.97,23.99,23.99,24.17,24.17,27.53,27.53,27.61,27.61,27.56,27.56,27.57,27.57,27.68,27.68,3.70,3.73,3.77,3.81,3.84,3.88,3.92,3.96,4.00,4.04,4.73,4.75,4.76,4.78,4.80,4.82,4.84,4.86,4.88,4.89,267.22,0.00,0.00,1.00,0.00,0.00,0.00,-1.00,0,None,0,aggregation
160,251.54,remora3,remora7,24.22,24.22,24.43,24.43,24.29,24.29,24.45,24.45,24.41,24.41,27.72,27.72,27.85,27.85,27.76,27.76,27.86,27.86,27.84,27.84,4.08,4.12,4.17,4.21,4.25,4.29,4.33,4.33,4.34,4.35,4.91,4.93,4.95,4.97,5.00,5.02,5.04,5.06,5.08,5.10,270.84,0.00,0.00,1.00,0.00,0.00,0.00,-1.00,0,None,0,aggregation
160,252.54,remora3,remora7,24.43,24.43,24.13,24.13,24.04,24.04,23.54,23.54,23.12,23.12,27.85,27.85,27.66,27.66,27.60,27.60,27.28,27.28,27.00,27.00,4.36,4.37,4.38,4.39,4.40,4.41,4.42,4.43,4.45,4.46,5.13,5.15,5.17,5.19,5.22,5.24,5.27,5.29,5.32,5.34,270.82,0.00,0.00,1.00,0.00,0.00,0.00,-1.00,0,None,0,aggregation
160,253.54,remora3,remora7,22.11,22.11,21.43,21.43,19.99,19.99,17.90,17.90,18.34,18.34,26.32,26.32,25.85,25.85,24.84,24.84,23.32,23.32,23.64,23.64,4.47,4.48,4.50,4.51,4.52,4.53,4.55,4.56,4.57,4.59,5.37,5.40,5.42,5.45,5.47,5.49,5.52,5.54,5.56,5.59,265.26,0.00,0.00,1.00,0.00,0.00,0.00,-1.00,0,None,0,aggregation
160,254.54,remora3,remora7,19.36,19.36,20.34,20.34,21.28,21.28,22.18,22.18,22.75,22.75,24.38,24.38,25.08,25.08,25.74,25.74,26.36,26.36,26.75,26.75,4.60,4.61,4.63,4.64,4.66,4.68,4.70,4.71,4.73,4.75,5.61,5.63,5.66,5.68,5.70,5.72,5.74,5.76,5.78,5.80,259.20,0.00,0.00,1.00,0.00,0.00,0.00,-1.00,0,None,0,aggregation
160,255.54,remora3,remora7,23.58,23.58,24.11,24.11,19.38,19.38,12.92,12.92,7.28,7.28,27.30,27.30,27.64,27.64,24.40,24.40,19.57,19.57,15.19,15.19,4.77,4.79,4.81,4.83,4.85,4.87,4.89,4.90,4.91,4.92,5.83,5.85,5.87,5.89,5.91,5.94,5.95,5.97,5.98,5.99,249.45,0.00,0.00,1.00,0.00,0.00,0.00,-1.00,0,None,0,aggregation
160,256.54,remora3,remora7,-3.90,-3.90,-6.87,-6.87,-7.90,-7.90,-7.76,-7.76,-7.08,-7.08,6.30,6.30,3.60,3.60,2.56,2.56,2.70,2.70,3.39,3.39,4.93,4.93,4.93,4.93,4.93,4.93,4.92,4.92,4.92,4.92,6.00,6.00,6.00,6.00,6.00,6.00,6.00,5.99,5.99,5.99,222.91,0.00,0.00,1.00,0.00,0.00,0.00,-1.00,0,None,0,aggregation
160,257.54,remora3,remora7,-6.51,-6.51,-7.01,-7.01,-5.69,-5.69,-3.66,-3.66,-2.31,-2.31,3.95,3.95,3.46,3.46,4.77,4.77,6.49,6.49,7.57,7.57,4.92,4.92,4.91,4.91,4.91,4.91,4.91,4.91,4.91,4.92,5.99,5.99,5.99,5.99,5.99,5.99,5.99,5.99,5.99,5.99,197.96,0.00,0.00,1.00,0.00,0.00,0.00,-1.00,0,None,0,aggregation
160,258.54,remora3,remora7,-1.03,-1.03,1.04,1.04,1.71,1.71,3.03,3.03,5.15,5.15,8.60,8.60,10.24,10.24,10.78,10.78,11.83,11.83,13.51,13.51,4.92,4.92,4.93,4.93,4.94,4.94,4.95,4.96,4.96,4.97,5.99,5.99,5.99,6.00,6.00,6.00,6.00,6.01,6.01,6.01,178.93,0.00,0.00,1.00,0.00,0.00,0.00,-1.00,0,None,0,aggregation
160,259.54,remora3,remora7,6.08,6.08,6.94,6.94,8.10,8.10,9.90,9.90,10.70,10.70,14.24,14.24,14.92,14.92,15.83,15.83,17.24,17.24,17.86,17.86,4.98,4.99,5.00,5.01,5.02,5.03,5.04,5.05,5.06,5.07,6.01,6.02,6.02,6.02,6.03,6.03,6.03,6.03,6.04,6.04,165.64,0.00,0.00,1.00,0.00,0.00,0.00,-1.00,0,None,0,aggregation
160,260.54,remora3,remora7,12.38,12.38,13.48,13.48,14.83,14.83,15.87,15.87,16.92,16.92,19.16,19.16,20.00,20.00,21.03,21.03,21.81,21.81,22.59,22.59,5.08,5.09,5.10,5.11,5.13,5.14,5.15,5.16,5.17,5.19,6.04,6.04,6.04,6.04,6.05,6.05,6.05,6.05,6.05,6.05,157.64,0.00,0.00,1.00,0.00,0.00,0.00,-1.00,0,None,0,aggregation
160,261.54,remora3,remora7,17.94,17.94,18.68,18.68,20.02,20.02,20.97,20.97,22.03,22.03,23.35,23.35,23.89,23.89,24.85,24.85,25.53,25.53,26.26,26.26,5.20,5.21,5.22,5.23,5.25,5.26,5.27,5.28,5.29,5.31,6.05,6.05,6.05,6.05,6.04,6.04,6.04,6.03,6.03,6.03,153.91,0.00,0.00,1.00,0.00,0.00,0.00,-1.00,0,None,0,aggregation
160,262.54,remora3,remora7,22.89,22.89,23.71,23.71,24.49,24.49,25.10,25.10,25.68,25.68,26.85,26.85,27.39,27.39,27.89,27.89,28.26,28.26,28.61,28.61,5.32,5.33,5.34,5.35,5.36,5.38,5.39,5.40,5.41,5.42,6.02,6.02,6.01,6.01,6.01,6.00,5.99,5.99,5.98,5.97,154.34,0.00,0.00,1.00,0.00,0.00,0.00,-1.00,0,None,0,aggregation
160,263.54,remora3,remora7,26.23,26.23,26.74,26.74,27.12,27.12,27.49,27.49,27.83,27.83,28.92,28.92,29.20,29.20,29.40,29.40,29.58,29.58,29.73,29.73,5.43,5.44,5.45,5.46,5.46,5.44,5.42,5.40,5.38,5.36,5.97,5.96,5.95,5.94,5.94,5.93,5.92,5.91,5.91,5.90,160.19,0.00,0.00,1.00,0.00,0.00,0.00,-1.00,0,None,0,aggregation
160,264.54,remora3,remora7,28.07,28.07,28.29,28.29,28.58,28.58,28.71,28.71,28.96,28.96,29.83,29.83,29.92,29.92,30.02,30.02,30.06,30.06,30.13,30.13,5.34,5.32,5.30,5.28,5.26,5.24,5.22,5.20,5.18,5.16,5.89,5.88,5.87,5.86,5.85,5.84,5.83,5.82,5.82,5.81,166.02,0.00,0.00,1.00,0.00,0.00,0.00,-1.00,0,None,0,aggregation
160,265.54,remora3,remora7,29.17,29.17,29.37,29.37,29.53,29.53,29.71,29.71,29.83,29.83,30.16,30.16,30.18,30.18,30.18,30.18,30.16,30.16,30.12,30.12,5.14,5.12,5.10,5.08,5.06,5.04,5.01,4.99,4.97,4.95,5.80,5.79,5.78,5.77,5.76,5.75,5.74,5.73,5.72,5.71,175.73,0.00,0.00,1.00,0.00,0.00,0.00,-1.00,0,None,0,aggregation
160,266.54,remora3,remora7,29.93,29.93,30.05,30.05,30.12,30.12,30.16,30.16,30.18,30.18,30.06,30.06,29.94,29.94,29.82,29.82,29.71,29.71,29.58,29.58,4.93,4.91,4.89,4.87,4.85,4.82,4.80,4.78,4.76,4.74,5.70,5.69,5.68,5.67,5.66,5.65,5.64,5.64,5.63,5.62,203.70,0.00,0.00,1.00,0.00,0.00,0.00,-1.00,0,None,0,aggregation
160,267.54,remora3,remora7,30.18,30.18,30.17,30.17,30.13,30.13,30.07,30.07,30.00,30.00,29.40,29.40,29.22,29.22,28.99,28.99,28.74,28.74,28.52,28.52,4.72,4.70,4.68,4.66,4.64,4.62,4.60,4.58,4.56,4.54,5.61,5.60,5.59,5.58,5.57,5.57,5.56,5.55,5.54,5.54,231.73,0.00,0.00,1.00,0.00,0.00,0.00,-1.00,0,None,0,aggregation
160,268.54,remora3,remora7,29.91,29.91,29.77,29.77,29.72,29.72,29.55,29.55,29.56,29.56,28.27,28.27,27.91,27.91,27.80,27.80,27.42,27.42,27.46,27.46,4.53,4.51,4.49,4.47,4.45,4.44,4.42,4.40,4.39,4.37,5.53,5.53,5.52,5.52,5.51,5.51,5.50,5.50,5.49,5.49,253.98,0.00,0.00,1.00,0.00,0.00,0.00,-1.00,0,None,0,aggregation
160,269.54,remora3,remora7,29.47,29.47,29.24,29.24,29.18,29.18,29.12,29.12,29.05,29.05,27.27,27.27,26.81,26.81,26.69,26.69,26.58,26.58,26.46,26.46,4.35,3.39,3.38,3.38,3.38,3.38,3.38,3.38,3.38,3.37,5.48,5.06,5.06,5.06,5.05,5.05,5.05,5.05,5.04,5.04,269.79,0.00,0.00,1.00,0.00,0.00,0.00,-1.00,0,None,0,aggregation
160,270.54,remora3,remora7,29.02,29.02,28.90,28.90,29.00,29.00,28.99,28.99,28.99,28.99,26.40,26.40,26.18,26.18,26.36,26.36,26.34,26.34,26.35,26.35,3.37,3.37,3.37,3.37,3.37,3.36,3.36,3.36,3.36,3.36,5.04,5.04,5.04,5.03,5.03,5.03,5.03,5.03,4.69,4.68,279.64,0.00,0.00,1.00,0.00,0.00,0.00,-1.00,0,None,0,aggregation
160,271.54,remora3,remora7,29.01,29.01,29.05,29.05,29.02,29.02,29.11,29.11,29.16,29.16,26.38,26.38,26.45,26.45,26.40,26.40,26.56,26.56,26.66,26.66,3.35,3.35,3.35,3.35,3.34,3.34,3.34,3.34,3.34,3.33,4.68,4.67,4.67,4.67,4.67,4.67,4.66,5.34,5.33,5.33,285.07,0.00,0.00,1.00,0.00,0.00,0.00,-1.00,0,None,0,aggregation
160,272.54,remora3,remora7,29.23,29.23,29.24,29.24,29.34,29.34,29.35,29.35,29.53,29.53,26.78,26.78,26.81,26.81,27.00,27.00,27.02,27.02,27.39,27.39,3.33,3.33,3.33,3.32,3.32,3.32,3.32,3.31,3.31,3.31,5.33,5.32,5.32,5.32,5.32,5.32,5.32,5.32,5.32,5.32,287.15,0.00,0.00,1.00,0.00,0.00,0.00,-1.00,0,None,0,aggregation
160,273.54,remora3,remora7,29.62,29.62,29.66,29.66,29.70,29.70,29.79,29.79,29.83,29.83,27.57,27.57,27.67,27.67,27.74,27.74,27.96,27.96,28.06,28.06,3.31,3.31,3.30,3.30,3.30,3.30,3.30,3.30,3.29,3.29,5.32,5.32,5.32,5.32,5.32,5.32,5.33,5.33,5.33,5.33,287.68,0.00,0.00,1.00,0.00,0.00,0.00,-1.00,0,None,0,aggregation
160,274.54,remora3,remora7,29.83,29.83,29.87,29.87,29.96,29.96,30.00,30.00,30.04,30.04,28.06,28.06,28.16,28.16,28.39,28.39,28.51,28.51,28.64,28.64,3.29,3.29,3.29,3.29,3.29,3.28,3.28,3.28,3.28,3.28,5.34,5.34,5.34,5.35,5.35,5.36,5.36,5.37,5.37,5.37,287.57,0.00,0.00,1.00,0.00,0.00,0.00,-1.00,0,None,0,aggregation
160,275.54,remora3,remora7,30.07,30.07,30.10,30.10,30.13,30.13,30.15,30.15,30.15,30.15,28.74,28.74,28.85,28.85,28.98,28.98,29.06,29.06,29.11,29.11,3.28,3.28,3.28,3.28,3.27,3.27,3.27,3.27,3.27,3.27,5.38,5.39,5.39,5.40,5.40,5.41,5.41,5.42,5.43,5.43,287.26,0.00,0.00,1.00,0.00,0.00,0.00,-1.00,0,None,0,aggregation
160,276.54,remora3,remora7,30.17,30.17,30.18,30.18,30.18,30.18,30.19,30.19,30.18,30.18,29.19,29.19,29.31,29.31,29.39,29.39,29.45,29.45,29.52,29.52,3.27,3.27,3.27,3.27,3.27,3.27,3.26,3.26,3.26,3.26,5.44,5.45,5.45,5.46,5.47,5.48,5.49,5.50,5.51,5.51,287.09,0.00,0.00,1.00,0.00,0.00,0.00,-1.00,0,None,0,aggregation
160,277.54,remora3,remora7,30.18,30.18,30.17,30.17,30.17,30.17,30.15,30.15,30.14,30.14,29.60,29.60,29.63,29.63,29.67,29.67,29.74,29.74,29.76,29.76,3.26,3.26,3.26,3.26,3.26,3.26,3.26,3.26,3.26,3.26,5.52,5.53,5.54,5.55,5.56,5.57,5.58,5.59,5.60,5.61,287.46,0.00,0.00,1.00,0.00,0.00,0.00,-1.00,0,None,0,aggregation
160,278.54,remora3,remora7,30.12,30.12,30.11,30.11,30.07,30.07,30.06,30.06,30.04,30.04,29.83,29.83,29.84,29.84,29.91,29.91,29.92,29.92,29.95,29.95,3.26,3.25,3.25,3.25,3.25,3.25,3.25,3.25,3.25,3.25,5.62,5.63,5.64,5.65,5.66,5.67,5.68,5.69,5.70,5.71,288.71,0.00,0.00,1.00,0.00,0.00,0.00,-1.00,0,None,0,aggregation
160,279.54,remora3,remora7,30.00,30.00,29.97,29.97,29.95,29.95,29.93,29.93,29.91,29.91,30.00,30.00,30.03,30.03,30.05,30.05,30.06,30.06,30.07,30.07,3.25,3.25,3.25,3.25,3.25,3.25,3.25,3.25,3.25,3.25,5.72,5.73,5.74,5.76,5.77,5.78,5.79,5.81,5.82,5.83,290.72,0.00,0.00,1.00,0.00,0.00,0.00,-1.00,0,None,0,aggregation
160,280.54,remora3,remora7,29.91,29.91,29.84,29.84,29.86,29.86,29.81,29.81,29.83,29.83,30.07,30.07,30.11,30.11,30.10,30.10,30.12,30.12,30.12,30.12,3.25,3.26,3.26,3.26,3.26,3.26,3.26,3.26,3.26,3.26,5.84,5.85,5.86,5.87,5.88,5.89,5.91,5.93,5.94,5.96,293.04,0.00,0.00,1.00,0.00,0.00,0.00,-1.00,0,None,0,aggregation
160,281.54,remora3,remora7,29.75,29.75,29.74,29.74,29.68,29.68,29.70,29.70,29.71,29.71,30.14,30.14,30.15,30.15,30.16,30.16,30.16,30.16,30.16,30.16,3.26,3.27,3.27,3.27,3.27,3.27,3.27,3.27,3.28,3.28,5.98,5.99,6.00,6.01,6.02,6.03,6.04,6.06,6.07,6.08,295.20,0.00,0.00,1.00,0.00,0.00,0.00,-1.00,0,None,0,aggregation
160,282.54,remora3,remora7,29.69,29.69,29.66,29.66,29.66,29.66,29.73,29.73,29.80,29.80,30.16,30.16,30.17,30.17,30.17,30.17,30.15,30.15,30.13,30.13,3.28,3.28,3.28,3.29,3.29,3.29,3.29,3.30,3.30,3.30,6.10,6.11,5.65,5.67,5.68,5.69,5.70,5.71,5.72,5.73,296.96,0.00,0.00,1.00,0.00,0.00,0.00,-1.00,0,None,0,aggregation
160,283.54,remora3,remora7,29.87,29.87,29.92,29.92,29.98,29.98,29.98,29.98,30.02,30.02,30.10,30.10,30.06,30.06,30.02,30.02,30.02,30.02,29.98,29.98,3.31,3.31,3.31,3.31,3.32,3.32,3.32,3.33,3.33,3.34,5.74,5.75,5.77,5.78,5.79,5.80,5.80,5.80,5.81,5.81,298.20,0.00,0.00,1.00,0.00,0.00,0.00,-1.00,0,None,0,aggregation
160,284.54,remora3,remora7,30.04,30.04,30.06,30.06,30.10,30.10,30.10,30.10,30.13,30.13,29.95,29.95,29.92,29.92,29.87,29.87,29.87,29.87,29.80,29.80,3.34,3.34,3.35,3.35,3.36,3.36,3.37,3.37,3.37,3.38,5.82,5.83,5.83,5.84,5.84,5.84,5.85,5.85,6.51,6.51,299.03,0.00,0.00,1.00,0.00,0.00,0.00,-1.00,0,None,0,aggregation
160,285.54,remora3,remora7,30.13,30.13,30.15,30.15,30.15,30.15,30.16,30.16,30.17,30.17,29.80,29.80,29.73,29.73,29.73,29.73,29.69,29.69,29.66,29.66,3.38,3.39,3.39,3.40,3.40,3.41,3.42,3.42,3.43,3.43,6.51,6.52,6.52,6.52,6.52,6.52,6.52,6.51,6.51,6.52,299.44,0.00,0.00,1.00,0.00,0.00,0.00,-1.00,0,None,0,aggregation
160,286.54,remora3,remora7,30.17,30.17,30.18,30.18,30.18,30.18,30.18,30.18,30.18,30.18,29.62,29.62,29.57,29.57,29.53,29.53,29.53,29.53,29.49,29.49,3.44,3.45,3.45,3.46,3.47,3.47,3.48,3.49,3.50,3.50,6.52,6.52,6.52,6.52,6.52,6.52,6.52,6.52,6.52,6.52,299.52,0.00,0.00,1.00,0.00,0.00,0.00,-1.00,0,None,0,aggregation
160,287.54,remora3,remora7,30.19,30.19,30.19,30.19,30.18,30.18,30.18,30.18,30.18,30.18,29.44,29.44,29.44,29.44,29.39,29.39,29.34,29.34,29.34,29.34,3.51,3.52,3.53,3.54,3.55,3.55,3.56,3.57,3.58,3.59,6.53,6.53,6.53,6.53,6.53,6.53,6.53,6.54,6.54,6.54,299.39,0.00,0.00,1.00,0.00,0.00,0.00,-1.00,0,None,0,aggregation
160,288.54,remora3,remora7,30.18,30.18,30.17,30.17,30.17,30.17,30.17,30.17,30.17,30.17,29.34,29.34,29.24,29.24,29.24,29.24,29.24,29.24,29.24,29.24,3.60,3.61,3.62,3.64,3.65,3.66,3.67,3.68,3.70,3.71,6.55,6.55,6.55,6.56,6.56,6.56,6.56,6.56,6.57,6.57,299.13,0.00,0.00,1.00,0.00,0.00,0.00,-1.00,0,None,0,aggregation
160,289.54,remora3,remora7,30.16,30.16,30.16,30.16,30.16,30.16,30.16,30.16,30.15,30.15,29.14,29.14,29.14,29.14,29.14,29.14,29.14,29.14,29.08,29.08,3.72,3.73,3.75,3.76,3.78,3.79,3.81,3.82,3.84,3.86,6.57,6.58,6.58,6.59,6.59,6.59,6.59,6.60,6.60,6.61,298.77,0.00,0.00,1.00,0.00,0.00,0.00,-1.00,0,None,0,aggregation
160,290.54,remora3,remora7,30.11,30.11,30.02,30.02,29.95,29.95,29.78,29.78,29.67,29.67,28.88,28.88,28.56,28.56,28.36,28.36,27.93,27.93,27.69,27.69,3.87,3.89,3.91,3.93,3.95,3.96,3.98,4.00,4.02,4.04,6.61,6.62,6.62,6.62,6.63,6.63,6.64,6.64,6.65,6.66,297.89,0.00,0.00,1.00,0.00,0.00,0.00,-1.00,0,None,0,aggregation
160,291.54,remora3,remora7,29.42,29.42,29.25,29.25,28.95,28.95,28.73,28.73,28.46,28.46,27.17,27.17,26.83,26.83,26.28,26.28,25.89,25.89,25.43,25.43,4.06,4.08,4.11,4.13,4.15,4.17,4.19,4.22,4.24,4.26,6.66,6.67,6.67,6.67,6.68,6.69,6.69,6.70,6.70,6.71,295.59,0.00,0.00,1.00,0.00,0.00,0.00,-1.00,0,None,0,aggregation
160,292.54,remora3,remora7,28.03,28.03,27.68,27.68,27.25,27.25,27.03,27.03,26.60,26.60,24.72,24.72,24.16,24.16,23.50,23.50,23.17,23.17,22.52,22.52,4.28,4.31,4.33,4.36,4.38,4.40,4.43,4.45,4.48,4.51,6.72,6.72,6.73,6.73,6.74,6.75,6.75,6.76,6.77,6.77,291.13,0.00,0.00,1.00,0.00,0.00,0.00,-1.00,0,None,0,aggregation
160,293.54,remora3,remora7,25.57,25.57,25.06,25.06,24.23,24.23,23.26,23.26,22.34,22.34,21.03,21.03,20.31,20.31,19.15,19.15,17.81,17.81,16.57,16.57,4.53,4.56,4.58,4.61,4.63,4.66,4.68,4.71,4.73,4.76,6.78,6.78,6.79,6.79,6.80,6.81,6.81,6.82,6.83,6.83,282.67,0.00,0.00,1.00,0.00,0.00,0.00,-1.00,0,None,0,aggregation
160,294.54,remora3,remora7,21.39,21.39,20.48,20.48,19.89,19.89,18.30,18.30,17.75,17.75,15.31,15.31,14.11,14.11,13.33,13.33,11.27,11.27,10.56,10.56,4.79,4.81,4.84,4.86,4.89,4.91,4.94,4.96,4.99,5.01,6.84,6.84,6.85,6.85,6.86,6.86,6.87,6.88,6.88,6.89,268.92,0.00,0.00,1.00,0.00,0.00,0.00,-1.00,0,None,0,aggregation
160,295.54,remora3,remora7,16.15,16.15,15.74,15.74,15.74,15.74,15.85,15.85,15.70,15.70,8.50,8.50,7.98,7.98,7.98,7.98,8.13,8.13,7.93,7.93,5.04,5.06,5.09,5.11,5.14,5.16,5.19,5.21,5.23,5.22,6.89,6.89,6.89,6.90,6.90,6.90,6.90,6.91,6.91,6.91,250.95,0.00,0.00,1.00,0.00,0.00,0.00,-1.00,0,None,0,aggregation
160,296.54,remora3,remora7,16.71,16.71,17.68,17.68,18.25,18.25,19.19,19.19,19.57,19.57,9.22,9.22,10.46,10.46,11.21,11.21,12.43,12.43,12.92,12.92,5.21,5.20,5.18,5.17,5.15,5.14,5.12,5.11,5.09,5.08,6.92,6.92,6.93,6.93,6.93,6.93,6.94,6.94,6.94,6.95,235.85,0.00,0.00,1.00,0.00,0.00,0.00,-1.00,0,None,0,aggregation
160,297.54,remora3,remora7,19.91,19.91,20.16,20.16,20.80,20.80,21.52,21.52,21.80,21.80,13.35,13.35,13.68,13.68,14.53,14.53,15.48,15.48,15.85,15.85,5.06,5.04,5.03,5.01,5.00,4.98,4.96,4.94,4.93,4.91,6.95,6.96,6.97,6.97,6.97,6.98,6.98,6.99,7.00,7.00,223.77,0.00,0.00,1.00,0.00,0.00,0.00,-1.00,0,None,0,aggregation
160,298.54,remora3,remora7,22.12,22.12,22.45,22.45,22.59,22.59,22.96,22.96,23.32,23.32,16.28,16.28,16.73,16.73,16.92,16.92,17.41,17.41,17.91,17.91,4.89,4.88,4.86,4.84,4.82,4.81,4.79,4.77,4.76,4.74,7.01,7.02,7.03,7.03,7.04,7.04,7.05,7.06,7.07,7.08,213.92,0.00,0.00,1.00,0.00,0.00,0.00,-1.00,0,None,0,aggregation
160,299.54,remora3,remora7,23.64,23.64,23.80,23.80,24.21,24.21,24.55,24.55,24.78,24.78,18.34,18.34,18.56,18.56,19.12,19.12,19.60,19.60,19.91,19.91,4.72,4.71,4.69,4.68,4.66,4.64,4.63,4.61,4.60,4.58,7.09,7.10,7.11,7.12,7.12,7.13,7.14,7.15,7.16,7.17,205.93,0.00,0.00,1.00,0.00,0.00,0.00,-1.00,0,None,0,aggregation
160,300.54,remora3,remora7,25.15,25.15,25.42,25.42,25.81,25.81,25.97,25.97,26.21,26.21,20.44,20.44,20.82,20.82,21.37,21.37,21.61,21.61,21.96,21.96,4.57,4.56,4.54,4.53,4.52,4.50,4.49,4.48,4.47,4.45,7.18,7.19,7.20,7.21,7.22,7.23,7.24,6.56,6.57,6.58,200.32,0.00,0.00,1.00,0.00,0.00,0.00,-1.00,0,None,0,aggregation
160,301.54,remora3,remora7,26.48,26.48,26.87,26.87,26.95,26.95,27.39,27.39,27.45,27.45,22.35,22.35,22.93,22.93,23.05,23.05,23.71,23.71,23.81,23.81,4.44,4.43,4.42,4.41,4.40,4.39,4.38,4.37,4.37,4.36,6.59,6.60,6.61,6.62,6.63,6.64,6.65,6.66,6.67,6.68,197.78,0.00,0.00,1.00,0.00,0.00,0.00,-1.00,0,None,0,aggregation
160,302.54,remora3,remora7,27.59,27.59,27.97,27.97,27.99,27.99,28.36,28.36,28.41,28.41,24.03,24.03,24.62,24.62,24.65,24.65,25.26,25.26,25.34,25.34,4.35,4.34,4.34,4.33,4.33,4.32,4.32,4.31,4.31,4.30,6.69,6.70,6.71,6.72,6.73,6.74,6.75,6.76,6.77,6.78,198.73,0.00,0.00,1.00,0.00,0.00,0.00,-1.00,0,None,0,aggregation
160,303.54,remora3,remora7,28.77,28.77,28.89,28.89,29.04,29.04,29.10,29.10,29.33,29.33,25.95,25.95,26.16,26.16,26.44,26.44,26.55,26.55,26.98,26.98,4.30,4.30,4.30,4.30,4.29,4.29,4.29,4.29,4.30,4.30,6.79,6.81,6.82,6.83,6.84,6.86,6.87,6.89,6.90,6.92,204.92,0.00,0.00,1.00,0.00,0.00,0.00,-1.00,0,None,0,aggregation
160,304.54,remora3,remora7,29.45,29.45,29.57,29.57,29.69,29.69,29.75,29.75,29.80,29.80,27.21,27.21,27.46,27.46,27.72,27.72,27.86,27.86,27.99,27.99,4.30,4.30,4.30,4.31,4.31,4.31,4.32,4.32,4.33,4.33,6.93,6.95,6.96,6.98,7.00,7.01,7.03,7.04,7.06,7.08,217.33,0.00,0.00,1.00,0.00,0.00,0.00,-1.00,0,None,0,aggregation
160,305.54,remora3,remora7,29.90,29.90,29.95,29.95,30.03,30.03,30.07,30.07,30.10,30.10,28.24,28.24,28.38,28.38,28.59,28.59,28.73,28.73,28.86,28.86,4.34,4.35,4.35,4.36,4.37,4.38,4.38,4.39,4.40,4.41,7.09,7.11,7.12,7.14,7.16,7.17,7.19,7.21,7.22,7.24,234.65,0.00,0.00,1.00,0.00,0.00,0.00,-1.00,0,None,0,aggregation
160,306.54,remora3,remora7,30.15,30.15,30.17,30.17,30.18,30.18,30.19,30.19,30.18,30.18,29.07,29.07,29.18,29.18,29.28,29.28,29.45,29.45,29.49,29.49,4.42,4.43,4.44,4.45,4.46,4.48,4.49,4.50,4.51,4.52,7.25,7.27,7.28,7.29,7.30,7.31,7.32,7.33,7.34,7.35,249.62,0.00,0.00,1.00,0.00,0.00,0.00,-1.00,0,None,0,aggregation
160,307.54,remora3,remora7,30.18,30.18,30.17,30.17,30.16,30.16,30.11,30.11,30.08,30.08,29.58,29.58,29.67,29.67,29.71,29.71,29.84,29.84,29.89,29.89,4.54,4.55,4.56,4.58,4.59,4.60,4.62,4.63,4.65,4.66,7.35,7.35,7.35,7.36,7.36,7.37,7.37,7.37,7.38,7.38,261.85,0.00,0.00,1.00,0.00,0.00,0.00,-1.00,0,None,0,aggregation
160,308.54,remora3,remora7,30.07,30.07,30.05,30.05,30.01,30.01,29.95,29.95,29.93,29.93,29.92,29.92,29.95,29.95,29.99,29.99,30.04,30.04,30.06,30.06,4.68,4.69,4.71,4.72,4.74,4.76,4.77,4.79,4.80,4.82,7.39,7.40,7.40,7.41,7.42,7.43,7.43,7.44,7.44,7.45,271.97,0.00,0.00,1.00,0.00,0.00,0.00,-1.00,0,None,0,aggregation
160,309.54,remora3,remora7,29.90,29.90,29.82,29.82,29.75,29.75,29.72,29.72,29.68,29.68,30.08,30.08,30.12,30.12,30.14,30.14,30.15,30.15,30.16,30.16,4.84,4.86,4.87,4.89,4.91,4.92,4.94,4.96,4.98,4.99,7.46,7.46,7.47,7.48,7.48,7.49,7.49,7.50,7.51,7.51,280.27,0.00,0.00,1.00,0.00,0.00,0.00,-1.00,0,None,0,aggregation
160,310.54,remora3,remora7,29.66,29.66,29.57,29.57,29.56,29.56,29.49,29.49,29.50,29.50,30.17,30.17,30.18,30.18,30.18,30.18,30.18,30.18,30.18,30.18,5.01,5.03,5.05,5.07,5.08,5.10,5.12,5.14,5.16,5.18,7.52,7.53,7.53,7.54,7.54,7.55,7.56,7.56,7.57,7.57,286.67,0.00,0.00,1.00,0.00,0.00,0.00,-1.00,0,None,0,aggregation
160,311.54,remora3,remora7,29.45,29.45,29.39,29.39,29.44,29.44,29.53,29.53,29.57,29.57,30.19,30.19,30.18,30.18,30.19,30.19,30.18,30.18,30.18,30.18,5.20,5.21,5.23,5.25,5.27,5.29,5.31,5.33,5.35,5.37,7.58,7.58,7.59,7.59,7.60,7.61,7.61,7.62,7.63,7.63,291.40,0.00,0.00,1.00,0.00,0.00,0.00,-1.00,0,None,0,aggregation
160,312.54,remora3,remora7,29.66,29.66,29.69,29.69,29.77,29.77,29.77,29.77,29.83,29.83,30.17,30.17,30.16,30.16,30.14,30.14,30.14,30.14,30.11,30.11,5.38,5.40,5.42,5.44,5.46,5.48,5.50,5.52,5.54,5.56,7.64,7.65,7.65,7.66,7.67,7.67,7.68,7.68,7.69,7.69,294.92,0.00,0.00,1.00,0.00,0.00,0.00,-1.00,0,None,0,aggregation
160,313.54,remora3,remora7,29.87,29.87,29.90,29.90,29.92,29.92,29.95,29.95,29.98,29.98,30.10,30.10,30.08,30.08,30.06,30.06,30.04,30.04,30.02,30.02,5.58,5.60,5.62,5.64,5.66,5.68,5.70,5.72,5.74,5.76,7.70,7.70,7.71,7.72,7.72,7.73,7.74,7.74,7.75,7.75,297.19,0.00,0.00,1.00,0.00,0.00,0.00,-1.00,0,None,0,aggregation
160,314.54,remora3,remora7,30.00,30.00,30.02,30.02,30.04,30.04,30.04,30.04,30.08,30.08,30.00,30.00,29.98,29.98,29.95,29.95,29.95,29.95,29.90,29.90,5.78,5.80,5.82,5.84,5.86,5.88,5.91,5.93,5.95,5.97,7.76,7.77,7.77,7.78,7.78,7.79,7.79,7.80,7.80,7.81,298.53,0.00,0.00,1.00,0.00,0.00,0.00,-1.00,0,None,0,aggregation
160,315.54,remora3,remora7,30.08,30.08,30.10,30.10,30.11,30.11,30.11,30.11,30.13,30.13,29.90,29.90,29.87,29.87,29.83,29.83,29.83,29.83,29.80,29.80,5.99,6.01,6.03,6.05,6.08,6.10,6.12,6.14,6.16,6.18,7.82,7.82,7.83,7.84,7.84,7.85,7.85,7.86,7.86,7.87,299.22,0.00,0.00,1.00,0.00,0.00,0.00,-1.00,0,None,0,aggregation
160,316.54,remora3,remora7,30.14,30.14,30.14,30.14,30.14,30.14,30.16,30.16,30.16,30.16,29.77,29.77,29.77,29.77,29.77,29.77,29.69,29.69,29.69,29.69,6.21,6.23,6.25,6.27,6.29,6.32,6.34,6.36,6.38,6.41,7.88,7.88,7.89,7.90,7.90,7.91,7.91,7.92,7.92,7.93,299.44,0.00,0.00,1.00,0.00,0.00,0.00,-1.00,0,None,0,aggregation
160,317.54,remora3,remora7,30.16,30.16,30.17,30.17,30.17,30.17,30.17,30.17,30.17,30.17,29.69,29.69,29.62,29.62,29.62,29.62,29.62,29.62,29.62,29.62,6.43,6.45,6.48,6.50,6.52,6.54,6.57,6.59,6.61,6.64,7.94,7.94,7.95,7.96,7.96,7.97,7.98,7.98,7.99,8.00,299.40,0.00,0.00,1.00,0.00,0.00,0.00,-1.00,0,None,0,aggregation
160,318.54,remora3,remora7,30.18,30.18,30.18,30.18,30.18,30.18,30.18,30.18,30.19,30.19,29.53,29.53,29.53,29.53,29.53,29.53,29.53,29.53,29.44,29.44,6.66,6.68,6.71,6.73,6.76,6.78,6.80,6.77,6.74,6.71,8.00,8.01,8.01,8.02,8.03,8.03,8.04,8.05,8.06,8.06,299.25,0.00,0.00,1.00,0.00,0.00,0.00,-1.00,0,None,0,aggregation
160,319.54,remora3,remora7,30.19,30.19,30.19,30.19,30.19,30.19,30.18,30.18,30.18,30.18,29.44,29.44,29.44,29.44,29.44,29.44,29.39,29.39,29.34,29.34,6.68,6.65,6.62,6.59,6.56,6.53,6.50,6.47,6.44,6.41,8.07,8.08,8.08,8.09,8.09,8.10,8.11,8.11,8.12,8.13,299.10,0.00,0.00,1.00,0.00,0.00,0.00,-1.00,0,None,0,aggregation
160,320.54,remora3,remora7,30.18,30.18,30.18,30.18,30.18,30.18,30.18,30.18,30.17,30.17,29.34,29.34,29.34,29.34,29.29,29.29,29.29,29.29,29.24,29.24,6.38,6.35,6.31,6.28,6.25,6.22,6.18,6.15,6.12,6.09,8.13,8.14,8.15,8.16,8.16,8.17,8.18,8.18,8.19,8.19,298.97,0.00,0.00,1.00,0.00,0.00,0.00,-1.00,0,None,0,aggregation
160,321.54,remora3,remora7,30.17,30.17,30.17,30.17,30.17,30.17,30.17,30.17,30.17,30.17,29.24,29.24,29.24,29.24,29.19,29.19,29.19,29.19,29.19,29.19,6.06,6.05,6.03,6.00,5.97,5.93,5.90,5.87,5.83,5.80,8.20,8.22,8.23,8.23,8.24,8.25,8.25,8.26,8.26,8.27,298.83,0.00,0.00,1.00,0.00,0.00,0.00,-1.00,0,None,0,aggregation
160,322.54,remora3,remora7,30.16,30.16,30.16,30.16,30.15,30.15,30.15,30.15,30.15,30.15,29.14,29.14,29.14,29.14,29.08,29.08,29.08,29.08,29.08,29.08,5.76,5.73,5.69,5.66,5.63,5.59,5.56,5.52,5.49,5.45,8.28,8.28,8.29,8.30,8.31,8.31,7.76,7.76,7.76,7.76,298.51,0.00,0.00,1.00,0.00,0.00,0.00,-1.00,0,None,0,aggregation
160,323.54,remora3,remora7,30.15,30.15,30.15,30.15,30.13,30.13,30.13,30.13,30.16,30.16,29.08,29.08,29.08,29.08,28.96,28.96,28.96,28.96,29.14,29.14,5.42,5.39,5.35,5.32,5.28,5.25,5.22,5.18,5.15,5.11,7.76,7.76,7.76,7.77,7.77,7.77,6.65,6.65,6.65,6.64,298.12,0.00,0.00,1.00,0.00,0.00,0.00,-1.00,0,None,0,aggregation
160,324.54,remora3,remora7,30.18,30.18,30.17,30.17,30.07,30.07,29.85,29.85,29.37,29.37,29.47,29.47,29.64,29.64,29.92,29.92,30.11,30.11,30.18,30.18,5.09,5.08,5.06,5.03,5.00,4.97,4.93,4.90,4.86,4.83,6.64,6.65,6.65,6.64,6.63,6.62,6.62,6.61,6.60,6.60,298.01,0.00,0.00,1.00,0.00,0.00,0.00,-1.00,0,None,0,aggregation
160,325.54,remora3,remora7,28.45,28.45,27.33,27.33,25.72,25.72,24.36,24.36,22.65,22.65,29.98,29.98,29.51,29.51,28.63,28.63,27.80,27.80,26.69,26.69,4.80,4.76,4.73,4.70,4.67,4.63,4.60,4.57,4.54,4.51,6.59,6.59,6.59,6.58,6.58,6.58,6.57,6.57,6.57,6.57,295.15,0.00,0.00,1.00,0.00,0.00,0.00,-1.00,0,None,0,aggregation
160,326.54,remora3,remora7,20.98,20.98,19.76,19.76,18.19,18.19,17.24,17.24,16.19,16.19,25.53,25.53,24.67,24.67,23.53,23.53,22.83,22.83,22.05,22.05,4.48,4.45,4.42,4.39,4.36,4.33,4.30,4.27,4.24,4.22,6.57,6.57,6.57,6.57,6.57,6.57,6.57,6.57,6.57,6.57,286.30,0.00,0.00,1.00,0.00,0.00,0.00,-1.00,0,None,0,aggregation
160,327.54,remora3,remora7,15.79,15.79,15.28,15.28,15.28,15.28,15.42,15.42,15.36,15.36,21.76,21.76,21.37,21.37,21.37,21.37,21.47,21.47,21.42,21.42,4.19,4.16,4.13,4.11,4.08,4.06,4.03,4.01,3.98,3.96,6.57,6.57,6.57,6.58,6.58,6.58,6.58,6.59,6.59,6.59,274.86,0.00,0.00,1.00,0.00,0.00,0.00,-1.00,0,None,0,aggregation
160,328.54,remora3,remora7,15.71,15.71,15.73,15.73,16.18,16.18,16.89,16.89,17.48,17.48,21.69,21.69,21.71,21.71,22.05,22.05,22.57,22.57,23.01,23.01,3.94,3.91,3.89,3.87,3.85,3.83,3.81,3.79,3.77,3.75,6.60,6.60,6.61,6.61,6.62,6.63,6.63,6.64,6.64,6.65,264.31,0.00,0.00,1.00,0.00,0.00,0.00,-1.00,0,None,0,aggregation
160,329.54,remora3,remora7,18.05,18.05,18.68,18.68,20.02,20.02,20.97,20.97,21.88,21.88,23.43,23.43,23.89,23.89,24.85,24.85,25.53,25.53,26.16,26.16,3.74,3.72,3.70,3.69,3.67,3.66,3.65,3.63,3.62,3.61,6.66,6.67,6.68,6.68,6.69,6.70,6.71,6.72,6.73,6.74,256.86,0.00,0.00,1.00,0.00,0.00,0.00,-1.00,0,None,0,aggregation
160,330.54,remora3,remora7,22.75,22.75,23.58,23.58,24.11,24.11,24.86,24.86,25.45,25.45,26.75,26.75,27.30,27.30,27.64,27.64,28.12,28.12,28.48,28.48,3.60,3.59,3.58,3.57,3.56,3.55,3.55,3.54,3.53,3.53,6.75,6.76,6.78,3.57,3.56,3.55,3.55,3.54,3.53,3.53,253.02,0.00,0.00,1.00,0.00,0.00,0.00,-1.00,0,None,0,aggregation
160,331.54,remora3,remora7,26.01,26.01,26.43,26.43,26.84,26.84,26.84,27.22,27.49,27.49,28.80,28.80,29.04,29.04,29.25,29.25,29.25,29.45,29.58,29.58,3.52,3.52,3.51,3.51,3.51,3.50,3.50,3.50,3.49,3.49,3.52,3.52,3.51,3.51,3.51,3.50,3.50,3.50,3.49,3.49,251.31,0.00,0.00,1.00,0.00,0.00,0.00,-1.00,0,None,0,aggregation
160,332.54,remora3,remora7,27.83,27.83,28.07,28.07,28.29,28.29,28.51,28.51,28.71,28.71,29.73,29.73,29.83,29.83,29.92,29.92,30.00,30.00,30.06,30.06,3.49,3.49,3.49,3.49,3.48,3.48,3.48,3.48,3.48,3.48,3.49,3.49,3.49,3.49,3.48,3.48,3.48,3.48,3.48,3.48,250.78,0.00,0.00,1.00,0.00,0.00,0.00,-1.00,0,None,0,aggregation
160,333.54,remora3,remora7,28.84,28.84,29.02,29.02,29.14,29.14,29.24,29.24,29.34,29.34,30.10,30.10,30.14,30.14,30.16,30.16,30.17,30.17,30.18,30.18,3.48,3.48,3.48,3.48,3.48,3.48,3.48,3.48,3.48,3.48,3.48,3.48,3.48,3.48,3.48,3.48,3.48,3.48,3.48,3.48,250.82,0.00,0.00,1.00,0.00,0.00,0.00,-1.00,0,None,0,aggregation
160,334.54,remora3,remora7,29.44,29.44,29.49,29.49,29.57,29.57,29.62,29.62,29.69,29.69,30.19,30.19,30.18,30.18,30.18,30.18,30.17,30.17,30.16,30.16,3.48,3.48,3.48,3.48,3.48,3.48,3.49,3.49,3.49,3.49,3.48,3.48,3.48,3.48,3.48,3.48,3.49,3.49,3.49,3.49,250.79,0.00,0.00,1.00,0.00,0.00,0.00,-1.00,0,None,0,aggregation
160,335.54,remora3,remora7,29.73,29.73,29.77,29.77,29.80,29.80,29.83,29.83,29.87,29.87,30.15,30.15,30.14,30.14,30.13,30.13,30.11,30.11,30.10,30.10,3.49,3.49,3.49,3.49,3.49,3.49,3.49,3.49,3.49,3.49,3.49,3.49,3.49,3.49,3.49,3.49,3.49,3.49,3.49,3.49,253.64,0.00,0.00,1.00,0.00,0.00,0.00,-1.00,0,None,0,aggregation
160,131.54,remora3,remora0,-14.37,-16.36,-16.36,4.51,4.51,14.55,14.55,12.46,12.46,10.38,-24.83,-26.83,-26.83,-5.95,-5.95,6.47,6.47,3.83,3.83,1.21,4.16,4.16,4.16,4.15,4.13,4.11,4.08,4.06,4.03,4.01,6.22,6.21,6.21,6.20,6.19,6.18,6.17,6.16,6.15,6.14,47.27,0.00,0.00,1.00,0.00,0.00,0.00,-1.00,0,None,0,aggregation
160,132.54,remora3,remora0,10.38,8.87,8.87,6.72,6.72,10.51,10.51,11.12,11.12,9.50,1.21,-0.69,-0.69,-3.38,-3.38,1.37,1.37,2.14,2.14,0.11,3.99,3.97,3.95,3.93,3.91,3.90,3.88,3.86,3.84,3.83,6.13,6.12,6.11,6.10,6.09,6.08,6.08,6.07,6.06,6.05,51.99,0.00,0.00,1.00,0.00,0.00,0.00,-1.00,0,None,0,aggregation
160,201.54,remora3,remora0,30.00,30.00,30.00,30.00,30.00,30.00,30.00,30.00,30.00,30.00,30.00,30.00,30.00,30.00,30.00,30.00,30.00,30.00,30.00,30.00,5.68,5.67,5.67,5.67,5.66,5.66,5.65,5.65,5.65,5.65,6.34,6.32,6.30,6.29,6.27,6.25,6.23,6.22,6.20,6.18,300.00,0.00,0.00,1.00,0.00,0.00,0.00,-1.00,0,None,0,aggregation
160,202.54,remora3,remora0,30.00,30.00,30.00,30.00,30.00,30.00,30.00,30.00,30.00,30.00,30.00,30.00,30.00,30.00,30.00,30.00,30.00,30.00,30.00,30.00,5.64,5.64,5.64,5.60,5.55,5.49,5.43,5.38,5.32,5.26,6.17,6.15,6.13,6.11,6.08,6.06,6.04,6.01,5.99,5.97,300.00,0.00,0.00,1.00,0.00,0.00,0.00,-1.00,0,None,0,aggregation
160,203.54,remora3,remora0,30.00,30.00,30.00,0.00,0.00,30.07,30.07,30.07,30.07,30.07,30.00,30.00,30.00,0.00,0.00,29.91,29.91,29.91,29.91,29.91,5.21,5.15,5.09,5.05,5.02,4.99,4.94,4.88,4.83,4.77,5.95,5.92,5.90,5.89,5.88,5.87,5.86,5.84,5.83,5.81,294.00,0.00,0.00,1.00,0.00,0.00,0.00,-1.00,0,None,0,aggregation
160,204.54,remora3,remora0,30.07,30.07,30.07,30.07,30.07,30.07,30.07,30.07,30.07,30.06,29.91,29.91,29.91,29.91,29.91,29.91,29.91,29.91,29.91,29.93,4.72,4.67,4.62,4.57,4.52,4.47,4.42,4.37,4.33,4.28,5.80,5.79,5.77,5.76,5.74,5.73,5.72,5.71,5.70,5.68,293.99,0.00,0.00,1.00,0.00,0.00,0.00,-1.00,0,None,0,aggregation
160,205.54,remora3,remora0,30.06,30.06,30.06,30.06,30.06,30.06,30.06,30.04,30.04,30.04,29.93,29.93,29.93,29.93,29.93,29.93,29.93,29.96,29.96,29.96,4.24,4.20,4.16,4.12,4.08,4.04,4.00,3.96,3.93,3.90,5.67,5.66,5.65,5.64,5.63,5.62,5.62,5.61,5.60,5.59,293.98,0.00,0.00,1.00,0.00,0.00,0.00,-1.00,0,None,0,aggregation
160,206.54,remora3,remora0,30.04,30.04,30.04,30.04,30.04,30.04,30.04,30.04,30.04,30.04,29.96,29.96,29.96,29.96,29.96,29.96,29.96,29.96,29.96,29.96,3.87,3.84,3.81,3.78,3.75,3.72,3.70,3.67,3.65,3.62,5.59,5.58,5.57,5.57,5.56,5.56,5.55,5.55,5.54,5.54,293.98,0.00,0.00,1.00,0.00,0.00,0.00,-1.00,0,None,0,aggregation
160,207.54,remora3,remora0,30.04,30.07,30.07,30.09,30.09,30.10,30.13,30.13,30.14,30.14,29.96,29.91,29.91,29.88,29.88,29.85,29.79,29.79,29.76,29.76,3.60,3.57,3.55,3.53,3.50,3.48,3.46,3.44,3.41,3.39,5.53,5.53,5.53,5.52,5.52,5.52,5.52,5.51,5.51,5.51,293.96,0.00,0.00,1.00,0.00,0.00,0.00,-1.00,0,None,0,aggregation
160,208.54,remora3,remora0,30.14,30.17,30.18,30.18,30.18,30.18,30.18,30.18,30.18,30.18,29.76,29.66,29.57,29.57,29.57,29.49,29.49,29.39,29.39,29.29,3.37,3.35,3.33,3.31,3.29,3.26,3.24,3.22,3.20,3.18,5.51,5.51,5.50,5.50,5.50,5.50,5.50,5.50,5.50,5.50,293.80,0.00,0.00,1.00,0.00,0.00,0.00,-1.00,0,None,0,aggregation
160,209.54,remora3,remora0,30.17,30.17,30.17,30.14,30.14,30.11,30.11,30.08,30.08,30.04,29.19,29.19,29.19,29.02,29.02,28.90,28.90,28.78,28.78,28.65,3.16,3.14,3.12,3.10,3.08,3.07,3.05,3.03,3.01,2.99,5.50,5.50,5.50,5.50,5.50,5.50,5.50,5.50,5.50,5.50,293.34,0.00,0.00,1.00,0.00,0.00,0.00,-1.00,0,None,0,aggregation
160,210.54,remora3,remora0,30.04,30.00,30.00,29.95,29.95,29.92,29.87,29.87,29.80,29.80,28.65,28.51,28.51,28.37,28.37,28.29,28.14,28.14,27.99,27.99,2.98,2.96,2.94,2.93,2.91,2.90,2.88,2.87,2.85,2.84,5.50,5.51,5.51,5.51,5.51,5.52,5.52,5.52,5.53,5.53,292.45,0.00,1.00,1.00,0.00,0.00,0.00,-1.00,0,None,0,aggregation
160,211.54,remora3,remora0,29.77,29.77,29.77,29.73,29.73,29.66,29.66,29.58,29.58,29.58,27.91,27.91,27.91,27.83,27.83,27.66,27.66,27.49,27.49,27.49,2.83,2.81,2.80,2.79,2.78,2.77,2.76,2.75,2.74,2.73,5.54,5.54,5.55,5.55,5.56,5.56,5.57,5.58,5.58,5.59,291.15,0.00,1.00,1.00,0.00,0.00,0.00,-1.00,0,None,0,aggregation
160,212.54,remora3,remora0,29.58,29.49,29.49,29.45,29.45,29.40,29.35,29.35,29.35,29.30,27.49,27.31,27.31,27.22,27.22,27.12,27.03,27.03,27.03,26.93,2.72,2.71,2.71,2.70,2.69,2.69,2.68,2.68,2.67,2.67,5.60,5.61,5.61,5.62,5.63,5.64,5.65,5.66,5.67,5.68,289.45,0.00,1.00,1.00,0.00,0.00,0.00,-1.00,0,None,0,aggregation
160,213.54,remora3,remora0,29.30,29.25,29.20,29.20,29.20,29.20,29.20,29.26,29.26,29.32,26.93,26.84,26.74,26.74,26.74,26.74,26.74,26.85,26.85,26.96,2.67,2.67,2.66,2.66,2.66,2.66,2.66,2.66,2.66,2.66,5.69,5.70,5.71,5.72,5.74,5.75,5.76,5.77,5.79,5.80,293.48,0.00,1.00,1.00,0.00,0.00,0.00,-1.00,0,None,0,aggregation
160,214.54,remora3,remora0,29.32,29.37,29.44,29.44,29.44,29.50,29.50,29.59,29.65,29.65,26.96,27.06,27.21,27.21,27.21,27.32,27.32,27.52,27.64,27.64,2.66,2.66,2.66,2.66,2.66,2.66,2.66,2.67,2.67,2.67,5.81,5.83,5.84,5.85,5.87,5.88,5.90,5.91,5.93,5.94,291.88,0.00,1.00,1.00,0.00,0.00,0.00,-1.00,0,None,0,aggregation
160,215.54,remora3,remora0,29.65,29.74,29.74,29.79,29.86,29.86,29.86,29.92,29.92,29.96,27.64,27.84,27.84,27.95,28.13,28.13,28.13,28.28,28.28,28.39,2.67,2.67,2.68,2.68,2.68,2.68,2.68,2.69,2.69,2.69,5.96,5.97,5.99,6.01,6.02,6.04,6.06,6.07,6.09,6.11,290.83,0.00,1.00,1.00,0.00,0.00,0.00,-1.00,0,None,0,aggregation
160,216.54,remora3,remora0,29.96,29.98,30.03,30.03,30.03,30.07,30.07,30.09,30.09,30.09,28.39,28.46,28.62,28.62,28.62,28.74,28.74,28.82,28.82,28.81,2.69,2.70,2.70,2.70,2.71,2.71,2.71,2.71,2.72,2.72,6.13,6.14,6.16,6.18,6.20,6.22,6.23,6.25,6.27,6.29,290.19,0.00,1.00,1.00,0.00,0.00,0.00,-1.00,0,None,0,aggregation
160,217.54,remora3,remora0,30.09,30.13,30.15,30.15,30.15,30.16,30.16,30.16,30.18,30.18,28.81,29.00,29.10,29.10,29.10,29.12,29.12,29.15,29.29,29.29,2.72,2.73,2.73,2.73,2.73,2.74,2.74,2.74,2.75,2.75,6.31,6.33,6.22,6.24,6.25,6.26,6.27,6.29,6.30,6.31,289.84,0.00,1.00,1.00,0.00,0.00,0.00,-1.00,0,None,0,aggregation
160,218.54,remora3,remora0,30.18,30.18,30.18,30.18,30.18,30.19,30.19,30.18,30.18,30.18,29.29,29.32,29.32,29.31,29.31,29.45,29.45,29.48,29.50,29.50,2.75,2.76,2.76,2.76,2.77,2.77,2.77,2.78,2.78,2.78,6.32,6.34,6.35,6.36,6.38,6.39,6.41,6.42,6.43,6.45,289.78,0.00,1.00,1.00,0.00,0.00,0.00,-1.00,0,None,0,aggregation
160,219.54,remora3,remora0,30.18,30.18,30.18,30.18,30.18,30.18,30.18,30.18,30.17,30.17,29.50,29.56,29.56,29.52,29.52,29.52,29.52,29.60,29.61,29.61,2.79,2.79,2.79,2.80,2.80,2.80,2.81,2.81,2.81,2.82,6.46,6.48,6.49,6.51,6.52,6.54,6.55,6.57,6.58,6.60,290.11,0.00,1.00,1.00,0.00,0.00,0.00,-1.00,0,None,0,aggregation
160,220.54,remora3,remora0,30.17,30.17,30.17,30.17,30.17,30.17,30.17,30.18,30.18,30.18,29.66,29.66,29.66,29.66,29.66,29.66,29.66,29.55,29.55,29.41,2.82,2.83,2.83,2.83,2.81,2.78,2.74,2.71,2.67,2.64,6.61,6.63,6.65,6.66,6.67,6.68,6.69,6.70,6.71,6.72,290.89,0.00,1.00,1.00,0.00,0.00,0.00,-1.00,0,None,0,aggregation
160,221.54,remora3,remora0,30.18,30.18,30.18,30.17,30.17,30.16,30.16,30.13,30.13,30.08,29.41,29.38,29.38,29.21,29.21,29.16,29.16,28.98,28.98,28.79,2.60,2.57,2.54,2.50,2.49,2.48,2.47,2.44,2.41,2.37,6.73,6.74,6.75,6.76,5.96,5.97,5.98,5.99,6.00,6.00,291.86,0.00,1.00,1.00,0.00,0.00,0.00,-1.00,0,None,0,aggregation
160,222.54,remora3,remora0,30.08,30.05,30.05,29.99,29.99,29.94,29.94,29.82,29.82,29.70,28.79,28.68,28.68,28.47,28.47,28.33,28.33,28.03,28.03,27.74,2.34,2.31,2.28,2.26,2.23,2.22,2.22,2.21,2.19,2.17,6.01,6.02,6.02,6.03,6.04,6.05,6.07,6.08,6.09,6.10,292.71,0.00,1.00,1.00,0.00,0.00,0.00,-1.00,0,None,0,aggregation
160,223.54,remora3,remora0,29.70,29.61,29.61,29.46,29.46,29.38,29.28,29.28,29.28,29.12,27.74,27.56,27.56,27.25,27.25,27.08,26.89,26.89,26.89,26.58,2.14,2.11,2.09,2.06,2.04,2.01,1.99,1.97,1.95,1.93,6.11,6.12,6.12,6.13,6.14,6.15,6.16,6.17,6.18,6.20,292.98,0.00,1.00,1.00,0.00,0.00,0.00,-1.00,0,None,0,aggregation
160,224.54,remora3,remora0,29.12,28.80,28.80,28.49,28.22,28.22,28.22,27.81,27.81,27.50,26.58,26.00,26.00,25.48,25.03,25.03,25.03,24.37,24.37,23.88,1.92,1.91,1.89,1.88,1.87,1.86,1.86,1.85,1.85,1.84,6.21,6.22,6.23,6.25,6.26,6.27,6.29,6.30,6.32,6.33,291.31,0.00,1.00,1.00,0.00,0.00,0.00,-1.00,0,None,0,aggregation
160,225.54,remora3,remora0,27.50,27.12,26.68,26.68,26.29,26.29,26.29,26.07,26.07,25.72,23.88,23.31,22.64,22.64,22.07,22.07,22.07,21.75,21.75,21.25,1.84,1.84,1.84,1.85,1.85,1.85,1.86,1.86,1.87,1.88,6.35,6.36,6.38,6.39,6.41,6.43,6.44,6.46,6.48,6.49,286.78,0.00,1.00,1.00,0.00,0.00,0.00,-1.00,0,None,0,aggregation
160,226.54,remora3,remora0,25.72,25.52,25.33,25.33,25.33,25.15,25.15,24.99,25.26,25.26,21.25,20.95,20.70,20.70,20.70,20.44,20.44,20.21,20.59,20.59,1.89,1.90,1.91,1.92,1.93,1.94,1.94,1.92,1.90,1.88,6.51,6.53,6.54,6.56,6.58,6.60,6.61,6.62,6.63,6.64,280.40,0.00,1.00,1.00,0.00,0.00,0.00,-1.00,0,None,0,aggregation
160,227.54,remora3,remora0,25.26,25.40,25.40,25.55,25.48,25.48,25.42,25.42,25.40,25.40,20.59,20.79,20.79,21.01,20.90,20.90,20.82,20.82,20.78,20.78,1.87,1.85,1.84,1.84,1.85,1.86,1.86,1.87,1.88,1.89,6.65,6.66,6.68,6.69,6.71,6.73,5.65,5.67,5.68,5.70,273.89,0.00,1.00,1.00,0.00,0.00,0.00,-1.00,0,None,0,aggregation
160,228.54,remora3,remora0,25.40,25.40,25.40,25.52,25.52,25.57,25.57,25.80,25.80,25.87,20.78,20.79,20.79,20.96,20.96,21.03,21.03,21.36,21.36,21.46,1.90,1.91,1.92,1.93,1.94,1.95,1.96,1.97,1.99,2.00,5.71,5.73,5.75,5.76,5.78,5.80,5.82,5.83,5.85,5.87,267.42,0.00,1.00,1.00,0.00,0.00,0.00,-1.00,0,None,0,aggregation
160,229.54,remora3,remora0,25.87,26.06,26.06,26.26,26.26,26.26,26.26,26.46,26.46,26.66,21.46,21.73,21.73,22.03,22.03,22.03,22.03,22.32,22.32,22.61,2.01,2.02,2.03,2.04,2.05,2.07,2.08,2.09,2.10,2.11,5.89,5.91,5.93,5.94,5.96,5.98,6.00,6.02,6.03,6.05,261.70,0.00,1.00,1.00,0.00,0.00,0.00,-1.00,0,None,0,aggregation
160,230.54,remora3,remora0,26.66,26.75,26.75,26.94,26.94,27.12,27.12,27.30,27.30,27.30,22.61,22.75,22.75,23.03,23.03,23.31,23.31,23.58,23.58,23.58,2.12,2.13,2.14,2.15,2.16,2.17,2.18,2.19,2.20,2.21,6.07,6.09,6.10,6.12,6.14,6.16,6.17,6.19,6.20,6.22,256.90,0.00,1.00,1.00,0.00,0.00,0.00,-1.00,0,None,0,aggregation
160,231.54,remora3,remora0,27.30,27.47,27.47,3.00,3.00,3.62,3.62,4.57,5.55,5.55,23.58,23.85,23.85,-12.69,-12.69,-12.08,-12.08,-11.13,-10.15,-10.15,2.22,2.23,2.24,2.26,2.29,2.33,2.36,2.39,2.43,2.46,6.24,6.25,6.27,6.28,6.29,6.30,6.32,6.33,6.34,6.35,237.51,0.00,1.00,1.00,0.00,0.00,0.00,-1.00,0,None,0,aggregation
160,232.54,remora3,remora0,5.55,6.56,6.56,7.59,7.59,8.23,8.23,8.73,8.73,9.18,-10.15,-9.14,-9.14,-8.11,-8.11,-6.69,-6.69,-5.19,-5.19,-3.79,2.49,2.52,2.55,2.58,2.61,2.64,2.67,2.70,2.72,2.75,6.36,6.37,6.38,6.39,6.40,6.41,6.42,6.43,6.43,6.44,209.68,0.00,1.00,1.00,0.00,0.00,0.00,-1.00,0,None,0,aggregation
160,233.54,remora3,remora0,9.18,9.58,9.58,9.93,9.93,10.23,10.23,10.48,10.48,10.69,-3.79,-2.50,-2.50,-1.32,-1.32,-0.24,-0.24,0.74,0.74,1.62,2.78,2.80,2.83,2.86,2.88,2.91,2.93,2.95,2.98,3.00,6.45,6.46,6.46,6.47,6.47,6.48,6.49,6.49,6.50,6.50,185.96,0.00,1.00,1.00,0.00,0.00,0.00,-1.00,0,None,0,aggregation
160,234.54,remora3,remora0,10.69,20.34,20.34,19.52,19.52,20.02,20.02,20.34,20.81,20.81,1.62,25.08,25.08,24.50,24.50,24.85,24.85,25.08,25.42,25.42,3.03,3.05,3.06,3.07,3.09,3.10,3.11,3.12,3.14,3.15,6.50,6.50,6.49,6.49,6.48,6.48,6.47,6.47,6.46,6.46,180.17,0.00,0.00,1.00,1.00,0.00,1.00,-1.00,0,None,0,aggregation
160,235.54,remora3,remora0,21.28,21.28,21.28,21.73,21.73,22.03,22.47,22.47,22.89,22.89,25.74,25.74,25.74,26.06,26.06,26.26,26.56,26.56,26.85,26.85,3.16,3.17,3.18,3.19,3.20,3.21,3.23,3.24,3.24,3.25,6.45,6.45,6.44,6.44,6.43,6.43,6.43,6.43,6.42,6.42,179.88,0.00,0.00,1.00,0.00,0.00,0.00,-1.00,0,None,0,aggregation
160,236.54,remora3,remora0,23.17,23.17,23.17,23.45,23.71,23.71,23.71,24.24,24.49,24.49,27.03,27.03,27.03,27.21,27.39,27.39,27.39,27.72,27.89,27.89,3.26,3.27,3.28,3.29,3.30,3.30,3.31,3.32,3.33,3.33,6.42,6.42,6.41,6.41,6.41,6.41,6.41,6.41,6.41,6.41,182.47,0.00,0.00,1.00,0.00,0.00,0.00,-1.00,0,None,0,aggregation
160,237.54,remora3,remora0,24.49,24.74,24.74,24.98,24.98,25.22,25.45,25.45,25.45,25.68,27.89,28.04,28.04,28.19,28.19,28.34,28.48,28.48,28.48,28.61,3.34,3.34,3.35,3.36,3.36,3.37,3.37,3.38,3.38,3.38,6.42,6.42,6.42,6.42,6.42,6.43,7.32,7.32,7.33,7.33,186.05,0.00,0.00,1.00,0.00,0.00,0.00,-1.00,0,None,0,aggregation
160,238.54,remora3,remora0,25.68,25.90,25.90,26.12,26.12,26.33,26.33,26.54,26.54,26.64,28.61,28.74,28.74,28.86,28.86,28.98,28.98,29.09,29.09,29.15,3.39,3.39,3.40,3.40,3.40,3.40,3.41,3.41,3.41,3.41,7.33,7.33,7.34,7.34,7.34,7.35,7.35,7.36,7.36,7.37,190.29,0.00,0.00,1.00,0.00,0.00,0.00,-1.00,0,None,0,aggregation
160,239.54,remora3,remora0,26.64,26.84,26.93,26.93,26.93,27.12,27.12,27.31,27.31,27.40,29.15,29.25,29.30,29.30,29.30,29.40,29.40,29.49,29.49,29.54,3.42,3.42,3.42,3.42,3.42,3.42,3.43,7.35,7.37,7.40,7.38,7.38,7.39,7.40,7.41,7.41,7.42,8.77,8.78,8.80,194.35,0.00,0.00,1.00,0.00,0.00,0.00,-1.00,0,None,0,aggregation
160,240.54,remora3,remora0,27.40,27.57,27.57,27.66,27.83,27.83,27.83,27.91,27.91,27.99,29.54,29.62,29.62,29.66,29.73,29.73,29.73,29.77,29.77,29.80,7.42,7.44,7.47,7.49,7.51,7.54,7.56,7.59,7.62,7.64,8.81,8.83,8.84,8.86,8.31,8.34,8.36,8.38,8.41,8.43,197.99,0.00,0.00,1.00,0.00,0.00,0.00,-1.00,0,None,0,aggregation
160,241.54,remora3,remora0,28.14,28.14,28.14,28.14,28.14,28.29,28.29,28.29,28.37,28.37,29.87,29.87,29.87,29.87,29.87,29.92,29.92,29.92,29.95,29.95,7.67,7.70,7.73,7.76,7.78,7.81,7.84,7.87,7.91,7.94,8.46,8.48,8.51,8.54,8.57,8.60,8.63,8.66,8.69,8.72,216.78,0.00,0.00,1.00,0.00,0.00,0.00,-1.00,0,None,0,aggregation
160,242.54,remora3,remora0,28.37,28.44,28.44,28.58,28.58,28.71,28.71,28.78,28.78,28.90,29.95,29.97,29.97,30.02,30.02,30.06,30.06,30.08,30.08,30.11,7.97,8.00,8.03,8.07,8.10,8.13,8.17,8.20,8.24,8.27,8.75,8.78,8.82,8.85,8.88,8.92,8.96,8.99,9.03,9.07,244.79,0.00,0.00,1.00,0.00,0.00,0.00,-1.00,0,None,0,aggregation
160,243.54,remora3,remora0,28.90,29.02,29.14,29.14,29.14,29.19,29.24,29.24,29.24,29.34,30.11,30.14,30.16,30.16,30.16,30.17,30.17,30.17,30.17,30.18,8.31,8.34,8.38,8.42,8.45,8.49,8.53,8.57,8.61,8.64,9.10,9.14,9.18,8.42,8.45,8.49,8.53,8.57,8.61,8.64,269.87,0.00,0.00,1.00,0.00,0.00,0.00,-1.00,0,None,0,aggregation
160,244.54,remora3,remora0,29.34,29.44,29.44,29.44,29.44,29.53,29.53,29.53,29.53,29.62,30.18,30.19,30.19,30.19,30.19,30.18,30.18,30.18,30.18,30.17,8.68,8.72,8.76,8.80,8.84,8.88,8.93,8.97,9.01,9.05,8.68,8.72,8.76,8.80,8.84,8.88,8.93,8.97,9.01,9.05,278.77,0.00,0.00,1.00,0.00,0.00,0.00,-1.00,0,None,0,aggregation
160,245.54,remora3,remora0,29.62,29.69,29.73,29.73,29.73,29.76,29.76,29.79,29.79,29.79,30.17,30.16,30.15,30.15,30.15,30.14,30.14,30.13,30.13,30.13,9.09,9.13,9.18,9.22,9.26,9.30,9.35,9.39,9.43,9.48,9.09,9.13,9.18,9.22,9.26,9.30,9.35,9.39,9.43,9.48,284.58,0.00,0.00,1.00,0.00,0.00,0.00,-1.00,0,None,0,aggregation
160,246.54,remora3,remora0,29.79,29.82,29.85,29.85,29.88,29.88,29.88,29.88,29.88,29.90,30.13,30.12,30.11,30.11,30.09,30.09,30.09,30.09,30.09,30.08,9.52,9.56,9.61,9.65,9.70,9.74,9.78,9.83,9.87,9.91,9.52,9.56,9.61,9.65,9.70,9.74,9.78,9.83,9.87,9.91,289.00,0.00,0.00,1.00,0.00,0.00,0.00,-1.00,0,None,0,aggregation
160,247.54,remora3,remora0,29.93,29.93,29.93,29.93,29.93,29.93,29.93,29.93,29.93,29.98,30.06,30.06,30.06,30.06,30.06,30.06,30.06,30.06,30.06,30.02,9.96,10.00,10.00,10.00,10.00,10.00,10.00,10.00,10.00,10.00,9.96,10.00,10.00,10.00,10.00,10.00,10.00,10.00,10.00,10.00,292.30,0.00,0.00,1.00,0.00,0.00,0.00,-1.00,0,None,0,aggregation
160,248.54,remora3,remora0,29.98,29.98,29.98,29.98,29.98,29.98,29.98,29.98,30.00,30.00,30.02,30.02,30.02,30.02,30.02,30.02,30.02,30.02,30.00,30.00,10.00,10.00,10.00,10.00,10.00,10.00,10.00,10.00,10.00,10.00,10.00,10.00,10.00,10.00,10.00,10.00,10.00,10.00,10.00,10.00,294.74,0.00,0.00,1.00,0.00,0.00,0.00,-1.00,0,None,0,aggregation
160,249.54,remora3,remora0,30.00,30.02,30.02,30.02,30.02,30.02,30.02,30.02,30.02,30.02,30.00,29.98,29.98,29.98,29.98,29.98,29.98,29.98,29.98,29.98,10.00,10.00,10.00,10.00,10.00,10.00,10.00,10.00,10.00,10.00,10.00,10.00,10.00,10.00,10.00,10.00,10.00,10.00,10.00,10.00,296.53,0.00,0.00,1.00,0.00,0.00,0.00,-1.00,0,None,0,aggregation
160,294.54,remora3,remora0,0.00,0.00,0.00,0.00,0.00,0.00,0.00,0.00,0.00,0.00,0.00,0.00,0.00,0.00,0.00,0.00,0.00,0.00,0.00,0.00,1.63,1.63,1.63,1.63,1.63,1.63,1.63,1.63,1.63,1.63,4.29,4.28,4.27,4.27,4.26,4.25,4.24,4.23,4.23,4.22,0.00,0.00,1.00,0.00,0.00,0.00,0.00,-1.00,0,None,0,aggregation
160,295.54,remora3,remora0,0.00,0.00,0.00,0.00,0.00,0.00,0.00,0.00,0.00,0.00,0.00,0.00,0.00,0.00,0.00,0.00,0.00,0.00,0.00,0.00,1.63,1.63,1.63,1.63,1.63,1.63,1.63,1.63,1.63,1.63,4.21,4.21,4.20,4.19,4.19,4.18,4.18,4.17,4.16,4.16,0.00,0.00,1.00,0.00,0.00,0.00,0.00,-1.00,0,None,0,aggregation
160,296.54,remora3,remora0,0.00,0.00,0.00,0.00,0.00,0.00,0.00,0.00,0.00,0.00,0.00,0.00,0.00,0.00,0.00,0.00,0.00,0.00,0.00,0.00,1.63,1.63,1.63,1.63,1.63,1.63,1.63,1.63,1.63,1.63,4.15,4.15,4.14,4.13,4.12,4.12,4.11,4.10,4.09,4.09,0.00,0.00,1.00,0.00,0.00,0.00,0.00,-1.00,0,None,0,aggregation
160,297.54,remora3,remora0,0.00,0.00,0.00,0.00,0.00,0.00,0.00,0.00,0.00,0.00,0.00,0.00,0.00,0.00,0.00,0.00,0.00,0.00,0.00,0.00,1.63,1.63,1.63,1.63,1.63,1.63,1.63,1.63,1.63,1.63,4.08,4.07,4.06,4.06,4.05,4.04,4.03,4.02,4.02,4.01,0.00,0.00,1.00,0.00,0.00,0.00,0.00,-1.00,0,None,0,aggregation
160,298.54,remora3,remora0,0.00,0.00,0.00,0.00,0.00,0.00,0.00,0.00,0.00,0.00,0.00,0.00,0.00,0.00,0.00,0.00,0.00,0.00,0.00,0.00,1.63,1.63,1.63,1.63,1.63,1.63,1.63,1.63,1.63,1.63,4.00,3.99,3.98,3.98,3.97,3.96,3.95,3.94,3.94,3.93,0.00,0.00,1.00,0.00,0.00,0.00,0.00,-1.00,0,None,0,aggregation
160,299.54,remora3,remora0,0.00,0.00,0.00,0.00,0.00,0.00,0.00,0.00,0.00,0.00,0.00,0.00,0.00,0.00,0.00,0.00,0.00,0.00,0.00,0.00,1.63,1.63,1.63,1.63,1.63,1.63,1.63,1.63,1.63,1.63,3.92,3.92,3.91,3.90,3.89,3.89,3.88,3.87,3.87,3.86,0.00,0.00,1.00,0.00,0.00,0.00,0.00,-1.00,0,None,0,aggregation
160,300.54,remora3,remora0,0.00,0.00,0.00,0.00,0.00,0.00,0.00,0.00,0.00,0.00,0.00,0.00,0.00,0.00,0.00,0.00,0.00,0.00,0.00,0.00,1.63,1.63,1.63,1.63,1.63,1.63,1.63,1.63,1.63,1.63,3.86,3.85,3.84,3.84,3.83,3.83,3.82,3.82,3.81,3.81,0.00,0.00,1.00,0.00,0.00,0.00,0.00,-1.00,0,None,0,aggregation
160,301.54,remora3,remora0,0.00,0.00,0.00,0.00,0.00,0.00,0.00,0.00,0.00,0.00,0.00,0.00,0.00,0.00,0.00,0.00,0.00,0.00,0.00,0.00,1.63,1.63,1.63,1.63,1.63,1.63,1.63,1.63,1.63,1.63,3.80,3.80,3.79,3.79,3.79,3.78,3.78,3.78,3.77,3.77,0.00,0.00,1.00,0.00,0.00,0.00,0.00,-1.00,0,None,0,aggregation
160,302.54,remora3,remora0,0.00,0.00,0.00,0.00,0.00,0.00,0.00,0.00,0.00,0.00,0.00,0.00,0.00,0.00,0.00,0.00,0.00,0.00,0.00,0.00,1.63,1.63,1.63,1.63,1.63,1.63,1.63,1.63,1.63,1.63,3.77,3.77,3.77,3.76,3.76,3.76,3.76,3.76,3.76,3.76,0.00,0.00,1.00,0.00,0.00,0.00,0.00,-1.00,0,None,0,aggregation
160,303.54,remora3,remora0,0.00,0.00,0.00,15.72,15.72,16.58,16.58,17.56,17.56,18.74,0.00,0.00,0.00,21.70,21.70,22.34,22.34,23.07,23.07,23.93,1.63,1.63,1.63,1.64,1.65,1.66,1.68,1.69,1.70,1.72,3.76,3.76,3.76,3.76,3.78,3.79,3.81,3.82,3.84,3.86,13.83,0.00,1.00,0.00,0.00,0.00,0.00,-1.00,0,None,0,aggregation
160,304.54,remora3,remora0,19.48,19.48,19.48,20.53,20.53,21.36,21.36,22.00,22.00,22.62,24.47,24.47,24.47,25.22,25.22,25.80,25.80,26.24,26.24,26.66,1.73,1.75,1.77,1.79,1.80,1.82,1.84,1.86,1.88,1.90,3.87,3.89,3.91,3.93,3.95,3.98,4.00,4.02,4.04,4.07,37.00,0.00,1.00,0.00,0.00,0.00,0.00,-1.00,0,None,0,aggregation
160,305.54,remora3,remora0,22.62,23.26,23.26,23.64,23.64,24.13,24.13,24.45,24.45,24.59,26.66,27.09,27.09,27.34,27.34,27.66,27.66,27.86,27.86,27.95,1.92,1.94,1.97,1.99,2.01,2.03,2.06,2.08,2.11,2.13,4.09,4.12,4.14,4.17,4.20,4.22,4.25,4.28,4.31,4.33,62.63,0.00,1.00,1.00,0.00,0.00,0.00,-1.00,0,None,0,aggregation
160,306.54,remora3,remora0,24.59,24.87,24.97,24.97,24.97,25.04,25.04,25.26,2.40,2.40,27.95,28.12,28.18,28.18,28.18,28.23,28.23,28.36,-13.30,-13.30,2.16,2.18,2.21,2.23,2.26,2.28,2.31,2.33,2.36,2.36,4.36,4.39,4.42,4.45,4.48,4.51,4.54,4.57,4.60,4.61,84.98,0.00,1.00,1.00,0.00,0.00,0.00,-1.00,0,None,0,aggregation
160,307.54,remora3,remora0,2.40,2.93,2.93,3.82,3.82,4.77,5.75,5.75,5.75,14.95,-13.30,-12.77,-12.77,-11.87,-11.87,-10.92,-9.95,-9.95,-9.95,21.12,2.36,2.35,2.35,2.34,2.34,2.34,2.33,2.33,2.33,2.33,4.61,4.61,4.62,4.62,4.62,4.62,4.62,4.63,4.63,4.64,90.05,0.00,1.00,1.00,1.00,1.00,0.00,-1.00,0,None,0,aggregation
160,308.54,remora3,remora0,14.95,13.89,13.89,14.66,14.66,15.70,15.70,6.00,6.00,15.15,21.12,20.31,20.31,20.90,20.90,21.69,21.69,-9.69,-9.69,21.27,2.34,2.36,2.37,2.38,2.40,2.41,2.43,2.43,2.43,2.44,4.66,4.68,4.70,4.72,4.74,4.76,4.78,4.79,4.79,4.81,104.76,0.00,1.00,1.00,1.00,1.00,0.00,-1.00,0,None,0,aggregation
160,309.54,remora3,remora0,15.15,14.76,14.76,6.23,6.23,14.00,14.00,13.07,13.07,13.93,21.27,20.97,20.97,-9.47,-9.47,20.40,20.40,19.69,19.69,20.35,2.45,2.47,2.48,2.49,2.49,2.49,2.51,2.52,2.53,2.55,4.83,4.85,4.87,4.88,4.89,4.90,4.92,4.94,4.96,4.98,118.91,0.00,1.00,1.00,1.00,1.00,0.00,-1.00,0,None,0,aggregation
160,310.54,remora3,remora0,13.93,6.01,13.56,13.56,13.56,13.33,6.06,6.06,6.06,6.53,20.35,-9.69,20.06,20.06,20.06,19.89,-9.64,-9.64,-9.64,-9.17,2.56,2.57,2.57,2.57,2.59,2.60,2.62,2.62,2.62,2.62,5.00,5.01,5.02,5.03,5.05,5.07,5.09,5.10,5.10,5.11,128.18,0.00,1.00,1.00,1.00,1.00,0.00,-1.00,0,None,0,aggregation
160,311.54,remora3,remora0,9.28,9.28,8.97,8.97,8.97,10.19,11.15,11.15,11.66,11.66,16.76,16.76,16.51,16.51,16.51,17.47,18.21,18.21,18.60,18.60,2.62,2.62,2.63,2.64,2.65,2.66,2.67,2.69,2.70,2.71,5.12,5.13,5.14,5.16,5.18,5.19,5.21,5.23,5.25,5.26,141.95,0.00,1.00,1.00,1.00,1.00,0.00,-1.00,0,None,0,aggregation
160,312.54,remora3,remora0,11.66,12.43,12.43,13.51,13.51,4.92,4.92,5.24,5.24,9.36,18.60,19.19,19.19,20.02,20.02,-10.77,-10.77,-10.45,-10.45,16.82,2.72,2.74,2.75,2.77,2.78,2.79,2.79,2.78,2.78,2.78,5.28,5.30,5.32,5.34,5.36,5.38,5.38,5.39,5.39,5.40,152.39,0.00,1.00,1.00,1.00,1.00,0.00,-1.00,0,None,0,aggregation
160,313.54,remora3,remora0,9.36,8.61,8.61,8.92,8.92,9.79,5.03,5.03,5.03,9.15,16.82,16.23,16.23,16.47,16.47,17.16,-10.67,-10.67,-10.67,16.66,2.79,2.81,2.82,2.83,2.84,2.85,2.86,2.87,2.86,2.87,5.42,5.43,5.45,5.47,5.48,5.50,5.52,5.53,5.53,5.55,148.38,0.00,1.00,1.00,1.00,1.00,0.00,-1.00,0,None,0,aggregation
160,314.54,remora3,remora0,9.15,8.26,8.26,5.14,5.14,5.36,5.36,4.38,4.38,4.06,16.66,15.96,15.96,-10.56,-10.56,-10.34,-10.34,12.90,12.90,12.64,2.88,2.89,2.90,2.91,2.91,2.90,2.90,2.90,2.91,2.92,5.56,5.58,5.60,5.61,5.62,5.62,5.63,5.64,5.65,5.66,132.52,0.00,1.00,1.00,1.00,1.00,0.00,-1.00,0,None,0,aggregation
160,315.54,remora3,remora0,4.06,5.05,5.91,5.91,4.94,4.94,4.94,5.22,5.22,4.60,12.64,13.43,14.11,14.11,-10.76,-10.76,-10.76,13.56,13.56,13.07,2.92,2.93,2.94,2.95,2.96,2.96,2.96,2.96,2.97,2.98,5.68,5.69,5.71,4.94,4.94,4.95,4.95,4.96,4.97,4.97,114.29,0.00,1.00,1.00,1.00,1.00,0.00,-1.00,0,None,0,aggregation
160,316.54,remora3,remora0,5.41,5.41,4.50,4.50,4.92,4.92,4.92,1.76,0.64,0.64,13.72,13.72,-11.19,-11.19,-10.78,-10.78,-10.78,10.81,9.93,9.93,2.98,2.99,3.00,3.00,3.00,3.00,2.99,2.99,3.00,3.00,4.98,4.99,4.99,5.00,5.00,5.01,5.01,5.02,5.02,5.03,97.09,0.00,1.00,1.00,1.00,1.00,0.00,-1.00,0,None,0,aggregation
160,317.54,remora3,remora0,0.64,2.33,2.33,3.55,4.97,4.97,4.97,3.94,3.94,4.13,9.93,11.27,11.27,12.24,13.37,13.37,13.37,-11.75,-11.75,-11.57,3.01,3.01,3.02,3.03,3.03,3.04,3.05,3.06,3.05,3.05,5.04,5.04,5.05,5.06,5.07,5.07,5.08,5.09,5.09,5.10,98.60,0.00,0.00,1.00,0.00,0.00,0.00,-1.00,0,None,0,aggregation
160,318.54,remora3,remora0,4.13,1.62,0.43,0.43,0.43,2.00,2.00,2.68,2.68,3.58,-11.57,10.70,9.76,9.76,9.76,11.01,11.01,11.55,11.55,12.26,3.04,3.04,3.05,3.05,3.06,3.06,3.07,3.07,3.08,3.09,5.10,5.11,5.11,5.12,5.13,5.14,5.14,5.15,5.16,5.17,89.92,0.00,0.00,1.00,1.00,0.00,1.00,-1.00,0,None,0,aggregation
160,319.54,remora3,remora0,3.36,3.36,3.36,3.81,3.81,0.35,0.35,-0.08,-0.08,1.31,-12.34,-12.34,-12.34,-11.89,-11.89,9.69,9.69,9.35,9.35,10.46,3.10,3.09,3.09,3.09,3.08,3.08,3.09,3.09,3.09,3.10,5.17,5.18,5.18,5.19,5.19,5.20,5.21,5.21,5.22,5.23,80.45,0.00,0.00,1.00,1.00,0.00,1.00,-1.00,0,None,0,aggregation
160,320.54,remora3,remora0,1.31,2.23,2.23,3.81,3.81,2.82,2.92,2.92,2.92,1.72,10.46,11.20,11.20,12.45,12.45,-12.88,-12.78,-12.78,-12.78,10.79,3.11,3.11,3.12,3.13,3.13,3.14,3.13,3.13,3.12,3.13,5.24,5.25,5.25,5.26,5.27,5.28,5.28,5.29,5.29,5.30,77.34,0.00,0.00,1.00,1.00,0.00,1.00,-1.00,0,None,0,aggregation
160,321.54,remora3,remora0,1.72,0.48,0.48,1.58,1.58,2.84,2.84,2.85,0.25,0.25,10.79,9.80,9.80,10.68,10.68,-12.86,-12.86,-12.84,9.62,9.62,3.13,3.14,3.14,3.14,3.13,3.13,3.13,3.13,3.14,3.14,5.31,5.32,5.33,5.33,5.34,5.35,5.36,5.36,5.37,5.37,68.94,0.00,0.00,1.00,1.00,0.00,1.00,-1.00,0,None,0,aggregation
160,322.54,remora3,remora0,0.25,0.13,1.88,1.88,1.88,2.68,2.83,2.83,2.83,-0.84,9.62,9.52,10.91,10.91,10.91,-13.02,-12.86,-12.86,-12.86,8.75,3.13,3.13,3.12,3.12,3.11,3.11,3.11,3.12,3.12,3.12,5.38,5.39,5.40,5.41,5.42,5.42,3.14,3.14,3.14,3.14,63.81,0.00,0.00,1.00,0.00,0.00,0.00,-1.00,0,None,0,aggregation
160,323.54,remora3,remora0,-0.84,-1.29,-1.29,-0.62,1.81,1.81,1.81,2.67,1.92,1.92,8.75,8.39,8.39,8.92,10.85,10.85,10.85,11.54,-13.78,-13.78,3.12,3.11,3.11,3.11,3.10,3.10,3.09,3.09,3.08,3.08,3.14,3.14,3.14,3.14,3.14,3.14,3.14,3.14,3.14,3.14,59.31,0.00,0.00,1.00,0.00,0.00,0.00,-1.00,0,None,0,aggregation
160,324.54,remora3,remora0,1.92,2.26,2.26,-0.86,-1.55,-1.55,-1.55,-0.69,-0.69,0.69,-13.78,-13.44,-13.44,8.73,8.17,8.17,8.17,8.87,8.87,9.96,3.08,3.09,3.09,3.09,3.09,3.08,3.08,3.08,3.07,3.07,3.14,3.14,3.15,3.15,3.16,3.16,3.17,3.17,3.17,3.18,56.44,0.00,0.00,1.00,0.00,0.00,0.00,-1.00,0,None,0,aggregation
160,325.54,remora3,remora0,0.69,1.60,1.17,1.17,1.17,2.08,2.08,0.68,1.22,1.22,9.96,10.69,-14.53,-14.53,-14.53,11.08,11.08,9.96,-14.48,-14.48,3.06,3.06,3.05,3.05,3.06,3.06,3.05,3.05,3.04,3.04,3.18,3.18,3.18,3.18,3.18,3.18,3.18,3.18,3.18,3.18,55.37,0.00,0.00,1.00,0.00,0.00,0.00,-1.00,0,None,0,aggregation
160,326.54,remora3,remora0,1.22,0.60,0.60,0.87,0.87,1.13,1.20,1.20,-0.57,-0.57,-14.48,9.90,9.90,10.11,10.11,-14.57,-14.49,-14.49,8.96,8.96,3.05,3.05,3.04,3.04,3.03,3.03,3.04,3.04,3.04,3.04,3.18,3.18,3.18,3.18,3.18,3.17,3.17,3.17,3.17,3.17,55.87,0.00,0.00,1.00,0.00,0.00,0.00,-1.00,0,None,0,aggregation
160,327.54,remora3,remora0,-0.57,-0.47,-0.47,0.98,0.98,2.67,2.67,0.62,0.62,0.74,8.96,9.04,9.04,10.20,10.20,11.54,11.54,-15.08,-15.08,-14.95,3.04,3.03,3.03,3.03,3.02,3.02,3.01,3.01,3.01,3.02,3.16,3.16,3.16,3.16,3.16,3.16,3.16,3.16,3.16,3.16,55.26,0.00,0.00,1.00,0.00,0.00,0.00,-1.00,0,None,0,aggregation
160,328.54,remora3,remora0,0.74,-0.03,-0.03,-0.45,-0.45,0.08,1.53,1.53,1.53,0.24,-14.95,9.39,9.39,9.05,9.05,9.48,10.64,10.64,10.64,-15.45,3.02,3.02,3.02,3.01,3.01,3.00,3.00,3.00,2.99,2.99,3.16,3.16,3.16,3.17,3.17,3.17,3.17,3.18,3.18,3.18,54.80,0.00,0.00,1.00,0.00,0.00,0.00,-1.00,0,None,0,aggregation
160,329.54,remora3,remora0,0.24,0.11,0.11,-1.40,0.10,0.10,0.10,-2.50,-2.50,-4.89,-15.45,9.50,9.50,8.30,-15.59,-15.59,-15.59,7.42,7.42,5.51,2.99,2.99,2.99,2.99,2.98,2.99,2.99,2.99,2.99,2.99,3.19,3.19,3.20,3.20,3.21,3.21,3.22,3.22,3.23,3.24,55.04,0.00,1.00,1.00,1.00,1.00,0.00,-1.00,0,None,0,aggregation
160,330.54,remora3,remora0,-4.89,-4.71,-4.71,-3.31,-2.81,-2.81,-3.02,-3.02,-3.02,-2.57,5.51,5.65,5.65,6.77,7.17,7.17,7.00,7.00,7.00,7.36,2.98,2.98,2.98,2.98,2.98,2.98,2.98,2.98,2.97,2.97,3.24,3.25,3.26,3.27,3.27,3.28,3.29,3.30,3.31,3.32,50.44,0.00,1.00,1.00,0.00,0.00,0.00,-1.00,0,None,0,aggregation
160,331.54,remora3,remora0,-2.57,-1.60,-3.41,-3.41,-3.41,-5.00,-5.00,-4.15,-4.15,-2.67,7.36,-17.29,6.69,6.69,6.69,5.42,5.42,6.10,6.10,7.28,2.97,2.97,2.97,2.97,2.97,2.97,2.97,2.97,2.97,2.97,3.33,3.34,3.35,3.36,3.37,3.38,3.39,3.40,3.41,3.42,47.22,0.00,1.00,1.00,0.00,0.00,0.00,-1.00,0,None,0,aggregation
160,332.54,remora3,remora0,-2.66,-2.66,-2.66,-2.12,-2.12,-2.95,-2.95,-4.42,-2.54,-2.54,7.29,7.29,7.29,-17.82,-17.82,7.06,7.06,5.88,7.39,7.39,2.97,2.97,2.97,2.97,2.97,2.97,2.97,2.97,2.96,2.96,3.43,3.44,3.46,3.47,3.48,3.49,3.50,3.51,3.53,3.54,45.56,0.00,1.00,1.00,0.00,0.00,0.00,-1.00,0,None,0,aggregation
160,333.54,remora3,remora0,-0.71,-0.71,-0.71,1.26,1.26,-17.74,-17.74,-17.58,7.17,7.17,8.85,8.85,8.85,10.42,10.42,-2.05,-2.05,-1.89,15.10,15.10,2.96,2.96,2.96,2.96,2.96,2.96,2.96,2.96,2.95,2.96,3.55,3.56,3.58,3.59,3.60,3.61,3.63,3.64,3.65,3.66,47.81,0.00,1.00,1.00,0.00,0.00,0.00,-1.00,0,None,0,aggregation
160,334.54,remora3,remora0,9.18,9.18,-16.84,-16.84,-16.84,-16.44,16.29,16.29,16.29,-15.48,16.68,16.68,-1.14,-1.14,-1.14,-0.74,22.12,22.12,22.12,0.22,2.96,2.97,2.97,2.97,2.97,2.96,2.96,2.96,2.98,2.98,3.68,3.69,3.70,3.72,3.73,3.74,3.75,3.77,3.78,3.79,56.03,0.00,1.00,1.00,0.00,0.00,0.00,-1.00,0,None,0,aggregation
160,335.54,remora3,remora0,-14.98,-14.98,-14.98,-14.22,-14.22,25.33,25.33,-12.91,-12.91,-12.41,0.72,0.72,0.72,1.48,1.48,28.40,28.40,2.79,2.79,3.29,2.98,2.97,2.97,2.96,2.96,2.97,2.99,3.00,3.00,3.00,3.81,3.82,3.83,3.84,3.86,3.87,3.88,3.90,3.91,3.92,59.96,0.00,1.00,1.00,0.00,0.00,0.00,-1.00,0,None,0,aggregation
160,131.54,remora3,remora1,28.12,28.12,28.23,28.23,28.36,28.36,28.15,28.15,28.01,27.78,24.87,24.87,25.05,25.05,25.25,25.25,24.91,24.91,24.69,24.32,2.68,2.70,2.73,2.76,2.78,2.81,2.84,2.86,2.89,2.92,5.56,5.55,5.54,5.53,5.52,5.51,5.50,5.48,5.47,5.46,148.59,0.00,1.00,1.00,0.00,0.00,0.00,-1.00,0,None,1,aggregation
160,132.54,remora3,remora1,27.78,27.78,27.74,27.74,27.28,27.28,27.27,27.27,27.12,27.12,24.32,24.32,24.27,24.27,23.55,23.55,23.53,23.53,23.31,23.31,2.94,2.97,2.99,3.02,3.05,3.07,3.10,3.12,3.15,3.17,5.45,5.44,5.43,5.42,5.41,5.40,5.39,5.38,5.37,5.36,174.20,0.00,0.00,1.00,0.00,0.00,0.00,-1.00,0,None,1,aggregation
160,133.54,remora3,remora1,26.78,26.78,26.63,26.63,26.61,26.61,26.34,26.34,26.14,26.14,22.79,22.79,22.57,22.57,22.55,22.55,22.14,22.14,21.85,21.85,3.20,3.22,3.25,3.27,3.30,3.32,3.34,3.37,3.39,3.42,5.35,5.34,5.33,5.63,5.62,5.61,5.60,5.60,5.59,5.58,198.64,0.00,0.00,1.00,0.00,0.00,0.00,-1.00,0,None,1,aggregation
160,134.54,remora3,remora1,26.24,26.24,26.20,26.20,26.27,26.27,26.42,26.42,26.47,26.47,21.99,21.99,21.94,21.94,22.04,22.04,22.26,22.26,22.33,22.33,3.44,3.46,3.49,3.51,3.53,3.56,3.58,3.60,3.63,3.65,5.35,5.34,5.33,5.32,5.32,5.31,5.30,5.29,5.28,5.28,222.86,0.00,0.00,1.00,0.00,0.00,0.00,-1.00,0,None,1,aggregation
160,135.54,remora3,remora1,26.48,26.48,26.57,26.57,26.46,26.46,26.52,26.52,26.39,26.39,22.35,22.35,22.48,22.48,22.32,22.32,22.41,22.41,22.21,22.21,3.67,3.70,3.72,3.74,3.77,3.79,3.81,3.83,3.86,3.88,5.27,5.26,5.25,5.24,5.23,5.23,5.22,5.21,5.20,5.19,247.28,0.00,0.00,1.00,0.00,0.00,0.00,-1.00,0,None,1,aggregation
160,136.54,remora3,remora1,26.36,26.36,26.45,26.45,26.22,26.22,26.32,26.00,26.00,26.00,22.17,22.17,22.30,22.30,21.97,21.97,22.11,21.64,21.64,21.64,3.90,3.92,3.95,3.97,3.99,4.01,4.03,4.05,4.07,4.09,5.18,5.18,5.17,5.16,5.15,5.14,5.13,5.12,5.12,5.11,255.69,0.00,0.00,1.00,0.00,0.00,0.00,-1.00,0,None,1,aggregation
160,137.54,remora3,remora1,25.96,25.96,25.77,25.77,26.04,26.04,25.29,25.29,25.36,25.36,21.59,21.59,21.32,21.32,21.71,21.71,20.63,20.63,20.74,20.74,4.11,4.14,4.16,4.18,4.20,4.21,4.23,4.25,4.27,4.29,5.10,5.10,5.10,5.09,5.09,5.09,5.09,5.09,5.08,5.08,254.98,0.00,0.00,1.00,0.00,0.00,0.00,-1.00,0,None,1,aggregation
160,138.54,remora3,remora1,24.97,24.97,24.68,24.68,24.33,23.71,23.71,23.71,23.36,23.36,20.18,20.18,19.77,19.77,19.29,18.43,18.43,18.43,17.96,17.96,4.31,4.33,4.34,4.36,4.38,4.40,4.41,4.40,4.38,4.37,5.08,5.08,5.08,5.08,5.07,5.07,5.07,5.07,5.07,5.07,249.64,0.00,0.00,1.00,0.00,0.00,0.00,-1.00,0,None,1,aggregation
160,139.54,remora3,remora1,23.37,23.37,23.11,23.26,23.26,23.26,22.96,22.96,22.71,22.71,17.96,17.96,17.62,17.82,17.82,17.82,17.41,17.41,17.07,17.07,4.35,4.34,4.32,4.31,4.29,4.28,4.27,4.25,4.24,4.23,5.06,5.06,5.06,5.06,5.06,5.06,4.94,4.92,4.91,4.90,242.04,0.00,0.00,1.00,0.00,0.00,0.00,-1.00,0,None,1,aggregation
160,140.54,remora3,remora1,22.74,22.74,22.36,22.36,22.67,22.67,22.56,22.56,22.86,22.86,17.11,17.11,16.60,16.60,17.02,17.02,16.87,16.87,17.27,17.27,4.22,4.21,4.20,4.19,4.18,4.17,4.16,4.15,4.14,4.13,4.88,4.87,4.86,4.85,4.84,4.82,4.81,4.80,4.79,4.78,234.53,0.00,0.00,1.00,0.00,0.00,0.00,-1.00,0,None,1,aggregation
160,141.54,remora3,remora1,23.66,23.66,24.21,24.21,24.94,24.94,25.42,25.42,26.17,26.67,18.37,18.37,19.11,19.11,20.14,20.14,20.82,20.82,21.90,22.64,4.13,4.12,4.11,4.11,4.10,4.09,4.09,4.08,4.08,4.08,4.77,4.77,4.76,4.75,4.74,4.73,4.72,4.72,4.71,4.70,230.53,0.00,0.00,1.00,0.00,0.00,0.00,-1.00,0,None,1,aggregation
160,142.54,remora3,remora1,26.67,26.67,27.19,27.19,27.70,27.70,27.81,27.81,28.24,28.24,22.64,22.64,23.40,23.40,24.19,24.19,24.37,24.37,25.06,25.06,4.07,4.07,4.07,4.07,4.06,4.06,4.06,4.06,4.06,4.07,4.70,4.69,4.69,4.68,4.68,4.68,4.67,4.67,4.67,4.67,230.64,0.00,0.00,1.00,0.00,0.00,0.00,-1.00,0,None,1,aggregation
160,143.54,remora3,remora1,29.08,29.08,29.22,29.22,29.34,29.34,29.74,29.74,30.03,30.03,26.50,26.50,26.77,26.77,26.99,26.99,27.84,27.84,28.60,28.60,4.07,4.07,4.07,4.08,4.08,4.09,4.10,4.11,4.12,4.13,4.66,4.66,4.66,4.66,4.67,4.67,4.67,4.68,4.68,4.68,234.61,0.00,0.00,1.00,0.00,0.00,0.00,-1.00,0,None,1,aggregation
160,144.54,remora3,remora1,30.17,30.17,30.17,30.17,30.11,30.11,29.93,29.93,29.66,29.66,29.20,29.20,29.65,29.65,29.85,29.85,30.06,30.06,30.17,30.17,4.14,4.15,4.16,4.18,4.19,4.21,4.23,4.24,5.25,5.26,4.69,4.70,4.70,4.71,4.72,4.73,4.74,4.75,5.25,5.26,240.29,0.00,0.00,1.00,0.00,0.00,0.00,-1.00,0,None,1,aggregation
160,145.54,remora3,remora1,29.53,29.53,29.12,29.12,28.98,28.98,28.50,28.50,28.41,28.41,30.18,30.18,30.16,30.16,30.13,30.13,29.99,29.99,29.96,29.96,5.26,5.26,5.27,5.27,5.27,5.28,5.28,5.29,5.29,5.30,5.26,5.26,5.27,5.27,5.27,5.28,5.28,5.29,5.29,5.30,245.37,0.00,0.00,1.00,0.00,0.00,0.00,-1.00,0,None,1,aggregation
160,146.54,remora3,remora1,28.11,28.11,28.07,28.07,28.06,28.06,28.01,28.01,27.75,27.75,29.85,29.85,29.83,29.83,29.83,29.83,29.81,29.81,29.70,29.70,5.31,5.33,5.35,5.37,5.39,5.41,5.43,5.46,5.48,5.50,5.31,5.33,5.35,5.37,5.39,5.41,5.43,5.46,5.48,5.50,250.15,0.00,0.00,1.00,0.00,0.00,0.00,-1.00,0,None,1,aggregation
160,147.54,remora3,remora1,27.71,27.71,27.48,27.48,27.68,27.68,27.16,27.16,26.90,26.90,29.68,29.68,29.58,29.58,29.67,29.67,29.42,29.42,29.29,29.29,5.52,5.55,5.57,5.59,5.62,5.64,5.66,5.69,5.71,5.73,5.52,5.55,5.57,5.59,5.62,5.64,5.66,5.69,5.71,5.73,255.17,0.00,0.00,1.00,0.00,0.00,0.00,-1.00,0,None,1,aggregation
160,148.54,remora3,remora1,27.02,27.02,26.30,26.30,26.30,26.30,25.88,25.88,26.01,26.01,29.35,29.35,28.97,28.97,28.96,28.96,28.72,28.72,28.80,28.80,5.76,5.78,5.80,5.82,5.84,5.86,5.89,5.90,5.92,5.94,5.76,5.78,5.80,5.82,5.84,5.86,5.89,5.90,5.92,5.94,261.21,0.00,0.00,1.00,0.00,0.00,0.00,-1.00,0,None,1,aggregation
160,149.54,remora3,remora1,25.10,25.10,25.79,25.79,26.23,26.23,26.43,26.43,26.84,26.84,28.26,28.26,28.68,28.68,28.92,28.92,29.04,29.04,29.25,29.25,5.96,5.98,5.99,6.01,6.02,10.00,10.00,10.00,10.00,10.00,5.96,5.98,5.99,6.01,6.02,10.00,10.00,10.00,10.00,10.00,268.31,0.00,0.00,1.00,0.00,0.00,0.00,-1.00,0,None,1,aggregation
160,150.54,remora3,remora1,27.12,27.12,27.31,27.31,27.49,27.49,27.74,27.74,0.00,0.00,29.40,29.40,29.49,29.49,29.58,29.58,29.70,29.70,0.00,0.00,10.00,10.00,10.00,10.00,10.00,10.00,10.00,10.00,10.00,10.00,10.00,10.00,10.00,10.00,10.00,10.00,10.00,10.00,10.00,10.00,271.29,0.00,0.00,1.00,0.00,0.00,0.00,-1.00,0,None,1,aggregation
160,151.54,remora3,remora1,30.00,30.00,30.00,30.00,30.00,30.00,30.00,30.00,30.00,30.00,30.00,30.00,30.00,30.00,30.00,30.00,30.00,30.00,30.00,30.00,10.00,10.00,10.00,10.00,10.00,10.00,10.00,10.00,10.00,10.00,10.00,10.00,10.00,10.00,10.00,10.00,10.00,10.00,10.00,10.00,278.75,0.00,0.00,1.00,0.00,0.00,0.00,-1.00,0,None,1,aggregation
160,152.54,remora3,remora1,30.00,30.00,30.00,30.00,30.00,30.00,30.00,30.00,30.00,30.00,30.00,30.00,30.00,30.00,30.00,30.00,30.00,30.00,30.00,30.00,10.00,10.00,10.00,10.00,10.00,10.00,10.00,10.00,10.00,10.00,10.00,10.00,10.00,10.00,10.00,10.00,10.00,10.00,10.00,10.00,283.03,0.00,0.00,1.00,0.00,0.00,0.00,-1.00,0,None,1,aggregation
160,153.54,remora3,remora1,30.00,30.00,30.00,30.00,30.00,30.00,30.00,30.00,30.00,30.00,30.00,30.00,30.00,30.00,30.00,30.00,30.00,30.00,30.00,30.00,10.00,10.00,10.00,10.00,10.00,10.00,10.00,10.00,10.00,10.00,10.00,10.00,10.00,10.00,10.00,10.00,10.00,10.00,10.00,10.00,284.62,0.00,0.00,1.00,0.00,0.00,0.00,-1.00,0,None,1,aggregation
160,154.54,remora3,remora1,30.00,30.00,30.00,30.00,30.00,30.00,30.00,30.00,30.00,30.00,30.00,30.00,30.00,30.00,30.00,30.00,30.00,30.00,30.00,30.00,10.00,10.00,10.00,10.00,10.00,10.00,10.00,10.00,10.00,10.00,10.00,10.00,10.00,10.00,10.00,10.00,10.00,10.00,10.00,10.00,284.72,0.00,0.00,1.00,0.00,0.00,0.00,-1.00,0,None,1,aggregation
160,155.54,remora3,remora1,30.00,30.00,30.00,30.00,30.00,30.00,30.00,30.00,30.00,30.00,30.00,30.00,30.00,30.00,30.00,30.00,30.00,30.00,30.00,30.00,10.00,10.00,10.00,10.00,10.00,10.00,10.00,10.00,10.00,10.00,10.00,10.00,10.00,10.00,10.00,10.00,10.00,10.00,10.00,10.00,285.22,0.00,0.00,1.00,0.00,0.00,0.00,-1.00,0,None,1,aggregation
160,156.54,remora3,remora1,30.00,30.00,30.00,30.00,30.00,30.00,30.00,30.00,30.00,30.00,30.00,30.00,30.00,30.00,30.00,30.00,30.00,30.00,30.00,30.00,10.00,10.00,10.00,10.00,10.00,10.00,10.00,10.00,10.00,10.00,10.00,10.00,10.00,10.00,10.00,10.00,10.00,10.00,10.00,10.00,286.32,0.00,0.00,1.00,0.00,0.00,0.00,-1.00,0,None,1,aggregation
160,157.54,remora3,remora1,30.00,30.00,30.00,30.00,30.00,30.00,30.00,30.00,30.00,30.00,30.00,30.00,30.00,30.00,30.00,30.00,30.00,30.00,30.00,30.00,10.00,10.00,10.00,10.00,10.00,10.00,10.00,10.00,10.00,10.00,10.00,10.00,10.00,10.00,10.00,10.00,10.00,10.00,10.00,10.00,287.87,0.00,0.00,1.00,0.00,0.00,0.00,-1.00,0,None,1,aggregation
160,158.54,remora3,remora1,30.00,30.00,30.00,30.00,30.00,30.00,30.00,30.00,30.00,30.00,30.00,30.00,30.00,30.00,30.00,30.00,30.00,30.00,30.00,30.00,10.00,10.00,10.00,10.00,10.00,10.00,10.00,10.00,10.00,10.00,10.00,10.00,10.00,10.00,10.00,10.00,10.00,10.00,10.00,10.00,290.24,0.00,0.00,1.00,0.00,0.00,0.00,-1.00,0,None,1,aggregation
160,159.54,remora3,remora1,30.00,30.00,30.00,30.00,30.00,30.00,30.00,30.00,30.00,30.00,30.00,30.00,30.00,30.00,30.00,30.00,30.00,30.00,30.00,30.00,10.00,10.00,10.00,10.00,10.00,10.00,10.00,10.00,10.00,10.00,10.00,10.00,10.00,10.00,10.00,10.00,10.00,10.00,10.00,10.00,292.78,0.00,0.00,1.00,0.00,0.00,0.00,-1.00,0,None,1,aggregation
160,160.54,remora3,remora1,30.00,30.00,30.00,30.00,30.00,30.00,30.00,30.00,30.00,30.00,30.00,30.00,30.00,30.00,30.00,30.00,30.00,30.00,30.00,30.00,10.00,10.00,10.00,10.00,10.00,10.00,10.00,10.00,10.00,10.00,10.00,10.00,10.00,10.00,10.00,10.00,10.00,10.00,10.00,10.00,300.00,0.00,0.00,1.00,0.00,0.00,0.00,-1.00,0,None,1,aggregation
160,161.54,remora3,remora1,30.00,30.00,30.00,30.00,30.00,30.00,30.00,30.00,30.00,30.00,30.00,30.00,30.00,30.00,30.00,30.00,30.00,30.00,30.00,30.00,10.00,10.00,10.00,10.00,10.00,10.00,10.00,10.00,10.00,10.00,10.00,10.00,10.00,10.00,10.00,10.00,10.00,10.00,10.00,10.00,300.00,0.00,0.00,1.00,0.00,0.00,0.00,-1.00,0,None,1,aggregation
160,162.54,remora3,remora1,30.00,30.00,30.00,30.00,30.00,30.00,30.00,30.00,30.00,30.00,30.00,30.00,30.00,30.00,30.00,30.00,30.00,30.00,30.00,30.00,10.00,10.00,10.00,10.00,10.00,10.00,10.00,10.00,10.00,10.00,10.00,10.00,10.00,10.00,10.00,10.00,10.00,10.00,10.00,10.00,300.00,0.00,0.00,1.00,0.00,0.00,0.00,-1.00,0,None,1,aggregation
160,163.54,remora3,remora1,30.00,30.00,30.00,30.00,30.00,30.00,30.00,30.00,30.00,30.00,30.00,30.00,30.00,30.00,30.00,30.00,30.00,30.00,30.00,30.00,10.00,10.00,10.00,10.00,10.00,10.00,10.00,10.00,10.00,10.00,10.00,10.00,10.00,10.00,10.00,10.00,10.00,10.00,10.00,10.00,300.00,0.00,0.00,1.00,0.00,0.00,0.00,-1.00,0,None,1,aggregation
160,164.54,remora3,remora1,30.00,30.00,30.00,30.00,30.00,30.00,30.00,30.00,30.00,30.00,30.00,30.00,30.00,30.00,30.00,30.00,30.00,30.00,30.00,30.00,10.00,10.00,10.00,10.00,10.00,10.00,10.00,10.00,10.00,10.00,10.00,10.00,10.00,10.00,10.00,10.00,10.00,10.00,10.00,10.00,300.00,0.00,0.00,1.00,0.00,0.00,0.00,-1.00,0,None,1,aggregation
160,165.54,remora3,remora1,30.00,30.00,30.00,30.00,30.00,30.00,30.00,30.00,30.00,30.00,30.00,30.00,30.00,30.00,30.00,30.00,30.00,30.00,30.00,30.00,10.00,10.00,10.00,10.00,10.00,10.00,10.00,10.00,10.00,10.00,10.00,10.00,10.00,10.00,10.00,10.00,10.00,10.00,10.00,10.00,300.00,0.00,0.00,1.00,0.00,0.00,0.00,-1.00,0,None,1,aggregation
160,166.54,remora3,remora1,30.00,30.00,30.00,30.00,30.00,30.00,30.00,30.00,30.00,30.00,30.00,30.00,30.00,30.00,30.00,30.00,30.00,30.00,30.00,30.00,10.00,10.00,10.00,10.00,10.00,10.00,10.00,10.00,10.00,10.00,10.00,10.00,10.00,10.00,10.00,10.00,10.00,10.00,10.00,10.00,300.00,0.00,0.00,1.00,0.00,0.00,0.00,-1.00,0,None,1,aggregation
160,167.54,remora3,remora1,30.00,30.00,30.00,30.00,30.00,30.00,30.00,30.00,30.00,30.00,30.00,30.00,30.00,30.00,30.00,30.00,30.00,30.00,30.00,30.00,10.00,10.00,10.00,10.00,10.00,10.00,10.00,10.00,10.00,10.00,10.00,10.00,10.00,10.00,10.00,10.00,10.00,10.00,10.00,10.00,300.00,0.00,0.00,1.00,0.00,0.00,0.00,-1.00,0,None,1,aggregation
160,168.54,remora3,remora1,30.00,30.00,30.00,30.00,30.00,30.00,30.00,30.00,30.00,30.00,30.00,30.00,30.00,30.00,30.00,30.00,30.00,30.00,30.00,30.00,6.13,6.13,6.14,6.15,6.15,6.16,6.17,6.17,6.18,6.19,6.13,6.13,6.14,6.15,6.15,6.16,6.17,6.17,6.18,6.19,300.00,0.00,0.00,1.00,0.00,0.00,0.00,-1.00,0,None,1,aggregation
160,169.54,remora3,remora1,30.00,30.00,30.00,30.00,30.00,30.00,30.00,30.00,30.00,30.00,30.00,30.00,30.00,30.00,30.00,30.00,30.00,30.00,30.00,30.00,6.19,6.20,6.21,6.21,6.22,6.23,6.23,6.24,6.25,6.25,6.19,6.20,6.21,6.21,6.22,6.23,6.23,6.24,6.25,6.25,300.00,0.00,0.00,1.00,0.00,0.00,0.00,-1.00,0,None,1,aggregation
160,170.54,remora3,remora1,30.00,30.00,30.00,30.00,30.00,30.00,30.00,30.00,30.00,30.00,30.00,30.00,30.00,30.00,30.00,30.00,30.00,30.00,30.00,30.00,6.26,6.27,6.27,6.28,6.29,6.29,6.30,6.31,6.31,6.32,6.26,6.27,6.27,6.28,6.29,6.29,6.30,6.31,6.31,6.32,300.00,0.00,0.00,1.00,0.00,0.00,0.00,-1.00,0,None,1,aggregation
160,171.54,remora3,remora1,30.00,30.00,30.00,30.00,30.00,30.00,30.00,30.00,30.00,30.00,30.00,30.00,30.00,30.00,30.00,30.00,30.00,30.00,30.00,30.00,6.33,6.33,6.34,6.34,6.35,6.36,6.36,6.37,6.38,6.38,6.33,6.33,6.34,6.34,6.35,6.36,6.36,6.37,6.38,6.38,300.00,0.00,0.00,1.00,0.00,0.00,0.00,-1.00,0,None,1,aggregation
160,172.54,remora3,remora1,30.00,30.00,30.00,30.00,30.00,30.00,30.00,30.00,30.00,30.00,30.00,30.00,30.00,30.00,30.00,30.00,30.00,30.00,30.00,30.00,6.39,6.40,6.40,6.41,6.42,6.42,6.43,6.44,6.44,6.45,6.39,6.40,6.40,6.41,6.42,6.42,6.43,6.44,6.44,6.45,300.00,0.00,0.00,1.00,0.00,0.00,0.00,-1.00,0,None,1,aggregation
160,173.54,remora3,remora1,30.00,30.00,30.00,30.00,30.00,30.00,30.00,30.00,30.00,30.00,30.00,30.00,30.00,30.00,30.00,30.00,30.00,30.00,30.00,30.00,6.46,6.46,6.47,6.48,6.48,6.49,6.50,6.50,6.51,6.52,6.46,6.46,6.47,6.48,6.48,6.49,6.50,6.50,6.51,6.52,300.00,0.00,0.00,1.00,0.00,0.00,0.00,-1.00,0,None,1,aggregation
160,174.54,remora3,remora1,30.00,30.00,30.00,30.00,30.00,30.00,30.00,30.00,30.00,30.00,30.00,30.00,30.00,30.00,30.00,30.00,30.00,30.00,30.00,30.00,6.52,6.53,6.54,6.54,6.55,6.56,6.56,6.57,6.58,6.58,6.52,6.53,6.54,6.54,6.55,6.56,6.56,6.57,6.58,6.58,300.00,0.00,0.00,1.00,0.00,0.00,0.00,-1.00,0,None,1,aggregation
160,175.54,remora3,remora1,30.00,30.00,30.00,30.00,0.00,0.00,29.80,29.80,29.80,29.80,30.00,30.00,30.00,30.00,0.00,0.00,30.13,30.13,30.13,30.13,6.59,6.60,6.60,6.61,6.62,6.62,6.63,6.64,6.64,6.65,6.59,6.60,6.60,6.61,6.62,6.62,6.63,6.64,6.64,6.65,293.99,0.00,0.00,1.00,0.00,0.00,0.00,-1.00,0,None,1,aggregation
160,176.54,remora3,remora1,29.77,29.77,29.77,29.77,29.77,29.77,29.73,29.73,29.69,29.69,30.14,30.14,30.14,30.14,30.14,30.14,30.15,30.15,30.16,30.16,6.65,6.66,6.67,6.67,6.68,6.69,6.69,6.70,6.71,6.71,6.65,6.66,6.67,6.67,6.68,6.69,6.69,6.70,6.71,6.71,293.93,0.00,0.00,1.00,0.00,0.00,0.00,-1.00,0,None,1,aggregation
160,177.54,remora3,remora1,29.69,29.69,29.66,29.66,29.66,29.66,29.62,29.62,29.62,29.62,30.16,30.16,30.17,30.17,30.17,30.17,30.17,30.17,30.17,30.17,6.72,6.73,6.73,6.74,6.74,6.75,6.76,6.76,6.77,6.77,6.72,6.73,6.73,6.74,6.74,6.75,6.76,6.76,6.77,6.77,293.84,0.00,0.00,1.00,0.00,0.00,0.00,-1.00,0,None,1,aggregation
160,178.54,remora3,remora1,29.57,29.57,29.53,29.53,29.53,29.53,29.49,29.49,29.49,29.49,30.18,30.18,30.18,30.18,30.18,30.18,30.18,30.18,30.18,30.18,6.77,6.77,6.76,6.77,6.77,6.77,6.77,6.77,6.77,6.77,6.77,6.77,6.76,6.77,6.77,6.77,6.77,6.77,6.77,6.77,293.69,0.00,0.00,1.00,0.00,0.00,0.00,-1.00,0,None,1,aggregation
160,179.54,remora3,remora1,29.44,29.44,29.44,29.44,29.34,29.34,29.34,29.34,29.29,29.29,30.19,30.19,30.19,30.19,30.18,30.18,30.18,30.18,30.18,30.18,6.78,6.78,6.78,6.80,6.81,6.83,6.84,6.86,6.87,6.89,6.78,7.46,7.46,7.48,7.49,7.50,7.51,7.52,7.53,7.55,293.47,0.00,0.00,1.00,0.00,0.00,0.00,-1.00,0,None,1,aggregation
160,180.54,remora3,remora1,29.29,29.29,29.24,29.24,29.19,29.19,29.14,29.14,29.02,28.96,30.18,30.18,30.17,30.17,30.17,30.17,30.16,30.16,30.14,30.13,6.91,6.92,6.94,6.96,6.97,6.99,7.00,7.02,7.03,7.05,7.56,7.57,7.58,7.59,7.60,7.61,7.62,7.64,7.65,7.66,293.14,0.00,0.00,1.00,0.00,0.00,0.00,-1.00,0,None,1,aggregation
160,181.54,remora3,remora1,28.96,28.96,28.90,28.90,28.84,28.84,28.78,28.78,0.00,0.00,30.13,30.13,30.11,30.11,30.10,30.10,30.08,30.08,0.00,0.00,7.06,7.07,7.08,7.09,7.10,7.11,7.12,7.13,7.13,7.14,7.66,7.67,7.68,7.69,7.70,7.70,7.71,7.72,7.72,7.71,286.73,0.00,0.00,1.00,0.00,0.00,0.00,-1.00,0,None,1,aggregation
160,182.54,remora3,remora1,0.00,0.00,0.00,0.00,0.00,0.00,0.00,0.00,0.00,0.00,0.00,0.00,0.00,0.00,0.00,0.00,0.00,0.00,0.00,0.00,7.14,7.14,7.14,7.13,7.13,7.13,7.12,7.12,7.11,7.10,7.71,7.70,7.69,7.69,7.68,7.67,7.66,7.65,7.64,7.63,256.73,0.00,0.00,1.00,0.00,0.00,0.00,-1.00,0,None,1,aggregation
160,183.54,remora3,remora1,0.00,0.00,0.00,0.00,0.00,0.00,0.00,0.00,0.00,0.00,0.00,0.00,0.00,0.00,0.00,0.00,0.00,0.00,0.00,0.00,7.10,7.09,7.08,7.07,7.06,7.05,7.04,7.02,7.01,7.00,7.62,7.61,7.60,7.59,7.58,7.57,7.56,7.55,7.53,7.52,226.73,0.00,0.00,1.00,0.00,0.00,0.00,-1.00,0,None,1,aggregation
160,184.54,remora3,remora1,0.00,0.00,0.00,0.00,0.00,0.00,0.00,0.00,0.00,0.00,0.00,0.00,0.00,0.00,0.00,0.00,0.00,0.00,0.00,0.00,6.99,6.98,6.96,6.95,6.94,6.92,6.91,6.90,6.88,6.87,7.51,7.50,7.48,7.47,7.46,7.45,7.43,7.42,7.41,7.40,196.73,0.00,0.00,1.00,0.00,0.00,0.00,-1.00,0,None,1,aggregation
160,185.54,remora3,remora1,0.00,0.00,0.00,0.00,0.00,0.00,0.00,0.00,0.00,0.00,0.00,0.00,0.00,0.00,0.00,0.00,0.00,0.00,0.00,0.00,6.86,6.85,6.83,6.82,6.81,6.80,6.79,6.77,6.76,6.75,7.38,7.37,7.36,7.35,7.34,7.32,7.31,7.30,7.29,7.28,172.74,0.00,0.00,1.00,0.00,0.00,0.00,-1.00,0,None,1,aggregation
160,186.54,remora3,remora1,0.00,0.00,0.00,0.00,0.00,0.00,0.00,0.00,0.00,0.00,0.00,0.00,0.00,0.00,0.00,0.00,0.00,0.00,0.00,0.00,6.74,6.73,6.72,6.71,6.70,6.69,6.68,6.68,6.67,6.66,7.27,7.26,7.24,7.23,7.22,7.21,7.20,7.19,7.18,7.17,142.79,0.00,0.00,1.00,0.00,0.00,0.00,-1.00,0,None,1,aggregation
160,187.54,remora3,remora1,0.00,0.00,0.00,0.00,0.00,0.00,0.00,0.00,0.00,0.00,0.00,0.00,0.00,0.00,0.00,0.00,0.00,0.00,0.00,0.00,6.65,6.65,6.64,6.63,6.63,6.62,6.62,6.62,6.62,6.62,7.16,7.16,7.15,7.14,7.13,7.12,7.12,7.11,7.11,7.11,112.89,0.00,0.00,1.00,0.00,0.00,0.00,-1.00,0,None,1,aggregation
160,188.54,remora3,remora1,0.00,0.00,0.00,0.00,0.00,0.00,0.00,0.00,0.00,0.00,0.00,0.00,0.00,0.00,0.00,0.00,0.00,0.00,0.00,0.00,6.61,6.61,6.61,6.61,6.61,6.61,6.61,6.61,6.61,6.61,7.11,7.11,7.11,7.11,7.11,7.11,7.11,7.11,7.11,7.11,83.03,0.00,0.00,1.00,0.00,0.00,0.00,-1.00,0,None,1,aggregation
160,189.54,remora3,remora1,0.00,0.00,0.00,0.00,0.00,0.00,0.00,0.00,0.00,0.00,0.00,0.00,0.00,0.00,0.00,0.00,0.00,0.00,0.00,0.00,6.61,6.61,6.61,6.61,6.61,6.61,6.61,6.61,6.61,6.61,7.11,7.11,7.11,7.11,7.11,7.11,7.11,7.11,7.11,7.11,53.26,0.00,0.00,1.00,0.00,0.00,0.00,-1.00,0,None,1,aggregation
160,190.54,remora3,remora1,0.00,0.00,0.00,0.00,0.00,0.00,0.00,0.00,0.00,0.00,0.00,0.00,0.00,0.00,0.00,0.00,0.00,0.00,0.00,0.00,6.61,6.61,6.61,6.61,6.61,6.61,6.61,6.61,6.61,6.61,7.11,7.11,7.11,7.11,7.11,7.11,7.11,7.11,7.11,7.11,23.59,0.00,0.00,0.00,0.00,0.00,0.00,-1.00,0,None,1,aggregation
160,191.54,remora3,remora1,0.00,0.00,0.00,0.00,0.00,0.00,0.00,0.00,0.00,0.00,0.00,0.00,0.00,0.00,0.00,0.00,0.00,0.00,0.00,0.00,6.61,6.61,6.61,6.61,6.61,6.61,6.61,6.61,6.61,6.61,7.11,7.11,7.11,7.11,7.11,7.11,7.11,7.11,7.67,7.66,0.00,0.00,0.00,0.00,0.00,0.00,0.00,-1.00,0,None,1,aggregation
160,192.54,remora3,remora1,0.00,0.00,0.00,0.00,0.00,0.00,0.00,0.00,0.00,0.00,0.00,0.00,0.00,0.00,0.00,0.00,0.00,0.00,0.00,0.00,6.61,6.61,6.61,6.61,6.61,6.61,6.61,6.61,6.61,6.61,7.65,7.64,7.63,7.62,7.61,7.60,7.59,7.58,7.57,7.56,0.00,0.00,0.00,0.00,0.00,0.00,0.00,-1.00,0,None,1,aggregation
160,193.54,remora3,remora1,0.00,0.00,0.00,0.00,0.00,0.00,0.00,0.00,0.00,0.00,0.00,0.00,0.00,0.00,0.00,0.00,0.00,0.00,0.00,0.00,6.61,6.61,6.61,6.61,6.61,6.61,6.61,6.61,6.61,6.61,7.55,7.54,7.53,7.52,7.51,7.50,7.49,7.48,7.47,7.46,0.00,0.00,0.00,0.00,0.00,0.00,0.00,-1.00,0,None,1,aggregation
160,194.54,remora3,remora1,0.00,0.00,0.00,0.00,0.00,0.00,0.00,0.00,0.00,0.00,0.00,0.00,0.00,0.00,0.00,0.00,0.00,0.00,0.00,0.00,6.61,6.61,6.61,6.61,6.61,6.60,6.60,6.60,6.60,6.60,7.45,7.44,7.43,7.42,7.41,7.40,7.39,7.38,7.37,7.36,0.00,0.00,0.00,0.00,0.00,0.00,0.00,-1.00,0,None,1,aggregation
160,195.54,remora3,remora1,0.00,0.00,0.00,0.00,0.00,0.00,0.00,0.00,0.00,0.00,0.00,0.00,0.00,0.00,0.00,0.00,0.00,0.00,0.00,0.00,6.60,6.60,6.60,6.60,6.60,6.60,6.60,6.60,6.60,6.60,7.35,7.34,7.33,7.32,7.31,7.30,7.29,7.28,7.27,7.26,0.00,0.00,0.00,0.00,0.00,0.00,0.00,-1.00,0,None,1,aggregation
160,196.54,remora3,remora1,0.00,0.00,0.00,0.00,0.00,0.00,0.00,0.00,0.00,0.00,0.00,0.00,0.00,0.00,0.00,0.00,0.00,0.00,0.00,0.00,6.60,6.60,6.60,6.60,6.60,6.60,6.60,6.60,6.60,6.60,7.25,7.24,7.23,7.22,7.21,7.20,7.19,7.18,7.17,7.16,0.00,0.00,0.00,0.00,0.00,0.00,0.00,-1.00,0,None,1,aggregation
160,197.54,remora3,remora1,0.00,0.00,0.00,0.00,0.00,0.00,0.00,0.00,0.00,0.00,0.00,0.00,0.00,0.00,0.00,0.00,0.00,0.00,0.00,0.00,6.60,6.60,6.60,6.60,6.60,6.60,6.60,6.60,6.60,6.60,7.15,7.14,7.13,7.12,7.11,7.10,7.09,7.08,7.07,7.06,0.00,0.00,0.00,0.00,0.00,0.00,0.00,-1.00,0,None,1,aggregation
160,198.54,remora3,remora1,0.00,0.00,0.00,0.00,0.00,0.00,0.00,0.00,0.00,0.00,0.00,0.00,0.00,0.00,0.00,0.00,0.00,0.00,0.00,0.00,6.60,6.60,6.60,6.60,6.60,6.60,6.60,6.60,6.60,6.60,7.05,7.04,7.03,7.02,7.01,7.00,6.99,6.98,6.97,6.96,0.00,0.00,0.00,0.00,0.00,0.00,0.00,-1.00,0,None,1,aggregation
160,199.54,remora3,remora1,0.00,0.00,0.00,0.00,0.00,0.00,0.00,0.00,0.00,0.00,0.00,0.00,0.00,0.00,0.00,0.00,0.00,0.00,0.00,0.00,6.60,6.60,6.57,6.54,6.51,6.48,6.45,6.42,6.39,6.36,6.95,6.94,6.93,6.92,6.91,6.90,6.89,6.88,6.87,6.86,0.00,0.00,0.00,0.00,0.00,0.00,0.00,-1.00,0,None,1,aggregation
160,200.54,remora3,remora1,0.00,0.00,0.00,0.00,0.00,0.00,0.00,0.00,0.00,0.00,0.00,0.00,0.00,0.00,0.00,0.00,0.00,0.00,0.00,0.00,6.33,6.30,6.27,6.24,6.21,6.18,6.15,6.12,6.09,6.06,6.85,6.84,6.83,6.82,6.81,6.80,6.79,7.57,7.56,7.54,0.00,0.00,0.00,0.00,0.00,0.00,0.00,-1.00,0,None,1,aggregation
160,201.54,remora3,remora1,0.00,0.00,0.00,0.00,0.00,0.00,0.00,0.00,0.00,0.00,0.00,0.00,0.00,0.00,0.00,0.00,0.00,0.00,0.00,0.00,6.03,6.00,5.97,5.94,5.91,5.88,5.85,5.82,5.79,5.76,7.53,7.51,7.50,7.48,7.47,7.46,7.44,7.43,7.41,7.40,0.00,0.00,0.00,0.00,0.00,0.00,0.00,-1.00,0,None,1,aggregation
160,202.54,remora3,remora1,0.00,0.00,-23.72,-23.72,-23.55,-23.55,-23.10,-22.58,-22.58,-22.58,0.00,0.00,-34.18,-34.18,-34.01,-34.01,-33.56,-33.05,-33.05,-33.05,5.73,5.70,5.66,5.60,5.55,5.49,5.43,5.38,5.32,5.26,7.38,7.37,7.35,7.32,7.29,7.26,7.23,7.20,7.18,7.15,22.72,0.00,0.00,0.00,0.00,0.00,0.00,-1.00,0,None,1,aggregation
160,203.54,remora3,remora1,-22.00,-22.00,-21.26,-21.26,-20.17,-20.17,-19.16,-19.16,-17.95,-17.95,-32.47,-32.47,-31.73,-31.73,-30.63,-30.63,-29.63,-29.63,-28.41,-28.41,5.21,5.15,5.09,5.05,5.02,4.99,4.94,4.88,4.83,4.77,7.12,7.09,7.06,7.04,7.02,7.00,6.98,6.96,6.93,6.91,48.06,0.00,0.00,1.00,0.00,0.00,0.00,-1.00,0,None,1,aggregation
160,204.54,remora3,remora1,-16.51,-16.51,-14.75,-14.75,-13.04,-13.04,-11.17,-11.17,-9.22,-9.22,-26.97,-26.97,-25.22,-25.22,-23.50,-23.50,-21.63,-21.63,-19.69,-19.69,4.72,4.67,4.62,4.57,4.52,4.47,4.42,4.37,4.33,4.28,6.89,6.86,6.84,6.82,6.80,6.77,6.75,6.73,6.71,6.69,66.23,0.00,0.00,1.00,0.00,0.00,0.00,-1.00,0,None,1,aggregation
160,205.54,remora3,remora1,-6.89,-6.89,-4.77,-4.77,-2.17,-2.17,0.46,0.46,3.37,3.37,-17.35,-17.35,-15.23,-15.23,-12.64,-12.64,-10.00,-10.00,-7.10,-7.10,4.24,4.20,4.16,4.12,4.08,4.04,4.00,3.96,3.93,3.90,6.67,6.65,6.64,6.62,6.60,6.59,6.58,6.56,6.55,6.54,73.47,0.00,0.00,1.00,0.00,0.00,0.00,-1.00,0,None,1,aggregation
160,206.54,remora3,remora1,6.38,6.38,8.81,8.81,11.57,11.57,14.31,14.31,16.67,16.67,-3.80,-3.80,-0.76,-0.76,2.71,2.71,6.17,6.17,9.17,9.17,3.87,3.84,3.81,3.78,3.75,3.72,3.70,3.67,3.65,3.62,6.53,6.53,6.52,6.52,6.51,6.51,6.51,6.51,6.51,6.52,80.59,0.00,0.00,1.00,0.00,0.00,0.00,-1.00,0,None,1,aggregation
160,207.54,remora3,remora1,19.35,19.35,22.17,22.17,24.49,24.49,26.44,27.81,27.81,27.81,12.63,12.63,16.35,16.35,19.51,19.51,22.30,24.37,24.37,24.37,3.60,3.57,3.55,3.53,3.50,3.48,3.46,3.44,3.41,3.39,6.52,6.53,6.53,6.54,6.55,6.56,6.57,6.58,6.60,6.61,102.30,0.00,0.00,1.00,0.00,0.00,0.00,-1.00,0,None,1,aggregation
160,208.54,remora3,remora1,29.04,29.04,29.65,29.65,30.07,30.07,30.18,30.18,30.07,30.07,26.43,26.43,27.65,27.65,28.74,28.74,29.51,29.51,29.91,29.91,3.37,3.35,3.33,3.31,3.29,3.26,3.24,3.22,3.20,3.18,6.62,6.63,6.65,6.66,6.68,6.69,6.71,6.72,6.74,6.75,131.43,0.00,0.00,1.00,0.00,0.00,0.00,-1.00,0,None,1,aggregation
160,209.54,remora3,remora1,29.82,29.82,29.51,29.51,28.98,28.98,28.58,28.58,28.14,28.14,30.12,30.12,30.18,30.18,30.13,30.13,30.02,30.02,29.86,29.86,3.16,3.14,3.12,3.10,3.08,3.07,3.05,3.03,3.01,2.99,6.77,6.78,6.80,6.81,6.83,6.84,6.86,6.87,6.89,6.90,160.97,0.00,0.00,1.00,0.00,0.00,0.00,-1.00,0,None,1,aggregation
160,210.54,remora3,remora1,27.80,27.80,27.46,27.46,27.19,27.19,26.81,26.81,26.59,26.59,29.72,29.72,29.57,29.57,29.43,29.43,29.24,29.24,29.12,29.12,2.98,2.96,2.94,2.93,2.91,2.90,2.88,2.87,2.85,2.84,6.92,6.93,6.95,6.96,6.98,7.00,7.01,7.03,7.04,7.06,189.26,0.00,1.00,1.00,0.00,0.00,0.00,-1.00,0,None,1,aggregation
160,211.54,remora3,remora1,26.51,26.51,26.38,26.38,26.27,26.27,26.27,26.16,25.97,25.97,29.08,29.08,29.01,29.01,28.95,28.95,28.95,28.89,28.78,28.78,2.83,2.81,2.80,2.79,2.78,2.77,2.76,2.75,2.74,2.73,7.07,7.09,7.11,7.12,7.14,7.16,7.18,6.25,6.26,6.28,216.87,0.00,1.00,1.00,0.00,0.00,0.00,-1.00,0,None,1,aggregation
160,212.54,remora3,remora1,25.95,25.95,26.42,26.42,26.78,26.78,27.14,27.14,27.36,27.36,28.77,28.77,29.03,29.03,29.23,29.23,29.41,29.41,29.52,29.52,2.72,2.71,2.71,2.70,2.69,2.69,2.68,2.68,2.67,2.67,6.29,6.31,6.32,6.34,6.36,6.37,6.39,6.40,6.42,6.44,222.10,0.00,1.00,1.00,0.00,0.00,0.00,-1.00,0,None,1,aggregation
160,213.54,remora3,remora1,27.58,27.58,28.01,28.01,28.16,28.16,28.29,28.29,28.49,28.49,29.62,29.62,29.81,29.81,29.87,29.87,29.92,29.92,29.99,29.99,2.67,2.67,2.66,2.66,2.66,2.66,2.66,2.66,2.66,2.66,6.46,6.47,6.49,6.51,6.53,6.55,6.57,6.59,6.61,6.62,225.74,0.00,1.00,1.00,0.00,0.00,0.00,-1.00,0,None,1,aggregation
160,214.54,remora3,remora1,28.66,28.66,28.75,28.75,28.91,28.91,28.98,28.98,29.09,29.09,30.05,30.05,30.07,30.07,30.11,30.11,30.13,30.13,30.15,30.15,2.66,2.66,2.66,2.66,2.66,2.66,2.66,2.67,2.67,2.67,6.64,6.66,6.68,6.70,6.72,6.74,6.76,6.78,6.80,6.82,237.06,0.00,1.00,1.00,0.00,0.00,0.00,-1.00,0,None,1,aggregation
160,215.54,remora3,remora1,29.22,29.22,29.22,29.31,29.31,29.31,29.42,29.42,29.44,29.44,30.17,30.17,30.17,30.18,30.18,30.18,30.18,30.18,30.19,30.19,2.67,2.67,2.68,2.68,2.68,2.68,2.68,2.69,2.69,2.69,6.84,6.86,6.88,6.91,6.93,6.95,6.97,6.99,7.01,7.03,259.58,0.00,1.00,1.00,0.00,0.00,0.00,-1.00,0,None,1,aggregation
160,216.54,remora3,remora1,29.45,29.45,29.55,29.55,29.54,29.54,29.58,29.58,29.58,29.58,30.19,30.19,30.18,30.18,30.18,30.18,30.18,30.18,30.18,30.18,2.69,2.70,2.70,2.70,2.71,2.71,2.71,2.71,2.72,2.72,7.05,7.07,7.09,7.11,7.13,7.15,7.17,7.19,7.22,7.24,282.32,0.00,1.00,1.00,0.00,0.00,0.00,-1.00,0,None,1,aggregation
160,217.54,remora3,remora1,29.65,29.65,29.73,29.73,29.73,29.80,29.80,29.80,29.87,29.87,30.17,30.17,30.15,30.15,30.15,30.13,30.13,30.13,30.10,30.10,2.72,2.73,2.73,2.73,2.73,2.74,2.74,2.74,2.75,2.75,7.26,7.28,6.92,5.90,5.91,5.92,5.93,5.94,5.95,5.96,290.56,0.00,1.00,1.00,0.00,0.00,0.00,-1.00,0,None,1,aggregation
160,218.54,remora3,remora1,29.92,29.92,29.92,29.92,29.98,29.98,30.02,30.02,30.06,30.06,30.06,30.06,30.06,30.06,30.02,30.02,29.98,29.98,29.92,29.92,2.75,2.76,2.76,2.76,2.77,2.77,2.77,2.78,2.78,2.78,5.97,5.98,5.99,6.01,6.02,6.03,6.04,6.05,6.06,6.08,291.43,0.00,1.00,1.00,0.00,0.00,0.00,-1.00,0,None,1,aggregation
160,219.54,remora3,remora1,30.08,30.08,30.10,30.10,30.11,30.11,30.13,30.13,30.15,30.15,29.90,29.90,29.87,29.87,29.83,29.83,29.80,29.80,29.73,29.73,2.79,2.79,2.79,2.80,2.80,2.80,2.81,2.81,2.81,2.82,6.09,6.10,6.11,6.13,6.14,6.15,6.17,6.18,6.20,6.21,291.86,0.00,1.00,1.00,0.00,0.00,0.00,-1.00,0,None,1,aggregation
160,220.54,remora3,remora1,30.15,30.15,30.16,-1.62,-1.62,-1.37,-1.37,-1.37,-0.93,-0.93,29.73,29.73,29.69,-17.31,-17.31,-17.07,-17.07,-17.07,-16.63,-16.63,2.82,2.83,2.83,2.83,2.81,2.78,2.74,2.71,2.67,2.64,4.33,4.34,4.35,4.36,4.35,4.33,4.31,4.29,4.27,4.25,278.96,0.00,1.00,1.00,0.00,0.00,0.00,-1.00,0,None,1,aggregation
160,221.54,remora3,remora1,-0.40,-0.40,0.22,0.22,27.03,27.03,1.18,1.18,1.64,2.47,-16.09,-16.09,-15.47,-15.47,29.35,29.35,-14.51,-14.51,-14.06,-13.22,2.60,2.57,2.54,2.50,2.49,2.48,2.47,2.44,2.41,2.37,4.23,4.21,4.19,4.17,4.16,4.16,4.15,4.14,4.12,4.10,262.66,0.00,1.00,1.00,1.00,1.00,0.00,-1.00,0,None,1,aggregation
160,222.54,remora3,remora1,2.47,3.36,3.36,3.36,21.12,21.12,20.66,20.66,4.44,4.95,-13.22,-12.33,-12.33,-12.33,25.64,25.64,25.31,25.31,-11.26,-10.75,2.34,2.31,2.28,2.26,2.23,2.22,2.22,2.21,2.19,2.17,4.09,4.07,4.06,4.04,4.03,4.02,4.02,4.01,4.00,3.99,246.48,0.00,1.00,1.00,1.00,1.00,0.00,-1.00,0,None,1,aggregation
160,223.54,remora3,remora1,4.95,4.95,5.94,6.96,6.96,7.92,7.92,12.12,12.12,12.12,-10.75,-10.75,-9.76,-8.74,-8.74,-7.64,-7.64,18.96,18.96,18.96,2.14,2.11,2.09,2.06,2.04,2.01,1.99,1.97,1.95,1.93,3.98,3.96,3.95,3.94,3.93,3.92,3.91,3.90,3.89,3.88,223.15,0.00,1.00,1.00,1.00,1.00,0.00,-1.00,0,None,1,aggregation
160,224.54,remora3,remora1,12.73,12.73,14.69,14.69,16.74,16.74,18.51,18.51,20.18,20.18,19.42,19.42,20.92,20.92,22.46,22.46,23.77,23.77,24.97,24.97,1.92,1.91,1.89,1.88,1.87,1.86,1.86,1.85,1.85,1.84,3.87,3.86,3.85,3.84,3.83,3.82,3.82,3.81,3.81,3.80,213.10,0.00,1.00,1.00,0.00,0.00,0.00,-1.00,0,None,1,aggregation
160,225.54,remora3,remora1,21.73,21.73,22.89,22.89,24.24,24.24,25.22,25.22,26.12,26.12,26.06,26.06,26.85,26.85,27.72,27.72,28.34,28.34,28.86,28.86,1.84,1.84,1.84,1.85,1.85,1.85,1.86,1.86,1.87,1.88,3.80,3.80,3.79,3.79,3.79,3.79,3.80,3.80,3.80,3.81,209.14,0.00,1.00,1.00,0.00,0.00,0.00,-1.00,0,None,1,aggregation
160,226.54,remora3,remora1,26.84,26.84,27.40,27.91,27.91,27.91,5.64,6.22,6.22,6.22,29.25,29.25,29.54,29.77,29.77,29.77,-10.06,-9.48,-9.48,-9.48,1.89,1.90,1.91,1.92,1.93,1.94,1.94,1.92,1.90,1.88,3.81,3.82,3.82,3.83,3.84,3.84,3.85,3.84,3.84,3.83,197.10,0.00,1.00,1.00,0.00,0.00,0.00,-1.00,0,None,1,aggregation
160,227.54,remora3,remora1,7.23,7.23,25.68,25.68,25.45,25.45,26.12,26.84,26.84,26.84,-8.47,-8.47,28.61,28.61,28.48,28.48,28.86,29.25,29.25,29.25,1.87,1.85,1.84,1.84,1.85,1.86,1.86,1.87,1.88,1.89,3.83,3.83,3.83,3.83,3.83,3.84,3.84,3.85,3.85,3.86,189.26,0.00,1.00,1.00,1.00,1.00,0.00,-1.00,0,None,1,aggregation
160,228.54,remora3,remora1,27.40,27.40,27.91,27.91,28.37,28.37,28.65,28.65,29.02,29.02,29.54,29.54,29.77,29.77,29.95,29.95,30.04,30.04,30.14,30.14,1.90,1.91,1.92,1.93,1.94,1.95,1.96,1.97,1.99,2.00,3.87,3.88,3.88,3.89,3.90,3.91,3.92,3.93,3.94,3.95,188.34,0.00,1.00,1.00,0.00,0.00,0.00,-1.00,0,None,1,aggregation
160,229.54,remora3,remora1,29.24,29.24,29.44,29.44,29.57,29.57,29.73,29.73,29.80,29.80,30.17,30.17,30.19,30.19,30.18,30.18,30.15,30.15,30.13,30.13,2.01,2.02,2.03,2.04,2.05,2.07,2.08,2.09,2.10,2.11,3.96,3.97,3.99,4.00,4.01,4.02,4.03,4.05,4.06,4.07,188.23,0.00,1.00,1.00,0.00,0.00,0.00,-1.00,0,None,1,aggregation
160,230.54,remora3,remora1,29.92,29.92,29.98,29.98,30.02,30.02,30.08,30.08,30.11,30.11,30.06,30.06,30.02,30.02,29.98,29.98,29.90,29.90,29.83,29.83,2.12,2.13,2.14,2.15,2.16,2.17,2.18,2.19,2.20,2.21,4.09,4.10,4.12,4.13,4.15,4.16,4.17,4.19,4.20,4.22,202.83,0.00,1.00,1.00,0.00,0.00,0.00,-1.00,0,None,1,aggregation
160,231.54,remora3,remora1,30.09,30.06,30.05,30.02,30.00,29.97,29.94,29.91,29.87,29.84,29.81,29.78,29.68,29.65,29.59,29.56,29.53,29.50,29.50,29.47,2.22,2.23,2.24,2.26,2.29,2.33,2.36,2.39,2.43,2.46,4.24,4.25,4.27,4.29,4.32,4.35,4.38,4.40,4.43,4.46,221.31,0.00,1.00,1.00,0.00,0.00,0.00,99.00,1,GradualMotor,1,aggregation
160,232.54,remora3,remora1,29.81,29.78,29.74,29.71,29.66,29.63,29.60,29.57,29.54,29.51,29.44,29.41,29.42,29.39,29.39,29.36,29.33,29.30,29.27,29.24,2.49,2.52,2.55,2.58,2.61,2.64,2.67,2.70,2.72,2.75,4.49,4.52,4.55,4.58,4.60,4.63,4.66,4.69,4.72,4.75,239.03,0.00,1.00,1.00,0.00,0.00,0.00,98.00,1,GradualMotor,1,aggregation
160,233.54,remora3,remora1,29.47,29.44,29.41,29.38,29.35,29.32,29.27,29.24,29.21,29.18,29.24,29.21,29.18,29.15,29.12,29.09,29.09,29.06,29.03,29.00,2.78,2.80,2.83,2.86,2.88,2.91,2.93,2.95,2.98,3.00,4.77,4.80,4.83,4.86,4.88,4.91,4.94,4.97,5.00,5.02,262.62,0.00,1.00,1.00,0.00,0.00,0.00,97.00,1,GradualMotor,1,aggregation
160,234.54,remora3,remora1,29.15,29.12,29.05,29.02,28.99,28.96,28.89,28.86,28.81,28.78,28.97,28.94,28.97,28.94,28.91,28.88,28.89,28.86,28.85,28.82,3.03,3.05,3.06,3.07,3.09,3.10,3.11,3.12,3.14,3.15,5.05,5.06,5.08,5.10,5.12,5.14,5.16,5.19,5.21,5.23,272.11,0.00,0.00,1.00,0.00,0.00,0.00,96.00,1,GradualMotor,1,aggregation
160,235.54,remora3,remora1,28.70,28.67,28.61,28.58,28.52,28.46,28.43,28.40,28.34,28.31,28.83,28.80,28.79,28.76,28.75,28.73,28.70,28.67,28.65,28.62,3.16,3.17,3.18,3.19,3.20,3.21,3.23,3.24,3.24,3.25,5.26,5.28,5.30,5.32,5.35,5.37,5.39,5.42,5.44,5.46,274.93,0.00,0.00,1.00,0.00,0.00,0.00,95.00,1,GradualMotor,1,aggregation
160,236.54,remora3,remora1,28.25,28.22,28.16,28.13,28.10,28.07,27.97,27.94,27.91,27.88,28.60,28.57,28.55,28.52,28.49,28.46,28.45,28.42,28.39,28.36,3.26,3.27,3.28,3.29,3.30,3.30,3.31,3.32,3.33,3.33,5.49,5.51,5.53,5.55,5.58,5.60,5.62,5.64,5.67,5.69,285.38,0.00,0.00,1.00,0.00,0.00,0.00,94.00,1,GradualMotor,1,aggregation
160,237.54,remora3,remora1,27.85,27.82,27.71,27.68,27.65,27.62,27.60,27.57,27.54,27.51,28.33,28.30,28.28,28.25,28.22,28.19,28.16,28.13,28.10,28.07,3.34,3.34,3.35,3.36,3.36,3.37,3.37,3.38,3.38,3.38,5.71,5.73,5.76,5.78,5.80,5.82,5.84,5.87,5.89,5.91,291.20,0.00,0.00,1.00,0.00,0.00,0.00,93.00,1,GradualMotor,1,aggregation
160,238.54,remora3,remora1,27.44,27.41,27.38,27.35,27.28,27.25,27.22,27.19,27.16,27.13,28.04,28.01,27.98,27.95,27.92,27.89,27.86,27.83,27.80,27.77,3.39,3.39,3.40,3.40,3.40,3.40,3.41,3.41,3.41,3.41,5.93,5.95,5.98,6.00,6.02,6.04,6.06,6.09,6.11,6.13,289.72,0.00,0.00,1.00,0.00,0.00,0.00,92.00,1,GradualMotor,1,aggregation
160,325.54,remora3,remora1,-0.67,-0.66,0.03,0.03,0.03,0.03,0.03,0.03,-0.59,-0.58,-1.29,-1.27,0.60,0.59,0.58,0.57,0.55,0.54,-1.12,-1.10,3.06,3.06,3.05,3.05,3.06,3.06,3.05,3.05,3.04,3.04,4.61,4.61,4.61,4.61,4.61,4.61,4.61,4.60,4.60,4.60,6.96,0.00,0.00,0.00,0.00,0.00,0.00,5.00,1,GradualMotor,1,aggregation
160,326.54,remora3,remora1,0.03,0.03,0.03,0.03,0.03,0.03,-0.51,0.03,0.03,0.03,0.51,0.50,0.49,0.48,0.47,0.46,-0.96,0.44,0.43,0.42,3.05,3.05,3.04,3.04,3.03,3.03,3.04,3.04,3.04,3.04,4.60,4.60,4.60,4.60,4.60,4.59,4.60,4.60,4.60,4.60,6.57,0.00,0.00,0.00,0.00,0.00,0.00,4.00,1,GradualMotor,1,aggregation
160,327.54,remora3,remora1,0.03,0.03,-0.44,0.03,0.03,0.03,0.03,0.03,0.03,0.03,0.41,0.40,-0.83,0.38,0.37,0.36,0.35,0.34,0.33,0.32,3.04,3.03,3.03,3.03,3.02,3.02,3.01,3.01,3.01,3.02,4.60,4.60,4.60,4.59,4.59,4.59,4.59,4.59,4.60,4.60,5.89,0.00,0.00,0.00,0.00,0.00,0.00,3.00,1,GradualMotor,1,aggregation
160,328.54,remora3,remora1,0.03,0.02,-0.32,-0.31,0.02,0.02,0.02,0.02,-0.25,-0.24,0.31,0.30,-0.60,-0.58,0.26,0.25,0.24,0.23,-0.47,-0.45,3.02,3.02,3.02,3.01,3.01,3.00,3.00,3.00,2.99,2.99,4.61,4.61,4.61,4.61,4.61,4.61,4.62,4.62,4.62,4.63,5.36,0.00,0.00,0.00,0.00,0.00,0.00,2.00,1,GradualMotor,1,aggregation
160,329.54,remora3,remora1,0.02,0.02,0.02,0.01,0.01,0.01,-0.16,-0.15,-0.13,-0.12,0.20,0.19,0.18,0.17,0.16,0.15,-0.30,-0.27,-0.25,-0.22,2.99,2.99,2.99,2.99,2.98,2.99,2.99,2.99,2.99,2.99,4.63,4.64,4.65,4.65,4.66,4.66,4.67,4.68,4.69,4.69,4.74,0.00,1.00,0.00,0.00,0.00,0.00,1.00,1,GradualMotor,1,aggregation
160,330.54,remora3,remora1,0.01,0.01,0.01,0.01,0.00,0.00,0.00,0.00,0.00,0.00,0.10,0.08,0.07,0.06,0.05,0.04,0.03,0.02,0.01,0.00,2.98,2.98,2.98,2.98,2.98,2.98,2.98,2.98,2.97,2.97,4.70,4.71,4.72,4.73,4.74,4.75,4.75,4.76,4.77,4.78,4.04,0.00,1.00,0.00,0.00,0.00,0.00,0.00,1,GradualMotor,1,aggregation
160,331.54,remora3,remora1,0.00,0.00,0.00,0.00,0.00,0.00,0.00,0.00,0.00,0.00,0.00,0.00,0.00,0.00,0.00,0.00,0.00,0.00,0.00,0.00,2.97,2.97,2.97,2.97,2.97,2.97,2.97,2.97,2.97,2.97,4.79,4.80,4.82,4.83,4.84,4.85,4.86,4.87,4.88,4.89,3.17,0.00,1.00,0.00,0.00,0.00,0.00,0.00,1,GradualMotor,1,aggregation
160,332.54,remora3,remora1,0.00,0.00,0.00,0.00,0.00,0.00,0.00,0.00,0.00,0.00,0.00,0.00,0.00,0.00,0.00,0.00,0.00,0.00,0.00,0.00,2.97,2.97,2.97,2.97,2.97,2.97,2.97,2.97,2.96,2.96,4.90,4.92,4.93,4.94,4.95,4.96,4.98,4.99,5.00,5.01,2.56,0.00,1.00,0.00,0.00,0.00,0.00,0.00,1,GradualMotor,1,aggregation
160,333.54,remora3,remora1,0.00,0.00,0.00,0.00,0.00,0.00,0.00,0.00,0.00,0.00,0.00,0.00,0.00,0.00,0.00,0.00,0.00,0.00,0.00,0.00,2.96,2.96,2.96,2.96,2.96,2.96,2.96,2.96,2.95,2.96,5.03,5.04,5.05,5.06,5.08,5.09,5.10,5.11,5.12,5.14,2.00,0.00,1.00,0.00,0.00,0.00,0.00,0.00,1,GradualMotor,1,aggregation
160,334.54,remora3,remora1,0.00,0.00,0.00,0.00,0.00,0.00,0.00,0.00,0.00,0.00,0.00,0.00,0.00,0.00,0.00,0.00,0.00,0.00,0.00,0.00,2.96,2.97,2.97,2.97,2.97,2.96,2.96,2.96,2.98,2.98,5.15,5.17,5.18,5.20,5.21,5.22,5.23,5.25,5.27,5.28,1.49,0.00,1.00,0.00,0.00,0.00,0.00,0.00,1,GradualMotor,1,aggregation
160,335.54,remora3,remora1,0.00,0.00,0.00,0.00,0.00,0.00,0.00,0.00,0.00,0.00,0.00,0.00,0.00,0.00,0.00,0.00,0.00,0.00,0.00,0.00,2.98,2.97,2.97,2.96,2.96,2.97,2.99,3.00,3.00,3.00,5.29,5.30,5.31,5.32,5.33,5.35,5.38,5.40,5.41,5.42,0.95,0.00,1.00,0.00,0.00,0.00,0.00,0.00,1,GradualMotor,1,aggregation
160,131.54,remora3,remora5,0.00,0.00,0.00,0.00,0.00,0.00,0.00,0.00,0.00,0.00,0.00,0.00,0.00,0.00,0.00,0.00,0.00,0.00,0.00,0.00,2.68,2.70,2.73,2.76,2.78,2.81,2.84,2.86,2.89,2.92,6.15,6.16,6.16,6.16,6.16,6.16,6.16,6.16,6.16,6.16,0.00,0.00,1.00,0.00,0.00,0.00,0.00,-1.00,0,None,0,aggregation
160,132.54,remora3,remora5,0.00,0.00,0.00,0.00,0.00,0.00,0.00,0.00,0.00,0.00,0.00,0.00,0.00,0.00,0.00,0.00,0.00,0.00,0.00,0.00,2.94,2.97,2.99,3.02,3.00,2.97,2.94,2.91,2.88,2.85,6.16,6.16,6.16,6.16,6.16,6.16,6.16,6.16,6.16,6.16,0.00,0.00,1.00,0.00,0.00,0.00,0.00,-1.00,0,None,0,aggregation
160,133.54,remora3,remora5,0.00,0.00,0.00,0.00,0.00,0.00,0.00,0.00,0.00,0.00,0.00,0.00,0.00,0.00,0.00,0.00,0.00,0.00,0.00,0.00,2.82,2.79,2.76,2.73,2.70,2.67,2.64,2.61,2.58,2.55,6.16,6.16,6.16,6.14,6.14,6.14,6.14,6.15,6.15,6.15,0.00,0.00,1.00,0.00,0.00,0.00,0.00,-1.00,0,None,0,aggregation
160,134.54,remora3,remora5,0.00,0.00,0.00,0.00,0.00,0.00,0.00,0.00,0.00,0.00,0.00,0.00,0.00,0.00,0.00,0.00,0.00,0.00,0.00,0.00,2.52,2.49,2.46,2.43,2.40,2.37,2.34,2.31,2.28,2.25,4.93,4.93,4.92,4.92,4.92,4.92,4.92,4.91,4.91,4.91,0.00,0.00,1.00,0.00,0.00,0.00,0.00,-1.00,0,None,0,aggregation
160,135.54,remora3,remora5,0.00,0.00,0.00,0.00,0.00,0.00,0.00,0.00,0.00,0.00,0.00,0.00,0.00,0.00,0.00,0.00,0.00,0.00,0.00,0.00,2.22,2.19,2.16,2.13,2.10,2.07,2.04,2.01,1.98,1.95,4.91,4.90,4.90,4.90,4.90,4.89,4.89,4.89,4.89,4.88,0.00,0.00,1.00,0.00,0.00,0.00,0.00,-1.00,0,None,0,aggregation
160,136.54,remora3,remora5,0.00,0.00,0.00,0.00,0.00,0.00,0.00,0.00,0.00,0.00,0.00,0.00,0.00,0.00,0.00,0.00,0.00,0.00,0.00,0.00,1.92,1.89,1.86,1.83,1.80,1.77,1.74,1.71,1.68,1.65,4.88,4.88,4.88,4.87,4.87,4.87,4.87,4.86,4.86,4.86,0.00,0.00,1.00,0.00,0.00,0.00,0.00,-1.00,0,None,0,aggregation
160,137.54,remora3,remora5,0.00,0.00,0.00,0.00,0.00,0.00,0.00,0.00,0.00,0.00,0.00,0.00,0.00,0.00,0.00,0.00,0.00,0.00,0.00,0.00,1.63,1.62,1.62,1.62,1.62,1.62,1.62,1.62,1.62,1.62,4.86,4.86,4.87,4.87,4.88,4.89,4.89,4.90,4.91,4.91,0.00,0.00,1.00,0.00,0.00,0.00,0.00,-1.00,0,None,0,aggregation
160,138.54,remora3,remora5,0.00,0.00,0.00,0.00,0.00,0.00,0.00,0.00,0.00,0.00,0.00,0.00,0.00,0.00,0.00,0.00,0.00,0.00,0.00,0.00,1.62,1.62,1.62,1.62,1.62,1.62,1.62,1.62,1.62,1.62,4.92,4.92,4.93,4.93,4.94,4.95,4.95,4.96,4.96,4.97,0.00,0.00,1.00,0.00,0.00,0.00,0.00,-1.00,0,None,0,aggregation
160,281.54,remora3,remora5,30.15,30.15,30.15,30.15,30.16,30.16,30.16,30.16,30.16,30.16,29.08,29.08,29.08,29.08,29.14,29.14,29.14,29.14,29.14,29.14,7.83,7.83,7.83,7.83,7.83,7.83,7.84,7.84,7.84,7.84,7.83,7.83,7.83,7.83,7.83,7.83,7.84,7.84,7.84,7.84,284.61,0.00,0.00,1.00,0.00,0.00,0.00,-1.00,0,None,0,aggregation
160,282.54,remora3,remora5,30.17,30.17,30.17,30.17,30.17,30.17,30.17,30.17,30.17,30.17,29.19,29.19,29.19,29.19,29.24,29.24,29.24,29.24,29.24,29.24,7.84,7.85,7.85,7.85,7.85,7.86,7.86,7.86,7.86,7.87,7.84,7.85,7.85,7.85,7.85,7.86,7.86,7.86,7.86,7.87,288.57,0.00,0.00,1.00,0.00,0.00,0.00,-1.00,0,None,0,aggregation
160,283.54,remora3,remora5,30.17,30.17,30.17,30.17,0.00,0.00,0.00,0.00,0.00,0.00,29.24,29.24,29.24,29.24,0.00,0.00,0.00,0.00,0.00,0.00,7.87,7.87,7.87,7.88,7.87,7.85,7.82,7.80,7.77,7.75,7.87,7.87,7.87,7.88,7.87,7.85,7.82,7.80,7.77,7.75,273.53,0.00,0.00,1.00,0.00,0.00,0.00,-1.00,0,None,0,aggregation
160,284.54,remora3,remora5,0.00,0.00,0.00,0.00,0.00,0.00,0.00,0.00,0.00,0.00,0.00,0.00,0.00,0.00,0.00,0.00,0.00,0.00,0.00,0.00,7.72,7.70,7.68,7.65,7.63,7.61,7.58,7.56,1.64,1.64,7.72,7.70,7.68,7.65,7.63,7.61,7.58,7.56,4.59,4.57,245.75,0.00,0.00,1.00,0.00,0.00,0.00,-1.00,0,None,0,aggregation
160,285.54,remora3,remora5,0.00,0.00,0.00,0.00,0.00,0.00,0.00,0.00,0.00,0.00,0.00,0.00,0.00,0.00,0.00,0.00,0.00,0.00,0.00,0.00,1.64,1.64,1.64,1.64,1.64,1.64,1.64,1.64,1.64,1.64,4.56,4.55,4.54,4.53,4.51,4.50,4.49,4.48,4.47,4.46,217.40,0.00,1.00,1.00,0.00,0.00,0.00,-1.00,0,None,0,aggregation
160,286.54,remora3,remora5,0.00,0.00,0.00,0.00,0.00,0.00,0.00,0.00,0.00,0.00,0.00,0.00,0.00,0.00,0.00,0.00,0.00,0.00,0.00,0.00,1.64,1.64,1.64,1.64,1.64,1.64,1.64,1.63,1.63,1.63,4.44,4.43,4.42,4.41,4.40,4.39,4.37,4.36,4.35,4.34,188.61,0.00,1.00,1.00,0.00,0.00,0.00,-1.00,0,None,0,aggregation
160,287.54,remora3,remora5,0.00,0.00,0.00,0.00,0.00,0.00,0.00,0.00,0.00,0.00,0.00,0.00,0.00,0.00,0.00,0.00,0.00,0.00,0.00,0.00,1.63,1.63,1.63,1.63,1.63,1.63,1.63,1.63,1.63,1.63,4.33,4.32,4.30,4.29,4.28,4.27,4.26,4.25,4.23,4.22,159.52,0.00,1.00,1.00,0.00,0.00,0.00,-1.00,0,None,0,aggregation
160,288.54,remora3,remora5,0.00,0.00,0.00,0.00,0.00,0.00,0.00,0.00,0.00,0.00,0.00,0.00,0.00,0.00,0.00,0.00,0.00,0.00,0.00,0.00,1.63,1.63,1.63,1.63,1.63,1.63,1.63,1.63,1.63,1.63,4.21,4.20,4.19,4.18,6.11,6.10,6.09,6.08,6.07,6.06,130.23,0.00,1.00,1.00,0.00,0.00,0.00,-1.00,0,None,0,aggregation
160,289.54,remora3,remora5,0.00,0.00,0.00,0.00,0.00,0.00,0.00,0.00,0.00,0.00,0.00,0.00,0.00,0.00,0.00,0.00,0.00,0.00,0.00,0.00,1.63,1.63,1.63,1.63,1.63,1.63,1.63,1.63,1.63,1.63,6.05,6.04,6.02,6.02,6.01,6.00,5.99,5.98,5.97,5.96,100.78,0.00,1.00,1.00,0.00,0.00,0.00,-1.00,0,None,0,aggregation
160,290.54,remora3,remora5,0.00,0.00,0.00,0.00,0.00,0.00,0.00,0.00,0.00,0.00,0.00,0.00,0.00,0.00,0.00,0.00,0.00,0.00,0.00,0.00,1.63,1.63,1.63,1.63,1.63,1.63,1.63,1.63,1.63,1.63,5.95,5.94,5.93,5.92,5.91,5.91,5.90,5.89,5.88,5.87,71.21,0.00,1.00,1.00,0.00,0.00,0.00,-1.00,0,None,0,aggregation
160,291.54,remora3,remora5,0.00,0.00,0.00,0.00,0.00,0.00,0.00,0.00,0.00,0.00,0.00,0.00,0.00,0.00,0.00,0.00,0.00,0.00,0.00,0.00,1.63,1.63,1.63,1.63,1.63,1.63,1.63,1.63,1.63,1.63,5.87,5.86,5.85,5.84,5.84,5.83,5.82,5.82,5.81,5.80,41.58,0.00,1.00,0.00,0.00,0.00,0.00,-1.00,0,None,0,aggregation
160,292.54,remora3,remora5,0.00,0.00,0.00,0.00,0.00,0.00,0.00,0.00,0.00,0.00,0.00,0.00,0.00,0.00,0.00,0.00,0.00,0.00,0.00,0.00,1.63,1.63,1.63,1.63,1.63,1.63,1.63,1.63,1.63,1.63,5.80,5.79,5.78,5.78,5.77,5.77,5.76,5.76,5.75,5.75,11.88,0.00,1.00,0.00,0.00,0.00,0.00,-1.00,0,None,0,aggregation
160,293.54,remora3,remora5,0.00,0.00,0.00,0.00,0.00,0.00,0.00,0.00,0.00,0.00,0.00,0.00,0.00,0.00,0.00,0.00,0.00,0.00,0.00,0.00,1.63,1.63,1.63,1.63,1.63,1.63,1.63,1.63,1.63,1.63,5.74,5.74,5.73,5.73,5.73,5.72,5.72,5.72,5.71,3.57,0.00,0.00,1.00,0.00,0.00,0.00,0.00,-1.00,0,None,0,aggregation
160,294.54,remora3,remora5,0.00,0.00,0.00,0.00,0.00,0.00,0.00,0.00,0.00,0.00,0.00,0.00,0.00,0.00,0.00,0.00,0.00,0.00,0.00,0.00,1.63,1.63,1.63,1.63,1.63,1.63,1.63,1.63,1.63,1.63,3.56,3.55,3.54,3.53,3.52,3.52,3.51,3.50,3.50,3.49,0.00,0.00,1.00,0.00,0.00,0.00,0.00,-1.00,0,None,0,aggregation
160,295.54,remora3,remora5,0.00,0.00,0.00,0.00,0.00,0.00,0.00,0.00,0.00,0.00,0.00,0.00,0.00,0.00,0.00,0.00,0.00,0.00,0.00,0.00,1.63,1.63,1.63,1.63,1.63,1.63,1.63,1.63,1.63,1.63,3.48,3.48,3.47,3.46,3.46,3.45,3.45,3.44,3.43,3.43,0.00,0.00,1.00,0.00,0.00,0.00,0.00,-1.00,0,None,0,aggregation
160,296.54,remora3,remora5,0.00,0.00,0.00,0.00,0.00,0.00,0.00,0.00,0.00,0.00,0.00,0.00,0.00,0.00,0.00,0.00,0.00,0.00,0.00,0.00,1.63,1.63,1.63,1.63,1.63,1.63,1.63,1.63,1.63,1.63,3.42,3.41,3.41,3.40,3.39,3.39,3.38,3.37,3.36,3.35,0.00,0.00,1.00,0.00,0.00,0.00,0.00,-1.00,0,None,0,aggregation
160,297.54,remora3,remora5,0.00,0.00,0.00,0.00,0.00,0.00,0.00,0.00,0.00,0.00,0.00,0.00,0.00,0.00,0.00,0.00,0.00,0.00,0.00,0.00,1.63,1.63,1.63,1.63,1.63,1.63,1.63,1.63,1.63,1.63,3.35,3.34,3.33,3.32,3.31,3.31,3.30,3.29,3.28,3.27,0.00,0.00,1.00,0.00,0.00,0.00,0.00,-1.00,0,None,0,aggregation
160,298.54,remora3,remora5,0.00,0.00,0.00,0.00,0.00,0.00,0.00,0.00,0.00,0.00,0.00,0.00,0.00,0.00,0.00,0.00,0.00,0.00,0.00,0.00,1.63,1.63,1.63,1.63,1.63,1.63,1.63,1.63,1.63,1.63,3.26,3.25,3.25,3.24,3.23,3.22,3.21,3.20,3.19,3.19,0.00,0.00,1.00,0.00,0.00,0.00,0.00,-1.00,0,None,0,aggregation
160,299.54,remora3,remora5,0.00,0.00,0.00,0.00,0.00,0.00,0.00,0.00,0.00,0.00,0.00,0.00,0.00,0.00,0.00,0.00,0.00,0.00,0.00,0.00,1.63,1.63,1.63,1.63,1.63,1.63,1.63,1.63,1.63,1.63,3.18,3.17,3.16,3.15,3.15,3.14,3.13,3.12,3.12,3.11,0.00,0.00,1.00,0.00,0.00,0.00,0.00,-1.00,0,None,0,aggregation
160,300.54,remora3,remora5,0.00,0.00,0.00,0.00,0.00,0.00,0.00,0.00,0.00,0.00,0.00,0.00,0.00,0.00,0.00,0.00,0.00,0.00,0.00,0.00,1.63,1.63,1.63,1.63,1.63,1.63,1.63,1.63,1.63,1.63,3.10,3.09,3.09,3.08,3.07,3.07,3.06,3.05,3.05,3.04,0.00,0.00,1.00,0.00,0.00,0.00,0.00,-1.00,0,None,0,aggregation
160,301.54,remora3,remora5,0.00,0.00,0.00,0.00,0.00,0.00,0.00,0.00,0.00,0.00,0.00,0.00,0.00,0.00,0.00,0.00,0.00,0.00,0.00,0.00,1.63,1.63,1.63,1.63,1.63,1.63,1.63,1.63,1.63,1.63,3.04,3.03,3.03,3.02,3.02,3.01,3.01,3.00,3.00,3.00,0.00,0.00,1.00,0.00,0.00,0.00,0.00,-1.00,0,None,0,aggregation
160,302.54,remora3,remora5,0.00,0.00,0.00,0.00,0.00,0.00,0.00,0.00,0.00,0.00,0.00,0.00,0.00,0.00,0.00,0.00,0.00,0.00,0.00,0.00,1.63,1.63,1.63,1.63,1.63,1.63,1.63,1.63,1.63,1.63,2.99,2.99,2.98,2.98,2.98,2.98,2.97,2.97,2.97,2.97,0.00,0.00,1.00,0.00,0.00,0.00,0.00,-1.00,0,None,0,aggregation
160,303.54,remora3,remora5,0.00,0.00,0.00,0.00,0.00,0.00,0.00,0.00,0.00,0.00,0.00,0.00,0.00,0.00,0.00,0.00,0.00,0.00,0.00,0.00,1.63,1.63,1.63,1.64,1.65,1.66,1.68,1.69,1.70,1.72,2.97,2.97,2.96,2.97,2.97,2.98,2.99,2.99,3.00,3.01,0.00,0.00,1.00,0.00,0.00,0.00,0.00,-1.00,0,None,0,aggregation
160,304.54,remora3,remora5,0.00,0.00,0.00,0.00,0.00,0.00,0.00,0.00,0.00,0.00,0.00,0.00,0.00,0.00,0.00,0.00,0.00,0.00,0.00,0.00,1.73,1.75,1.77,1.79,1.80,1.82,1.84,1.86,1.88,1.90,3.02,3.03,3.04,3.05,3.06,3.07,3.08,3.09,3.10,3.12,0.00,0.00,1.00,0.00,0.00,0.00,0.00,-1.00,0,None,0,aggregation
160,305.54,remora3,remora5,0.00,0.00,0.00,0.00,0.00,0.00,0.00,0.00,0.00,0.00,0.00,0.00,0.00,0.00,0.00,0.00,0.00,0.00,0.00,0.00,1.92,1.94,1.97,1.99,2.01,2.03,2.06,2.08,2.11,2.13,3.13,3.15,3.16,3.17,3.19,3.21,3.22,3.24,3.25,3.27,0.00,0.00,1.00,0.00,0.00,0.00,0.00,-1.00,0,None,0,aggregation
160,306.54,remora3,remora5,0.00,0.00,0.00,0.00,0.00,0.00,0.00,0.00,0.00,0.00,0.00,0.00,0.00,0.00,0.00,0.00,0.00,0.00,0.00,0.00,2.16,2.18,2.21,2.23,2.26,2.28,2.31,2.33,2.36,2.36,3.29,3.31,3.32,3.34,3.36,3.38,3.40,3.42,3.43,3.44,0.00,0.00,1.00,0.00,0.00,0.00,0.00,-1.00,0,None,0,aggregation
160,307.54,remora3,remora5,0.00,0.00,0.00,0.00,0.00,0.00,0.00,0.00,0.00,0.00,0.00,0.00,0.00,0.00,0.00,0.00,0.00,0.00,0.00,0.00,2.36,2.35,2.35,2.34,2.34,2.34,2.33,2.33,2.33,2.33,3.45,3.45,3.46,3.46,3.46,3.47,3.48,3.48,3.49,3.50,0.00,0.00,1.00,0.00,0.00,0.00,0.00,-1.00,0,None,0,aggregation
160,308.54,remora3,remora5,0.00,0.00,0.00,0.00,0.00,0.00,0.00,0.00,0.00,0.00,0.00,0.00,0.00,0.00,0.00,0.00,0.00,0.00,0.00,0.00,2.34,2.36,2.37,2.38,2.40,2.41,2.43,2.43,2.43,2.44,3.51,3.52,3.54,3.55,3.57,3.58,3.60,3.61,3.62,3.63,0.00,0.00,1.00,0.00,0.00,0.00,0.00,-1.00,0,None,0,aggregation
160,309.54,remora3,remora5,0.00,0.00,0.00,0.00,0.00,0.00,0.00,0.00,0.00,0.00,0.00,0.00,0.00,0.00,0.00,0.00,0.00,0.00,0.00,0.00,2.45,2.47,2.48,2.49,2.49,2.49,2.51,2.52,2.53,2.55,3.64,3.66,3.68,3.69,3.70,3.71,3.72,3.74,3.75,3.77,0.00,0.00,1.00,0.00,0.00,0.00,0.00,-1.00,0,None,0,aggregation
160,310.54,remora3,remora5,0.00,0.00,0.00,0.00,0.00,0.00,0.00,0.00,0.00,0.00,0.00,0.00,0.00,0.00,0.00,0.00,0.00,0.00,0.00,0.00,2.56,2.57,2.57,2.57,2.59,2.60,2.62,2.62,2.62,2.62,3.79,3.80,3.81,3.82,3.84,3.85,3.87,3.88,3.89,3.90,0.00,0.00,1.00,0.00,0.00,0.00,0.00,-1.00,0,None,0,aggregation
160,311.54,remora3,remora5,0.00,0.00,0.00,0.00,0.00,0.00,0.00,0.00,0.00,0.00,0.00,0.00,0.00,0.00,0.00,0.00,0.00,0.00,0.00,0.00,2.62,2.62,2.63,2.64,2.65,2.66,2.67,2.69,2.70,2.71,3.91,3.92,3.93,3.95,3.96,3.98,3.99,4.01,4.02,4.04,0.00,0.00,1.00,0.00,0.00,0.00,0.00,-1.00,0,None,0,aggregation
160,312.54,remora3,remora5,0.00,0.00,0.00,0.00,0.00,0.00,0.00,0.00,0.00,0.00,0.00,0.00,0.00,0.00,0.00,0.00,0.00,0.00,0.00,0.00,2.72,2.74,2.75,2.77,2.78,2.79,2.79,2.78,2.78,2.78,4.05,4.07,4.09,4.10,4.12,4.13,4.14,4.15,4.16,4.17,0.00,0.00,1.00,0.00,0.00,0.00,0.00,-1.00,0,None,0,aggregation
160,313.54,remora3,remora5,0.00,0.00,0.00,0.00,0.00,0.00,0.00,0.00,0.00,0.00,0.00,0.00,0.00,0.00,0.00,0.00,0.00,0.00,0.00,0.00,2.79,2.81,2.82,2.83,2.84,2.85,2.86,2.87,2.86,2.87,4.19,4.20,4.22,4.23,4.25,4.27,4.28,4.29,4.30,4.31,0.00,0.00,1.00,0.00,0.00,0.00,0.00,-1.00,0,None,0,aggregation
160,314.54,remora3,remora5,0.00,0.00,0.00,0.00,0.00,0.00,0.00,0.00,0.00,0.00,0.00,0.00,0.00,0.00,0.00,0.00,0.00,0.00,0.00,0.00,2.88,2.89,2.90,2.91,2.91,2.90,2.90,2.90,2.91,2.92,4.33,4.35,4.36,4.38,4.38,4.39,4.40,4.41,4.43,4.44,0.00,0.00,1.00,0.00,0.00,0.00,0.00,-1.00,0,None,0,aggregation
160,315.54,remora3,remora5,0.00,0.00,0.00,0.00,0.00,0.00,0.00,0.00,0.00,0.00,0.00,0.00,0.00,0.00,0.00,0.00,0.00,0.00,0.00,0.00,2.92,2.93,2.94,2.95,2.96,2.96,2.96,2.96,2.97,2.98,4.46,4.47,4.49,5.03,5.04,5.05,5.05,5.06,5.07,5.08,0.00,0.00,1.00,0.00,0.00,0.00,0.00,-1.00,0,None,0,aggregation
160,316.54,remora3,remora5,0.00,0.00,0.00,0.00,0.00,0.00,0.00,0.00,0.00,0.00,0.00,0.00,0.00,0.00,0.00,0.00,0.00,0.00,0.00,0.00,2.98,2.99,3.00,3.00,3.00,3.00,2.99,2.99,3.00,3.00,5.09,5.10,5.11,5.12,5.13,5.13,5.14,5.15,5.16,5.16,0.00,0.00,1.00,0.00,0.00,0.00,0.00,-1.00,0,None,0,aggregation
160,317.54,remora3,remora5,0.00,0.00,0.00,0.00,0.00,0.00,0.00,0.00,0.00,0.00,0.00,0.00,0.00,0.00,0.00,0.00,0.00,0.00,0.00,0.00,3.01,3.01,3.02,3.03,3.03,3.04,3.05,3.06,3.05,3.05,5.17,5.18,5.19,5.20,5.21,5.22,5.23,5.24,5.25,5.26,0.00,0.00,0.00,0.00,0.00,0.00,0.00,-1.00,0,None,0,aggregation
160,318.54,remora3,remora5,0.00,0.00,0.00,0.00,0.00,0.00,0.00,0.00,0.00,0.00,0.00,0.00,0.00,0.00,0.00,0.00,0.00,0.00,0.00,0.00,3.04,3.04,3.05,3.05,3.06,3.06,3.07,3.07,3.08,3.09,5.26,5.27,5.28,5.29,5.30,5.31,5.32,5.33,5.34,5.35,0.00,0.00,0.00,0.00,0.00,0.00,0.00,-1.00,0,None,0,aggregation
160,319.54,remora3,remora5,0.00,0.00,0.00,0.00,0.00,0.00,0.00,0.00,0.00,0.00,0.00,0.00,0.00,0.00,0.00,0.00,0.00,0.00,0.00,0.00,3.10,3.09,3.09,3.09,3.08,3.08,3.09,3.09,3.09,3.10,5.36,5.37,5.37,5.38,5.39,5.40,5.41,5.42,5.43,5.44,0.00,0.00,0.00,0.00,0.00,0.00,0.00,-1.00,0,None,0,aggregation
160,320.54,remora3,remora5,0.00,0.00,0.00,0.00,0.00,0.00,0.00,0.00,0.00,0.00,0.00,0.00,0.00,0.00,0.00,0.00,0.00,0.00,0.00,0.00,3.11,3.11,3.12,3.13,3.13,3.14,3.13,3.13,3.12,3.13,5.45,5.46,5.47,5.48,5.49,5.50,5.51,5.51,5.52,5.53,0.00,0.00,0.00,0.00,0.00,0.00,0.00,-1.00,0,None,0,aggregation
160,321.54,remora3,remora5,0.00,0.00,0.00,0.00,0.00,0.00,0.00,0.00,0.00,0.00,0.00,0.00,0.00,0.00,0.00,0.00,0.00,0.00,0.00,0.00,3.13,3.14,3.14,3.15,3.15,3.16,3.15,3.15,3.14,3.15,5.54,5.55,5.56,5.57,5.58,5.59,5.60,5.61,5.61,5.62,0.00,0.00,0.00,0.00,0.00,0.00,0.00,-1.00,0,None,0,aggregation
160,322.54,remora3,remora5,0.00,0.00,0.00,0.00,0.00,0.00,0.00,0.00,0.00,0.00,0.00,0.00,0.00,0.00,0.00,0.00,0.00,0.00,0.00,0.00,3.15,3.15,3.16,3.16,3.17,3.17,3.17,3.16,3.16,3.16,5.63,5.64,5.65,5.66,5.67,5.68,5.69,5.70,5.71,5.71,0.00,0.00,0.00,0.00,0.00,0.00,0.00,-1.00,0,None,0,aggregation
160,323.54,remora3,remora5,0.00,0.00,0.00,0.00,0.00,0.00,0.00,0.00,0.00,0.00,0.00,0.00,0.00,0.00,0.00,0.00,0.00,0.00,0.00,0.00,3.16,3.16,3.17,3.17,3.17,3.18,3.19,3.19,3.20,3.20,5.72,5.73,5.74,5.76,5.77,5.78,5.79,5.80,5.81,5.82,0.00,0.00,0.00,0.00,0.00,0.00,0.00,-1.00,0,None,0,aggregation
160,324.54,remora3,remora5,-19.08,-19.08,-18.24,-18.24,-15.66,-15.66,-13.43,-13.43,-10.86,-10.86,-8.62,-8.62,-7.78,-7.78,-5.20,-5.20,-2.96,-2.96,-0.40,-0.40,3.20,3.20,3.21,3.22,3.23,3.24,3.25,3.27,3.28,3.29,5.83,5.84,5.85,5.86,5.87,5.88,5.90,5.91,5.92,5.93,10.22,0.00,0.00,0.00,0.00,0.00,0.00,-1.00,0,None,0,aggregation
160,325.54,remora3,remora5,-8.34,-8.34,-5.90,-5.90,-3.92,-3.92,-1.67,-1.67,0.62,0.62,2.13,2.13,4.56,4.56,6.28,6.28,8.08,8.08,9.91,9.91,3.29,3.30,3.31,3.31,3.31,3.31,3.31,3.32,3.32,3.32,5.95,5.96,5.97,5.98,5.99,6.00,6.01,6.02,6.03,6.04,12.91,0.00,0.00,0.00,0.00,0.00,0.00,-1.00,0,None,0,aggregation
160,326.54,remora3,remora5,2.76,2.76,4.62,4.62,6.11,6.11,7.63,7.63,9.30,9.30,11.61,11.61,13.09,13.09,14.27,14.27,15.46,15.46,16.77,16.77,3.31,3.31,3.31,3.31,3.32,3.32,3.31,3.30,3.29,3.29,6.04,6.05,6.06,6.07,6.08,6.09,6.10,6.11,6.11,6.12,23.07,0.00,0.00,0.00,0.00,0.00,0.00,-1.00,0,None,0,aggregation
160,327.54,remora3,remora5,10.49,10.49,11.79,11.79,13.10,13.10,14.51,14.51,15.82,15.82,17.70,17.70,18.70,18.70,19.71,19.71,20.78,20.78,21.77,21.77,3.29,3.29,3.30,3.30,3.30,3.31,3.32,3.32,3.31,3.31,6.13,6.14,6.16,6.17,6.18,6.19,6.21,6.22,6.23,6.24,39.51,0.00,0.00,0.00,0.00,0.00,0.00,-1.00,0,None,0,aggregation
160,328.54,remora3,remora5,16.91,16.91,17.66,17.66,18.85,18.85,19.98,19.98,20.91,20.91,22.59,22.59,23.14,23.14,24.01,24.01,24.83,24.83,25.48,25.48,3.30,3.31,3.31,3.32,3.33,3.34,3.35,3.36,3.37,3.38,6.25,6.26,6.28,6.30,6.31,6.33,6.34,6.36,6.38,6.40,60.94,0.00,0.00,1.00,0.00,0.00,0.00,-1.00,0,None,0,aggregation
160,329.54,remora3,remora5,21.72,21.72,22.39,22.39,23.20,23.20,23.98,23.98,24.83,24.83,26.05,26.05,26.51,26.51,27.05,27.05,27.56,27.56,28.10,28.10,3.38,3.39,3.40,3.42,3.43,3.44,3.44,3.46,3.47,3.49,6.41,6.43,6.45,6.47,6.49,6.51,6.53,6.55,6.57,6.59,86.08,0.00,0.00,1.00,0.00,0.00,0.00,-1.00,0,None,0,aggregation
160,330.54,remora3,remora5,25.35,25.35,25.97,25.97,26.28,26.28,26.71,26.71,27.13,27.13,28.41,28.41,28.78,28.78,28.95,28.95,29.19,29.19,29.40,29.40,3.50,3.52,3.53,3.55,3.57,3.59,3.60,3.62,3.64,3.66,6.61,6.63,6.65,5.01,5.03,5.05,5.07,5.09,5.11,5.13,113.70,0.00,0.00,1.00,0.00,0.00,0.00,-1.00,0,None,0,aggregation
160,331.54,remora3,remora5,27.53,27.53,27.90,27.90,28.35,28.35,28.35,28.57,28.73,28.73,29.60,29.60,29.77,29.77,29.94,29.94,29.94,30.02,30.07,30.07,3.68,3.70,3.72,3.74,3.76,3.78,3.81,3.83,3.85,3.87,5.15,5.17,5.19,5.21,5.23,5.25,5.28,5.30,5.32,5.34,142.73,0.00,0.00,1.00,0.00,0.00,0.00,-1.00,0,None,0,aggregation
160,332.54,remora3,remora5,29.05,29.05,29.21,29.21,29.30,29.30,29.58,29.58,29.71,29.71,30.14,30.14,30.17,30.17,30.18,30.18,30.18,30.18,30.16,30.16,3.90,3.92,3.94,3.97,3.99,4.01,4.04,4.06,4.09,4.11,5.37,5.39,5.42,5.44,5.46,5.49,5.51,5.54,5.56,5.59,172.50,0.00,0.00,1.00,0.00,0.00,0.00,-1.00,0,None,0,aggregation
160,333.54,remora3,remora5,29.82,29.82,29.88,29.88,29.97,29.97,30.01,30.01,30.09,30.09,30.12,30.12,30.09,30.09,30.03,30.03,29.99,29.99,29.88,29.88,4.14,4.16,4.19,4.21,4.24,4.27,4.29,4.32,4.35,4.37,5.61,5.64,5.66,5.69,5.71,5.74,5.77,5.79,5.82,5.84,202.49,0.00,0.00,1.00,0.00,0.00,0.00,-1.00,0,None,0,aggregation
160,334.54,remora3,remora5,30.14,30.14,30.14,30.14,30.17,30.17,30.18,30.18,30.18,30.18,29.77,29.77,29.77,29.77,29.65,29.65,29.55,29.55,29.31,29.31,4.39,4.41,4.43,4.46,4.49,4.52,4.55,4.57,4.58,4.61,5.87,5.89,5.92,5.94,5.97,6.00,6.03,6.05,6.07,6.09,222.15,0.00,0.00,1.00,0.00,0.00,0.00,-1.00,0,None,0,aggregation
160,335.54,remora3,remora5,30.18,30.18,30.16,30.16,30.13,30.13,30.05,30.05,30.10,30.10,29.39,29.39,29.16,29.16,28.99,28.99,28.69,28.69,28.85,28.85,4.64,4.67,4.70,4.73,4.76,4.77,4.78,4.79,4.81,4.84,6.12,6.15,6.18,6.21,6.23,6.25,6.27,6.29,6.31,6.34,249.03,0.00,0.00,1.00,0.00,0.00,0.00,-1.00,0,None,0,aggregation
160,131.54,remora3,remora8,29.96,29.96,29.93,29.93,29.93,29.93,29.93,29.93,29.93,29.93,30.04,30.04,30.06,30.06,30.06,30.06,30.06,30.06,30.06,30.06,3.42,3.39,3.36,3.33,3.30,3.27,3.24,3.21,3.18,3.15,6.30,6.29,6.27,6.25,6.23,6.21,6.19,6.16,6.14,6.12,293.97,0.00,0.00,1.00,0.00,0.00,0.00,-1.00,0,None,0,aggregation
160,132.54,remora3,remora8,29.95,29.95,29.95,29.95,29.95,29.95,29.95,29.95,29.95,29.95,30.04,30.04,30.04,30.04,30.04,30.04,30.04,30.04,30.04,30.04,3.12,3.09,3.06,3.03,3.00,2.97,2.94,2.91,2.88,2.85,6.09,6.07,6.05,6.03,6.00,5.98,5.96,5.93,5.91,5.89,293.97,0.00,0.00,1.00,0.00,0.00,0.00,-1.00,0,None,0,aggregation
160,133.54,remora3,remora8,29.95,29.95,29.93,29.93,29.93,29.93,29.93,29.93,29.95,29.95,30.04,30.04,30.06,30.06,30.06,30.06,30.06,30.06,30.04,30.04,2.82,2.79,2.76,2.73,2.70,2.67,2.64,2.61,2.58,2.55,5.86,5.84,5.82,4.22,4.21,4.19,4.17,4.15,4.13,4.11,293.97,0.00,1.00,1.00,0.00,0.00,0.00,-1.00,0,None,0,aggregation
160,134.54,remora3,remora8,29.95,29.95,29.95,29.95,29.93,29.93,29.93,29.93,29.93,29.93,30.04,30.04,30.04,30.04,30.06,30.06,30.06,30.06,30.06,30.06,2.52,2.49,2.46,2.43,2.40,2.37,2.34,2.31,2.28,2.25,4.10,4.08,4.06,4.04,4.02,4.00,3.99,3.97,3.95,3.93,293.96,0.00,1.00,1.00,0.00,0.00,0.00,-1.00,0,None,0,aggregation
160,135.54,remora3,remora8,29.93,29.93,29.95,29.95,29.93,29.93,29.93,29.93,29.93,29.93,30.06,30.06,30.04,30.04,30.06,30.06,30.06,30.06,30.06,30.06,2.22,2.19,2.16,2.13,2.10,2.07,2.04,2.01,1.98,1.95,3.91,3.89,3.87,3.86,3.84,3.82,3.80,3.78,3.76,3.74,299.96,0.00,1.00,1.00,0.00,0.00,0.00,-1.00,0,None,0,aggregation
160,136.54,remora3,remora8,29.93,29.93,29.93,29.93,29.93,29.93,29.93,29.93,29.90,29.90,30.06,30.06,30.06,30.06,30.06,30.06,30.06,30.06,30.08,30.08,1.92,1.89,1.86,1.83,1.80,1.77,1.74,1.71,1.68,1.65,3.72,3.70,3.68,3.67,3.65,3.63,3.61,3.59,3.57,3.55,299.96,0.00,1.00,1.00,0.00,0.00,0.00,-1.00,0,None,0,aggregation
160,137.54,remora3,remora8,0.00,0.00,0.00,0.00,0.00,0.00,0.00,0.00,0.00,0.00,0.00,0.00,0.00,0.00,0.00,0.00,0.00,0.00,0.00,0.00,1.63,1.62,1.62,1.62,1.62,1.62,1.62,1.62,1.62,1.62,3.54,3.54,3.55,3.56,3.56,3.57,3.58,3.59,3.59,3.60,269.96,0.00,1.00,1.00,0.00,0.00,0.00,-1.00,0,None,0,aggregation
160,138.54,remora3,remora8,0.00,0.00,0.00,0.00,0.00,0.00,0.00,0.00,0.00,0.00,0.00,0.00,0.00,0.00,0.00,0.00,0.00,0.00,0.00,0.00,1.62,1.62,1.62,1.62,1.62,1.62,1.62,1.62,1.62,1.62,3.61,3.62,3.62,3.63,3.64,3.64,3.65,3.65,3.66,3.67,239.97,0.00,1.00,1.00,0.00,0.00,0.00,-1.00,0,None,0,aggregation
160,227.54,remora3,remora8,30.00,30.00,30.00,30.00,30.00,30.00,30.00,30.00,30.00,30.00,30.00,30.00,30.00,30.00,30.00,30.00,30.00,30.00,30.00,30.00,5.80,5.81,5.81,5.82,5.82,5.82,5.82,5.82,5.83,5.83,7.32,7.31,7.30,7.29,7.28,7.26,7.25,7.24,7.22,7.21,300.00,0.00,0.00,1.00,0.00,0.00,0.00,-1.00,0,None,0,aggregation
160,228.54,remora3,remora8,30.00,30.00,30.00,30.00,30.00,30.00,30.00,30.00,30.00,30.00,30.00,30.00,30.00,30.00,30.00,30.00,30.00,30.00,30.00,30.00,5.84,5.84,5.85,5.85,5.86,5.87,5.88,5.88,5.89,5.90,7.20,7.19,7.17,7.16,7.15,7.14,7.13,7.12,7.10,7.09,300.00,0.00,0.00,1.00,0.00,0.00,0.00,-1.00,0,None,0,aggregation
160,229.54,remora3,remora8,30.00,30.00,30.00,30.00,30.00,30.00,30.00,30.00,30.00,30.00,30.00,30.00,30.00,30.00,30.00,30.00,30.00,30.00,30.00,30.00,5.92,5.93,5.94,5.95,5.96,5.98,5.99,6.01,6.02,6.04,7.08,7.07,7.06,7.05,7.04,7.03,7.02,7.01,7.00,6.99,300.00,0.00,0.00,1.00,0.00,0.00,0.00,-1.00,0,None,0,aggregation
160,230.54,remora3,remora8,30.00,30.00,30.00,30.00,30.00,30.00,30.00,30.00,30.00,30.00,30.00,30.00,30.00,30.00,30.00,30.00,30.00,30.00,30.00,30.00,6.06,6.07,6.09,6.11,6.13,6.15,6.17,6.19,6.21,6.23,6.98,6.97,6.96,6.95,6.94,6.93,6.92,6.91,6.90,6.90,300.00,0.00,0.00,1.00,0.00,0.00,0.00,-1.00,0,None,0,aggregation
160,231.54,remora3,remora8,30.00,30.00,30.00,30.00,30.00,30.00,30.00,30.00,30.00,30.00,30.00,30.00,30.00,30.00,30.00,30.00,30.00,30.00,30.00,30.00,6.25,6.24,6.21,6.18,6.15,6.12,6.08,6.05,6.01,5.98,6.89,6.88,6.87,6.86,6.84,6.83,6.82,6.81,6.80,6.79,300.00,0.00,0.00,1.00,0.00,0.00,0.00,-1.00,0,None,0,aggregation
160,232.54,remora3,remora8,30.00,30.00,30.00,30.00,30.00,30.00,30.00,30.00,30.00,30.00,30.00,30.00,30.00,30.00,30.00,30.00,30.00,30.00,30.00,30.00,5.94,5.90,5.86,5.82,5.79,5.75,5.71,5.66,5.62,5.58,6.78,6.76,6.75,6.74,6.73,6.72,6.71,6.70,6.68,6.67,300.00,0.00,0.00,1.00,0.00,0.00,0.00,-1.00,0,None,0,aggregation
160,233.54,remora3,remora8,30.00,30.00,30.00,30.00,30.00,30.00,30.00,30.00,30.00,30.00,30.00,30.00,30.00,30.00,30.00,30.00,30.00,30.00,30.00,30.00,5.54,5.49,5.45,5.41,5.36,5.32,5.27,5.23,5.18,5.13,6.66,6.65,6.64,6.63,6.62,6.60,6.59,6.58,6.57,6.56,300.00,0.00,0.00,1.00,0.00,0.00,0.00,-1.00,0,None,0,aggregation
160,234.54,remora3,remora8,0.00,0.00,29.80,29.80,29.80,29.80,29.80,29.80,29.86,29.86,0.00,0.00,30.13,30.13,30.13,30.13,30.13,30.13,30.10,30.10,5.10,5.08,5.05,5.01,4.97,4.92,4.87,4.83,4.78,4.73,6.55,6.55,6.54,6.53,6.52,6.51,6.49,6.48,6.47,6.46,293.97,0.00,0.00,1.00,0.00,0.00,0.00,-1.00,0,None,0,aggregation
160,235.54,remora3,remora8,29.86,29.86,29.98,29.98,30.06,30.06,30.13,30.13,30.16,30.16,30.10,30.10,30.02,30.02,29.93,29.93,29.80,29.80,29.71,29.71,4.69,4.64,4.59,4.55,4.50,4.46,4.42,4.37,4.33,4.28,6.45,6.44,6.42,6.41,6.40,6.39,6.38,6.37,6.36,6.35,293.95,0.00,0.00,1.00,0.00,0.00,0.00,-1.00,0,None,0,aggregation
160,236.54,remora3,remora8,30.15,30.15,30.16,30.16,30.17,30.17,30.17,30.17,30.18,30.18,29.74,29.74,29.68,29.68,29.62,29.62,29.64,29.64,29.58,29.58,4.24,4.20,4.15,4.11,4.07,4.03,3.99,3.95,3.90,3.86,6.34,6.33,6.32,6.31,6.31,6.30,6.29,6.28,6.27,6.26,293.86,0.00,0.00,1.00,0.00,0.00,0.00,-1.00,0,None,0,aggregation
160,237.54,remora3,remora8,30.18,30.18,30.18,30.18,30.18,30.18,30.18,30.18,30.17,30.17,29.60,29.60,29.60,29.60,29.60,29.60,29.59,29.59,29.65,29.65,3.82,3.78,3.74,3.70,3.66,3.62,3.58,3.54,3.50,3.46,6.26,6.25,6.24,6.23,6.23,6.22,6.21,6.21,6.20,6.19,293.75,0.00,0.00,1.00,0.00,0.00,0.00,-1.00,0,None,0,aggregation
160,238.54,remora3,remora8,30.17,30.17,30.17,30.17,30.15,30.15,30.18,30.18,30.18,30.18,29.66,29.66,29.66,29.66,29.72,29.72,29.60,29.60,29.58,29.58,3.42,3.38,3.35,3.31,3.27,3.23,3.20,3.16,3.12,3.09,6.19,6.18,6.18,6.18,6.17,6.17,6.16,6.16,6.16,6.16,293.65,0.00,0.00,1.00,0.00,0.00,0.00,-1.00,0,None,0,aggregation
160,239.54,remora3,remora8,30.18,30.18,30.18,30.18,30.19,30.19,30.18,30.18,30.18,30.18,29.54,29.54,29.49,29.49,29.43,29.43,29.38,29.38,29.41,29.41,3.05,3.01,2.98,2.94,2.91,2.88,2.84,2.81,2.78,2.75,6.15,6.15,6.15,6.15,6.15,6.15,6.15,5.39,5.38,5.37,293.47,0.00,1.00,1.00,0.00,0.00,0.00,-1.00,0,None,0,aggregation
160,240.54,remora3,remora8,30.18,30.18,30.19,30.19,30.18,30.18,30.18,30.18,30.18,30.18,29.41,29.41,29.43,29.43,29.49,29.49,29.55,29.55,29.54,29.54,2.72,2.69,2.66,2.63,2.60,2.57,2.55,2.52,2.50,2.47,5.37,5.36,5.35,5.34,5.34,5.33,5.32,5.32,5.31,5.31,293.31,0.00,1.00,1.00,0.00,0.00,0.00,-1.00,0,None,0,aggregation
160,241.54,remora3,remora8,30.18,30.18,30.16,30.16,30.15,30.15,30.14,30.14,30.13,30.13,29.60,29.60,29.67,29.67,29.73,29.73,29.75,29.75,29.80,29.80,2.45,2.43,2.41,2.39,2.37,2.35,2.33,2.32,2.30,2.29,5.31,5.30,5.30,5.30,5.30,5.29,5.29,5.29,5.29,5.29,293.24,0.00,1.00,1.00,0.00,0.00,0.00,-1.00,0,None,0,aggregation
160,242.54,remora3,remora8,30.11,30.11,30.08,30.08,30.06,30.06,30.05,30.05,30.01,30.01,29.85,29.85,29.89,29.89,29.93,29.93,29.95,29.95,29.99,29.99,2.28,2.27,2.26,2.25,2.24,2.23,2.23,2.22,2.22,2.22,5.29,5.30,5.30,5.30,5.30,5.89,5.88,5.88,5.87,5.87,293.23,0.00,1.00,1.00,0.00,0.00,0.00,-1.00,0,None,0,aggregation
160,243.54,remora3,remora8,29.95,29.95,29.90,29.90,29.83,29.83,29.86,29.86,29.87,29.87,30.04,30.04,30.08,30.08,30.12,30.12,30.10,30.10,30.10,30.10,2.22,2.22,2.22,2.23,2.23,2.23,2.24,2.25,2.26,2.26,5.86,5.86,5.85,5.85,5.85,5.84,5.83,5.82,5.81,5.80,293.21,0.00,1.00,1.00,0.00,0.00,0.00,-1.00,0,None,0,aggregation
160,244.54,remora3,remora8,29.93,29.93,29.99,29.99,29.98,29.98,30.03,30.03,30.10,30.10,30.06,30.06,30.01,30.01,30.02,30.02,29.97,29.97,29.87,29.87,2.27,2.28,2.30,2.31,2.32,2.33,2.35,2.36,2.38,2.40,5.79,5.78,5.78,5.77,5.77,5.76,5.76,5.75,5.74,5.74,299.23,0.00,1.00,1.00,0.00,0.00,0.00,-1.00,0,None,0,aggregation
160,245.54,remora3,remora8,30.15,30.15,30.18,30.18,30.19,30.19,30.18,30.18,30.12,30.12,29.73,29.73,29.60,29.60,29.45,29.45,29.31,29.31,28.94,28.94,2.41,2.43,2.45,2.47,2.48,2.50,2.52,2.54,2.56,2.58,5.73,5.73,5.72,5.72,5.71,5.71,5.70,5.70,5.69,5.69,299.04,0.00,1.00,1.00,0.00,0.00,0.00,-1.00,0,None,0,aggregation
160,246.54,remora3,remora8,30.05,30.05,29.92,29.92,29.66,29.66,29.48,29.48,29.12,29.12,28.67,28.67,28.29,28.29,27.67,27.67,27.27,27.27,26.59,26.59,2.61,2.63,2.65,2.67,2.69,2.72,2.74,2.76,2.78,2.81,5.68,5.68,5.67,5.67,5.67,5.66,5.66,5.66,5.65,5.65,297.81,0.00,1.00,1.00,0.00,0.00,0.00,-1.00,0,None,0,aggregation
160,247.54,remora3,remora8,28.64,28.64,28.24,28.24,27.63,27.63,27.14,27.14,26.59,26.59,25.74,25.74,25.06,25.06,24.09,24.09,23.33,23.33,22.51,22.51,2.83,2.85,2.88,2.90,2.93,2.95,2.98,3.00,3.03,3.05,5.64,4.55,4.53,4.52,4.51,4.49,4.48,4.47,4.45,4.44,293.81,0.00,1.00,1.00,0.00,0.00,0.00,-1.00,0,None,0,aggregation
160,248.54,remora3,remora8,26.34,26.34,25.87,25.87,25.32,25.32,24.91,24.91,24.47,24.47,22.14,22.14,21.46,21.46,20.68,20.68,20.10,20.10,19.48,19.48,3.08,3.11,3.13,3.12,3.11,3.09,3.06,3.04,3.02,3.00,4.43,4.42,4.42,4.41,4.40,4.39,4.38,4.37,4.36,4.35,286.98,0.00,0.00,1.00,0.00,0.00,0.00,-1.00,0,None,0,aggregation
160,249.54,remora3,remora8,24.64,24.64,24.96,24.96,25.35,25.35,25.86,25.86,26.00,26.00,19.72,19.72,20.16,20.16,20.72,20.72,21.44,21.44,21.65,21.65,2.98,2.96,2.93,2.91,2.89,2.86,2.84,2.83,2.80,2.78,4.34,4.34,4.33,4.32,4.31,4.30,4.29,4.28,4.28,4.27,280.22,0.00,1.00,1.00,0.00,0.00,0.00,-1.00,0,None,0,aggregation
160,250.54,remora3,remora8,26.27,26.27,26.63,26.63,26.69,26.69,26.80,26.80,27.00,27.00,22.04,22.04,22.57,22.57,22.67,22.67,22.82,22.82,23.12,23.12,2.75,2.73,2.71,2.69,2.67,2.64,2.62,2.60,2.58,2.55,4.26,4.26,4.25,4.25,4.25,4.24,4.24,4.24,4.23,4.22,275.04,0.00,1.00,1.00,0.00,0.00,0.00,-1.00,0,None,0,aggregation
160,251.54,remora3,remora8,27.24,27.24,27.46,27.46,27.63,27.63,27.86,27.86,28.02,28.02,23.49,23.49,23.83,23.83,24.09,24.09,24.45,24.45,24.71,24.71,2.53,2.50,2.48,2.45,2.42,2.39,2.36,2.34,2.31,2.28,4.22,4.21,4.21,4.20,4.20,4.20,4.19,4.19,4.19,4.19,270.99,0.00,1.00,1.00,0.00,0.00,0.00,-1.00,0,None,0,aggregation
160,252.54,remora3,remora8,28.22,28.22,28.24,28.24,28.53,28.53,28.69,28.69,28.80,28.80,25.04,25.04,25.06,25.06,25.55,25.55,25.82,25.82,26.01,26.01,2.25,2.22,2.19,2.16,2.13,2.10,2.07,2.04,2.02,1.99,4.20,4.19,4.19,4.19,4.19,4.18,4.18,4.18,4.18,4.18,268.00,0.00,1.00,1.00,0.00,0.00,0.00,-1.00,0,None,0,aggregation
160,253.54,remora3,remora8,28.91,28.91,28.93,28.93,28.99,28.99,28.99,28.99,29.14,29.14,26.19,26.19,26.23,26.23,26.35,26.35,26.34,26.34,26.63,26.63,1.97,1.94,1.91,1.88,1.85,1.83,1.80,1.77,1.74,1.71,4.18,4.18,4.19,4.19,4.19,4.20,4.20,4.20,4.20,4.20,265.68,0.00,1.00,1.00,0.00,0.00,0.00,-1.00,0,None,0,aggregation
160,254.54,remora3,remora8,29.22,29.22,0.00,0.00,0.00,0.00,0.00,0.00,0.00,0.00,26.78,26.78,0.00,0.00,0.00,0.00,0.00,0.00,0.00,0.00,1.68,1.65,1.62,1.61,1.61,1.61,1.61,1.61,1.60,1.60,4.21,4.21,4.22,4.22,4.22,4.22,4.23,4.23,4.23,4.23,241.29,0.00,1.00,1.00,0.00,0.00,0.00,-1.00,0,None,0,aggregation
160,255.54,remora3,remora8,0.00,0.00,0.00,0.00,0.00,0.00,0.00,0.00,0.00,0.00,0.00,0.00,0.00,0.00,0.00,0.00,0.00,0.00,0.00,0.00,1.60,1.59,1.59,1.59,1.59,1.59,1.59,1.59,1.58,1.58,4.23,4.23,4.24,4.24,4.24,4.24,4.24,4.24,4.24,4.24,211.50,0.00,1.00,1.00,0.00,0.00,0.00,-1.00,0,None,0,aggregation
160,256.54,remora3,remora8,0.00,0.00,0.00,0.00,0.00,0.00,0.00,0.00,0.00,0.00,0.00,0.00,0.00,0.00,0.00,0.00,0.00,0.00,0.00,0.00,1.58,1.58,1.57,1.57,1.57,1.57,1.56,1.56,1.56,1.56,4.25,4.25,4.25,4.24,4.24,4.24,4.23,4.23,4.23,4.23,182.83,0.00,1.00,1.00,0.00,0.00,0.00,-1.00,0,None,0,aggregation
160,257.54,remora3,remora8,0.00,0.00,0.00,0.00,0.00,0.00,0.00,0.00,0.00,0.00,0.00,0.00,0.00,0.00,0.00,0.00,0.00,0.00,0.00,0.00,1.56,1.55,1.55,1.55,1.55,1.55,1.55,1.55,1.55,1.54,4.22,4.22,4.22,4.22,4.22,4.22,4.22,4.21,4.21,4.21,156.93,0.00,1.00,1.00,0.00,0.00,0.00,-1.00,0,None,0,aggregation
160,258.54,remora3,remora8,0.00,0.00,0.00,0.00,0.00,0.00,0.00,0.00,0.00,0.00,0.00,0.00,0.00,0.00,0.00,0.00,0.00,0.00,0.00,0.00,1.54,1.54,1.54,1.54,1.54,1.54,1.54,1.53,1.53,1.53,4.21,4.21,4.20,4.20,4.20,4.20,4.20,4.20,4.20,4.20,133.86,0.00,1.00,1.00,0.00,0.00,0.00,-1.00,0,None,0,aggregation
160,259.54,remora3,remora8,0.00,0.00,0.00,0.00,0.00,0.00,0.00,0.00,0.00,0.00,0.00,0.00,0.00,0.00,0.00,0.00,0.00,0.00,0.00,0.00,1.53,1.53,1.52,1.52,1.52,1.52,1.52,1.52,1.52,1.52,4.20,4.19,4.19,4.19,4.19,4.19,4.18,4.18,4.18,4.18,110.80,0.00,1.00,1.00,0.00,0.00,0.00,-1.00,0,None,0,aggregation
160,260.54,remora3,remora8,0.00,0.00,0.00,0.00,0.00,0.00,0.00,0.00,0.00,0.00,0.00,0.00,0.00,0.00,0.00,0.00,0.00,0.00,0.00,0.00,1.52,1.51,1.51,1.51,1.51,1.50,1.50,1.50,1.50,1.50,4.18,4.18,4.18,4.17,4.17,4.17,4.16,4.16,4.16,4.15,86.14,0.00,1.00,1.00,0.00,0.00,0.00,-1.00,0,None,0,aggregation
160,261.54,remora3,remora8,0.00,0.00,0.00,0.00,0.00,0.00,0.00,0.00,0.00,0.00,0.00,0.00,0.00,0.00,0.00,0.00,0.00,0.00,0.00,0.00,1.50,1.50,1.50,1.50,1.49,1.49,1.49,1.49,1.49,1.49,4.15,4.15,4.14,4.14,4.13,4.13,4.13,4.13,4.12,4.12,60.27,1.00,0.00,1.00,0.00,0.00,0.00,-1.00,0,None,0,aggregation
160,262.54,remora3,remora8,0.00,0.00,0.00,0.00,0.00,0.00,0.00,0.00,0.00,0.00,0.00,0.00,0.00,0.00,0.00,0.00,0.00,0.00,0.00,0.00,1.49,1.49,1.48,1.48,1.48,1.48,1.48,1.48,1.47,1.47,4.11,4.11,4.10,4.10,4.09,4.09,4.08,4.08,4.07,4.07,33.27,1.00,0.00,0.00,0.00,0.00,0.00,-1.00,0,None,0,aggregation
160,263.54,remora3,remora8,0.00,0.00,0.00,0.00,0.00,0.00,0.00,0.00,0.00,0.00,0.00,0.00,0.00,0.00,0.00,0.00,0.00,0.00,0.00,0.00,1.47,1.47,1.47,1.47,1.47,1.47,1.46,1.46,1.46,1.46,4.07,4.06,4.05,4.05,4.04,4.04,4.03,4.02,4.02,4.01,5.60,1.00,0.00,0.00,0.00,0.00,0.00,-1.00,0,None,0,aggregation
160,264.54,remora3,remora8,0.00,0.00,0.00,0.00,0.00,0.00,0.00,0.00,0.00,0.00,0.00,0.00,0.00,0.00,0.00,0.00,0.00,0.00,0.00,0.00,1.46,1.46,1.46,1.46,1.45,1.45,1.45,1.45,1.45,1.45,4.01,4.00,4.00,3.99,3.99,3.98,3.97,3.97,3.96,3.95,0.00,1.00,0.00,0.00,0.00,0.00,0.00,-1.00,0,None,0,aggregation
160,265.54,remora3,remora8,0.00,0.00,0.00,0.00,0.00,0.00,0.00,0.00,0.00,0.00,0.00,0.00,0.00,0.00,0.00,0.00,0.00,0.00,0.00,0.00,1.45,1.45,1.45,1.44,1.44,1.44,1.44,1.44,1.44,1.44,3.95,3.94,3.94,3.93,3.92,3.92,3.91,3.91,3.90,3.90,0.00,1.00,0.00,0.00,0.00,0.00,0.00,-1.00,0,None,0,aggregation
160,266.54,remora3,remora8,0.00,0.00,0.00,0.00,0.00,0.00,0.00,0.00,0.00,0.00,0.00,0.00,0.00,0.00,0.00,0.00,0.00,0.00,0.00,0.00,1.44,1.44,1.44,1.44,1.43,1.43,1.43,1.43,1.43,1.43,3.89,3.88,3.88,3.87,3.87,3.86,3.85,3.85,3.84,3.83,0.00,1.00,0.00,0.00,0.00,0.00,0.00,-1.00,0,None,0,aggregation
160,267.54,remora3,remora8,0.00,0.00,0.00,0.00,0.00,0.00,0.00,0.00,0.00,0.00,0.00,0.00,0.00,0.00,0.00,0.00,0.00,0.00,0.00,0.00,1.43,1.43,1.43,1.43,1.42,1.42,1.42,1.42,1.42,1.42,3.83,3.82,3.82,3.81,3.81,3.80,3.80,3.79,3.78,3.78,0.00,1.00,0.00,0.00,0.00,0.00,0.00,-1.00,0,None,0,aggregation
160,268.54,remora3,remora8,0.00,0.00,0.00,0.00,0.00,0.00,0.00,0.00,0.00,0.00,0.00,0.00,0.00,0.00,0.00,0.00,0.00,0.00,0.00,0.00,1.42,1.42,1.42,1.42,1.42,1.42,1.42,1.42,1.41,1.41,3.77,3.77,3.78,3.78,3.78,3.78,3.78,3.78,3.78,3.78,0.00,1.00,0.00,0.00,0.00,0.00,0.00,-1.00,0,None,0,aggregation
160,269.54,remora3,remora8,0.00,0.00,0.00,0.00,0.00,0.00,0.00,0.00,0.00,0.00,0.00,0.00,0.00,0.00,0.00,0.00,0.00,0.00,0.00,0.00,1.41,1.41,1.41,1.41,1.41,1.41,1.40,1.40,1.40,1.40,3.78,4.42,4.42,4.41,4.41,4.40,4.40,4.39,4.38,4.38,0.00,1.00,0.00,0.00,0.00,0.00,0.00,-1.00,0,None,0,aggregation
160,270.54,remora3,remora8,0.00,0.00,0.00,0.00,0.00,0.00,0.00,0.00,0.00,0.00,0.00,0.00,0.00,0.00,0.00,0.00,0.00,0.00,0.00,0.00,1.40,1.40,1.40,1.40,1.40,1.40,1.40,1.40,1.40,1.40,4.37,4.36,4.36,4.35,4.35,4.34,4.33,4.33,3.85,3.84,0.00,1.00,0.00,0.00,0.00,0.00,0.00,-1.00,0,None,0,aggregation
160,271.54,remora3,remora8,0.00,0.00,0.00,0.00,0.00,0.00,0.00,0.00,0.00,0.00,0.00,0.00,0.00,0.00,0.00,0.00,0.00,0.00,0.00,0.00,1.40,1.39,1.39,1.39,1.39,1.39,1.39,1.39,1.39,1.39,3.83,3.82,3.81,3.80,3.80,3.79,3.78,3.77,3.76,3.75,0.00,1.00,0.00,0.00,0.00,0.00,0.00,-1.00,0,None,0,aggregation
160,272.54,remora3,remora8,0.00,0.00,0.00,0.00,0.00,0.00,0.00,0.00,0.00,0.00,0.00,0.00,0.00,0.00,0.00,0.00,0.00,0.00,0.00,0.00,1.39,1.38,1.38,1.38,1.38,1.38,1.38,1.38,1.38,1.38,3.74,3.73,3.73,3.72,3.71,3.70,3.69,3.69,3.68,3.67,0.00,1.00,0.00,0.00,0.00,0.00,0.00,-1.00,0,None,0,aggregation
160,273.54,remora3,remora8,0.00,0.00,0.00,0.00,0.00,0.00,0.00,0.00,0.00,0.00,0.00,0.00,0.00,0.00,0.00,0.00,0.00,0.00,0.00,0.00,1.38,1.38,1.38,1.38,1.38,1.37,1.37,1.37,1.37,1.37,3.67,3.66,3.65,3.64,3.64,3.63,3.62,3.62,3.61,3.60,0.00,1.00,0.00,0.00,0.00,0.00,0.00,-1.00,0,None,0,aggregation
160,274.54,remora3,remora8,0.00,0.00,0.00,0.00,0.00,0.00,0.00,0.00,0.00,0.00,0.00,0.00,0.00,0.00,0.00,0.00,0.00,0.00,0.00,0.00,1.37,1.37,1.37,1.37,1.38,1.38,1.38,1.38,1.37,1.37,3.60,3.59,3.59,3.58,3.58,3.57,3.57,3.56,3.56,3.55,0.00,1.00,0.00,0.00,0.00,0.00,0.00,-1.00,0,None,0,aggregation
160,275.54,remora3,remora8,0.00,0.00,0.00,0.00,0.00,0.00,0.00,0.00,0.00,0.00,0.00,0.00,0.00,0.00,0.00,0.00,0.00,0.00,0.00,0.00,1.36,1.36,1.36,1.36,1.37,1.37,1.37,1.37,1.37,1.37,3.55,3.54,3.54,3.53,3.53,3.53,3.52,3.52,3.52,3.51,0.00,1.00,0.00,0.00,0.00,0.00,0.00,-1.00,0,None,0,aggregation
160,276.54,remora3,remora8,0.00,0.00,0.00,0.00,0.00,0.00,0.00,0.00,0.00,0.00,0.00,0.00,0.00,0.00,0.00,0.00,0.00,0.00,0.00,0.00,1.36,1.36,1.36,1.36,1.36,1.36,1.36,1.36,1.36,1.37,3.51,3.50,3.50,3.50,3.50,3.49,3.49,3.49,3.49,3.48,0.00,1.00,0.00,0.00,0.00,0.00,0.00,-1.00,0,None,0,aggregation
160,277.54,remora3,remora8,0.00,0.00,0.00,0.00,0.00,0.00,0.00,0.00,0.00,0.00,0.00,0.00,0.00,0.00,0.00,0.00,0.00,0.00,0.00,0.00,1.36,1.36,1.36,1.36,1.36,1.37,1.37,1.36,1.36,1.35,3.48,3.48,3.48,3.47,3.47,3.47,3.47,3.47,3.47,3.47,0.00,1.00,0.00,0.00,0.00,0.00,0.00,-1.00,0,None,0,aggregation
160,278.54,remora3,remora8,0.00,0.00,0.00,0.00,0.00,0.00,0.00,0.00,0.00,0.00,0.00,0.00,0.00,0.00,0.00,0.00,0.00,0.00,0.00,0.00,1.35,1.35,1.35,1.35,1.36,1.36,1.36,1.35,1.35,1.34,3.46,3.46,3.46,3.46,3.46,3.46,3.46,3.46,3.45,3.45,0.00,1.00,0.00,0.00,0.00,0.00,0.00,-1.00,0,None,0,aggregation
160,279.54,remora3,remora8,0.00,0.00,0.00,0.00,0.00,0.00,0.00,0.00,0.00,0.00,0.00,0.00,0.00,0.00,0.00,0.00,0.00,0.00,0.00,0.00,1.34,1.34,1.34,1.34,1.34,1.34,1.35,1.35,1.35,1.35,3.45,3.45,3.45,3.45,3.45,3.45,3.45,3.46,3.46,3.46,0.00,1.00,0.00,0.00,0.00,0.00,0.00,-1.00,0,None,0,aggregation
160,280.54,remora3,remora8,0.00,0.00,0.00,0.00,0.00,0.00,0.00,0.00,0.00,0.00,0.00,0.00,0.00,0.00,0.00,0.00,0.00,0.00,0.00,0.00,1.34,1.33,1.33,1.33,1.33,1.33,1.34,1.34,1.34,1.35,3.46,3.46,3.45,3.45,3.45,3.45,3.46,3.46,3.47,3.47,0.00,1.00,0.00,0.00,0.00,0.00,0.00,-1.00,0,None,0,aggregation
160,281.54,remora3,remora8,0.00,0.00,0.00,0.00,0.00,0.00,0.00,0.00,0.00,0.00,0.00,0.00,0.00,0.00,0.00,0.00,0.00,0.00,0.00,0.00,1.35,1.34,1.34,1.33,1.33,1.33,1.33,1.33,1.34,1.34,3.48,3.48,3.48,3.48,3.47,3.47,3.47,3.48,3.48,3.48,0.00,1.00,0.00,0.00,0.00,0.00,0.00,-1.00,0,None,0,aggregation
160,282.54,remora3,remora8,0.00,0.00,0.00,0.00,0.00,0.00,0.00,0.00,0.00,0.00,0.00,0.00,0.00,0.00,0.00,0.00,0.00,0.00,0.00,0.00,1.34,1.33,1.33,1.33,1.34,1.34,1.34,1.34,1.33,1.32,3.48,3.48,3.56,3.57,3.57,3.57,3.58,3.58,3.58,3.58,0.00,1.00,0.00,0.00,0.00,0.00,0.00,-1.00,0,None,0,aggregation
160,283.54,remora3,remora8,0.00,0.00,0.00,0.00,0.00,0.00,0.00,0.00,0.00,0.00,0.00,0.00,0.00,0.00,0.00,0.00,0.00,0.00,0.00,0.00,1.32,1.32,1.32,1.33,1.33,1.33,1.33,1.33,1.32,1.33,3.58,3.59,3.59,3.60,3.60,3.60,3.61,3.61,3.61,3.62,0.00,1.00,0.00,0.00,0.00,0.00,0.00,-1.00,0,None,0,aggregation
160,284.54,remora3,remora8,0.00,0.00,0.00,0.00,0.00,0.00,0.00,0.00,0.00,0.00,0.00,0.00,0.00,0.00,0.00,0.00,0.00,0.00,0.00,0.00,1.33,1.34,1.34,1.33,1.32,1.32,1.31,1.32,1.32,1.32,3.62,3.63,3.63,3.64,3.64,3.64,3.64,3.65,3.65,3.66,0.00,1.00,0.00,0.00,0.00,0.00,0.00,-1.00,0,None,0,aggregation
160,285.54,remora3,remora8,0.00,0.00,0.00,0.00,0.00,0.00,0.00,0.00,0.00,0.00,0.00,0.00,0.00,0.00,0.00,0.00,0.00,0.00,0.00,0.00,1.32,1.32,1.33,1.33,1.33,1.33,1.32,1.32,1.31,1.31,3.66,3.67,3.68,3.68,3.69,3.69,3.70,3.70,3.70,3.71,0.00,1.00,0.00,0.00,0.00,0.00,0.00,-1.00,0,None,0,aggregation
160,286.54,remora3,remora8,0.00,0.00,0.00,0.00,0.00,0.00,0.00,0.00,0.00,0.00,0.00,0.00,0.00,0.00,0.00,0.00,0.00,0.00,0.00,0.00,1.32,1.32,1.32,1.33,1.33,1.32,1.32,1.31,1.31,1.31,3.71,3.72,3.73,3.74,3.74,3.75,3.75,3.75,3.76,3.77,0.00,1.00,0.00,0.00,0.00,0.00,0.00,-1.00,0,None,0,aggregation
160,287.54,remora3,remora8,0.00,0.00,0.00,0.00,0.00,0.00,0.00,0.00,0.00,0.00,0.00,0.00,0.00,0.00,0.00,0.00,0.00,0.00,0.00,0.00,1.31,1.32,1.32,1.31,1.31,1.30,1.30,1.30,1.30,1.30,3.77,3.78,3.79,3.79,3.80,3.80,3.81,3.81,3.82,3.83,0.00,1.00,0.00,0.00,0.00,0.00,0.00,-1.00,0,None,0,aggregation
160,288.54,remora3,remora8,0.00,0.00,0.00,0.00,0.00,0.00,0.00,0.00,0.00,0.00,0.00,0.00,0.00,0.00,0.00,0.00,0.00,0.00,0.00,0.00,1.31,1.31,1.31,1.32,1.32,1.32,1.31,1.31,1.30,1.31,3.84,3.84,3.85,3.86,3.87,3.87,3.88,3.88,3.89,3.90,0.00,1.00,0.00,0.00,0.00,0.00,0.00,-1.00,0,None,0,aggregation
160,289.54,remora3,remora8,0.00,0.00,0.00,0.00,0.00,0.00,0.00,0.00,0.00,0.00,0.00,0.00,0.00,0.00,0.00,0.00,0.00,0.00,0.00,0.00,1.31,1.31,1.31,1.31,1.31,1.30,1.30,1.30,1.30,1.31,3.91,3.91,3.92,3.93,3.93,3.94,3.94,3.95,3.96,3.97,0.00,1.00,0.00,0.00,0.00,0.00,0.00,-1.00,0,None,0,aggregation
160,290.54,remora3,remora8,0.00,0.00,0.00,0.00,0.00,0.00,0.00,0.00,0.00,0.00,0.00,0.00,0.00,0.00,0.00,0.00,0.00,0.00,0.00,0.00,1.31,1.30,1.30,1.30,1.29,1.30,1.30,1.30,1.30,1.30,3.98,3.98,3.99,3.99,4.00,4.01,4.02,4.02,4.03,4.04,0.00,1.00,0.00,0.00,0.00,0.00,0.00,-1.00,0,None,0,aggregation
160,291.54,remora3,remora8,0.00,0.00,0.00,0.00,0.00,0.00,0.00,0.00,0.00,0.00,0.00,0.00,0.00,0.00,0.00,0.00,0.00,0.00,0.00,0.00,1.30,1.30,1.30,1.29,1.29,1.29,1.30,1.30,1.30,1.29,4.05,4.05,4.06,4.06,4.07,4.08,4.08,4.09,4.10,4.10,0.00,1.00,0.00,0.00,0.00,0.00,0.00,-1.00,0,None,0,aggregation
160,292.54,remora3,remora8,0.00,0.00,0.00,0.00,0.00,0.00,0.00,0.00,0.00,0.00,0.00,0.00,0.00,0.00,0.00,0.00,0.00,0.00,0.00,0.00,1.29,1.30,1.30,1.29,1.29,1.29,1.29,1.30,1.30,1.29,4.11,4.12,4.12,4.13,4.13,4.14,4.14,4.15,4.16,4.16,0.00,1.00,0.00,0.00,0.00,0.00,0.00,-1.00,0,None,0,aggregation
160,293.54,remora3,remora8,0.00,0.00,0.00,0.00,0.00,0.00,0.00,0.00,0.00,0.00,0.00,0.00,0.00,0.00,0.00,0.00,0.00,0.00,0.00,0.00,1.29,1.29,1.29,1.29,1.29,1.29,1.29,1.29,1.29,1.29,4.16,4.17,4.17,4.18,4.18,4.18,4.19,4.19,4.20,4.20,0.00,1.00,0.00,0.00,0.00,0.00,0.00,-1.00,0,None,0,aggregation
160,294.54,remora3,remora8,0.00,0.00,0.00,0.00,0.00,0.00,0.00,0.00,-35.23,-35.23,0.00,0.00,0.00,0.00,0.00,0.00,0.00,0.00,-24.76,-24.76,1.29,1.29,1.29,1.29,1.29,1.29,1.29,1.29,1.30,1.33,4.20,4.20,4.21,4.21,4.21,4.21,4.21,4.21,4.21,4.21,6.00,1.00,0.00,0.00,0.00,0.00,0.00,-1.00,0,None,0,aggregation
160,295.54,remora3,remora8,-35.17,-35.17,-34.60,-34.60,-33.57,-33.57,-32.24,-32.24,-30.77,-30.77,-24.70,-24.70,-24.14,-24.14,-23.10,-23.10,-21.77,-21.77,-20.31,-20.31,1.35,1.38,1.40,1.43,1.46,1.49,1.51,1.54,1.57,1.59,4.21,4.21,4.21,4.21,4.21,4.21,4.21,4.21,4.21,4.21,34.04,1.00,0.00,0.00,0.00,0.00,0.00,-1.00,0,None,0,aggregation
160,296.54,remora3,remora8,-28.91,-28.91,-26.90,-26.90,-24.43,-24.43,-21.70,-21.70,-19.28,-19.28,-18.44,-18.44,-16.44,-16.44,-13.97,-13.97,-11.24,-11.24,-8.82,-8.82,1.62,1.65,1.67,1.69,1.71,1.73,1.75,1.76,1.78,1.80,4.20,4.20,4.20,4.20,4.20,4.19,4.19,4.19,4.19,4.19,53.05,0.00,1.00,1.00,0.00,0.00,0.00,-1.00,0,None,0,aggregation
160,297.54,remora3,remora8,-16.85,-16.85,-14.52,-14.52,-12.04,-12.04,-9.61,-9.61,-7.33,-7.33,-6.38,-6.38,-4.05,-4.05,-1.58,-1.58,0.85,0.85,3.13,3.13,1.81,1.83,1.84,1.85,1.86,1.86,1.87,1.87,1.88,1.88,4.18,4.18,4.18,4.18,4.18,4.17,4.17,4.17,4.17,4.17,59.89,0.00,1.00,1.00,0.00,0.00,0.00,-1.00,0,None,0,aggregation
160,298.54,remora3,remora8,-5.15,-5.15,-2.84,-2.84,-0.60,-0.60,1.74,1.74,3.80,3.80,5.29,5.29,7.15,7.15,8.93,8.93,10.80,10.80,12.44,12.44,1.89,1.89,1.89,1.89,1.89,1.89,1.88,1.88,1.88,1.87,4.17,4.17,4.17,4.17,4.16,4.16,4.16,4.16,4.17,4.17,64.04,0.00,1.00,1.00,0.00,0.00,0.00,-1.00,0,None,0,aggregation
160,299.54,remora3,remora8,5.48,5.48,7.25,7.25,8.49,8.49,9.72,9.72,11.15,11.15,13.77,13.77,15.16,15.16,16.14,16.14,17.10,17.10,18.21,18.21,1.87,1.87,1.86,1.86,1.85,1.85,1.84,1.83,1.83,1.82,4.17,4.17,4.17,4.18,4.18,4.18,4.18,4.19,4.19,4.19,76.29,0.00,1.00,1.00,0.00,0.00,0.00,-1.00,0,None,0,aggregation
160,300.54,remora3,remora8,12.54,12.54,13.82,13.82,14.83,14.83,15.58,15.58,16.24,16.24,19.28,19.28,20.26,20.26,21.02,21.02,21.60,21.60,22.09,22.09,1.81,1.81,1.80,1.80,1.79,1.79,1.79,1.78,1.78,1.78,4.20,4.20,4.21,4.21,4.22,4.22,4.23,4.23,4.24,4.25,94.02,0.00,1.00,1.00,0.00,0.00,0.00,-1.00,0,None,0,aggregation
160,301.54,remora3,remora8,16.95,16.95,17.70,17.70,18.63,18.63,19.53,19.53,19.93,19.93,22.62,22.62,23.17,23.17,23.85,23.85,24.50,24.50,24.79,24.79,1.78,1.78,1.78,1.78,1.78,1.78,1.78,1.78,1.78,1.79,4.25,4.26,4.27,4.27,4.28,4.29,4.29,4.30,4.31,4.32,115.18,0.00,1.00,1.00,0.00,0.00,0.00,-1.00,0,None,0,aggregation
160,302.54,remora3,remora8,20.21,20.21,20.57,20.57,20.66,20.66,20.89,20.89,21.30,21.30,24.99,24.99,25.25,25.25,25.31,25.31,25.47,25.47,25.76,25.76,1.79,1.79,1.80,1.80,1.81,1.82,1.82,1.83,1.84,1.85,4.33,4.33,4.34,4.35,4.36,4.37,4.37,4.38,4.39,4.40,138.22,0.00,1.00,1.00,0.00,0.00,0.00,-1.00,0,None,0,aggregation
160,303.54,remora3,remora8,21.68,21.68,22.01,22.01,22.16,22.16,22.48,22.48,22.77,22.77,26.02,26.02,26.25,26.25,26.35,26.35,26.57,26.57,26.76,26.76,1.86,1.87,1.88,1.89,1.90,1.92,1.93,1.94,1.96,1.97,4.41,4.42,4.43,4.43,4.44,4.45,4.46,4.47,4.48,4.49,162.53,0.00,1.00,1.00,0.00,0.00,0.00,-1.00,0,None,0,aggregation
160,304.54,remora3,remora8,22.74,22.74,22.87,22.87,23.23,23.23,23.41,23.41,23.46,23.46,26.74,26.74,26.83,26.83,27.07,27.07,27.19,27.19,27.22,27.22,1.99,2.00,2.02,2.04,2.05,2.07,2.09,2.10,2.12,2.14,4.50,4.51,4.52,4.53,4.53,4.54,4.55,4.56,4.57,4.58,181.61,0.00,1.00,1.00,0.00,0.00,0.00,-1.00,0,None,0,aggregation
160,305.54,remora3,remora8,23.45,23.45,23.61,23.61,23.59,23.59,23.72,23.72,23.80,23.80,27.22,27.22,27.32,27.32,27.31,27.31,27.40,27.40,27.44,27.44,2.16,2.18,2.20,2.22,2.24,2.26,2.28,2.30,2.32,2.33,4.59,4.60,4.61,4.62,4.62,4.63,4.64,4.65,4.66,4.67,179.05,0.00,1.00,1.00,0.00,0.00,0.00,-1.00,0,None,0,aggregation
160,306.54,remora3,remora8,23.90,23.90,23.98,23.98,23.90,23.90,23.90,23.90,24.14,24.14,27.51,27.51,27.56,27.56,27.51,27.51,27.51,27.51,27.66,27.66,2.35,2.37,2.40,2.42,2.45,2.47,2.49,2.52,2.54,2.56,4.68,4.69,4.71,4.72,4.74,4.75,4.77,4.78,4.80,4.81,185.80,0.00,1.00,1.00,0.00,0.00,0.00,-1.00,0,None,0,aggregation
160,307.54,remora3,remora8,24.22,24.22,24.26,24.26,24.31,24.31,24.32,24.32,24.46,24.46,27.72,27.72,27.74,27.74,27.77,27.77,27.78,27.78,27.87,27.87,2.59,2.61,2.63,2.65,2.68,2.70,2.73,2.75,2.77,2.79,4.82,4.83,4.85,4.86,4.87,4.89,4.90,4.91,4.92,4.94,205.01,0.00,1.00,1.00,0.00,0.00,0.00,-1.00,0,None,0,aggregation
160,308.54,remora3,remora8,24.50,24.50,24.61,24.61,24.83,24.83,24.86,24.86,25.03,25.03,27.89,27.89,27.96,27.96,28.10,28.10,28.12,28.12,28.22,28.22,2.82,2.84,2.87,2.90,2.92,2.95,2.97,2.99,3.02,3.04,4.95,4.96,4.98,4.99,5.00,5.01,5.02,5.03,5.05,5.06,227.26,0.00,1.00,1.00,0.00,0.00,0.00,-1.00,0,None,0,aggregation
160,309.54,remora3,remora8,25.09,25.09,25.22,25.22,25.32,25.32,25.49,25.49,25.63,25.63,28.26,28.26,28.34,28.34,28.39,28.39,28.50,28.50,28.58,28.58,3.07,3.09,3.11,3.14,3.16,3.19,3.22,3.24,3.27,3.29,5.07,5.08,5.09,5.10,5.11,5.12,5.13,5.15,5.16,6.10,241.90,0.00,0.00,1.00,0.00,0.00,0.00,-1.00,0,None,0,aggregation
160,310.54,remora3,remora8,25.85,25.85,26.11,26.11,26.13,26.13,26.25,26.25,26.45,26.45,28.71,28.71,28.86,28.86,28.87,28.87,28.93,28.93,29.05,29.05,3.31,3.34,3.36,3.38,3.41,3.43,3.45,3.48,3.50,3.52,6.11,6.11,6.11,6.11,6.12,6.12,6.12,6.12,6.12,6.13,251.69,0.00,0.00,1.00,0.00,0.00,0.00,-1.00,0,None,0,aggregation
160,311.54,remora3,remora8,26.59,26.59,26.73,26.73,26.90,26.90,26.98,26.98,27.18,27.18,29.12,29.12,29.20,29.20,29.29,29.29,29.33,29.33,29.43,29.43,3.54,3.57,3.59,3.61,3.64,3.66,3.68,3.70,3.73,3.75,6.13,6.13,6.13,6.13,6.13,6.13,6.14,6.14,6.14,6.14,258.60,0.00,0.00,1.00,0.00,0.00,0.00,-1.00,0,None,0,aggregation
160,312.54,remora3,remora8,27.24,27.24,27.35,27.35,27.45,27.45,27.59,27.59,27.67,27.67,29.46,29.46,29.51,29.51,29.56,29.56,29.63,29.63,29.66,29.66,3.77,3.80,3.82,3.84,3.86,3.89,3.91,3.93,3.95,3.98,6.14,6.14,6.14,6.14,6.14,6.14,6.14,6.14,6.14,6.14,264.07,0.00,0.00,1.00,0.00,0.00,0.00,-1.00,0,None,0,aggregation
160,313.54,remora3,remora8,27.80,27.80,27.92,27.92,28.02,28.02,28.08,28.08,28.18,28.18,29.72,29.72,29.77,29.77,29.82,29.82,29.84,29.84,29.88,29.88,4.00,4.02,4.04,4.06,4.09,4.11,4.13,4.15,4.18,4.20,6.14,6.14,6.14,6.14,6.14,6.14,6.13,6.13,6.13,6.13,268.67,0.00,0.00,1.00,0.00,0.00,0.00,-1.00,0,None,0,aggregation
160,314.54,remora3,remora8,28.20,28.20,28.32,28.32,28.26,28.26,28.29,28.29,28.48,28.48,29.89,29.89,29.93,29.93,29.91,29.91,29.92,29.92,29.99,29.99,4.22,4.24,4.27,4.29,4.31,4.33,4.35,4.38,4.40,4.42,6.13,6.13,6.13,6.13,6.13,6.12,6.12,6.12,6.12,6.12,272.71,0.00,0.00,1.00,0.00,0.00,0.00,-1.00,0,None,0,aggregation
160,315.54,remora3,remora8,28.44,28.44,28.51,28.51,28.53,28.53,28.38,28.38,28.42,28.42,29.97,29.97,30.00,30.00,30.01,30.01,29.95,29.95,29.97,29.97,4.44,4.46,4.49,4.51,4.53,4.55,4.57,4.60,4.62,4.64,6.12,6.11,6.11,6.11,6.11,6.10,6.10,6.10,6.10,6.10,276.44,0.00,0.00,1.00,0.00,0.00,0.00,-1.00,0,None,0,aggregation
160,316.54,remora3,remora8,28.45,28.45,28.36,28.36,28.30,28.30,28.14,28.14,28.07,28.07,29.98,29.98,29.95,29.95,29.92,29.92,29.86,29.86,29.84,29.84,4.66,4.68,4.71,4.73,4.75,4.77,4.79,4.81,4.84,4.86,6.09,6.09,6.09,6.08,6.08,6.08,6.08,6.07,6.07,6.07,279.77,0.00,0.00,1.00,0.00,0.00,0.00,-1.00,0,None,0,aggregation
160,317.54,remora3,remora8,27.96,27.96,27.70,27.70,27.28,27.28,27.24,27.24,26.72,26.72,29.79,29.79,29.68,29.68,29.48,29.48,29.46,29.46,29.19,29.19,4.88,4.90,4.92,4.94,4.96,4.98,5.00,5.03,5.05,5.07,6.06,6.06,6.06,6.05,6.05,6.05,6.04,6.04,6.03,6.03,282.18,0.00,0.00,1.00,0.00,0.00,0.00,-1.00,0,None,0,aggregation
160,318.54,remora3,remora8,26.74,26.74,26.31,26.31,25.80,25.80,25.58,25.58,25.10,25.10,29.21,29.21,28.97,28.97,28.68,28.68,28.55,28.55,28.26,28.26,5.09,5.11,5.13,5.15,5.17,5.19,5.21,5.22,5.24,5.26,6.03,6.02,6.02,6.01,6.01,6.01,6.00,6.00,5.99,5.99,283.09,0.00,0.00,1.00,0.00,0.00,0.00,-1.00,0,None,0,aggregation
160,319.54,remora3,remora8,25.57,25.57,26.01,26.01,26.23,26.23,26.64,26.64,26.93,26.93,28.54,28.54,28.80,28.80,28.92,28.92,29.15,29.15,29.30,29.30,5.28,5.30,5.32,5.34,5.36,5.38,5.39,5.41,5.43,5.45,5.98,5.98,5.97,5.97,5.96,5.95,5.95,5.94,5.94,5.93,283.81,0.00,0.00,1.00,0.00,0.00,0.00,-1.00,0,None,0,aggregation
160,320.54,remora3,remora8,27.22,27.22,27.49,27.49,27.74,27.74,27.99,27.99,28.07,28.07,29.45,29.45,29.58,29.58,29.70,29.70,29.80,29.80,29.83,29.83,5.47,5.49,5.51,5.52,5.54,5.56,5.58,5.60,5.62,5.63,5.92,5.92,5.91,5.90,5.90,5.89,5.88,5.87,5.87,5.86,284.98,0.00,0.00,1.00,0.00,0.00,0.00,-1.00,0,None,0,aggregation
160,321.54,remora3,remora8,0.00,0.00,30.00,30.00,30.00,30.00,30.00,30.00,30.00,30.00,0.00,0.00,30.00,30.00,30.00,30.00,30.00,30.00,30.00,30.00,5.65,5.65,5.66,5.68,5.69,5.71,5.73,5.75,5.77,5.79,5.85,5.85,5.85,5.84,5.83,5.82,5.82,5.81,5.80,5.79,280.90,0.00,0.00,1.00,0.00,0.00,0.00,-1.00,0,None,0,aggregation
160,322.54,remora3,remora8,30.00,30.00,30.00,30.00,30.00,30.00,30.00,30.00,30.00,30.00,30.00,30.00,30.00,30.00,30.00,30.00,30.00,30.00,30.00,30.00,5.76,5.73,5.69,5.66,5.63,5.59,5.56,5.52,5.49,5.45,5.78,5.78,5.77,5.76,5.75,5.75,5.74,5.73,5.72,5.72,282.39,0.00,0.00,1.00,0.00,0.00,0.00,-1.00,0,None,0,aggregation
160,323.54,remora3,remora8,30.00,30.00,30.00,30.00,30.00,30.00,30.00,30.00,30.00,30.00,30.00,30.00,30.00,30.00,30.00,30.00,30.00,30.00,30.00,30.00,5.42,5.39,5.35,5.32,5.28,5.25,5.22,5.18,5.15,5.11,5.71,5.70,5.69,5.69,5.68,5.67,5.66,5.66,5.65,5.64,283.49,0.00,0.00,1.00,0.00,0.00,0.00,-1.00,0,None,0,aggregation
160,324.54,remora3,remora8,0.00,0.00,29.66,29.66,29.69,29.69,29.77,29.77,29.86,29.86,0.00,0.00,30.17,30.17,30.16,30.16,30.14,30.14,30.10,30.10,5.09,5.08,5.06,5.03,5.00,4.97,4.93,4.90,4.86,4.83,5.64,5.63,5.63,5.62,5.62,5.61,4.93,4.90,4.86,4.83,278.33,0.00,0.00,1.00,0.00,0.00,0.00,-1.00,0,None,0,aggregation
160,325.54,remora3,remora8,29.91,29.91,29.96,29.96,30.00,30.00,30.04,30.04,30.07,30.07,30.07,30.07,30.04,30.04,30.00,30.00,29.96,29.96,29.91,29.91,4.80,4.76,4.73,4.70,4.67,4.63,4.60,4.57,4.54,4.51,4.80,4.76,4.73,4.70,4.67,4.63,4.60,4.57,4.54,4.51,279.10,0.00,0.00,1.00,0.00,0.00,0.00,-1.00,0,None,0,aggregation
160,326.54,remora3,remora8,30.09,30.09,30.10,30.10,30.14,30.14,30.15,30.15,30.16,30.16,29.88,29.88,29.86,29.86,29.77,29.77,29.73,29.73,29.69,29.69,4.48,4.45,4.42,4.39,4.36,4.33,4.30,4.27,4.24,4.22,4.48,4.45,4.42,4.39,4.36,4.33,4.30,4.27,4.24,4.22,279.97,0.00,0.00,1.00,0.00,0.00,0.00,-1.00,0,None,0,aggregation
160,327.54,remora3,remora8,30.17,30.17,30.17,30.17,30.18,30.18,30.18,30.18,30.18,30.18,29.66,29.66,29.62,29.62,29.57,29.57,29.53,29.53,29.49,29.49,4.19,4.16,4.13,4.11,4.08,4.06,4.03,4.01,3.98,3.96,4.19,4.16,4.13,4.11,4.08,4.06,4.03,4.01,3.98,3.96,281.40,0.00,0.00,1.00,0.00,0.00,0.00,-1.00,0,None,0,aggregation
160,328.54,remora3,remora8,30.19,30.19,30.18,30.18,30.18,30.18,30.18,30.18,30.18,30.18,29.44,29.44,29.39,29.39,29.39,29.39,29.34,29.34,29.29,29.29,3.94,3.91,3.89,3.87,3.85,3.83,3.81,3.79,3.77,3.75,3.94,3.91,3.89,3.87,3.85,3.83,3.81,3.79,3.77,3.75,283.86,0.00,0.00,1.00,0.00,0.00,0.00,-1.00,0,None,0,aggregation
160,329.54,remora3,remora8,30.17,30.17,30.17,30.17,30.16,30.16,30.16,30.16,30.16,30.16,29.24,29.24,29.24,29.24,29.14,29.14,29.14,29.14,29.14,29.14,3.74,3.72,3.70,3.69,3.67,3.66,3.65,3.63,3.62,3.61,3.74,3.72,3.70,3.69,3.67,3.66,3.65,3.63,3.62,3.61,285.92,0.00,0.00,1.00,0.00,0.00,0.00,-1.00,0,None,0,aggregation
160,330.54,remora3,remora8,30.14,30.14,30.14,30.14,30.14,30.14,30.13,30.13,30.11,30.11,29.02,29.02,29.02,29.02,29.02,29.02,28.96,28.96,28.90,28.90,3.60,3.59,3.58,3.57,3.56,3.55,3.55,3.54,3.53,3.53,3.60,3.59,5.31,3.57,3.56,3.55,3.55,3.54,3.53,3.53,286.79,0.00,0.00,1.00,0.00,0.00,0.00,-1.00,0,None,0,aggregation
160,331.54,remora3,remora8,30.11,30.11,30.11,30.11,30.10,30.10,30.10,30.10,30.10,30.10,28.90,28.90,28.90,28.90,28.84,28.84,28.84,28.84,28.84,28.84,3.52,3.52,3.51,3.51,3.51,3.50,3.50,3.50,3.49,3.49,3.52,3.52,3.51,3.51,3.51,3.50,3.50,3.50,3.49,3.49,292.27,0.00,0.00,1.00,0.00,0.00,0.00,-1.00,0,None,0,aggregation
160,332.54,remora3,remora8,30.10,30.10,30.08,30.08,30.08,30.08,30.08,30.08,30.10,30.10,28.84,28.84,28.78,28.78,28.78,28.78,28.78,28.78,28.84,28.84,3.49,3.49,3.49,3.49,3.48,3.48,3.48,3.48,3.48,3.48,3.49,3.49,3.49,3.49,3.48,3.48,3.48,3.48,3.48,3.48,291.72,0.00,0.00,1.00,0.00,0.00,0.00,-1.00,0,None,0,aggregation
160,333.54,remora3,remora8,30.10,30.10,30.10,30.10,30.10,30.10,30.10,30.10,30.11,30.11,28.84,28.84,28.84,28.84,28.84,28.84,28.84,28.84,28.90,28.90,3.48,3.48,3.48,3.48,3.48,3.48,3.48,3.48,3.48,3.48,3.48,3.48,3.48,3.48,3.48,3.48,3.48,3.48,3.48,3.48,291.19,0.00,0.00,1.00,0.00,0.00,0.00,-1.00,0,None,0,aggregation
160,334.54,remora3,remora8,30.11,30.11,30.11,30.11,30.11,30.11,30.13,30.13,30.13,30.13,28.90,28.90,28.90,28.90,28.90,28.90,28.96,28.96,28.96,28.96,3.48,3.48,3.48,3.48,3.48,3.48,3.49,3.49,3.49,3.49,3.48,3.48,3.48,3.48,3.48,3.48,3.49,3.49,3.49,3.49,296.76,0.00,0.00,1.00,0.00,0.00,0.00,-1.00,0,None,0,aggregation
160,335.54,remora3,remora8,30.14,30.14,30.14,30.14,30.15,30.15,30.15,30.15,30.16,30.16,29.02,29.02,29.02,29.02,29.08,29.08,29.08,29.08,29.14,29.14,3.49,3.49,3.49,3.49,3.49,3.49,3.49,3.49,3.49,3.49,3.49,3.49,3.49,3.49,3.49,3.49,3.49,3.49,3.49,3.49,296.37,0.00,0.00,1.00,0.00,0.00,0.00,-1.00,0,None,0,aggregation
160,252.54,remora3,remora4,0.00,0.00,0.00,0.00,0.00,0.00,0.00,0.00,0.00,0.00,0.00,0.00,0.00,0.00,0.00,0.00,0.00,0.00,0.00,0.00,2.09,2.10,2.12,2.14,2.15,2.17,2.18,2.20,2.22,2.23,4.77,4.77,4.78,4.78,4.78,4.79,4.79,4.80,4.81,4.82,137.84,0.00,1.00,1.00,0.00,0.00,0.00,-1.00,0,None,0,aggregation
160,253.54,remora3,remora4,0.00,0.00,0.00,0.00,0.00,0.00,0.00,0.00,0.00,0.00,0.00,0.00,0.00,0.00,0.00,0.00,0.00,0.00,0.00,0.00,2.25,2.27,2.28,2.27,2.28,2.29,2.31,2.33,2.34,2.34,4.82,4.83,4.84,4.84,4.84,4.85,4.86,4.87,4.87,4.87,107.85,0.00,1.00,1.00,0.00,0.00,0.00,-1.00,0,None,0,aggregation
160,254.54,remora3,remora4,0.00,0.00,0.00,0.00,0.00,0.00,0.00,0.00,0.00,0.00,0.00,0.00,0.00,0.00,0.00,0.00,0.00,0.00,0.00,0.00,2.34,2.33,2.33,2.34,2.35,2.36,2.37,2.39,2.40,2.41,4.88,4.88,4.88,4.89,4.90,4.91,4.91,4.92,4.92,4.93,77.92,0.00,1.00,1.00,0.00,0.00,0.00,-1.00,0,None,0,aggregation
160,255.54,remora3,remora4,0.00,0.00,0.00,0.00,0.00,0.00,0.00,0.00,0.00,0.00,0.00,0.00,0.00,0.00,0.00,0.00,0.00,0.00,0.00,0.00,2.42,2.43,2.45,2.46,2.47,2.49,2.50,2.51,2.52,2.52,4.94,4.94,4.95,4.96,4.96,4.97,4.98,4.99,4.99,4.99,47.99,0.00,1.00,1.00,0.00,0.00,0.00,-1.00,0,None,0,aggregation
160,256.54,remora3,remora4,0.00,0.00,0.00,0.00,0.00,0.00,0.00,0.00,0.00,0.00,0.00,0.00,0.00,0.00,0.00,0.00,0.00,0.00,0.00,0.00,2.51,2.51,2.51,2.52,2.53,2.54,2.55,2.55,2.56,2.57,4.99,4.99,4.99,4.99,4.99,4.99,4.99,4.99,4.99,4.99,17.99,0.00,1.00,0.00,0.00,0.00,0.00,-1.00,0,None,0,aggregation
160,257.54,remora3,remora4,0.00,0.00,0.00,0.00,0.00,0.00,0.00,0.00,0.00,0.00,0.00,0.00,0.00,0.00,0.00,0.00,0.00,0.00,0.00,0.00,2.58,2.59,2.60,2.60,2.60,2.59,2.59,2.60,2.61,2.61,4.99,4.99,4.99,4.99,4.99,4.99,4.99,4.99,4.99,5.00,0.00,0.00,1.00,0.00,0.00,0.00,0.00,-1.00,0,None,0,aggregation
160,258.54,remora3,remora4,0.00,0.00,0.00,0.00,0.00,0.00,0.00,0.00,0.00,0.00,0.00,0.00,0.00,0.00,0.00,0.00,0.00,0.00,0.00,0.00,2.62,2.63,2.64,2.64,2.65,2.65,2.64,2.64,2.64,2.64,5.00,5.00,5.00,5.00,5.01,5.01,5.01,5.01,5.01,5.01,0.00,0.00,1.00,0.00,0.00,0.00,0.00,-1.00,0,None,0,aggregation
160,259.54,remora3,remora4,0.00,0.00,0.00,0.00,0.00,0.00,0.00,0.00,0.00,0.00,0.00,0.00,0.00,0.00,0.00,0.00,0.00,0.00,0.00,0.00,2.65,2.66,2.66,2.67,2.67,2.68,2.68,2.68,2.68,2.67,5.01,5.02,5.02,5.02,5.02,5.03,5.03,5.03,5.03,5.04,0.00,0.00,1.00,0.00,0.00,0.00,0.00,-1.00,0,None,0,aggregation
160,260.54,remora3,remora4,0.00,0.00,0.00,0.00,0.00,0.00,0.00,0.00,0.00,0.00,0.00,0.00,0.00,0.00,0.00,0.00,0.00,0.00,0.00,0.00,2.67,2.68,2.68,2.69,2.69,2.70,2.70,2.71,2.71,2.71,5.04,5.04,5.04,5.05,5.05,5.05,5.05,5.06,5.06,5.07,0.00,0.00,1.00,0.00,0.00,0.00,0.00,-1.00,0,None,0,aggregation
160,261.54,remora3,remora4,0.00,0.00,0.00,0.00,0.00,0.00,0.00,0.00,0.00,0.00,0.00,0.00,0.00,0.00,0.00,0.00,0.00,0.00,0.00,0.00,2.71,2.71,2.72,2.73,2.73,2.73,2.72,2.72,2.72,2.72,5.07,5.07,5.08,5.08,5.08,5.08,5.08,5.08,5.09,5.09,0.00,0.00,1.00,0.00,0.00,0.00,0.00,-1.00,0,None,0,aggregation
160,262.54,remora3,remora4,0.00,0.00,0.00,0.00,0.00,0.00,0.00,0.00,0.00,0.00,0.00,0.00,0.00,0.00,0.00,0.00,0.00,0.00,0.00,0.00,2.73,2.73,2.73,2.74,2.75,2.75,2.75,2.75,2.75,2.74,5.09,5.10,5.10,5.11,5.11,5.11,5.11,5.11,5.11,5.11,0.00,0.00,1.00,0.00,0.00,0.00,0.00,-1.00,0,None,0,aggregation
160,263.54,remora3,remora4,0.00,0.00,0.00,0.00,0.00,0.00,0.00,0.00,0.00,0.00,0.00,0.00,0.00,0.00,0.00,0.00,0.00,0.00,0.00,0.00,2.74,2.74,2.74,2.75,2.75,2.76,2.76,2.77,2.77,2.77,5.12,5.12,5.12,5.13,5.13,5.13,5.14,5.14,5.14,5.14,0.00,0.00,1.00,0.00,0.00,0.00,0.00,-1.00,0,None,0,aggregation
160,264.54,remora3,remora4,0.00,0.00,0.00,0.00,0.00,0.00,0.00,0.00,0.00,0.00,0.00,0.00,0.00,0.00,0.00,0.00,0.00,0.00,0.00,0.00,2.76,2.76,2.76,2.76,2.76,2.77,2.77,2.78,2.78,2.79,5.14,5.14,5.14,5.15,5.15,5.15,5.15,5.16,5.16,5.16,0.00,0.00,1.00,0.00,0.00,0.00,0.00,-1.00,0,None,0,aggregation
160,265.54,remora3,remora4,0.00,0.00,0.00,0.00,0.00,0.00,0.00,0.00,0.00,0.00,0.00,0.00,0.00,0.00,0.00,0.00,0.00,0.00,0.00,0.00,2.79,2.79,2.78,2.79,2.80,2.80,2.81,2.80,2.80,2.79,5.17,5.17,5.17,5.18,5.18,5.18,5.18,5.18,5.18,5.18,0.00,0.00,1.00,0.00,0.00,0.00,0.00,-1.00,0,None,0,aggregation
160,266.54,remora3,remora4,0.00,0.00,0.00,0.00,0.00,0.00,0.00,0.00,0.00,0.00,0.00,0.00,0.00,0.00,0.00,0.00,0.00,0.00,0.00,0.00,2.79,2.79,2.79,2.80,2.80,2.80,2.81,2.81,2.82,2.83,5.18,5.19,5.19,5.19,5.20,5.20,5.20,5.21,5.21,5.21,0.00,0.00,1.00,0.00,0.00,0.00,0.00,-1.00,0,None,0,aggregation
160,267.54,remora3,remora4,0.00,0.00,0.00,0.00,0.00,0.00,0.00,0.00,0.00,0.00,0.00,0.00,0.00,0.00,0.00,0.00,0.00,0.00,0.00,0.00,2.83,2.83,2.82,2.81,2.81,2.82,2.82,2.83,2.83,2.84,5.22,5.22,5.22,5.22,5.22,5.23,5.23,5.24,5.24,5.24,0.00,0.00,1.00,0.00,0.00,0.00,0.00,-1.00,0,None,0,aggregation
160,268.54,remora3,remora4,-34.70,-34.70,-34.49,-34.49,-34.01,-34.01,-33.42,-33.42,-32.64,-32.64,-24.24,-24.24,-24.02,-24.02,-23.55,-23.55,-22.96,-22.96,-22.17,-22.17,2.85,2.89,2.92,2.94,2.96,2.98,3.01,3.04,3.07,3.09,5.25,5.28,5.30,5.32,5.34,5.36,5.38,5.41,5.43,5.45,28.62,0.00,1.00,0.00,0.00,0.00,0.00,-1.00,0,None,0,aggregation
160,269.54,remora3,remora4,-31.82,-31.82,-30.89,-30.89,-29.87,-29.87,-28.74,-28.74,-27.53,-27.53,-21.35,-21.35,-20.43,-20.43,-19.40,-19.40,-18.28,-18.28,-17.06,-17.06,3.12,3.15,3.18,3.20,3.23,3.26,3.28,3.31,3.34,3.36,5.48,5.49,5.50,5.51,5.52,5.54,5.55,5.56,5.57,5.58,53.16,0.00,0.00,1.00,0.00,0.00,0.00,-1.00,0,None,0,aggregation
160,279.54,remora3,remora2,30.07,30.07,30.06,30.06,30.04,30.04,30.03,30.03,30.00,30.00,29.92,29.92,29.93,29.93,29.96,29.96,29.97,29.97,30.00,30.00,3.25,3.25,3.25,3.25,3.25,3.25,3.25,3.25,3.25,3.25,4.87,4.86,4.85,4.85,4.84,4.83,4.82,4.81,4.81,4.80,297.13,0.00,0.00,1.00,0.00,0.00,0.00,-1.00,0,None,0,aggregation
160,280.54,remora3,remora2,29.94,29.94,29.93,29.93,29.95,29.95,29.90,29.90,29.88,29.88,30.05,30.05,30.06,30.06,30.05,30.05,30.08,30.08,30.09,30.09,3.25,3.26,3.26,3.26,3.26,3.26,3.26,3.26,3.26,3.26,4.79,4.78,4.77,4.76,4.76,4.75,4.74,4.74,4.74,4.74,297.48,0.00,0.00,1.00,0.00,0.00,0.00,-1.00,0,None,0,aggregation
160,281.54,remora3,remora2,29.83,29.83,29.86,29.86,29.79,29.79,29.77,29.77,29.76,29.76,30.11,30.11,30.10,30.10,30.13,30.13,30.14,30.14,30.14,30.14,3.26,3.27,3.27,3.27,3.27,3.27,3.27,3.27,3.28,3.28,4.74,4.73,4.72,4.71,4.70,4.70,4.69,4.68,4.68,4.67,297.62,0.00,0.00,1.00,0.00,0.00,0.00,-1.00,0,None,0,aggregation
160,282.54,remora3,remora2,29.75,29.75,29.73,29.73,29.70,29.70,29.63,29.63,29.63,29.63,30.14,30.14,30.15,30.15,30.16,30.16,30.17,30.17,30.17,30.17,3.28,3.28,3.28,3.29,3.29,3.29,3.29,3.30,3.30,3.30,4.67,4.66,4.29,4.29,4.28,4.27,4.27,4.26,4.25,4.24,297.70,0.00,0.00,1.00,0.00,0.00,0.00,-1.00,0,None,0,aggregation
160,283.54,remora3,remora2,29.60,29.60,29.58,29.58,29.61,29.61,29.55,29.55,29.51,29.51,30.18,30.18,30.18,30.18,30.17,30.17,30.18,30.18,30.18,30.18,3.31,3.31,3.31,3.31,3.32,3.32,3.32,3.33,3.33,3.34,4.23,4.23,4.22,4.22,4.21,4.21,4.20,4.19,4.19,4.18,297.96,0.00,0.00,1.00,0.00,0.00,0.00,-1.00,0,None,0,aggregation
160,284.54,remora3,remora2,29.49,29.49,29.51,29.51,29.44,29.44,29.40,29.40,29.43,29.43,30.18,30.18,30.18,30.18,30.19,30.19,30.18,30.18,30.19,30.19,3.34,3.34,3.35,3.35,3.36,3.36,3.37,3.37,3.37,3.38,4.18,4.17,4.17,4.16,4.15,4.15,4.14,4.14,4.13,4.13,298.31,0.00,0.00,1.00,0.00,0.00,0.00,-1.00,0,None,0,aggregation
160,285.54,remora3,remora2,29.35,29.35,29.31,29.31,29.33,29.33,29.29,28.70,28.70,28.70,30.18,30.18,30.18,30.18,30.18,30.18,30.18,30.06,30.06,30.06,3.38,3.39,3.39,3.40,3.40,3.41,3.42,3.42,3.43,3.43,4.12,4.12,4.12,4.12,4.11,4.11,4.10,4.10,4.09,4.09,298.50,0.00,0.00,1.00,0.00,0.00,0.00,-1.00,0,None,0,aggregation
160,286.54,remora3,remora2,28.64,28.64,28.60,28.60,28.48,28.48,28.33,28.33,28.11,28.11,30.04,30.04,30.03,30.03,29.99,29.99,29.94,29.94,29.85,29.85,3.44,3.45,3.45,3.46,3.47,3.47,3.48,3.49,3.50,3.50,4.09,4.09,4.08,4.08,4.08,4.08,4.07,4.07,4.07,4.07,298.17,0.00,0.00,1.00,0.00,0.00,0.00,-1.00,0,None,0,aggregation
160,287.54,remora3,remora2,27.93,27.93,27.96,27.96,27.70,27.70,27.52,27.52,27.13,27.13,29.78,29.78,29.79,29.79,29.68,29.68,29.60,29.60,29.41,29.41,3.51,3.52,3.53,3.54,3.55,3.55,3.56,3.57,3.58,3.59,4.07,4.07,4.06,4.06,4.06,4.05,4.05,4.05,4.05,4.05,297.01,0.00,0.00,1.00,0.00,0.00,0.00,-1.00,0,None,0,aggregation
160,288.54,remora3,remora2,27.22,27.22,27.05,27.05,26.87,26.87,26.53,26.53,26.08,26.08,29.45,29.45,29.37,29.37,29.27,29.27,29.09,29.09,28.84,28.84,3.60,3.61,3.62,3.64,3.64,3.64,3.64,3.63,3.63,3.62,4.05,4.05,4.06,4.06,5.54,5.54,5.54,5.53,5.53,5.53,295.04,0.00,0.00,1.00,0.00,0.00,0.00,-1.00,0,None,0,aggregation
160,289.54,remora3,remora2,25.85,25.85,25.66,25.66,25.13,25.13,24.54,24.54,23.80,23.80,28.71,28.71,28.60,28.60,28.28,28.28,27.92,27.92,27.44,27.44,3.62,3.61,3.61,3.60,3.60,3.60,3.59,3.59,3.58,3.58,5.53,5.53,5.53,5.53,5.52,5.52,5.52,5.52,5.52,5.52,291.63,0.00,0.00,1.00,0.00,0.00,0.00,-1.00,0,None,0,aggregation
160,290.54,remora3,remora2,23.43,23.43,22.84,22.84,21.91,21.91,21.55,21.55,21.00,21.00,27.20,27.20,26.81,26.81,26.18,26.18,25.93,25.93,25.55,25.55,3.57,3.57,3.56,3.56,3.56,3.55,3.55,3.54,3.54,3.53,5.52,5.52,5.52,5.52,5.52,5.52,5.53,5.53,5.53,5.53,285.88,0.00,0.00,1.00,0.00,0.00,0.00,-1.00,0,None,0,aggregation
160,291.54,remora3,remora2,20.34,20.34,19.98,19.98,19.31,19.31,19.03,19.03,18.45,18.45,25.08,25.08,24.83,24.83,24.35,24.35,24.15,24.15,23.72,23.72,3.53,3.52,3.52,3.51,3.51,3.50,3.49,3.49,3.48,3.48,5.53,5.54,5.54,5.54,5.54,5.54,5.55,5.55,5.55,5.55,277.84,0.00,0.00,1.00,0.00,0.00,0.00,-1.00,0,None,0,aggregation
160,292.54,remora3,remora2,18.19,18.19,18.06,18.06,17.91,17.91,17.93,17.93,17.82,17.82,23.53,23.53,23.44,23.44,23.32,23.32,23.34,23.34,23.26,23.26,3.47,3.46,3.46,3.45,3.44,3.43,3.43,3.42,3.41,3.40,5.56,5.56,5.56,5.56,5.57,5.57,5.57,5.58,5.58,5.58,268.60,0.00,0.00,1.00,0.00,0.00,0.00,-1.00,0,None,0,aggregation
160,293.54,remora3,remora2,17.91,17.71,17.71,17.71,18.04,18.04,18.21,18.21,18.55,18.55,23.33,23.18,23.18,23.18,23.42,23.42,23.55,23.55,23.80,23.80,3.39,3.39,3.38,3.37,3.36,3.35,3.34,3.33,3.32,3.31,5.59,5.59,5.59,5.59,5.60,5.60,5.61,5.61,5.61,4.16,259.48,0.00,0.00,1.00,0.00,0.00,0.00,-1.00,0,None,0,aggregation
160,294.54,remora3,remora2,18.88,18.88,19.02,19.02,19.47,19.47,19.94,19.94,20.12,20.12,24.03,24.03,24.13,24.13,24.46,24.46,24.80,24.80,24.93,24.93,3.30,3.28,3.27,3.26,3.25,3.23,3.22,3.21,3.19,3.16,4.16,4.15,4.15,4.15,4.15,4.15,4.15,4.15,4.15,4.14,251.64,0.00,0.00,1.00,0.00,0.00,0.00,-1.00,0,None,0,aggregation
160,295.54,remora3,remora2,20.36,20.36,20.48,20.48,20.65,20.65,20.79,20.79,20.95,20.95,25.09,25.09,25.19,25.19,25.30,25.30,25.40,25.40,25.52,25.52,3.13,3.11,3.08,3.05,3.02,2.99,2.96,2.94,2.91,2.88,4.14,4.13,4.12,4.11,4.10,4.10,4.09,4.09,4.08,4.07,244.97,0.00,0.00,1.00,0.00,0.00,0.00,-1.00,0,None,0,aggregation
160,296.54,remora3,remora2,21.16,21.16,21.26,21.26,21.57,21.57,21.90,21.90,22.04,22.04,25.66,25.66,25.73,25.73,25.94,25.94,26.17,26.17,26.27,26.27,2.85,2.82,2.80,2.77,2.74,2.72,2.69,2.67,2.64,2.62,4.07,4.07,4.06,4.05,4.05,4.04,4.03,4.03,4.03,4.03,239.54,0.00,1.00,1.00,0.00,0.00,0.00,-1.00,0,None,0,aggregation
160,297.54,remora3,remora2,22.33,22.33,22.44,22.44,22.77,22.77,22.99,23.23,23.23,23.23,26.47,26.47,26.54,26.54,26.77,26.77,26.91,27.07,27.07,27.07,2.59,2.57,2.54,2.52,2.50,2.48,2.46,2.44,2.42,2.40,4.02,4.02,4.02,4.01,4.01,4.01,4.00,4.00,4.00,4.00,235.66,0.00,1.00,1.00,0.00,0.00,0.00,-1.00,0,None,0,aggregation
160,298.54,remora3,remora2,23.42,23.42,23.62,23.62,24.03,24.03,24.17,24.17,24.42,24.42,27.20,27.20,27.33,27.33,27.59,27.59,27.68,27.68,27.84,27.84,2.38,2.37,2.35,2.34,2.32,2.31,2.29,2.28,2.27,2.26,4.00,4.00,4.00,4.00,4.00,4.00,4.00,4.00,4.00,4.01,233.41,0.00,1.00,1.00,0.00,0.00,0.00,-1.00,0,None,0,aggregation
160,299.54,remora3,remora2,24.61,24.89,24.89,24.89,25.10,25.10,25.30,25.30,25.47,25.47,27.96,28.13,28.13,28.13,28.26,28.26,28.38,28.38,28.49,28.49,2.25,2.24,2.23,2.22,2.21,2.21,2.20,2.19,2.19,2.18,4.01,4.01,4.01,4.02,4.02,4.02,4.02,4.02,4.03,4.03,233.50,0.00,1.00,1.00,0.00,0.00,0.00,-1.00,0,None,0,aggregation
160,300.54,remora3,remora2,25.76,25.76,25.90,25.90,26.07,26.07,26.20,26.20,26.39,26.39,28.66,28.66,28.74,28.74,28.83,28.83,28.91,28.91,29.02,29.02,2.18,2.17,2.17,2.17,2.16,2.16,2.16,2.16,2.15,2.15,4.03,4.03,4.04,4.04,4.04,4.05,4.05,4.06,4.06,4.07,236.71,0.00,1.00,1.00,0.00,0.00,0.00,-1.00,0,None,0,aggregation
160,301.54,remora3,remora2,26.46,26.46,26.52,26.65,26.65,26.65,26.82,26.82,26.95,26.95,29.06,29.06,29.08,29.16,29.16,29.16,29.25,29.25,29.32,29.32,2.15,2.15,2.15,2.15,2.15,2.15,2.15,2.15,2.15,2.15,4.07,4.08,4.08,4.08,4.09,4.09,4.09,4.10,4.10,4.11,242.72,0.00,1.00,1.00,0.00,0.00,0.00,-1.00,0,None,0,aggregation
160,302.54,remora3,remora2,27.03,27.03,27.06,27.06,27.20,27.20,27.22,27.41,27.41,27.41,29.36,29.36,29.37,29.37,29.44,29.44,29.45,29.54,29.54,29.54,2.16,2.16,2.16,2.16,2.16,2.16,2.17,2.17,2.17,2.17,4.11,4.11,4.11,4.12,4.12,4.13,4.13,4.13,4.14,4.14,250.36,0.00,1.00,1.00,0.00,0.00,0.00,-1.00,0,None,0,aggregation
160,303.54,remora3,remora2,27.47,27.47,27.58,27.58,27.61,27.61,27.67,27.76,27.76,27.76,29.57,29.57,29.62,29.62,29.64,29.64,29.66,29.70,29.70,29.70,2.18,2.18,2.18,2.19,2.19,2.19,2.20,2.20,2.21,2.21,4.14,4.14,4.15,4.15,4.15,4.16,4.16,4.16,4.17,4.17,258.24,0.00,1.00,1.00,0.00,0.00,0.00,-1.00,0,None,0,aggregation
160,304.54,remora3,remora2,27.90,27.90,27.91,27.91,27.99,27.99,28.07,28.07,28.18,28.18,29.76,29.76,29.77,29.77,29.80,29.80,29.84,29.84,29.88,29.88,2.18,2.15,2.12,2.09,2.06,2.03,2.01,1.98,1.96,1.94,4.18,4.18,4.18,4.18,4.18,4.18,4.19,4.19,4.19,4.20,265.18,0.00,1.00,1.00,0.00,0.00,0.00,-1.00,0,None,0,aggregation
160,305.54,remora3,remora2,28.25,28.25,28.27,28.27,28.36,28.36,28.49,28.49,28.58,28.58,29.91,29.91,29.91,29.91,29.95,29.95,29.99,29.99,30.02,30.02,1.91,1.89,1.86,1.83,1.80,1.77,1.74,1.71,1.69,1.66,4.20,4.21,4.21,4.21,4.21,4.21,4.21,4.22,4.22,4.22,271.38,0.00,1.00,1.00,0.00,0.00,0.00,-1.00,0,None,0,aggregation
160,306.54,remora3,remora2,0.00,0.00,0.00,0.00,0.00,0.00,0.00,0.00,0.00,0.00,0.00,0.00,0.00,0.00,0.00,0.00,0.00,0.00,0.00,0.00,1.65,1.66,1.66,1.67,1.67,1.67,1.66,1.66,1.66,1.66,4.23,4.24,4.25,4.26,4.27,4.28,4.29,4.29,4.30,4.31,247.61,0.00,1.00,1.00,0.00,0.00,0.00,-1.00,0,None,0,aggregation
160,307.54,remora3,remora2,0.00,0.00,0.00,0.00,0.00,0.00,0.00,0.00,0.00,0.00,0.00,0.00,0.00,0.00,0.00,0.00,0.00,0.00,0.00,0.00,1.66,1.67,1.67,1.68,1.68,1.68,1.68,1.68,1.69,1.69,4.32,4.33,4.34,4.35,4.36,4.37,4.38,4.39,4.40,4.41,222.84,0.00,1.00,1.00,0.00,0.00,0.00,-1.00,0,None,0,aggregation
160,308.54,remora3,remora2,0.00,0.00,0.00,0.00,0.00,0.00,0.00,0.00,0.00,0.00,0.00,0.00,0.00,0.00,0.00,0.00,0.00,0.00,0.00,0.00,1.69,1.69,1.69,1.68,1.68,1.68,1.69,1.69,1.69,1.70,4.42,4.42,4.43,4.44,4.44,4.45,4.46,4.47,4.48,4.49,197.11,0.00,1.00,1.00,0.00,0.00,0.00,-1.00,0,None,0,aggregation
160,309.54,remora3,remora2,0.00,0.00,0.00,0.00,0.00,0.00,0.00,0.00,0.00,0.00,0.00,0.00,0.00,0.00,0.00,0.00,0.00,0.00,0.00,0.00,1.70,1.71,1.72,1.72,1.73,1.73,1.72,1.72,1.71,3.29,4.50,4.51,4.52,4.53,4.54,4.55,4.56,4.57,4.57,6.02,170.43,0.00,1.00,1.00,0.00,0.00,0.00,-1.00,0,None,0,aggregation
160,310.54,remora3,remora2,0.00,0.00,0.00,0.00,0.00,0.00,0.00,0.00,0.00,0.00,0.00,0.00,0.00,0.00,0.00,0.00,0.00,0.00,0.00,0.00,3.31,3.34,3.36,3.38,3.41,3.43,3.45,3.48,3.50,3.52,6.03,6.04,6.06,6.07,6.08,6.09,6.11,6.12,6.13,6.15,142.98,0.00,0.00,1.00,0.00,0.00,0.00,-1.00,0,None,0,aggregation
160,311.54,remora3,remora2,0.00,0.00,0.00,0.00,0.00,0.00,0.00,0.00,0.00,0.00,0.00,0.00,0.00,0.00,0.00,0.00,0.00,0.00,0.00,0.00,3.54,3.57,3.59,3.61,3.64,3.66,3.68,3.70,3.73,3.75,6.16,6.17,6.19,6.20,6.22,6.23,6.24,6.26,6.27,6.29,115.04,0.00,0.00,1.00,0.00,0.00,0.00,-1.00,0,None,0,aggregation
160,312.54,remora3,remora2,0.00,0.00,0.00,0.00,0.00,0.00,0.00,0.00,0.00,0.00,0.00,0.00,0.00,0.00,0.00,0.00,0.00,0.00,0.00,0.00,3.77,3.80,3.82,3.84,3.86,3.89,3.91,3.93,3.95,3.98,6.30,6.31,6.33,6.34,6.36,6.37,6.39,6.40,6.41,6.43,86.72,0.00,0.00,1.00,0.00,0.00,0.00,-1.00,0,None,0,aggregation
160,313.54,remora3,remora2,0.00,0.00,0.00,0.00,0.00,0.00,0.00,0.00,0.00,0.00,0.00,0.00,0.00,0.00,0.00,0.00,0.00,0.00,0.00,0.00,4.00,4.02,4.04,4.06,4.09,4.11,4.13,4.15,4.18,4.20,6.44,6.46,6.47,6.49,6.50,6.52,6.53,6.55,6.56,6.58,58.08,0.00,0.00,1.00,0.00,0.00,0.00,-1.00,0,None,0,aggregation
160,314.54,remora3,remora2,0.00,0.00,0.00,0.00,0.00,0.00,0.00,0.00,0.00,0.00,0.00,0.00,0.00,0.00,0.00,0.00,0.00,0.00,0.00,0.00,4.22,4.24,4.27,4.29,4.31,4.33,4.35,4.38,4.40,4.42,6.59,6.61,6.62,6.64,6.66,6.67,6.69,6.70,6.72,6.73,29.17,0.00,0.00,0.00,0.00,0.00,0.00,-1.00,0,None,0,aggregation
160,315.54,remora3,remora2,0.00,0.00,0.00,0.00,0.00,0.00,0.00,0.00,0.00,0.00,0.00,0.00,0.00,0.00,0.00,0.00,0.00,0.00,0.00,0.00,4.44,4.46,4.49,4.51,4.53,4.55,4.57,4.60,4.62,4.64,6.75,6.76,6.78,6.80,6.81,6.83,6.84,6.86,6.88,6.89,0.00,0.00,0.00,0.00,0.00,0.00,0.00,-1.00,0,None,0,aggregation
160,316.54,remora3,remora2,0.00,0.00,0.00,0.00,0.00,0.00,0.00,0.00,0.00,0.00,0.00,0.00,0.00,0.00,0.00,0.00,0.00,0.00,0.00,0.00,4.66,4.68,4.71,4.73,4.75,4.77,4.79,4.81,4.84,4.86,6.91,6.92,6.94,6.96,6.97,6.99,7.00,7.02,7.04,7.05,0.00,0.00,0.00,0.00,0.00,0.00,0.00,-1.00,0,None,0,aggregation
160,317.54,remora3,remora2,0.00,0.00,0.00,0.00,0.00,0.00,0.00,0.00,0.00,0.00,0.00,0.00,0.00,0.00,0.00,0.00,0.00,0.00,0.00,0.00,4.88,4.90,4.92,4.94,4.96,4.98,5.00,5.03,5.05,5.07,7.07,7.08,7.10,7.12,7.13,7.15,7.16,7.18,7.19,7.21,0.00,0.00,0.00,0.00,0.00,0.00,0.00,-1.00,0,None,0,aggregation
160,318.54,remora3,remora2,0.00,0.00,0.00,0.00,0.00,0.00,0.00,0.00,0.00,0.00,0.00,0.00,0.00,0.00,0.00,0.00,0.00,0.00,0.00,0.00,5.09,5.11,5.13,5.15,5.17,5.19,5.21,5.22,5.24,5.26,7.23,7.24,7.26,7.27,7.29,7.30,7.32,7.33,7.35,7.36,0.00,0.00,0.00,0.00,0.00,0.00,0.00,-1.00,0,None,0,aggregation
160,319.54,remora3,remora2,0.00,0.00,0.00,0.00,0.00,0.00,0.00,0.00,0.00,0.00,0.00,0.00,0.00,0.00,0.00,0.00,0.00,0.00,0.00,0.00,5.28,5.30,5.32,5.34,5.36,5.38,5.39,5.41,5.43,5.45,7.38,7.39,7.41,7.42,7.44,7.45,7.47,7.48,7.50,7.51,0.00,0.00,0.00,0.00,0.00,0.00,0.00,-1.00,0,None,0,aggregation
160,320.54,remora3,remora2,0.00,0.00,0.00,0.00,0.00,0.00,0.00,0.00,0.00,0.00,0.00,0.00,0.00,0.00,0.00,0.00,0.00,0.00,0.00,0.00,5.47,5.49,5.51,5.52,5.54,5.56,5.58,5.60,5.62,5.63,7.53,7.54,7.56,7.57,7.59,7.60,7.62,7.63,7.65,7.66,0.00,0.00,0.00,0.00,0.00,0.00,0.00,-1.00,0,None,0,aggregation
160,321.54,remora3,remora2,0.00,0.00,0.00,0.00,0.00,0.00,0.00,0.00,0.00,0.00,0.00,0.00,0.00,0.00,0.00,0.00,0.00,0.00,0.00,0.00,5.65,5.65,5.66,5.68,5.69,5.71,5.73,5.75,5.77,5.79,7.68,7.68,7.69,7.71,7.72,7.74,7.75,7.77,7.78,7.80,0.00,0.00,0.00,0.00,0.00,0.00,0.00,-1.00,0,None,0,aggregation
160,322.54,remora3,remora2,0.00,0.00,0.00,0.00,0.00,0.00,0.00,0.00,0.00,0.00,0.00,0.00,0.00,0.00,0.00,0.00,0.00,0.00,0.00,0.00,5.81,5.82,5.84,5.86,5.88,5.90,5.92,5.94,5.96,5.98,7.81,7.83,7.84,7.86,7.87,7.89,7.90,7.92,7.93,7.95,0.00,0.00,0.00,0.00,0.00,0.00,0.00,-1.00,0,None,0,aggregation
160,323.54,remora3,remora2,0.00,0.00,0.00,0.00,0.00,0.00,0.00,0.00,0.00,0.00,0.00,0.00,0.00,0.00,0.00,0.00,0.00,0.00,0.00,0.00,5.99,6.01,6.03,6.05,6.07,6.09,6.11,6.13,6.15,6.17,7.96,7.98,8.00,8.01,8.03,8.04,6.11,6.13,6.15,6.17,0.00,0.00,0.00,0.00,0.00,0.00,0.00,-1.00,0,None,0,aggregation
160,131.54,remora2,remora4,-9.47,-9.47,13.69,13.69,13.02,13.02,14.60,14.60,16.48,16.48,6.23,6.23,5.38,5.38,4.53,4.53,6.54,6.54,8.92,8.92,3.89,3.86,3.84,3.82,3.80,3.78,3.76,3.74,3.72,3.70,5.61,5.59,5.57,5.56,5.54,5.53,5.53,5.52,5.51,5.50,62.04,0.00,0.00,1.00,0.00,0.00,0.00,-1.00,0,None,0,aggregation
160,132.54,remora2,remora4,18.01,18.01,-10.19,-10.19,-9.74,-9.74,16.57,16.57,16.35,16.35,10.90,10.90,5.51,5.51,5.96,5.96,9.05,9.05,8.76,8.76,3.69,3.67,3.65,3.62,3.60,3.57,3.55,3.53,3.51,3.50,5.50,5.49,5.48,5.47,5.46,5.45,5.44,5.43,5.42,5.41,64.47,0.00,0.00,1.00,1.00,0.00,1.00,-1.00,0,None,0,aggregation
160,133.54,remora2,remora4,17.80,17.80,19.20,19.20,-9.82,-9.82,19.70,19.70,19.65,-9.60,10.63,10.63,12.44,12.44,5.88,5.88,13.08,13.08,13.03,6.10,3.48,3.47,3.46,3.45,3.43,3.41,3.39,3.38,3.37,3.37,5.41,5.40,5.40,5.39,5.39,5.38,5.37,5.37,5.36,5.36,70.87,0.00,0.00,1.00,1.00,0.00,1.00,-1.00,0,None,0,aggregation
160,134.54,remora2,remora4,-9.60,-9.60,-8.98,-8.98,-8.98,-8.98,15.68,15.68,16.05,16.05,6.10,6.10,6.72,6.72,6.72,6.72,7.91,7.91,8.38,8.38,3.35,3.33,3.30,3.28,3.26,3.24,3.23,3.22,3.21,3.20,5.35,5.35,5.34,5.33,5.32,5.31,5.31,5.30,5.30,5.29,70.84,0.00,0.00,1.00,0.00,0.00,0.00,-1.00,0,None,0,aggregation
160,135.54,remora2,remora4,17.29,17.29,18.90,18.90,19.98,19.98,21.05,21.05,22.06,22.06,9.97,9.97,12.05,12.05,13.46,13.46,14.86,14.86,16.20,16.20,3.20,3.19,3.19,3.18,3.18,3.18,3.18,3.19,3.19,3.19,5.29,5.29,5.28,5.28,5.28,5.28,5.28,5.28,5.28,5.28,82.58,0.00,0.00,1.00,0.00,0.00,0.00,-1.00,0,None,0,aggregation
160,136.54,remora2,remora4,23.00,23.00,23.86,23.86,24.52,24.52,-10.55,-10.55,-10.06,-10.06,17.46,17.46,18.64,18.64,19.56,19.56,5.14,5.14,5.64,5.64,3.20,3.21,3.21,3.22,3.23,3.24,3.24,3.23,3.22,3.21,5.29,5.29,5.29,5.30,5.30,5.31,5.31,5.30,5.30,5.30,90.30,0.00,0.00,1.00,1.00,0.00,1.00,-1.00,0,None,0,aggregation
160,137.54,remora2,remora4,-9.06,-9.06,21.24,21.24,21.05,21.05,21.90,21.90,22.72,22.72,6.63,6.63,15.11,15.11,14.86,14.86,15.99,15.99,17.08,17.08,3.20,3.19,3.19,3.20,3.21,3.22,3.24,3.25,3.26,3.28,5.29,5.29,5.29,5.29,5.29,5.30,5.30,5.31,5.31,5.32,98.89,0.00,0.00,1.00,0.00,0.00,0.00,-1.00,0,None,0,aggregation
160,138.54,remora2,remora4,23.63,23.63,24.22,24.22,-9.74,-9.74,-9.24,-9.24,22.21,22.21,18.32,18.32,19.14,19.14,5.96,5.96,6.46,6.46,16.41,16.41,3.30,3.32,3.33,3.36,3.36,3.36,3.36,3.36,3.37,3.39,5.33,5.34,5.35,5.36,5.36,5.36,5.36,5.36,5.37,5.37,106.54,0.00,0.00,1.00,1.00,0.00,1.00,-1.00,0,None,0,aggregation
160,139.54,remora2,remora4,21.99,21.99,22.67,22.67,23.35,23.35,24.00,24.00,24.45,24.45,16.10,16.10,17.02,17.02,17.94,17.94,18.83,18.83,19.45,19.45,3.41,3.43,3.46,3.48,3.51,3.53,3.56,3.59,3.62,3.65,5.38,5.39,5.40,5.41,5.43,5.44,5.45,5.47,5.48,5.50,120.82,0.00,0.00,1.00,0.00,0.00,0.00,-1.00,0,None,0,aggregation
160,140.54,remora2,remora4,-9.70,-9.70,-9.32,-9.32,-8.32,-8.32,20.33,20.33,19.89,19.89,6.00,6.00,6.38,6.38,7.37,7.37,13.91,13.91,13.33,13.33,3.67,3.68,3.69,3.70,3.71,3.72,3.74,3.77,3.80,3.83,5.51,5.51,5.52,5.52,5.53,5.54,5.54,5.56,6.45,6.46,121.19,0.00,0.00,1.00,1.00,0.00,1.00,-1.00,0,None,0,aggregation
160,141.54,remora2,remora4,20.30,20.30,20.82,20.82,21.13,21.13,21.57,21.57,21.74,21.87,13.88,13.88,14.55,14.55,14.96,14.96,15.55,15.55,15.77,15.95,3.86,3.90,3.93,3.96,3.96,3.96,3.95,3.95,3.94,3.93,6.46,6.47,6.48,6.48,6.49,6.50,6.50,6.51,6.52,6.53,130.59,0.00,0.00,1.00,0.00,0.00,0.00,-1.00,0,None,0,aggregation
160,142.54,remora2,remora4,21.87,21.87,21.80,21.80,22.02,22.02,-10.73,-10.73,-10.25,-10.25,15.95,15.95,15.86,15.86,16.15,16.15,4.97,4.97,5.44,5.44,3.93,3.92,3.92,3.91,3.91,3.90,3.90,3.89,3.88,3.87,6.54,6.55,6.56,6.57,6.58,6.59,6.60,6.60,6.60,6.60,134.20,0.00,0.00,1.00,1.00,0.00,1.00,-1.00,0,None,0,aggregation
160,143.54,remora2,remora4,17.22,17.22,16.11,16.11,-9.66,-9.66,14.16,14.16,13.20,13.20,9.87,9.87,8.46,8.46,6.04,6.04,5.98,5.98,4.76,4.76,3.87,3.86,3.85,3.84,3.83,3.82,3.82,3.81,3.80,3.79,6.60,6.61,6.62,6.62,6.62,6.62,6.62,6.62,6.62,6.62,132.05,0.00,0.00,1.00,1.00,0.00,1.00,-1.00,0,None,0,aggregation
160,144.54,remora2,remora4,13.58,13.58,-10.22,-10.22,12.60,12.60,10.88,10.88,12.12,12.12,5.24,5.24,5.47,5.47,4.00,4.00,1.84,1.84,3.39,3.39,3.79,3.78,3.77,3.77,3.76,3.76,3.75,3.75,3.74,3.74,6.63,6.63,6.63,6.63,7.04,7.03,7.03,7.02,7.02,7.01,133.29,0.00,0.00,1.00,1.00,0.00,1.00,-1.00,0,None,0,aggregation
160,145.54,remora2,remora4,-10.74,-10.74,-10.41,-10.41,10.99,10.99,10.97,10.97,12.61,12.61,4.96,4.96,5.29,5.29,1.98,1.98,1.95,1.95,4.01,4.01,3.74,3.73,3.73,3.73,3.72,3.72,3.72,3.72,3.72,3.72,7.00,6.99,6.99,6.98,6.97,6.96,6.96,6.95,6.95,6.94,122.05,0.00,0.00,1.00,1.00,0.00,1.00,-1.00,0,None,0,aggregation
160,146.54,remora2,remora4,14.14,14.14,-10.89,-10.48,-10.48,-10.48,12.00,12.00,12.02,12.02,5.95,5.95,4.81,5.22,5.22,5.22,3.25,3.25,3.27,3.27,3.73,3.73,3.73,3.74,3.74,3.74,3.74,3.75,3.75,3.76,6.94,6.94,6.93,6.92,6.91,6.54,6.53,6.90,6.89,6.89,114.52,0.00,0.00,1.00,1.00,0.00,1.00,-1.00,0,None,0,aggregation
160,147.54,remora2,remora4,13.62,13.62,15.24,15.24,-10.98,-10.98,-10.63,-10.63,12.96,12.96,5.29,5.29,7.35,7.35,4.72,4.72,5.06,5.06,4.45,4.45,3.77,3.78,3.78,3.79,3.80,3.81,3.81,3.82,3.82,3.83,6.89,6.88,6.88,6.88,6.88,6.87,6.86,6.86,6.85,6.85,106.35,0.00,0.00,1.00,1.00,0.00,1.00,-1.00,0,None,0,aggregation
160,148.54,remora2,remora4,12.31,12.31,13.46,13.46,-10.53,-10.53,-10.12,-10.12,11.50,11.50,3.64,3.64,5.08,5.08,5.16,5.16,5.58,5.58,2.61,2.61,3.84,3.85,3.85,3.86,3.86,3.86,3.87,3.87,3.87,3.87,6.85,6.84,6.84,6.84,6.84,6.83,6.83,6.82,6.82,6.82,99.15,0.00,0.00,1.00,1.00,0.00,1.00,-1.00,0,None,0,aggregation
160,149.54,remora2,remora4,11.68,11.68,13.28,14.68,14.68,-10.71,-10.71,-10.71,15.02,15.02,2.84,2.84,4.86,6.63,6.63,4.98,4.98,4.98,7.07,7.07,3.88,3.88,3.88,3.88,3.89,3.89,3.90,3.90,3.90,3.91,6.82,6.82,6.82,6.83,6.84,6.86,6.86,5.81,5.81,5.81,86.13,0.00,0.00,1.00,1.00,0.00,1.00,-1.00,0,None,0,aggregation
160,150.54,remora2,remora4,14.50,14.50,-10.52,-10.52,-10.09,-10.09,12.39,12.39,11.86,11.86,6.41,6.41,5.18,5.18,5.61,5.61,3.74,3.74,3.07,3.07,3.92,3.92,3.93,3.93,3.94,3.94,3.95,3.96,3.97,3.98,5.81,5.82,5.83,5.83,5.83,5.83,5.83,5.83,5.83,5.83,84.80,0.00,0.00,1.00,1.00,0.00,1.00,-1.00,0,None,0,aggregation
160,151.54,remora2,remora4,13.46,13.46,15.02,15.02,-10.51,-10.51,-10.16,-10.16,12.93,12.93,5.08,5.08,7.07,7.07,5.18,5.18,5.54,5.54,4.42,4.42,3.99,4.00,4.01,4.02,4.03,4.03,4.04,4.04,4.05,4.06,5.83,5.84,5.84,5.84,5.85,5.85,5.85,5.85,5.85,5.85,73.55,0.00,0.00,1.00,1.00,0.00,1.00,-1.00,0,None,0,aggregation
160,152.54,remora2,remora4,11.68,11.68,13.10,13.10,14.68,14.68,16.04,-10.77,-10.77,-10.77,2.84,2.84,4.64,4.64,6.63,6.63,8.36,4.93,4.93,4.93,4.07,4.08,4.09,4.10,4.11,4.12,4.14,4.15,4.15,4.16,5.86,5.86,5.87,5.87,5.87,5.88,5.88,5.89,5.90,5.90,68.58,0.00,0.00,1.00,1.00,0.00,1.00,-1.00,0,None,0,aggregation
160,153.54,remora2,remora4,-10.27,-10.27,13.28,12.93,12.93,12.93,14.33,14.33,-10.15,-10.15,5.43,5.43,4.86,4.42,4.42,4.42,6.19,6.19,5.55,5.55,4.16,4.17,4.18,4.19,4.20,4.21,4.23,4.24,4.25,4.25,5.91,5.91,5.92,5.93,5.93,5.93,5.94,5.95,5.96,5.97,65.75,0.00,0.00,1.00,1.00,0.00,1.00,-1.00,0,None,0,aggregation
160,154.54,remora2,remora4,14.33,14.33,14.33,14.33,-10.19,-10.19,-9.76,-9.76,11.11,11.11,6.19,6.19,6.19,6.19,5.51,5.51,5.94,5.94,2.12,2.12,4.26,4.27,4.29,4.30,4.30,4.31,4.31,4.32,4.33,4.33,5.97,5.98,5.98,5.99,5.99,5.99,5.99,6.00,6.00,6.01,65.19,0.00,0.00,1.00,1.00,0.00,1.00,-1.00,0,None,0,aggregation
160,155.54,remora2,remora4,10.62,10.62,11.66,11.66,13.09,13.09,14.34,14.34,-10.94,-10.88,1.51,1.51,2.82,2.82,4.62,4.62,6.21,6.21,4.76,4.82,4.34,4.34,4.35,4.35,4.36,4.36,4.37,4.37,4.38,4.38,6.01,6.02,6.02,6.03,6.03,6.04,6.05,6.06,6.07,6.07,66.94,0.00,0.00,1.00,1.00,0.00,1.00,-1.00,0,None,0,aggregation
160,156.54,remora2,remora4,-10.88,-10.88,11.75,11.75,11.02,11.02,11.97,11.97,-10.93,-10.93,4.82,4.82,2.93,2.93,2.01,2.01,3.21,3.21,4.77,4.77,4.38,4.38,4.38,4.38,4.39,4.39,4.39,4.39,4.39,4.39,6.07,6.07,6.07,6.07,6.08,6.09,6.10,6.10,6.11,6.11,66.30,0.00,0.00,1.00,1.00,0.00,1.00,-1.00,0,None,0,aggregation
160,157.54,remora2,remora4,-10.52,-10.52,9.10,9.10,8.82,8.82,9.94,9.94,9.94,11.83,5.18,5.18,-0.40,-0.40,-0.74,-0.74,0.66,0.66,0.66,3.03,4.39,4.39,4.39,4.39,4.38,4.38,4.38,4.38,4.39,4.39,6.11,6.12,6.12,6.13,6.13,6.14,6.15,6.15,6.16,6.17,63.77,0.00,0.00,1.00,0.00,0.00,0.00,-1.00,0,None,0,aggregation
160,158.54,remora2,remora4,12.72,12.72,-11.81,-11.81,-11.49,-11.49,10.06,10.06,9.94,9.94,4.15,4.15,3.89,3.89,4.21,4.21,0.81,0.81,0.66,0.66,4.39,4.39,4.39,4.38,4.38,4.37,4.37,4.37,4.37,4.37,6.18,6.20,6.21,6.21,6.22,6.22,6.23,6.24,6.25,6.26,63.28,0.00,0.00,1.00,0.00,0.00,0.00,-1.00,0,None,0,aggregation
160,159.54,remora2,remora4,11.39,11.39,-11.58,-11.58,11.40,11.40,10.75,10.75,-11.64,-11.64,2.48,2.48,4.12,4.12,2.49,2.49,1.67,1.67,4.06,4.06,4.36,4.36,4.36,4.35,4.35,4.35,4.34,4.34,4.34,4.33,6.27,6.28,6.29,6.29,6.30,6.31,6.32,6.33,6.34,6.35,61.24,0.00,0.00,1.00,0.00,0.00,0.00,-1.00,0,None,0,aggregation
160,160.54,remora2,remora4,-11.25,-11.25,8.43,8.42,8.42,8.42,9.98,9.98,11.53,11.53,4.45,4.45,-1.23,-1.24,-1.24,-1.24,0.70,0.70,2.65,2.65,4.33,4.32,4.32,4.31,4.31,4.31,4.30,4.30,4.30,4.30,6.35,6.36,6.36,6.37,6.38,6.39,6.40,6.41,6.42,6.43,59.66,0.00,0.00,1.00,0.00,0.00,0.00,-1.00,0,None,0,aggregation
160,161.54,remora2,remora4,12.58,12.58,-12.52,-12.52,-12.14,-12.14,10.41,10.41,10.37,10.37,3.98,3.98,3.17,3.17,3.55,3.55,1.25,1.25,1.19,1.19,4.30,4.29,4.29,4.28,4.27,4.26,4.26,4.25,4.25,4.25,6.44,6.45,6.46,6.46,6.47,6.47,6.48,6.49,6.50,6.51,58.64,0.00,0.00,1.00,0.00,0.00,0.00,-1.00,0,None,0,aggregation
160,162.54,remora2,remora4,11.62,11.62,-12.29,-11.98,-11.98,-11.98,9.98,9.98,9.40,9.40,2.76,2.76,3.41,3.72,3.72,3.72,0.70,0.70,-0.02,-0.02,4.24,4.24,4.23,4.23,4.22,4.21,4.20,4.19,4.19,4.18,6.53,6.54,6.55,6.55,6.56,6.57,6.58,6.59,6.60,6.61,56.32,0.00,0.00,1.00,0.00,0.00,0.00,-1.00,0,None,0,aggregation
160,163.54,remora2,remora4,10.51,10.51,12.42,12.42,-12.52,-12.52,-12.21,-12.21,10.60,10.60,1.37,1.37,3.78,3.78,3.18,3.18,3.49,3.49,1.48,1.48,4.18,4.17,4.17,4.16,4.16,4.15,4.14,4.13,4.12,4.11,6.62,6.61,6.62,6.63,6.64,6.64,6.64,6.65,6.66,6.67,55.63,0.00,0.00,1.00,0.00,0.00,0.00,-1.00,0,None,0,aggregation
160,164.54,remora2,remora4,10.53,10.53,12.14,12.14,-12.34,-12.34,-12.10,-12.10,10.56,10.56,1.40,1.40,3.43,3.43,3.36,3.36,3.60,3.60,1.43,1.43,4.11,4.10,4.10,4.09,4.09,4.08,4.07,4.06,4.05,4.05,6.68,6.70,6.71,6.72,6.74,6.74,6.75,6.75,6.76,6.77,55.05,0.00,0.00,1.00,0.00,0.00,0.00,-1.00,0,None,0,aggregation
160,165.54,remora2,remora4,10.19,10.19,11.56,11.56,-12.09,-12.09,12.47,12.47,12.37,-12.19,0.98,0.98,2.70,2.70,3.61,3.61,3.84,3.84,3.72,3.51,4.04,4.04,4.03,4.03,4.02,4.02,4.01,4.01,4.01,4.01,6.78,6.79,6.81,6.82,6.83,6.06,6.06,6.06,6.06,6.07,54.21,0.00,0.00,1.00,0.00,0.00,0.00,-1.00,0,None,0,aggregation
160,166.54,remora2,remora4,-12.19,-12.19,-11.73,-11.73,10.22,10.22,10.43,10.43,11.80,11.80,3.51,3.51,3.97,3.97,1.01,1.01,1.27,1.27,2.99,2.99,4.00,4.00,3.99,3.98,3.98,3.98,3.98,3.98,3.98,3.99,6.06,6.06,6.06,6.06,6.05,6.05,6.05,6.06,6.06,6.06,54.12,0.00,0.00,1.00,0.00,0.00,0.00,-1.00,0,None,0,aggregation
160,167.54,remora2,remora4,-11.79,-11.79,12.53,12.53,12.04,12.04,-11.81,-11.81,-11.42,10.05,3.91,3.91,3.92,3.92,3.30,3.30,3.88,3.88,4.27,0.79,3.99,3.98,3.98,3.99,3.99,4.00,4.00,4.00,4.00,4.01,6.06,6.06,6.06,6.06,6.06,6.06,6.06,6.06,6.06,6.06,55.23,0.00,0.00,1.00,1.00,0.00,1.00,-1.00,0,None,0,aggregation
160,168.54,remora2,remora4,10.05,10.05,10.45,10.45,11.72,11.72,-11.64,-11.64,12.14,12.14,0.79,0.79,1.30,1.30,2.89,2.89,4.06,4.06,3.42,3.42,4.01,4.02,4.03,4.03,4.04,4.06,4.06,4.07,4.08,4.09,6.06,6.06,6.06,6.06,6.06,6.07,6.07,6.07,6.07,6.07,55.91,0.00,0.00,1.00,1.00,0.00,1.00,-1.00,0,None,0,aggregation
160,169.54,remora2,remora4,-11.22,-11.22,11.03,10.98,10.98,-11.34,-11.34,-11.34,-10.88,-10.88,4.48,4.48,2.02,1.97,1.97,4.35,4.35,4.35,4.82,4.82,4.10,4.11,4.12,4.14,4.15,4.17,4.18,4.19,4.20,4.22,6.08,6.08,6.09,6.10,6.12,6.14,6.15,6.15,6.15,6.16,54.67,0.00,0.00,1.00,0.00,0.00,0.00,-1.00,0,None,0,aggregation
160,170.54,remora2,remora4,7.77,7.77,7.58,7.58,9.02,9.02,10.17,10.17,11.55,11.55,-2.05,-2.05,-2.30,-2.30,-0.49,-0.49,0.94,0.94,2.68,2.68,4.23,4.25,4.26,4.28,4.30,4.32,4.34,4.36,4.39,4.41,6.16,6.16,6.16,6.16,6.16,6.17,6.18,6.18,6.19,6.19,54.55,0.00,0.00,1.00,0.00,0.00,0.00,-1.00,0,None,0,aggregation
160,171.54,remora2,remora4,-12.22,-11.85,-11.85,-11.85,8.00,8.00,6.58,6.58,7.30,7.30,3.47,3.85,3.85,3.85,-1.77,-1.77,-3.55,-3.55,-2.64,-2.64,4.43,4.45,4.47,4.49,4.51,4.53,4.56,4.58,4.60,4.63,6.19,6.19,6.19,6.19,6.19,6.20,6.20,6.20,6.20,6.21,51.81,0.00,0.00,1.00,0.00,0.00,0.00,-1.00,0,None,0,aggregation
160,172.54,remora2,remora4,7.79,7.79,8.51,8.51,9.22,9.22,9.39,9.39,-13.97,-13.78,-2.04,-2.04,-1.13,-1.13,-0.24,-0.24,-0.03,-0.03,1.72,1.92,4.66,4.68,4.71,4.74,4.77,4.80,4.83,4.86,4.88,4.91,6.21,6.22,6.22,6.22,6.23,6.24,6.24,6.25,6.25,6.25,51.03,0.00,0.00,1.00,0.00,0.00,0.00,-1.00,0,None,0,aggregation
160,173.54,remora2,remora4,-13.78,-13.78,4.13,4.13,1.94,1.94,2.16,2.16,2.58,2.58,1.92,1.92,-6.34,-6.34,-8.52,-8.52,-8.31,-8.31,-7.89,-7.89,4.93,4.95,4.97,5.00,5.02,5.05,5.07,5.10,5.12,5.15,6.25,6.25,6.25,6.25,6.26,6.26,6.26,6.26,6.26,6.27,48.42,0.00,0.00,1.00,0.00,0.00,0.00,-1.00,0,None,0,aggregation
160,174.54,remora2,remora4,3.06,3.06,3.44,3.44,4.81,4.81,6.54,8.20,8.20,8.20,-7.41,-7.41,-7.02,-7.02,-5.65,-5.65,-3.60,-1.52,-1.52,-1.52,5.18,5.20,5.23,5.24,5.23,5.25,5.28,5.31,5.34,5.37,6.27,6.27,6.27,6.27,6.25,6.25,6.26,6.26,6.27,6.27,44.75,0.00,0.00,0.00,0.00,0.00,0.00,-1.00,0,None,0,aggregation
160,175.54,remora2,remora4,9.86,9.86,11.50,11.50,13.10,13.10,-17.37,-17.37,-17.27,-17.27,0.56,0.56,2.61,2.61,4.64,4.64,-1.68,-1.68,-1.57,-1.57,5.41,5.44,5.47,5.51,5.55,5.59,5.62,5.64,5.66,5.68,6.28,6.29,6.30,6.31,6.32,6.33,6.33,6.33,6.33,6.32,46.51,0.00,0.00,1.00,0.00,0.00,0.00,-1.00,0,None,0,aggregation
160,176.54,remora2,remora4,10.77,10.77,10.41,10.41,11.86,11.86,-17.30,-17.30,11.86,11.86,1.70,1.70,1.25,1.25,3.07,3.07,-1.60,-1.60,3.07,3.07,5.71,5.74,5.78,5.81,5.85,5.88,5.91,5.93,5.96,6.00,6.32,6.33,6.34,6.35,6.36,6.37,6.37,6.37,6.37,6.37,48.38,0.00,0.00,1.00,0.00,0.00,0.00,-1.00,0,None,0,aggregation
160,177.54,remora2,remora4,11.13,11.13,-17.27,-17.27,11.50,11.50,11.13,11.13,-17.32,-17.32,2.16,2.16,-1.57,-1.57,2.61,2.61,2.16,2.16,-1.62,-1.62,6.03,6.07,6.10,6.12,6.15,6.18,6.22,6.26,6.29,6.31,6.38,6.39,6.40,6.39,6.39,6.40,6.41,6.42,6.42,6.42,50.57,0.00,0.00,1.00,0.00,0.00,0.00,-1.00,0,None,0,aggregation
160,178.54,remora2,remora4,-17.21,-17.21,8.94,8.94,8.76,8.76,10.23,11.68,11.68,-17.46,-1.51,-1.51,-0.59,-0.59,-0.82,-0.82,1.02,2.84,2.84,-1.77,6.33,6.35,6.38,6.41,6.41,6.39,6.37,6.35,6.33,6.31,6.42,6.41,6.41,6.42,6.43,6.43,6.44,6.45,6.46,6.47,51.01,0.00,0.00,1.00,1.00,0.00,1.00,-1.00,0,None,0,aggregation
160,179.54,remora2,remora4,-17.46,-17.46,-17.31,-17.31,8.39,8.39,8.02,8.02,9.68,9.68,-1.77,-1.77,-1.62,-1.62,-1.29,-1.29,-1.75,-1.75,0.33,0.33,6.29,6.26,6.23,6.20,6.17,6.15,6.13,6.11,6.09,6.07,6.47,6.46,6.46,6.46,6.46,6.46,6.47,6.47,6.48,6.49,52.89,0.00,0.00,1.00,0.00,0.00,0.00,-1.00,0,None,0,aggregation
160,180.54,remora2,remora4,11.13,11.13,12.57,12.57,-17.66,-17.66,-17.59,10.04,10.04,10.04,2.16,2.16,3.97,3.97,-1.96,-1.96,-1.89,0.79,0.79,0.79,6.05,6.03,6.01,6.00,5.97,5.94,5.91,5.88,5.86,5.84,6.50,6.50,6.51,6.52,6.53,6.52,6.52,6.52,6.52,6.53,55.94,0.00,0.00,1.00,1.00,0.00,1.00,-1.00,0,None,0,aggregation
160,181.54,remora2,remora4,10.23,10.23,11.68,11.68,-17.64,-17.64,-17.55,-17.55,8.76,8.76,1.02,1.02,2.84,2.84,-1.94,-1.94,-1.85,-1.85,-0.82,-0.82,5.82,5.80,5.78,5.76,5.74,5.71,5.68,5.65,5.63,5.60,6.53,6.54,6.55,6.56,6.56,6.56,6.55,6.55,6.55,6.56,60.18,0.00,0.00,1.00,1.00,0.00,1.00,-1.00,0,None,0,aggregation
160,182.54,remora2,remora4,8.02,8.02,9.49,9.49,10.95,10.95,12.21,12.21,-17.78,-17.78,-1.75,-1.75,0.10,0.10,1.93,1.93,3.52,3.52,-2.08,-2.08,5.58,5.56,5.54,5.52,5.50,5.48,5.47,5.45,5.43,5.40,6.56,6.57,6.58,6.58,6.59,6.60,6.61,6.62,6.62,6.62,62.26,0.00,0.00,1.00,1.00,0.00,1.00,-1.00,0,None,0,aggregation
160,183.54,remora2,remora4,-17.71,-17.71,8.94,8.94,8.76,8.76,10.59,10.59,-17.75,-17.75,-2.02,-2.02,-0.59,-0.59,-0.82,-0.82,1.47,1.47,-2.05,-2.05,5.37,5.34,5.31,5.29,5.27,5.25,5.23,5.22,5.19,5.16,6.61,6.61,6.61,6.62,6.63,6.63,6.64,6.65,6.65,6.65,65.84,0.00,0.00,1.00,1.00,0.00,1.00,-1.00,0,None,0,aggregation
160,184.54,remora2,remora4,11.10,11.10,10.74,10.74,-17.77,-17.77,11.52,11.52,11.34,11.34,2.12,2.12,1.66,1.66,-2.07,-2.07,2.64,2.64,2.41,2.41,5.14,5.12,5.10,5.09,5.06,5.03,5.01,4.99,4.98,4.96,6.65,6.66,6.67,6.68,6.68,6.68,6.68,6.69,6.70,6.71,71.15,0.00,0.00,1.00,1.00,0.00,1.00,-1.00,0,None,0,aggregation
160,185.54,remora2,remora4,-17.79,-17.79,-17.73,-17.73,9.10,9.10,9.28,9.28,10.80,10.80,-2.09,-2.09,-2.04,-2.04,-0.39,-0.39,-0.17,-0.17,1.74,1.74,4.93,4.91,4.88,4.85,4.83,4.81,4.79,4.77,4.75,4.73,6.71,6.71,6.71,6.70,6.71,6.71,4.79,4.77,4.75,4.73,70.14,0.00,0.00,1.00,1.00,0.00,1.00,-1.00,0,None,0,aggregation
160,186.54,remora2,remora4,12.14,12.14,-17.82,-17.79,-17.79,-17.79,10.08,10.08,9.67,9.67,3.42,3.42,-2.13,-2.09,-2.09,-2.09,0.83,0.83,0.32,0.32,4.72,4.70,4.68,4.65,4.62,4.60,4.57,4.55,4.54,4.52,4.72,4.70,4.68,4.65,4.62,4.60,4.57,4.55,4.54,4.52,70.48,0.00,0.00,1.00,1.00,0.00,1.00,-1.00,0,None,0,aggregation
160,187.54,remora2,remora4,11.02,11.02,-17.80,-17.80,-17.77,-17.77,8.98,8.98,8.63,8.63,2.01,2.01,-2.10,-2.10,-2.07,-2.07,-0.55,-0.55,-0.98,-0.98,4.50,4.48,4.46,4.43,4.41,4.38,4.36,4.34,4.32,4.30,4.50,4.48,4.46,4.43,4.41,4.38,4.36,4.34,4.32,4.30,69.51,0.00,0.00,1.00,1.00,0.00,1.00,-1.00,0,None,0,aggregation
160,188.54,remora2,remora4,9.99,9.99,11.57,11.57,-17.84,-17.84,11.97,11.97,11.15,11.15,0.72,0.72,2.71,2.71,-2.14,-2.14,3.21,3.21,2.17,2.17,4.28,4.26,4.25,4.23,4.21,4.18,4.16,4.14,4.13,4.11,4.28,4.26,4.25,4.23,4.21,4.18,4.16,4.14,4.13,4.11,70.39,0.00,0.00,1.00,1.00,0.00,1.00,-1.00,0,None,0,aggregation
160,189.54,remora2,remora4,-17.84,-17.84,-17.80,-17.80,8.35,8.35,8.02,8.02,9.34,9.34,-2.14,-2.14,-2.10,-2.10,-1.33,-1.33,-1.75,-1.75,-0.10,-0.10,4.09,4.06,4.03,4.01,3.99,3.97,3.95,3.93,3.91,3.89,4.09,4.06,4.03,4.01,3.99,3.97,3.95,3.93,3.91,3.89,70.47,0.00,0.00,1.00,1.00,0.00,1.00,-1.00,0,None,0,aggregation
160,190.54,remora2,remora4,10.67,10.67,-17.85,-17.85,10.88,10.88,10.47,10.47,-17.85,-17.85,1.58,1.58,-2.15,-2.15,1.83,1.83,1.33,1.33,-2.15,-2.15,3.87,3.86,3.84,3.81,3.79,3.77,3.75,3.74,3.72,3.69,3.87,3.86,3.84,3.81,3.79,3.77,3.75,3.74,3.72,3.69,70.61,0.00,0.00,1.00,1.00,0.00,1.00,-1.00,0,None,0,aggregation
160,191.54,remora2,remora4,10.69,10.69,10.42,10.42,-2.15,-2.15,-2.11,-2.11,16.22,16.22,1.60,1.60,1.27,1.27,-17.85,-17.85,-17.81,-17.81,8.60,8.60,3.67,3.65,3.64,3.62,3.60,3.58,3.55,3.53,3.51,3.50,3.67,3.65,3.64,3.62,3.60,3.58,3.55,3.53,3.51,3.50,72.21,0.00,0.00,1.00,0.00,0.00,0.00,-1.00,0,None,0,aggregation
160,192.54,remora2,remora4,17.94,17.94,-1.67,-1.67,-1.40,-1.40,22.71,22.71,-0.63,-0.63,10.80,10.80,-17.37,-17.37,-17.09,-17.09,17.07,17.07,-16.33,-16.33,3.49,3.48,3.46,3.44,3.42,3.41,3.42,3.43,3.44,3.43,3.49,3.48,3.46,3.44,3.42,3.41,3.42,3.43,3.44,3.43,78.08,0.00,0.00,1.00,0.00,0.00,0.00,-1.00,0,None,0,aggregation
160,193.54,remora2,remora4,-0.21,-0.21,0.45,0.45,27.99,1.61,1.61,1.61,2.23,2.23,-15.90,-15.90,-15.25,-15.25,24.66,-14.09,-14.09,-14.09,-13.47,-13.47,3.42,3.42,3.41,3.40,3.41,3.43,3.44,3.43,3.43,3.42,3.42,3.42,3.41,3.40,3.41,3.43,3.44,3.43,3.43,3.42,80.01,0.00,0.00,1.00,0.00,0.00,0.00,-1.00,0,None,0,aggregation
160,194.54,remora2,remora4,29.86,3.61,3.61,3.61,4.34,4.34,5.32,5.32,6.34,6.34,28.14,-12.08,-12.08,-12.08,-11.36,-11.36,-10.37,-10.37,-9.36,-9.36,3.43,3.46,3.46,3.46,3.45,3.45,3.45,3.44,3.44,3.44,3.43,3.46,3.46,3.46,3.45,3.45,3.45,3.44,3.44,3.44,78.35,0.00,0.00,1.00,0.00,0.00,0.00,-1.00,0,None,0,aggregation
160,195.54,remora2,remora4,7.37,7.37,8.13,8.13,8.63,8.63,9.09,9.09,23.18,23.18,-8.33,-8.33,-7.01,-7.01,-5.50,-5.50,-4.06,-4.06,27.04,27.04,3.44,3.44,3.44,3.44,3.44,3.44,3.44,3.44,3.45,3.46,3.44,3.44,3.44,3.44,3.44,3.44,3.44,3.44,3.45,3.46,77.39,0.00,0.00,1.00,1.00,0.00,1.00,-1.00,0,None,0,aggregation
160,196.54,remora2,remora4,22.46,22.46,23.23,23.23,23.67,23.67,24.20,24.20,24.75,24.75,26.55,26.55,27.07,27.07,27.36,27.36,27.70,27.70,28.05,28.05,3.48,3.49,3.51,3.52,3.54,3.56,3.57,3.59,3.61,3.63,3.48,3.49,3.51,3.52,3.54,3.56,3.57,3.59,3.61,3.63,95.27,0.00,0.00,1.00,0.00,0.00,0.00,-1.00,0,None,0,aggregation
160,197.54,remora2,remora4,25.32,25.32,25.66,25.66,26.02,26.02,26.40,26.40,26.79,26.79,28.40,28.40,28.60,28.60,28.81,28.81,29.02,29.02,29.23,29.23,3.65,3.67,3.69,3.71,3.73,3.75,3.77,3.79,3.81,3.83,3.65,3.67,3.69,3.71,3.73,3.75,3.77,3.79,3.81,3.83,115.81,0.00,0.00,1.00,0.00,0.00,0.00,-1.00,0,None,0,aggregation
160,198.54,remora2,remora4,27.10,27.10,27.32,27.32,27.52,27.52,27.78,27.78,27.99,27.99,29.39,29.39,29.50,29.50,29.60,29.60,29.71,29.71,29.80,29.80,3.86,3.88,3.90,3.93,3.95,3.97,4.00,4.02,4.05,4.07,3.86,3.88,3.90,3.93,3.95,3.97,4.00,4.02,4.05,4.07,137.03,0.00,0.00,1.00,0.00,0.00,0.00,-1.00,0,None,0,aggregation
160,199.54,remora2,remora4,28.17,28.17,28.30,28.30,28.43,28.43,28.56,28.56,28.70,28.70,29.88,29.88,29.93,29.93,29.97,29.97,30.02,30.02,30.06,30.06,4.09,4.12,4.15,4.17,4.20,4.22,4.25,4.27,4.30,4.33,4.09,4.12,4.15,4.17,4.20,4.22,4.25,4.27,4.30,4.33,159.99,0.00,0.00,1.00,0.00,0.00,0.00,-1.00,0,None,0,aggregation
160,200.54,remora2,remora4,28.77,28.77,28.89,28.95,28.95,28.95,29.11,29.11,29.16,29.16,30.08,30.08,30.11,30.12,30.12,30.12,30.15,30.15,30.16,30.16,4.35,4.38,4.41,4.43,4.46,4.49,4.52,4.54,4.57,4.60,4.35,4.38,4.41,4.43,4.46,4.49,4.52,4.54,4.57,4.60,181.87,0.00,0.00,1.00,0.00,0.00,0.00,-1.00,0,None,0,aggregation
160,201.54,remora2,remora4,29.27,29.27,29.33,29.33,29.31,29.31,29.42,29.42,29.52,29.52,30.18,30.18,30.18,30.18,30.18,30.18,30.18,30.18,30.18,30.18,4.63,4.65,4.68,4.71,4.74,4.77,4.79,4.82,4.85,4.88,4.63,4.65,4.68,4.71,4.74,4.77,4.79,4.82,4.85,4.88,202.77,0.00,0.00,1.00,0.00,0.00,0.00,-1.00,0,None,0,aggregation
160,202.54,remora2,remora4,29.52,29.52,29.55,29.55,29.61,29.61,29.67,29.67,29.67,29.67,30.18,30.18,30.18,30.18,30.17,30.17,30.16,30.16,30.16,30.16,4.91,4.94,4.96,4.99,5.02,5.05,5.08,5.11,5.14,5.16,4.91,4.94,4.96,4.99,5.02,5.05,5.08,5.11,5.14,5.16,220.36,0.00,0.00,1.00,0.00,0.00,0.00,-1.00,0,None,0,aggregation
160,203.54,remora2,remora4,29.82,29.82,30.18,30.18,0.00,0.00,30.00,30.00,30.00,30.00,30.12,30.12,29.57,29.57,0.00,0.00,30.00,30.00,30.00,30.00,5.19,5.22,5.25,5.28,5.30,5.31,5.32,5.35,5.38,5.41,5.19,5.22,5.25,5.28,5.30,5.31,5.32,5.35,5.38,5.41,235.61,0.00,0.00,1.00,0.00,0.00,0.00,-1.00,0,None,0,aggregation
160,204.54,remora2,remora4,30.00,30.00,30.00,30.00,30.00,30.00,30.00,30.00,30.00,30.00,30.00,30.00,30.00,30.00,30.00,30.00,30.00,30.00,30.00,30.00,5.44,5.47,5.50,5.52,5.55,5.58,5.61,5.64,5.67,5.70,5.44,5.47,5.50,5.52,5.55,5.58,5.61,5.64,5.67,5.70,259.94,0.00,0.00,1.00,0.00,0.00,0.00,-1.00,0,None,0,aggregation
160,205.54,remora2,remora4,30.00,30.00,30.00,30.00,30.00,30.00,30.00,30.00,30.00,30.00,30.00,30.00,30.00,30.00,30.00,30.00,30.00,30.00,30.00,30.00,5.73,5.76,5.79,5.82,5.85,5.87,5.90,5.94,5.96,5.99,5.73,5.76,5.79,5.82,5.85,5.87,5.90,5.94,5.96,5.99,283.89,0.00,0.00,1.00,0.00,0.00,0.00,-1.00,0,None,0,aggregation
160,206.54,remora2,remora4,30.00,30.00,30.00,30.00,30.00,30.00,30.00,30.00,30.00,30.00,30.00,30.00,30.00,30.00,30.00,30.00,30.00,30.00,30.00,30.00,6.02,6.05,6.08,6.11,6.14,6.17,6.20,6.23,6.26,6.28,6.02,6.05,6.08,6.11,6.14,6.17,6.20,6.23,6.26,6.28,288.39,0.00,0.00,1.00,0.00,0.00,0.00,-1.00,0,None,0,aggregation
160,207.54,remora2,remora4,30.00,30.00,30.00,30.00,30.00,30.00,30.00,30.00,30.00,30.00,30.00,30.00,30.00,30.00,30.00,30.00,30.00,30.00,30.00,30.00,6.31,6.34,6.37,6.40,6.43,6.46,6.49,6.52,6.55,6.58,6.31,6.34,6.37,6.40,6.43,6.46,6.49,6.52,6.55,6.58,290.96,0.00,0.00,1.00,0.00,0.00,0.00,-1.00,0,None,0,aggregation
160,208.54,remora2,remora4,30.00,30.00,30.00,30.00,30.00,30.00,30.00,30.00,30.00,30.00,30.00,30.00,30.00,30.00,30.00,30.00,30.00,30.00,30.00,30.00,6.61,6.64,6.67,6.70,6.72,6.75,6.78,6.81,6.84,6.87,6.61,6.64,6.67,6.70,6.72,6.75,6.78,6.81,6.84,6.87,292.39,0.00,0.00,1.00,0.00,0.00,0.00,-1.00,0,None,0,aggregation
160,209.54,remora2,remora4,30.00,30.00,30.00,30.00,30.00,30.00,30.00,30.00,30.00,30.00,30.00,30.00,30.00,30.00,30.00,30.00,30.00,30.00,30.00,30.00,6.90,6.93,6.96,6.99,7.02,7.05,7.08,7.11,7.14,7.17,6.90,6.93,6.96,6.99,7.02,7.05,7.08,7.11,7.14,7.17,293.19,0.00,0.00,1.00,0.00,0.00,0.00,-1.00,0,None,0,aggregation
160,210.54,remora2,remora4,30.00,30.00,30.00,30.00,30.00,30.00,30.00,30.00,30.00,30.00,30.00,30.00,30.00,30.00,30.00,30.00,30.00,30.00,30.00,30.00,7.20,7.23,7.25,7.28,7.31,7.34,7.37,7.40,7.43,7.46,7.20,7.23,7.25,7.28,7.31,7.34,7.37,7.40,7.43,7.46,293.63,0.00,0.00,1.00,0.00,0.00,0.00,-1.00,0,None,0,aggregation
160,211.54,remora2,remora4,30.00,30.00,30.00,30.00,30.00,30.00,30.00,30.00,30.00,30.00,30.00,30.00,30.00,30.00,30.00,30.00,30.00,30.00,30.00,30.00,7.49,7.52,7.55,7.58,7.61,7.64,7.67,7.70,7.73,7.76,7.49,7.52,7.55,7.58,7.61,7.64,7.67,7.70,7.73,7.76,293.86,0.00,0.00,1.00,0.00,0.00,0.00,-1.00,0,None,0,aggregation
160,212.54,remora2,remora4,30.00,30.00,30.00,30.00,30.00,30.00,30.00,30.00,30.00,30.00,30.00,30.00,30.00,30.00,30.00,30.00,30.00,30.00,30.00,30.00,7.79,7.82,7.85,7.87,7.90,7.93,7.96,7.99,8.03,8.06,7.79,7.82,7.85,7.87,7.90,7.93,7.96,7.99,8.03,8.06,293.97,0.00,0.00,1.00,0.00,0.00,0.00,-1.00,0,None,0,aggregation
160,213.54,remora2,remora4,30.00,30.00,30.00,30.00,30.00,30.00,30.00,30.00,30.00,30.00,30.00,30.00,30.00,30.00,30.00,30.00,30.00,30.00,30.00,30.00,8.10,8.14,8.18,8.22,8.25,8.29,8.33,8.36,8.40,8.43,8.10,8.14,8.18,8.22,8.25,8.29,8.33,8.36,8.40,8.43,300.00,0.00,0.00,1.00,0.00,0.00,0.00,-1.00,0,None,0,aggregation
160,214.54,remora2,remora4,30.00,30.00,30.00,30.00,30.00,30.00,30.00,30.00,30.00,30.00,30.00,30.00,30.00,30.00,30.00,30.00,30.00,30.00,30.00,30.00,8.47,8.50,8.53,8.56,8.60,8.63,8.65,8.68,8.71,8.74,8.47,8.50,8.53,8.56,8.60,8.63,8.65,8.68,8.71,8.74,300.00,0.00,0.00,1.00,0.00,0.00,0.00,-1.00,0,None,0,aggregation
160,215.54,remora2,remora4,30.00,30.00,30.00,30.00,30.00,30.00,30.00,30.00,30.00,30.00,30.00,30.00,30.00,30.00,30.00,30.00,30.00,30.00,30.00,30.00,8.77,8.79,8.82,8.84,8.87,8.89,8.92,8.94,8.96,8.99,8.77,8.79,8.82,8.84,8.87,8.89,8.92,8.94,8.96,8.99,300.00,0.00,0.00,1.00,0.00,0.00,0.00,-1.00,0,None,0,aggregation
160,216.54,remora2,remora4,30.00,30.00,30.00,30.00,30.00,30.00,30.00,30.00,30.00,30.00,30.00,30.00,30.00,30.00,30.00,30.00,30.00,30.00,30.00,30.00,9.01,9.03,9.05,9.08,9.10,9.12,9.15,9.17,9.20,9.22,9.01,9.03,9.05,9.08,9.10,9.12,9.15,9.17,9.20,9.22,300.00,0.00,0.00,1.00,0.00,0.00,0.00,-1.00,0,None,0,aggregation
160,217.54,remora2,remora4,30.00,30.00,30.00,30.00,30.00,30.00,30.00,30.00,30.00,30.00,30.00,30.00,30.00,30.00,30.00,30.00,30.00,30.00,30.00,30.00,9.24,9.27,9.30,9.32,9.35,9.38,9.41,9.44,9.47,9.50,9.24,9.27,9.30,9.32,9.35,9.38,9.41,9.44,9.47,9.50,300.00,0.00,0.00,1.00,0.00,0.00,0.00,-1.00,0,None,0,aggregation
160,218.54,remora2,remora4,30.00,30.00,30.00,30.00,30.00,30.00,30.00,30.00,30.00,30.00,30.00,30.00,30.00,30.00,30.00,30.00,30.00,30.00,30.00,30.00,9.53,9.57,9.60,9.64,9.67,9.71,9.75,9.79,9.83,9.87,9.53,9.57,9.60,9.64,9.67,9.71,9.75,9.79,9.83,9.87,300.00,0.00,0.00,1.00,0.00,0.00,0.00,-1.00,0,None,0,aggregation
160,219.54,remora2,remora4,30.00,30.00,30.00,30.00,30.00,30.00,30.00,30.00,30.00,30.00,30.00,30.00,30.00,30.00,30.00,30.00,30.00,30.00,30.00,30.00,9.92,9.96,10.00,10.00,10.00,10.00,10.00,10.00,10.00,10.00,9.92,9.96,10.00,10.00,10.00,10.00,10.00,10.00,10.00,10.00,300.00,0.00,0.00,1.00,0.00,0.00,0.00,-1.00,0,None,0,aggregation
160,220.54,remora2,remora4,30.00,30.00,30.00,30.00,30.00,30.00,30.00,30.00,30.00,30.00,30.00,30.00,30.00,30.00,30.00,30.00,30.00,30.00,30.00,30.00,10.00,10.00,10.00,10.00,10.00,10.00,10.00,10.00,10.00,10.00,10.00,10.00,10.00,10.00,10.00,10.00,10.00,10.00,10.00,10.00,300.00,0.00,0.00,1.00,0.00,0.00,0.00,-1.00,0,None,0,aggregation
160,221.54,remora2,remora4,30.00,30.00,30.00,30.00,30.00,30.00,30.00,30.00,30.00,30.00,30.00,30.00,30.00,30.00,30.00,30.00,30.00,30.00,30.00,30.00,10.00,10.00,10.00,10.00,10.00,10.00,10.00,10.00,10.00,10.00,10.00,10.00,10.00,10.00,10.00,10.00,10.00,10.00,10.00,10.00,300.00,0.00,0.00,1.00,0.00,0.00,0.00,-1.00,0,None,0,aggregation
160,222.54,remora2,remora4,30.00,30.00,30.00,30.00,30.00,30.00,30.00,30.00,30.00,30.00,30.00,30.00,30.00,30.00,30.00,30.00,30.00,30.00,30.00,30.00,10.00,10.00,10.00,10.00,10.00,10.00,10.00,10.00,10.00,10.00,10.00,10.00,10.00,10.00,10.00,10.00,10.00,10.00,10.00,10.00,300.00,0.00,0.00,1.00,0.00,0.00,0.00,-1.00,0,None,0,aggregation
160,260.54,remora2,remora4,0.00,0.00,0.00,0.00,0.00,0.00,0.00,0.00,0.00,0.00,0.00,0.00,0.00,0.00,0.00,0.00,0.00,0.00,0.00,0.00,2.67,2.68,2.68,2.69,2.69,2.70,2.70,2.71,2.71,2.71,4.50,4.51,4.51,4.52,4.52,4.53,4.53,4.54,4.55,4.55,0.00,0.00,0.00,0.00,0.00,0.00,0.00,-1.00,0,None,0,aggregation
160,261.54,remora2,remora4,0.00,0.00,0.00,0.00,0.00,0.00,0.00,0.00,0.00,0.00,0.00,0.00,0.00,0.00,0.00,0.00,0.00,0.00,0.00,0.00,2.71,2.71,2.72,2.73,2.73,2.73,2.72,2.72,2.72,2.72,4.55,4.56,4.56,4.57,4.58,4.58,4.58,4.58,4.59,4.59,0.00,0.00,1.00,0.00,0.00,0.00,0.00,-1.00,0,None,0,aggregation
160,262.54,remora2,remora4,0.00,0.00,0.00,0.00,0.00,0.00,0.00,0.00,0.00,0.00,0.00,0.00,0.00,0.00,0.00,0.00,0.00,0.00,0.00,0.00,2.73,2.73,2.73,2.74,2.75,2.75,2.75,2.75,2.75,2.74,4.60,4.60,4.61,4.61,4.62,4.62,4.63,4.63,5.11,5.11,0.00,0.00,1.00,0.00,0.00,0.00,0.00,-1.00,0,None,0,aggregation
160,263.54,remora2,remora4,0.00,0.00,0.00,0.00,0.00,0.00,0.00,0.00,0.00,0.00,0.00,0.00,0.00,0.00,0.00,0.00,0.00,0.00,0.00,0.00,2.74,2.74,2.74,2.75,2.75,2.76,2.76,2.77,2.77,2.77,5.12,5.12,5.12,5.13,5.13,5.13,5.14,5.14,5.14,5.14,0.00,0.00,1.00,0.00,0.00,0.00,0.00,-1.00,0,None,0,aggregation
160,264.54,remora2,remora4,0.00,0.00,0.00,0.00,0.00,0.00,0.00,0.00,0.00,0.00,0.00,0.00,0.00,0.00,0.00,0.00,0.00,0.00,0.00,0.00,2.76,2.76,2.76,2.76,2.76,2.77,2.77,2.78,2.78,2.79,5.14,5.14,5.14,5.15,5.15,5.15,5.15,5.16,5.16,5.16,0.00,0.00,1.00,0.00,0.00,0.00,0.00,-1.00,0,None,0,aggregation
160,265.54,remora2,remora4,0.00,0.00,0.00,0.00,0.00,0.00,0.00,0.00,0.00,0.00,0.00,0.00,0.00,0.00,0.00,0.00,0.00,0.00,0.00,0.00,2.79,2.79,2.78,2.79,2.80,2.80,2.81,2.80,2.80,2.79,5.17,5.17,5.17,5.18,5.18,5.18,5.18,5.18,5.18,5.18,0.00,0.00,1.00,0.00,0.00,0.00,0.00,-1.00,0,None,0,aggregation
160,266.54,remora2,remora4,0.00,0.00,0.00,0.00,0.00,0.00,0.00,0.00,0.00,0.00,0.00,0.00,0.00,0.00,0.00,0.00,0.00,0.00,0.00,0.00,2.79,2.79,2.79,2.80,2.80,2.80,2.81,2.81,2.82,2.83,5.18,5.19,5.19,5.19,5.20,5.20,5.20,5.21,5.21,5.21,0.00,0.00,1.00,0.00,0.00,0.00,0.00,-1.00,0,None,0,aggregation
160,267.54,remora2,remora4,0.00,0.00,0.00,0.00,0.00,0.00,0.00,0.00,0.00,0.00,0.00,0.00,0.00,0.00,0.00,0.00,0.00,0.00,0.00,0.00,2.83,2.83,2.82,2.81,2.81,2.82,2.82,2.83,2.83,2.84,5.22,5.22,5.22,5.22,5.22,5.23,5.23,5.24,5.24,5.24,0.00,0.00,1.00,0.00,0.00,0.00,0.00,-1.00,0,None,0,aggregation
160,268.54,remora2,remora4,-34.70,-34.70,-34.49,-34.49,-34.01,-34.01,-33.42,-33.42,-32.64,-32.64,-24.24,-24.24,-24.02,-24.02,-23.55,-23.55,-22.96,-22.96,-22.17,-22.17,2.85,2.89,2.92,2.94,2.96,2.98,3.01,3.04,3.07,3.09,5.25,5.28,5.30,5.32,5.34,5.36,5.38,5.41,5.43,6.31,28.62,0.00,1.00,0.00,0.00,0.00,0.00,-1.00,0,None,0,aggregation
160,269.54,remora2,remora4,-31.82,-31.82,-30.89,-30.89,-29.87,-29.87,-28.74,-28.74,-27.53,-27.53,-21.35,-21.35,-20.43,-20.43,-19.40,-19.40,-18.28,-18.28,-17.06,-17.06,3.12,3.15,3.18,3.20,3.23,3.26,3.28,3.31,3.34,3.36,6.33,6.36,6.38,6.40,6.42,6.44,6.46,6.48,6.50,6.52,53.16,0.00,0.00,1.00,0.00,0.00,0.00,-1.00,0,None,0,aggregation
160,270.54,remora2,remora4,-26.37,-26.37,-24.84,-24.84,-23.37,-23.37,-21.49,-21.49,-19.39,-19.39,-15.91,-15.91,-14.37,-14.37,-12.91,-12.91,-11.03,-11.03,-8.92,-8.92,3.38,3.39,3.40,3.41,3.43,3.44,3.46,3.47,3.49,3.50,6.53,5.68,5.69,5.70,5.71,5.73,5.74,5.75,5.76,5.77,71.02,0.00,0.00,1.00,0.00,0.00,0.00,-1.00,0,None,0,aggregation
160,271.54,remora2,remora4,-17.61,-17.61,-15.47,-15.47,-13.30,-13.30,-11.18,-11.18,-9.18,-9.18,-7.14,-7.14,-5.01,-5.01,-2.84,-2.84,-0.71,-0.71,1.28,1.28,3.52,3.53,3.54,3.56,3.57,3.58,3.59,3.59,3.59,3.58,5.78,5.79,5.80,5.81,5.82,5.83,5.83,5.84,5.84,5.85,79.13,0.00,0.00,1.00,0.00,0.00,0.00,-1.00,0,None,0,aggregation
160,272.54,remora2,remora4,-6.97,-6.97,-4.80,-4.80,-2.12,-2.12,-0.56,-0.56,1.59,1.59,3.50,3.50,5.58,5.58,7.72,7.72,8.97,8.97,10.68,10.68,3.58,3.59,3.59,3.60,3.61,3.61,3.62,3.63,3.63,3.63,5.86,5.86,5.87,5.88,5.89,5.90,5.91,5.92,5.93,5.93,82.18,0.00,0.00,1.00,0.00,0.00,0.00,-1.00,0,None,0,aggregation
160,273.54,remora2,remora4,3.55,3.55,5.27,5.27,6.81,6.81,7.95,7.95,9.01,9.01,12.24,12.24,13.61,13.61,14.82,14.82,15.71,15.71,16.54,16.54,3.62,3.62,3.62,3.63,3.63,3.64,3.65,3.66,3.66,3.66,5.94,5.95,5.96,5.97,5.99,6.00,6.02,6.03,6.04,6.06,92.73,0.00,0.00,1.00,0.00,0.00,0.00,-1.00,0,None,0,aggregation
160,274.54,remora2,remora4,11.10,11.10,12.73,12.73,13.91,13.91,15.45,15.45,16.92,16.92,18.17,18.17,19.42,19.42,20.33,20.33,21.49,21.49,22.60,22.60,3.67,3.68,3.69,3.70,3.71,3.71,3.72,3.73,3.75,3.77,6.07,6.09,6.11,6.13,6.14,6.16,6.18,6.20,6.23,6.25,109.95,0.00,0.00,1.00,0.00,0.00,0.00,-1.00,0,None,0,aggregation
160,275.54,remora2,remora4,17.99,17.99,19.19,19.19,20.18,20.18,21.28,21.28,22.18,22.18,23.39,23.39,24.26,24.26,24.97,24.97,25.74,25.74,26.36,26.36,3.78,3.80,3.82,3.82,3.83,3.84,3.86,3.88,3.90,3.92,6.27,6.30,6.32,6.35,6.37,6.39,6.42,6.45,6.47,6.50,132.50,0.00,0.00,1.00,0.00,0.00,0.00,-1.00,0,None,0,aggregation
160,276.54,remora2,remora4,22.89,22.89,23.58,23.58,24.24,24.24,24.74,24.74,25.22,25.22,26.85,26.85,27.30,27.30,27.72,27.72,28.04,28.04,28.34,28.34,3.94,3.96,3.99,4.01,4.04,4.06,4.09,4.11,4.12,4.14,6.53,6.57,6.60,6.63,6.66,6.69,6.72,6.75,6.78,6.81,158.39,0.00,0.00,1.00,0.00,0.00,0.00,-1.00,0,None,0,aggregation
160,277.54,remora2,remora4,25.90,25.90,26.33,26.33,26.54,26.54,26.93,26.93,27.22,27.22,28.74,28.74,28.98,28.98,29.09,29.09,29.30,29.30,29.45,29.45,4.16,4.19,4.22,4.24,4.27,4.30,4.33,4.36,4.39,4.42,6.84,6.88,6.91,6.94,6.98,7.01,7.04,7.08,7.11,7.15,186.24,0.00,0.00,1.00,0.00,0.00,0.00,-1.00,0,None,0,aggregation
160,278.54,remora2,remora4,27.49,27.49,27.74,27.74,27.99,27.99,28.22,28.22,28.37,28.37,29.58,29.58,29.70,29.70,29.80,29.80,29.89,29.89,29.95,29.95,4.44,4.47,4.49,4.51,4.54,4.57,4.60,4.63,4.66,4.69,7.18,7.22,7.25,7.28,7.32,7.35,7.39,7.42,7.46,7.50,186.49,0.00,0.00,1.00,0.00,0.00,0.00,-1.00,0,None,0,aggregation
160,279.54,remora2,remora4,28.51,28.51,28.65,28.65,28.78,28.78,28.84,28.84,28.96,28.96,30.00,30.00,30.04,30.04,30.08,30.08,30.10,30.10,30.13,30.13,4.72,4.75,4.78,4.81,4.84,4.87,4.90,4.93,4.96,4.99,7.53,7.57,7.60,6.84,6.86,6.89,6.92,6.95,6.98,7.01,191.36,0.00,0.00,1.00,0.00,0.00,0.00,-1.00,0,None,0,aggregation
160,280.54,remora2,remora4,29.02,29.02,29.08,29.19,29.19,29.19,29.29,29.29,0.00,0.00,30.14,30.14,30.15,30.17,30.17,30.17,30.18,30.18,0.00,0.00,5.02,5.05,5.08,5.11,5.14,5.17,5.20,5.22,5.23,5.22,7.04,7.07,7.10,7.12,7.15,7.18,7.21,7.24,7.25,7.24,197.23,0.00,0.00,1.00,0.00,0.00,0.00,-1.00,0,None,0,aggregation
160,281.54,remora2,remora4,30.00,30.00,30.00,30.00,30.00,30.00,30.00,30.00,30.00,30.00,30.00,30.00,30.00,30.00,30.00,30.00,30.00,30.00,30.00,30.00,5.23,5.26,5.30,5.33,5.36,5.39,5.43,5.46,5.49,5.52,7.26,7.29,7.32,7.35,7.38,7.41,7.44,7.47,7.50,7.53,219.12,0.00,0.00,1.00,0.00,0.00,0.00,-1.00,0,None,0,aggregation
160,282.54,remora2,remora4,30.00,30.00,30.00,30.00,30.00,30.00,30.00,30.00,30.00,30.00,30.00,30.00,30.00,30.00,30.00,30.00,30.00,30.00,30.00,30.00,5.56,5.59,5.61,5.62,5.63,5.63,5.65,5.68,5.71,5.74,7.56,7.59,7.62,7.64,7.66,7.68,7.70,7.73,7.77,7.80,246.07,0.00,0.00,1.00,0.00,0.00,0.00,-1.00,0,None,0,aggregation
160,283.54,remora2,remora4,30.00,30.00,30.00,30.00,30.00,30.00,-17.70,-17.58,-17.58,-17.58,30.00,30.00,30.00,30.00,30.00,30.00,-2.00,-1.89,-1.89,-1.89,5.78,5.81,5.84,5.87,5.90,5.93,5.94,5.93,5.92,5.91,7.83,7.86,7.88,7.91,7.94,7.97,7.98,7.97,7.96,7.95,257.42,0.00,0.00,1.00,1.00,0.00,1.00,-1.00,0,None,0,aggregation
160,284.54,remora2,remora4,-17.30,-17.30,30.00,30.00,-16.68,-16.68,-16.36,-16.36,-15.78,-15.78,-1.60,-1.60,30.00,30.00,-0.98,-0.98,-0.66,-0.66,-0.08,-0.08,5.89,5.88,5.88,5.90,5.91,5.89,5.88,5.87,5.85,5.83,7.94,7.93,7.93,7.95,7.96,7.95,7.94,7.93,7.92,7.91,253.15,0.00,0.00,1.00,1.00,0.00,1.00,-1.00,0,None,0,aggregation
160,285.54,remora2,remora4,30.00,30.00,-14.73,-14.73,-14.31,-14.31,-13.50,-13.50,30.00,30.00,30.00,30.00,0.97,0.97,1.39,1.39,2.20,2.20,30.00,30.00,5.81,5.81,5.81,5.79,5.76,5.73,5.71,5.68,5.67,5.67,7.90,7.91,7.92,7.91,7.89,7.88,7.87,7.86,7.86,7.87,246.40,0.00,0.00,1.00,1.00,0.00,1.00,-1.00,0,None,0,aggregation
160,286.54,remora2,remora4,-12.23,-12.23,-11.71,-10.75,-10.75,-10.75,-9.75,-9.75,-8.72,-8.72,3.47,3.47,3.98,4.95,4.95,4.95,5.95,5.95,6.98,6.98,5.65,5.63,5.60,5.58,5.55,5.53,5.50,5.47,5.45,5.42,7.87,7.86,7.84,7.83,7.82,7.81,7.80,7.79,7.79,7.77,223.19,0.00,0.00,1.00,1.00,0.00,1.00,-1.00,0,None,0,aggregation
160,287.54,remora2,remora4,-7.61,-7.61,-6.07,-6.07,-4.61,-4.61,-3.25,-3.25,-2.01,-2.01,7.93,7.93,8.44,8.44,8.92,8.92,9.35,9.35,9.73,9.73,5.40,5.37,5.34,5.32,5.29,5.26,5.24,5.21,5.18,5.15,7.76,7.75,7.74,7.73,7.73,7.72,7.71,7.70,7.68,7.67,197.42,0.00,0.00,1.00,0.00,0.00,0.00,-1.00,0,None,0,aggregation
160,301.54,remora2,remora4,27.99,27.99,27.99,27.99,27.99,27.99,28.07,28.07,28.24,28.24,29.80,29.80,29.80,29.80,29.80,29.80,29.83,29.83,29.90,29.90,2.03,2.00,1.97,1.94,1.92,1.89,1.87,1.85,1.82,1.80,4.48,4.44,4.41,4.38,4.34,4.31,4.28,4.25,4.21,4.18,271.58,0.00,0.00,1.00,0.00,0.00,0.00,-1.00,0,None,0,aggregation
160,302.54,remora2,remora4,28.55,28.55,28.82,28.82,29.03,29.03,0.00,0.00,0.00,0.00,30.01,30.01,30.09,30.09,30.14,30.14,0.00,0.00,0.00,0.00,1.78,1.76,1.73,1.71,1.69,1.67,1.66,1.65,1.65,1.65,4.15,4.12,4.08,4.05,4.02,3.99,3.96,3.95,3.94,3.93,264.62,0.00,1.00,1.00,0.00,0.00,0.00,-1.00,0,None,0,aggregation
160,303.54,remora2,remora4,0.00,0.00,0.00,0.00,0.00,0.00,0.00,0.00,0.00,0.00,0.00,0.00,0.00,0.00,0.00,0.00,0.00,0.00,0.00,0.00,1.64,1.65,1.65,1.66,1.66,1.67,1.67,1.68,1.68,1.69,3.93,3.92,3.91,3.90,3.89,3.88,3.88,3.87,3.86,3.85,238.75,0.00,1.00,1.00,0.00,0.00,0.00,-1.00,0,None,0,aggregation
160,304.54,remora2,remora4,0.00,0.00,0.00,0.00,0.00,0.00,0.00,0.00,0.00,0.00,0.00,0.00,0.00,0.00,0.00,0.00,0.00,0.00,0.00,0.00,1.70,1.69,1.69,1.68,1.68,1.69,1.69,1.70,1.70,1.71,3.85,3.84,3.83,3.82,3.81,3.81,3.80,3.79,3.78,3.77,212.08,0.00,1.00,1.00,0.00,0.00,0.00,-1.00,0,None,0,aggregation
160,305.54,remora2,remora4,0.00,0.00,0.00,0.00,0.00,0.00,0.00,0.00,0.00,0.00,0.00,0.00,0.00,0.00,0.00,0.00,0.00,0.00,0.00,0.00,1.71,1.71,1.70,1.70,1.70,1.70,1.70,1.71,1.71,1.71,3.77,3.76,3.75,3.74,3.73,3.73,3.72,3.71,3.71,3.70,185.11,0.00,1.00,1.00,0.00,0.00,0.00,-1.00,0,None,0,aggregation
160,306.54,remora2,remora4,0.00,0.00,0.00,0.00,0.00,0.00,0.00,0.00,0.00,0.00,0.00,0.00,0.00,0.00,0.00,0.00,0.00,0.00,0.00,0.00,1.72,1.73,1.73,1.74,1.74,1.74,1.73,1.73,1.73,1.73,3.69,3.69,3.68,3.67,3.67,3.66,3.65,3.65,3.64,3.63,158.21,0.00,1.00,1.00,0.00,0.00,0.00,-1.00,0,None,0,aggregation
160,307.54,remora2,remora4,0.00,0.00,0.00,0.00,0.00,0.00,0.00,0.00,0.00,0.00,0.00,0.00,0.00,0.00,0.00,0.00,0.00,0.00,0.00,0.00,1.74,1.74,1.74,1.75,1.76,1.76,1.77,1.76,1.76,1.76,3.63,3.62,3.62,3.61,3.61,3.60,3.60,3.59,3.58,3.58,131.07,0.00,1.00,1.00,0.00,0.00,0.00,-1.00,0,None,0,aggregation
160,308.54,remora2,remora4,0.00,0.00,0.00,0.00,0.00,0.00,0.00,0.00,0.00,0.00,0.00,0.00,0.00,0.00,0.00,0.00,0.00,0.00,0.00,0.00,1.75,1.76,1.76,1.77,1.78,1.78,1.78,1.78,1.78,1.79,3.57,3.57,3.57,3.57,3.56,3.56,3.56,3.55,3.55,3.54,103.35,0.00,1.00,1.00,0.00,0.00,0.00,-1.00,0,None,0,aggregation
160,309.54,remora2,remora4,0.00,0.00,0.00,0.00,0.00,0.00,0.00,0.00,0.00,0.00,0.00,0.00,0.00,0.00,0.00,0.00,0.00,0.00,0.00,0.00,1.79,1.80,1.80,1.80,1.80,1.79,1.79,1.80,1.80,1.81,3.54,3.54,3.53,3.53,3.52,3.52,3.52,3.52,3.52,3.52,75.16,0.00,1.00,1.00,0.00,0.00,0.00,-1.00,0,None,0,aggregation
160,310.54,remora2,remora4,0.00,0.00,0.00,0.00,0.00,0.00,0.00,0.00,0.00,0.00,0.00,0.00,0.00,0.00,0.00,0.00,0.00,0.00,0.00,0.00,1.81,1.82,1.82,1.82,1.82,1.81,1.81,1.82,1.82,1.83,3.52,3.52,3.52,3.52,3.51,3.51,3.50,3.50,3.50,3.50,46.61,0.00,1.00,1.00,0.00,0.00,0.00,-1.00,0,None,0,aggregation
160,311.54,remora2,remora4,0.00,0.00,0.00,0.00,0.00,0.00,0.00,0.00,0.00,0.00,0.00,0.00,0.00,0.00,0.00,0.00,0.00,0.00,0.00,0.00,1.83,1.84,1.85,1.85,1.86,1.86,1.85,1.85,1.85,1.86,3.50,3.51,3.51,3.51,3.52,3.51,3.51,3.51,3.51,3.51,17.66,0.00,1.00,0.00,0.00,0.00,0.00,-1.00,0,None,0,aggregation
160,312.54,remora2,remora4,0.00,0.00,0.00,0.00,0.00,0.00,0.00,0.00,0.00,0.00,0.00,0.00,0.00,0.00,0.00,0.00,0.00,0.00,0.00,0.00,1.86,1.87,1.87,1.87,1.87,1.86,1.86,1.87,1.87,1.87,3.51,3.52,3.52,3.52,3.52,3.52,3.52,3.52,3.53,3.53,0.00,0.00,1.00,0.00,0.00,0.00,0.00,-1.00,0,None,0,aggregation
160,313.54,remora2,remora4,0.00,0.00,0.00,0.00,0.00,0.00,0.00,0.00,0.00,0.00,0.00,0.00,0.00,0.00,0.00,0.00,0.00,0.00,0.00,0.00,1.88,1.89,1.89,1.90,1.91,1.92,1.92,1.92,1.92,1.91,3.53,3.54,3.54,3.55,3.55,3.56,3.56,3.56,3.57,3.57,0.00,0.00,1.00,0.00,0.00,0.00,0.00,-1.00,0,None,0,aggregation
160,314.54,remora2,remora4,0.00,0.00,0.00,0.00,0.00,0.00,0.00,0.00,0.00,0.00,0.00,0.00,0.00,0.00,0.00,0.00,0.00,0.00,0.00,0.00,1.91,1.91,1.90,1.91,1.91,1.92,1.92,1.93,1.93,1.94,3.57,3.58,3.58,3.58,3.59,3.59,3.59,3.60,3.60,3.61,0.00,0.00,1.00,0.00,0.00,0.00,0.00,-1.00,0,None,0,aggregation
160,315.54,remora2,remora4,0.00,0.00,0.00,0.00,0.00,0.00,0.00,0.00,0.00,0.00,0.00,0.00,0.00,0.00,0.00,0.00,0.00,0.00,0.00,0.00,1.95,1.96,1.96,1.96,1.96,1.95,1.95,1.96,1.96,1.97,3.62,3.63,3.64,3.64,3.64,3.65,3.65,3.65,3.66,3.67,0.00,0.00,1.00,0.00,0.00,0.00,0.00,-1.00,0,None,0,aggregation
160,316.54,remora2,remora4,0.00,0.00,0.00,0.00,0.00,0.00,0.00,0.00,0.00,0.00,0.00,0.00,0.00,0.00,0.00,0.00,0.00,0.00,0.00,0.00,1.98,1.98,1.99,2.00,2.01,2.01,2.00,2.00,2.00,2.00,3.67,3.68,3.69,3.70,3.71,3.72,3.72,3.72,3.73,3.73,0.00,0.00,1.00,0.00,0.00,0.00,0.00,-1.00,0,None,0,aggregation
160,317.54,remora2,remora4,0.00,0.00,0.00,0.00,0.00,0.00,0.00,0.00,0.00,0.00,0.00,0.00,0.00,0.00,0.00,0.00,0.00,0.00,0.00,0.00,2.01,2.02,2.02,2.03,2.04,2.03,2.03,2.03,2.02,2.03,3.74,3.74,3.75,3.76,3.77,3.78,3.78,3.79,3.79,3.80,0.00,0.00,1.00,0.00,0.00,0.00,0.00,-1.00,0,None,0,aggregation
160,318.54,remora2,remora4,0.00,0.00,0.00,0.00,0.00,0.00,0.00,0.00,0.00,0.00,0.00,0.00,0.00,0.00,0.00,0.00,0.00,0.00,0.00,0.00,2.03,2.04,2.05,2.05,2.06,2.07,2.07,2.07,2.07,2.06,3.81,3.81,3.82,3.83,3.84,3.85,3.86,3.86,3.87,3.87,0.00,0.00,1.00,0.00,0.00,0.00,0.00,-1.00,0,None,0,aggregation
160,319.54,remora2,remora4,0.00,0.00,0.00,0.00,0.00,0.00,0.00,0.00,0.00,0.00,0.00,0.00,0.00,0.00,0.00,0.00,0.00,0.00,0.00,0.00,2.06,2.06,2.07,2.07,2.08,2.08,2.09,2.10,2.10,2.10,3.88,3.89,3.89,3.90,3.91,3.92,3.93,3.94,3.95,3.95,0.00,0.00,1.00,0.00,0.00,0.00,0.00,-1.00,0,None,0,aggregation
160,320.54,remora2,remora4,0.00,0.00,0.00,0.00,0.00,0.00,0.00,0.00,0.00,0.00,0.00,0.00,0.00,0.00,0.00,0.00,0.00,0.00,0.00,0.00,2.10,2.10,2.11,2.12,2.12,2.12,2.11,2.11,2.11,2.11,3.96,3.97,3.98,3.99,4.00,4.01,4.01,4.02,4.02,4.04,0.00,0.00,1.00,0.00,0.00,0.00,0.00,-1.00,0,None,0,aggregation
160,321.54,remora2,remora4,0.00,0.00,0.00,0.00,0.00,0.00,0.00,0.00,0.00,0.00,0.00,0.00,0.00,0.00,0.00,0.00,0.00,0.00,0.00,0.00,2.12,2.12,2.12,2.13,2.13,2.14,2.14,2.14,2.13,2.13,4.04,4.05,4.05,4.06,4.07,4.08,4.09,4.10,4.10,4.11,0.00,0.00,1.00,0.00,0.00,0.00,0.00,-1.00,0,None,0,aggregation
160,322.54,remora2,remora4,0.00,0.00,0.00,0.00,0.00,0.00,0.00,0.00,0.00,0.00,0.00,0.00,0.00,0.00,0.00,0.00,0.00,0.00,0.00,0.00,2.13,2.13,2.14,2.14,2.14,2.15,2.15,2.16,2.17,2.17,4.12,4.13,4.14,4.15,4.16,4.17,4.18,4.19,4.20,4.21,0.00,0.00,1.00,0.00,0.00,0.00,0.00,-1.00,0,None,0,aggregation
160,323.54,remora2,remora4,-35.03,-35.03,-34.85,-34.85,-34.56,-34.56,-34.07,-34.07,-33.55,-33.55,-24.56,-24.56,-24.38,-24.38,-24.09,-24.09,-23.61,-23.61,-23.09,-23.09,2.19,2.21,2.24,2.26,2.29,2.32,2.35,2.38,2.41,2.44,4.23,4.25,4.28,4.30,4.33,4.35,4.37,4.40,4.42,4.45,29.18,0.00,1.00,0.00,0.00,0.00,0.00,-1.00,0,None,0,aggregation
160,324.54,remora2,remora4,-32.86,-32.86,-32.14,-32.14,-31.19,-30.37,-30.37,-30.37,-29.40,-29.40,-22.40,-22.40,-21.68,-21.68,-20.73,-19.90,-19.90,-19.90,-18.93,-18.93,2.48,2.51,2.54,2.57,2.60,2.62,2.64,2.66,2.67,2.70,4.47,4.49,4.51,4.53,4.55,4.57,4.58,4.60,4.61,4.63,55.06,0.00,1.00,1.00,0.00,0.00,0.00,-1.00,0,None,0,aggregation
160,325.54,remora2,remora4,-28.13,-28.13,-27.08,-27.08,-25.79,-25.79,-24.43,-24.43,-23.04,-23.04,-17.67,-17.67,-16.61,-16.61,-15.33,-15.33,-13.96,-13.96,-12.57,-12.57,2.72,2.74,2.76,2.78,2.80,2.82,2.84,2.86,2.88,2.89,4.65,4.67,4.69,4.70,4.71,4.73,4.74,4.75,4.77,4.78,75.52,0.00,1.00,1.00,0.00,0.00,0.00,-1.00,0,None,0,aggregation
160,326.54,remora2,remora4,-21.66,-21.66,-20.05,-20.05,-18.38,-18.38,-16.86,-16.86,-14.90,-14.90,-11.19,-11.19,-9.59,-9.59,-7.92,-7.92,-6.39,-6.39,-4.44,-4.44,2.91,2.93,2.95,2.97,2.98,2.98,2.98,2.98,2.99,3.00,4.80,4.81,4.82,4.83,4.84,4.85,4.86,4.86,4.87,4.88,88.66,0.00,1.00,1.00,0.00,0.00,0.00,-1.00,0,None,0,aggregation
160,327.54,remora2,remora4,-12.90,-12.90,-11.26,-11.26,-9.20,-9.20,-7.12,-7.12,-5.00,-5.00,-2.43,-2.43,-0.80,-0.80,1.26,1.26,3.35,3.35,5.42,5.42,3.01,3.02,3.03,3.04,3.05,3.06,3.07,3.06,3.06,3.05,4.89,4.90,4.91,4.92,4.93,4.94,4.95,4.96,4.97,4.98,92.61,0.00,0.00,1.00,0.00,0.00,0.00,-1.00,0,None,0,aggregation
160,328.54,remora2,remora4,-2.68,-2.68,-0.36,-0.36,1.70,1.70,3.74,3.74,5.97,5.97,7.28,7.28,9.13,9.13,10.77,10.77,12.39,12.39,14.16,14.16,3.05,3.05,3.06,3.07,3.08,3.09,3.09,3.09,3.08,3.08,4.99,5.00,5.01,5.02,5.04,5.05,5.07,5.08,5.09,5.10,98.82,0.00,0.00,1.00,0.00,0.00,0.00,-1.00,0,None,0,aggregation
160,329.54,remora2,remora4,7.72,9.85,9.85,9.85,11.51,11.51,13.12,13.12,14.69,14.69,15.53,17.20,17.20,17.20,18.49,18.49,19.73,19.73,20.92,20.92,3.08,3.09,3.10,3.11,3.12,3.13,3.15,3.17,3.18,3.18,5.12,5.14,5.16,5.17,5.19,5.22,5.24,5.26,5.28,5.30,113.89,0.00,0.00,1.00,0.00,0.00,0.00,-1.00,0,None,0,aggregation
160,330.54,remora2,remora4,16.01,16.01,17.46,17.46,18.68,18.68,19.85,19.85,20.81,20.81,21.91,21.91,23.00,23.00,23.89,23.89,24.74,24.74,25.42,25.42,3.18,3.19,3.19,3.21,3.23,3.24,3.26,3.28,3.30,3.33,5.32,5.34,5.36,5.39,5.41,5.44,5.46,5.49,5.52,5.54,135.06,0.00,0.00,1.00,0.00,0.00,0.00,-1.00,0,None,0,aggregation
160,331.54,remora2,remora4,21.73,21.73,22.61,22.61,23.45,23.45,23.45,24.11,24.74,24.74,26.06,26.06,26.66,26.66,27.21,27.21,27.21,27.64,28.04,28.04,3.35,3.36,3.37,3.38,3.39,3.42,3.44,3.46,3.48,3.51,5.57,5.60,5.62,5.64,5.67,5.70,5.73,5.76,5.79,5.82,160.23,0.00,0.00,1.00,0.00,0.00,0.00,-1.00,0,None,0,aggregation
160,332.54,remora2,remora4,25.34,25.34,25.79,25.79,26.23,26.23,26.64,26.64,26.84,26.84,28.41,28.41,28.68,28.68,28.92,28.92,29.15,29.15,29.25,29.25,3.53,3.56,3.59,3.61,3.64,3.67,3.70,3.73,3.76,3.78,5.84,5.87,5.91,5.94,5.97,6.00,6.03,6.06,6.09,6.12,187.76,0.00,0.00,1.00,0.00,0.00,0.00,-1.00,0,None,0,aggregation
160,333.54,remora2,remora4,27.22,27.22,27.57,27.57,27.83,27.83,28.07,28.07,28.22,28.22,29.45,29.45,29.62,29.62,29.73,29.73,29.83,29.83,29.89,29.89,3.80,3.81,3.84,3.86,3.89,3.92,3.95,3.98,4.00,4.03,6.15,6.17,6.20,6.24,6.27,6.30,6.33,6.36,6.39,6.42,187.32,0.00,0.00,1.00,0.00,0.00,0.00,-1.00,0,None,0,aggregation
160,334.54,remora2,remora4,28.44,28.44,28.58,28.58,28.71,28.71,28.84,28.84,28.90,28.90,29.97,29.97,30.02,30.02,30.06,30.06,30.10,30.10,30.11,30.11,4.06,4.09,4.13,4.16,4.19,4.22,4.25,4.28,4.32,4.34,6.45,6.48,6.51,6.54,6.57,6.61,6.64,6.67,6.70,6.73,190.82,0.00,0.00,1.00,0.00,0.00,0.00,-1.00,0,None,0,aggregation
160,335.54,remora2,remora4,28.96,28.96,29.14,29.14,29.19,29.19,29.24,29.24,29.29,29.29,30.13,30.13,30.16,30.16,30.17,30.17,30.17,30.17,30.18,30.18,4.37,4.39,4.42,4.45,4.48,4.52,4.55,4.57,4.60,4.63,6.76,6.79,6.82,6.85,6.88,6.91,6.94,6.97,7.00,7.03,200.02,0.00,0.00,1.00,0.00,0.00,0.00,-1.00,0,None,0,aggregation
160,131.54,remora2,remora1,28.12,28.12,28.23,28.23,28.36,28.36,28.15,28.15,28.01,27.78,24.87,24.87,25.05,25.05,25.25,25.25,24.91,24.91,24.69,24.32,2.68,2.70,2.73,2.76,2.78,2.81,2.84,2.86,2.89,2.92,5.65,5.65,5.64,5.63,5.62,5.60,5.59,5.58,5.57,5.56,148.59,0.00,1.00,1.00,0.00,0.00,0.00,-1.00,0,None,1,aggregation
160,132.54,remora2,remora1,27.78,27.78,27.74,27.74,27.28,27.28,27.27,27.27,27.12,27.12,24.32,24.32,24.27,24.27,23.55,23.55,23.53,23.53,23.31,23.31,2.94,2.97,2.99,3.02,3.05,3.07,3.10,3.12,3.15,3.17,5.55,5.54,5.53,5.52,5.51,5.50,5.49,5.48,5.47,5.46,174.20,0.00,0.00,1.00,0.00,0.00,0.00,-1.00,0,None,1,aggregation
160,133.54,remora2,remora1,26.78,26.78,26.63,26.63,26.61,26.61,26.34,26.34,26.14,26.14,22.79,22.79,22.57,22.57,22.55,22.55,22.14,22.14,21.85,21.85,3.20,3.22,3.25,3.27,3.30,3.32,3.34,3.37,3.39,3.42,5.45,5.44,5.43,5.42,5.42,5.41,5.40,5.39,5.39,5.38,198.64,0.00,0.00,1.00,0.00,0.00,0.00,-1.00,0,None,1,aggregation
160,134.54,remora2,remora1,26.24,26.24,26.20,26.20,26.27,26.27,26.42,26.42,26.47,26.47,21.99,21.99,21.94,21.94,22.04,22.04,22.26,22.26,22.33,22.33,3.44,3.46,3.49,3.51,3.53,3.56,3.58,3.60,3.63,3.65,5.37,5.37,5.36,5.36,5.35,5.34,5.34,5.33,5.33,5.32,222.86,0.00,0.00,1.00,0.00,0.00,0.00,-1.00,0,None,1,aggregation
160,135.54,remora2,remora1,26.48,26.48,26.57,26.57,26.46,26.46,26.52,26.52,26.39,26.39,22.35,22.35,22.48,22.48,22.32,22.32,22.41,22.41,22.21,22.21,3.65,3.65,3.65,3.66,3.66,3.66,3.67,3.68,3.69,3.69,5.32,5.32,5.31,5.31,5.31,5.30,5.30,5.30,5.30,5.30,247.28,0.00,0.00,1.00,0.00,0.00,0.00,-1.00,0,None,1,aggregation
160,136.54,remora2,remora1,26.36,26.36,26.45,26.45,26.22,26.22,26.32,26.00,26.00,26.00,22.17,22.17,22.30,22.30,21.97,21.97,22.11,21.64,21.64,21.64,3.70,3.71,3.72,3.74,3.75,3.76,3.77,3.79,3.80,3.81,5.30,5.30,5.30,5.30,5.30,5.30,5.30,5.30,5.30,5.30,255.69,0.00,0.00,1.00,0.00,0.00,0.00,-1.00,0,None,1,aggregation
160,137.54,remora2,remora1,25.96,25.96,25.77,25.77,26.04,26.04,25.29,25.29,25.36,25.36,21.59,21.59,21.32,21.32,21.71,21.71,20.63,20.63,20.74,20.74,3.82,3.84,3.85,3.87,3.88,3.90,3.91,3.93,3.94,3.95,5.30,5.31,5.32,5.32,5.33,5.33,5.34,5.35,5.36,5.36,254.98,0.00,0.00,1.00,0.00,0.00,0.00,-1.00,0,None,1,aggregation
160,138.54,remora2,remora1,24.97,24.97,24.68,24.68,24.33,23.71,23.71,23.71,23.36,23.36,20.18,20.18,19.77,19.77,19.29,18.43,18.43,18.43,17.96,17.96,3.97,3.98,3.99,4.00,4.01,4.02,4.03,4.04,4.05,4.07,5.37,5.38,5.39,5.39,5.40,5.41,5.42,5.42,5.43,5.44,249.64,0.00,0.00,1.00,0.00,0.00,0.00,-1.00,0,None,1,aggregation
160,139.54,remora2,remora1,23.37,23.37,23.11,23.26,23.26,23.26,22.96,22.96,22.71,22.71,17.96,17.96,17.62,17.82,17.82,17.82,17.41,17.41,17.07,17.07,4.08,4.09,4.10,4.11,4.12,4.14,4.15,4.16,4.17,4.19,5.45,5.46,5.47,5.47,5.48,5.49,5.50,5.51,5.52,5.53,242.04,0.00,0.00,1.00,0.00,0.00,0.00,-1.00,0,None,1,aggregation
160,140.54,remora2,remora1,22.74,22.74,22.36,22.36,22.67,22.67,22.56,22.56,22.86,22.86,17.11,17.11,16.60,16.60,17.02,17.02,16.87,16.87,17.27,17.27,4.20,4.21,4.20,4.19,4.18,4.17,4.16,4.15,4.14,4.13,5.54,5.55,5.56,5.57,5.58,5.59,5.60,5.61,5.62,5.63,234.53,0.00,0.00,1.00,0.00,0.00,0.00,-1.00,0,None,1,aggregation
160,141.54,remora2,remora1,23.66,23.66,24.21,24.21,24.94,24.94,25.42,25.42,26.17,26.67,18.37,18.37,19.11,19.11,20.14,20.14,20.82,20.82,21.90,22.64,4.13,4.12,4.11,4.11,4.10,4.09,4.09,4.08,4.08,4.08,5.64,5.64,5.65,5.66,5.67,5.68,5.69,5.70,5.72,5.73,230.53,0.00,0.00,1.00,0.00,0.00,0.00,-1.00,0,None,1,aggregation
160,142.54,remora2,remora1,26.67,26.67,27.19,27.19,27.70,27.70,27.81,27.81,28.24,28.24,22.64,22.64,23.40,23.40,24.19,24.19,24.37,24.37,25.06,25.06,4.07,4.07,4.07,4.07,4.06,4.06,4.06,4.06,4.06,4.07,5.74,5.75,5.76,5.78,5.79,5.80,5.82,5.83,5.84,5.86,230.64,0.00,0.00,1.00,0.00,0.00,0.00,-1.00,0,None,1,aggregation
160,143.54,remora2,remora1,29.08,29.08,29.22,29.22,29.34,29.34,29.74,29.74,30.03,30.03,26.50,26.50,26.77,26.77,26.99,26.99,27.84,27.84,28.60,28.60,4.07,4.07,4.07,4.08,4.08,4.09,4.10,4.11,4.12,4.13,5.87,5.88,5.90,5.91,5.93,5.94,5.96,5.97,5.99,6.01,234.61,0.00,0.00,1.00,0.00,0.00,0.00,-1.00,0,None,1,aggregation
160,144.54,remora2,remora1,30.17,30.17,30.17,30.17,30.11,30.11,29.93,29.93,29.66,29.66,29.20,29.20,29.65,29.65,29.85,29.85,30.06,30.06,30.17,30.17,4.14,4.15,4.16,4.18,4.19,4.21,4.20,4.20,4.20,4.19,6.03,6.04,6.06,6.08,5.61,5.62,5.64,5.65,5.66,5.68,240.29,0.00,0.00,1.00,0.00,0.00,0.00,-1.00,0,None,1,aggregation
160,145.54,remora2,remora1,29.53,29.53,29.12,29.12,28.98,28.98,28.50,28.50,28.41,28.41,30.18,30.18,30.16,30.16,30.13,30.13,29.99,29.99,29.96,29.96,4.19,4.19,4.19,4.19,4.19,4.19,4.20,4.20,4.20,4.21,5.69,5.70,5.72,5.73,5.75,5.76,5.78,5.79,5.81,5.82,245.37,0.00,0.00,1.00,0.00,0.00,0.00,-1.00,0,None,1,aggregation
160,146.54,remora2,remora1,28.11,28.11,28.07,28.07,28.06,28.06,28.01,28.01,27.75,27.75,29.85,29.85,29.83,29.83,29.83,29.83,29.81,29.81,29.70,29.70,4.22,4.22,4.23,4.24,4.25,4.26,4.27,4.29,4.30,4.31,5.84,5.85,5.87,5.89,5.90,6.42,6.44,5.95,5.97,5.99,250.15,0.00,0.00,1.00,0.00,0.00,0.00,-1.00,0,None,1,aggregation
160,147.54,remora2,remora1,27.71,27.71,27.48,27.48,27.68,27.68,27.16,27.16,26.90,26.90,29.68,29.68,29.58,29.58,29.67,29.67,29.42,29.42,29.29,29.29,4.33,4.35,4.36,4.38,4.40,4.42,4.44,4.46,4.48,4.51,6.01,6.02,6.04,6.06,6.08,6.10,6.12,6.14,6.16,6.18,255.17,0.00,0.00,1.00,0.00,0.00,0.00,-1.00,0,None,1,aggregation
160,148.54,remora2,remora1,27.02,27.02,26.30,26.30,26.30,26.30,25.88,25.88,26.01,26.01,29.35,29.35,28.97,28.97,28.96,28.96,28.72,28.72,28.80,28.80,4.53,4.56,4.58,4.61,4.63,4.66,4.69,4.72,4.75,4.78,6.20,6.22,6.24,6.26,6.29,6.31,6.33,6.35,6.37,6.39,261.21,0.00,0.00,1.00,0.00,0.00,0.00,-1.00,0,None,1,aggregation
160,149.54,remora2,remora1,25.10,25.10,25.79,25.79,26.23,26.23,26.43,26.43,26.84,26.84,28.26,28.26,28.68,28.68,28.92,28.92,29.04,29.04,29.25,29.25,4.81,4.84,4.86,4.89,4.90,4.92,4.94,4.98,5.01,5.04,6.42,6.44,6.46,6.48,6.50,6.52,6.54,5.71,5.73,5.75,268.31,0.00,0.00,1.00,0.00,0.00,0.00,-1.00,0,None,1,aggregation
160,150.54,remora2,remora1,27.12,27.12,27.31,27.31,27.49,27.49,27.74,27.74,0.00,0.00,29.40,29.40,29.49,29.49,29.58,29.58,29.70,29.70,0.00,0.00,5.06,5.08,5.10,5.12,5.14,5.17,5.19,5.22,5.24,5.24,5.77,5.78,5.80,5.82,5.84,5.86,5.88,5.90,5.91,5.91,271.29,0.00,0.00,1.00,0.00,0.00,0.00,-1.00,0,None,1,aggregation
160,151.54,remora2,remora1,30.00,30.00,30.00,30.00,30.00,30.00,30.00,30.00,30.00,30.00,30.00,30.00,30.00,30.00,30.00,30.00,30.00,30.00,30.00,30.00,5.25,5.28,5.31,5.34,5.37,5.40,5.43,5.46,5.49,5.51,5.92,5.94,5.96,5.98,6.00,6.02,6.04,6.06,6.08,6.11,278.75,0.00,0.00,1.00,0.00,0.00,0.00,-1.00,0,None,1,aggregation
160,131.54,remora2,remora0,-14.37,-16.36,-16.36,4.51,4.51,14.55,14.55,12.46,12.46,10.38,-24.83,-26.83,-26.83,-5.95,-5.95,6.47,6.47,3.83,3.83,1.21,4.15,4.13,4.11,4.09,4.09,4.09,4.08,4.06,4.03,4.01,5.73,5.72,5.71,5.70,5.69,5.68,5.67,5.66,5.65,5.64,47.27,0.00,0.00,1.00,0.00,0.00,0.00,-1.00,0,None,0,aggregation
160,132.54,remora2,remora0,10.38,8.87,8.87,6.72,6.72,10.51,10.51,11.12,11.12,9.50,1.21,-0.69,-0.69,-3.38,-3.38,1.37,1.37,2.14,2.14,0.11,3.99,3.97,3.95,3.93,3.91,3.90,3.88,3.86,3.84,3.83,5.63,5.62,5.61,5.60,5.59,5.58,5.57,5.57,5.56,5.55,51.99,0.00,0.00,1.00,0.00,0.00,0.00,-1.00,0,None,0,aggregation
160,133.54,remora2,remora0,9.50,9.02,9.02,13.42,13.42,14.19,14.19,13.38,13.38,12.14,0.11,-0.50,-0.50,5.04,5.04,6.01,6.01,4.99,4.99,3.43,3.81,3.80,3.78,3.77,3.76,3.74,3.73,3.72,3.71,3.70,5.54,5.53,5.52,5.52,5.51,5.50,5.50,5.49,5.49,5.48,59.81,0.00,0.00,1.00,0.00,0.00,0.00,-1.00,0,None,0,aggregation
160,134.54,remora2,remora0,12.14,13.40,13.40,14.54,13.82,13.82,14.44,14.44,14.44,15.62,3.43,5.01,5.01,6.46,5.54,5.54,6.33,6.33,6.33,7.83,3.69,3.68,3.67,3.67,3.66,3.66,3.65,3.65,3.65,3.65,5.48,5.47,5.47,5.46,5.46,5.46,5.46,5.45,5.45,5.45,69.70,0.00,0.00,1.00,0.00,0.00,0.00,-1.00,0,None,0,aggregation
160,135.54,remora2,remora0,15.62,14.99,14.99,15.71,15.71,15.26,15.26,15.83,15.83,15.88,7.83,7.03,7.03,7.95,7.95,7.38,7.38,8.09,8.09,8.16,3.65,3.65,3.65,3.66,3.66,3.66,3.67,3.68,3.69,3.69,5.44,5.44,5.44,5.44,5.44,5.44,5.44,5.44,5.44,5.44,81.30,0.00,0.00,1.00,0.00,0.00,0.00,-1.00,0,None,0,aggregation
160,136.54,remora2,remora0,15.88,14.49,14.49,15.06,15.06,12.17,12.17,10.82,10.82,12.29,8.16,6.39,6.39,7.11,7.11,3.47,3.47,1.76,1.76,3.61,3.70,3.71,3.72,3.74,3.75,3.76,3.77,3.79,3.80,3.81,5.44,5.44,5.44,5.44,5.44,5.44,5.44,5.44,5.44,5.44,90.42,0.00,0.00,1.00,0.00,0.00,0.00,-1.00,0,None,0,aggregation
160,137.54,remora2,remora0,12.29,11.48,11.48,9.39,9.39,9.20,9.20,7.77,7.77,4.24,3.61,2.59,2.59,-0.03,-0.03,-0.27,-0.27,-2.06,-2.06,-6.23,3.82,3.84,3.85,3.87,3.88,3.90,3.91,3.93,3.94,3.95,5.45,5.45,5.46,5.46,5.47,5.47,5.48,5.48,5.49,5.49,95.12,0.00,0.00,1.00,0.00,0.00,0.00,-1.00,0,None,0,aggregation
160,138.54,remora2,remora0,3.89,3.89,3.89,3.85,3.85,1.36,1.36,3.22,3.22,2.74,-6.57,-6.57,-6.57,-6.61,-6.61,-9.10,-9.10,-7.24,-7.24,-7.72,3.97,3.98,3.99,4.00,4.01,4.02,4.02,4.03,4.02,4.02,5.50,5.50,5.50,5.51,5.51,5.51,5.52,5.52,5.53,5.53,97.23,0.00,0.00,1.00,0.00,0.00,0.00,-1.00,0,None,0,aggregation
160,139.54,remora2,remora0,2.74,1.64,1.64,1.28,1.28,1.12,1.12,0.90,0.50,0.50,-7.72,-8.82,-8.82,-9.19,-9.19,-9.34,-9.34,-9.56,-9.96,-9.96,4.01,4.01,4.01,4.00,4.00,4.00,4.00,4.00,4.00,4.00,5.53,5.54,5.54,5.54,5.55,5.55,5.56,5.56,5.57,5.57,92.22,0.00,0.00,1.00,0.00,0.00,0.00,-1.00,0,None,0,aggregation
160,140.54,remora2,remora0,0.50,2.05,2.05,3.12,4.62,4.62,4.62,5.13,5.13,4.00,-9.96,-8.41,-8.41,-7.35,-5.84,-5.84,-5.84,-5.34,-5.34,-6.46,4.00,4.00,4.00,4.00,4.01,4.01,4.00,4.00,3.99,3.99,5.58,5.58,5.59,5.59,5.60,5.61,5.61,5.61,5.62,5.62,66.30,0.00,0.00,1.00,0.00,0.00,0.00,-1.00,0,None,0,aggregation
160,141.54,remora2,remora0,4.00,5.81,5.81,5.86,5.86,6.50,6.50,7.51,7.51,8.52,-6.46,-4.51,-4.51,-4.45,-4.45,-3.65,-3.65,-2.38,-2.38,-1.13,3.98,3.98,3.97,3.97,3.96,3.96,3.95,3.95,3.94,3.93,5.62,5.62,5.63,5.63,5.63,5.64,5.64,5.65,5.65,5.65,57.13,0.00,0.00,1.00,0.00,0.00,0.00,-1.00,0,None,0,aggregation
160,142.54,remora2,remora0,8.52,9.47,10.57,10.57,10.57,11.89,11.89,12.46,12.46,13.05,-1.13,0.06,1.45,1.45,1.45,3.11,3.11,3.82,3.82,4.56,3.93,3.92,3.92,3.91,3.91,3.90,3.90,3.89,3.88,3.87,5.66,5.66,5.67,5.67,5.67,5.68,5.68,5.69,5.69,5.69,59.06,0.00,0.00,1.00,0.00,0.00,0.00,-1.00,0,None,0,aggregation
160,143.54,remora2,remora0,14.50,14.50,15.01,15.01,15.01,16.08,16.08,16.41,16.41,17.43,6.41,6.41,7.06,7.06,7.06,8.42,8.42,8.84,8.84,10.15,3.87,3.86,3.85,3.84,3.83,3.82,3.82,3.81,3.80,3.79,5.70,5.70,5.70,5.70,5.70,5.70,5.70,5.70,5.70,5.70,63.00,0.00,0.00,1.00,0.00,0.00,0.00,-1.00,0,None,0,aggregation
160,144.54,remora2,remora0,17.43,18.14,18.14,18.74,18.74,19.05,19.05,20.05,20.05,20.72,10.15,11.06,11.06,11.83,11.83,12.24,12.24,13.55,13.55,14.43,3.79,3.78,3.77,3.77,3.76,3.76,3.75,3.75,3.74,3.74,5.70,5.70,5.69,5.69,5.52,5.51,5.50,5.50,5.49,5.48,68.71,0.00,0.00,1.00,0.00,0.00,0.00,-1.00,0,None,0,aggregation
160,145.54,remora2,remora0,20.72,21.76,21.76,22.38,22.38,22.48,22.48,22.47,22.47,23.10,14.43,15.80,15.80,16.63,16.63,16.76,16.76,16.75,16.75,17.60,3.74,3.73,3.73,3.73,3.72,3.72,3.72,3.72,3.72,3.72,5.48,5.47,5.46,5.45,5.44,5.43,5.43,5.42,5.41,5.40,76.41,0.00,0.00,1.00,0.00,0.00,0.00,-1.00,0,None,0,aggregation
160,146.54,remora2,remora0,23.10,23.01,23.01,22.65,22.65,22.09,22.09,21.41,21.41,21.27,17.60,17.48,17.48,17.00,17.00,16.24,16.24,15.33,15.33,15.14,3.73,3.73,3.73,3.74,3.74,3.74,3.74,3.75,3.75,3.76,5.39,5.38,5.37,5.36,5.35,5.49,5.48,5.33,5.32,5.31,86.66,0.00,0.00,1.00,0.00,0.00,0.00,-1.00,0,None,0,aggregation
160,147.54,remora2,remora0,21.27,20.72,20.72,19.57,19.57,18.90,18.90,17.32,17.32,15.19,15.14,14.42,14.42,12.91,12.91,12.04,12.04,10.01,10.01,7.29,3.77,3.78,3.78,3.79,3.80,3.81,3.81,3.82,3.82,3.83,5.30,5.29,5.28,5.27,5.26,5.25,5.24,5.23,5.23,5.22,97.49,0.00,0.00,1.00,0.00,0.00,0.00,-1.00,0,None,0,aggregation
160,148.54,remora2,remora0,13.08,13.08,13.08,11.43,11.43,9.45,9.45,9.41,7.58,7.58,4.61,4.61,4.61,2.53,2.53,0.04,0.04,-0.01,-2.30,-2.30,3.84,3.85,3.85,3.86,3.86,3.86,3.85,3.83,3.81,3.80,5.21,5.20,5.20,5.19,5.19,5.18,5.18,5.17,5.17,5.17,101.38,0.00,0.00,1.00,0.00,0.00,0.00,-1.00,0,None,0,aggregation
160,149.54,remora2,remora0,7.58,7.02,7.02,5.76,5.76,8.77,9.65,9.65,9.65,8.42,-2.30,-2.99,-2.99,-4.57,-4.57,-0.81,0.29,0.29,0.29,-1.24,3.79,3.78,3.77,3.76,3.75,3.74,3.73,3.72,3.71,3.70,5.16,5.16,5.16,5.17,5.17,5.18,5.18,5.18,5.18,5.18,100.46,0.00,0.00,1.00,0.00,0.00,0.00,-1.00,0,None,0,aggregation
160,150.54,remora2,remora0,8.42,8.54,8.54,11.32,12.39,12.39,12.39,13.22,11.64,11.64,-1.24,-1.10,-1.10,2.39,3.74,3.74,3.74,4.78,2.80,2.80,3.70,3.69,3.68,3.67,3.66,3.65,3.64,3.63,3.62,3.61,5.19,5.20,5.20,5.21,5.21,5.21,5.21,5.21,5.21,5.20,105.36,0.00,0.00,1.00,0.00,0.00,0.00,-1.00,0,None,0,aggregation
160,151.54,remora2,remora0,11.64,12.53,12.53,11.44,11.44,11.90,11.90,12.12,12.12,13.62,2.80,3.91,3.91,2.54,2.54,3.12,3.12,3.39,3.39,5.29,3.61,3.60,3.59,3.58,3.58,3.57,3.56,3.56,3.55,3.54,5.20,5.20,5.20,5.20,5.20,5.21,5.21,5.21,5.21,5.21,111.56,0.00,0.00,1.00,0.00,0.00,0.00,-1.00,0,None,0,aggregation
160,152.54,remora2,remora0,13.91,13.91,13.91,13.56,12.93,12.93,12.93,11.16,13.28,13.28,5.66,5.66,5.66,5.21,4.42,4.42,4.42,2.19,4.86,4.86,3.54,3.53,3.53,3.52,3.52,3.51,3.51,3.51,3.51,3.50,5.22,4.84,4.84,4.84,4.83,4.83,4.82,4.82,4.82,4.83,113.86,0.00,0.00,1.00,0.00,0.00,0.00,-1.00,0,None,0,aggregation
160,153.54,remora2,remora0,15.90,15.90,15.90,16.71,16.71,16.17,16.17,15.98,15.98,16.73,8.19,8.19,8.19,9.22,9.22,8.53,8.53,8.29,8.29,9.25,3.50,3.50,3.51,3.51,3.51,3.52,3.52,3.53,3.53,3.54,4.83,4.83,4.83,4.83,4.82,4.82,4.82,4.82,4.82,4.82,114.51,0.00,0.00,1.00,0.00,0.00,0.00,-1.00,0,None,0,aggregation
160,154.54,remora2,remora0,16.73,16.80,16.80,16.94,16.94,14.56,14.56,14.47,14.47,12.63,9.25,9.33,9.33,9.52,9.52,6.48,6.48,6.37,6.37,4.04,3.54,3.55,3.55,3.56,3.57,3.57,3.58,3.59,3.59,3.60,4.82,4.81,4.81,4.81,4.80,4.80,4.80,4.80,4.80,4.80,110.49,0.00,0.00,1.00,0.00,0.00,0.00,-1.00,0,None,0,aggregation
160,155.54,remora2,remora0,12.63,13.30,12.03,12.03,12.03,10.90,10.90,10.32,10.32,11.87,4.04,4.89,3.29,3.29,3.29,1.86,1.86,1.13,1.13,3.09,3.60,3.61,3.62,3.62,3.63,3.63,3.64,3.64,3.65,3.65,4.80,4.80,4.80,4.80,4.79,4.79,4.80,4.80,4.80,4.80,98.40,0.00,0.00,1.00,0.00,0.00,0.00,-1.00,0,None,0,aggregation
160,156.54,remora2,remora0,11.57,11.57,11.57,12.93,10.95,10.95,10.95,11.91,11.91,10.08,2.70,2.70,2.70,4.42,1.93,1.93,1.93,3.13,3.13,0.83,3.66,3.67,3.68,3.68,3.67,3.67,3.67,3.67,3.66,3.66,4.80,4.80,4.79,4.79,4.79,4.79,4.80,4.80,4.80,4.80,86.02,0.00,0.00,1.00,0.00,0.00,0.00,-1.00,0,None,0,aggregation
160,157.54,remora2,remora0,10.08,11.06,11.06,10.85,10.85,9.90,9.09,9.09,9.09,8.53,0.83,2.07,2.07,1.80,1.80,0.61,-0.41,-0.41,-0.41,-1.11,3.65,3.65,3.65,3.64,3.64,3.63,3.63,3.63,3.63,3.63,4.80,4.80,4.80,4.80,4.81,4.82,4.83,4.84,4.85,4.86,75.80,0.00,0.00,1.00,0.00,0.00,0.00,-1.00,0,None,0,aggregation
160,158.54,remora2,remora0,10.23,10.23,10.47,10.47,10.47,9.22,9.22,10.46,10.46,9.36,1.03,1.03,1.32,1.32,1.32,-0.24,-0.24,1.32,1.32,-0.07,3.63,3.63,3.64,3.64,3.65,3.65,3.65,3.66,3.66,3.66,4.87,4.88,4.90,4.91,4.92,4.93,4.94,4.96,4.97,4.98,75.25,0.00,0.00,1.00,0.00,0.00,0.00,-1.00,0,None,0,aggregation
160,159.54,remora2,remora0,9.36,9.86,10.97,10.97,10.97,10.05,10.05,9.36,9.36,9.61,-0.07,0.56,1.95,1.95,1.95,0.80,0.80,-0.07,-0.07,0.24,3.67,3.67,3.67,3.68,3.68,3.68,3.69,3.69,3.69,3.70,4.99,5.00,5.02,5.03,5.04,5.05,5.06,5.08,5.09,5.10,77.64,0.00,0.00,1.00,0.00,0.00,0.00,-1.00,0,None,0,aggregation
160,160.54,remora2,remora0,9.61,9.12,9.12,9.12,9.12,8.80,8.80,9.52,9.10,9.10,0.24,-0.38,-0.38,-0.37,-0.37,-0.77,-0.77,0.13,-0.39,-0.39,3.70,3.70,3.70,3.71,3.71,3.71,3.72,3.72,3.73,3.73,5.11,5.12,5.13,5.14,5.15,5.16,5.17,5.18,5.19,5.20,75.49,0.00,0.00,1.00,0.00,0.00,0.00,-1.00,0,None,0,aggregation
160,161.54,remora2,remora0,9.10,9.58,9.58,10.07,10.07,9.99,9.99,10.11,10.11,10.25,-0.39,0.21,0.21,0.83,0.83,0.72,0.72,0.88,0.88,1.05,3.74,3.75,3.75,3.76,3.77,3.78,3.79,3.81,3.82,3.83,5.21,5.23,5.24,5.25,5.26,5.27,5.28,5.29,5.30,5.31,72.97,0.00,0.00,1.00,0.00,0.00,0.00,-1.00,0,None,0,aggregation
160,162.54,remora2,remora0,10.25,11.03,11.03,10.90,11.13,11.13,11.13,11.51,11.51,11.74,1.05,2.03,2.03,1.87,2.16,2.16,2.16,2.62,2.62,2.91,3.85,3.86,3.88,3.90,3.92,3.94,3.96,3.98,4.00,4.03,5.32,5.34,5.35,5.36,5.37,5.38,5.40,5.41,5.42,5.44,70.66,0.00,0.00,1.00,0.00,0.00,0.00,-1.00,0,None,0,aggregation
160,163.54,remora2,remora0,11.74,12.16,12.16,12.51,12.51,13.00,13.00,13.15,13.15,13.19,2.91,3.45,3.45,3.88,3.88,4.51,4.51,4.69,4.69,4.75,4.05,4.08,4.10,4.13,4.16,4.15,4.14,4.13,4.12,4.11,5.45,5.45,5.46,5.47,5.48,5.49,5.50,5.52,5.53,5.55,66.62,0.00,0.00,1.00,0.00,0.00,0.00,-1.00,0,None,0,aggregation
160,164.54,remora2,remora0,13.19,13.79,13.79,13.78,13.78,14.87,14.87,14.59,14.59,15.22,4.75,5.51,5.51,5.50,5.50,6.87,6.87,6.52,6.52,7.32,4.11,4.10,4.10,4.09,4.09,4.08,4.07,4.06,4.05,4.05,5.57,5.58,5.60,5.61,5.63,5.64,5.66,5.67,5.69,5.70,65.20,0.00,0.00,1.00,0.00,0.00,0.00,-1.00,0,None,0,aggregation
160,165.54,remora2,remora0,15.60,15.60,15.60,16.13,16.13,17.23,17.23,17.42,17.42,17.80,7.81,7.81,7.81,8.48,8.48,9.89,9.89,10.13,10.13,10.62,4.04,4.04,4.03,4.03,4.02,4.02,4.01,4.01,4.01,4.01,5.72,5.74,5.75,5.77,5.78,5.83,5.84,5.86,5.87,5.89,70.85,0.00,0.00,1.00,0.00,0.00,0.00,-1.00,0,None,0,aggregation
160,166.54,remora2,remora0,17.80,18.36,18.36,18.54,18.54,19.05,19.05,19.50,20.14,20.14,10.62,11.35,11.35,11.58,11.58,12.24,12.24,12.82,13.66,13.66,4.00,4.00,3.99,3.98,3.98,3.98,3.98,3.98,3.98,3.99,5.90,5.92,5.93,5.95,5.96,5.98,6.00,6.01,6.03,6.05,79.39,0.00,0.00,1.00,0.00,0.00,0.00,-1.00,0,None,0,aggregation
160,167.54,remora2,remora0,20.14,20.19,20.31,20.31,20.31,21.11,21.11,21.19,21.44,21.44,13.66,13.72,13.88,13.88,13.88,14.94,14.94,15.05,15.38,15.38,3.99,3.98,3.98,3.99,3.99,4.00,4.00,4.00,4.00,4.01,6.07,6.08,6.10,6.12,6.14,6.16,6.18,6.19,6.21,6.23,91.68,0.00,0.00,1.00,0.00,0.00,0.00,-1.00,0,None,0,aggregation
160,168.54,remora2,remora0,21.44,21.75,21.75,22.28,22.28,22.32,22.32,22.22,22.22,22.90,15.38,15.79,15.79,16.50,16.50,16.55,16.55,16.42,16.42,17.34,4.01,4.02,4.03,4.03,4.04,4.06,4.06,4.07,4.08,4.09,6.24,6.26,6.28,6.30,6.32,6.34,6.36,6.38,6.39,6.41,105.48,0.00,0.00,1.00,0.00,0.00,0.00,-1.00,0,None,0,aggregation
160,169.54,remora2,remora0,22.90,23.42,23.42,23.39,23.39,24.02,24.59,24.59,24.59,24.83,17.34,18.04,18.04,18.00,18.00,18.86,19.64,19.64,19.64,19.98,4.10,4.11,4.12,4.14,4.15,4.17,4.18,4.19,4.20,4.22,6.43,6.45,4.69,4.71,4.72,4.74,4.75,4.76,4.77,4.78,121.37,0.00,0.00,1.00,0.00,0.00,0.00,-1.00,0,None,0,aggregation
160,170.54,remora2,remora0,24.83,24.85,24.85,25.53,25.53,26.16,26.66,26.66,26.66,27.21,19.98,20.02,20.02,20.97,20.97,21.88,22.61,22.61,22.61,23.45,4.23,4.25,4.26,4.28,4.30,4.32,4.34,4.36,4.39,4.41,4.79,4.80,4.82,4.83,4.84,4.85,4.87,4.88,4.89,4.91,140.67,0.00,0.00,1.00,0.00,0.00,0.00,-1.00,0,None,0,aggregation
160,171.54,remora2,remora0,27.21,27.64,27.96,27.96,27.96,28.26,28.54,28.54,28.80,28.80,23.45,24.11,24.61,24.61,24.61,25.10,25.57,25.57,26.01,26.01,4.43,4.45,4.47,4.49,4.51,4.53,4.56,4.58,4.60,4.63,4.92,4.93,4.94,4.96,4.97,4.98,5.00,5.01,5.03,5.04,162.00,0.00,0.00,1.00,0.00,0.00,0.00,-1.00,0,None,0,aggregation
160,172.54,remora2,remora0,28.80,29.04,29.04,29.25,29.25,29.35,29.35,29.54,29.62,29.62,26.01,26.43,26.43,26.84,26.84,27.03,27.03,27.40,27.57,27.57,4.66,4.68,4.71,4.74,4.77,4.80,4.83,4.86,4.88,4.91,5.06,5.07,5.09,5.11,5.12,5.14,5.16,5.18,5.20,5.21,183.45,0.00,0.00,1.00,0.00,0.00,0.00,-1.00,0,None,0,aggregation
160,173.54,remora2,remora0,29.73,29.73,29.73,29.83,29.83,29.89,29.89,29.95,30.00,30.00,27.83,27.83,27.83,28.07,28.07,28.22,28.22,28.37,28.51,28.51,4.93,4.95,4.97,5.00,5.02,5.05,5.07,5.10,5.12,5.15,5.22,5.24,5.25,5.27,5.29,5.30,5.32,5.34,5.35,5.37,204.09,0.00,0.00,1.00,0.00,0.00,0.00,-1.00,0,None,0,aggregation
160,174.54,remora2,remora0,30.00,30.04,0.00,0.00,0.00,30.00,30.00,30.00,30.00,30.00,28.51,28.65,0.00,0.00,0.00,30.00,30.00,30.00,30.00,30.00,5.18,5.20,5.23,5.24,5.23,5.25,5.28,5.31,5.34,5.37,5.39,5.40,5.42,5.43,5.43,5.44,5.46,5.48,5.50,5.52,214.78,0.00,0.00,1.00,0.00,0.00,0.00,-1.00,0,None,0,aggregation
160,175.54,remora2,remora0,30.00,30.00,30.00,30.00,30.00,30.00,30.00,30.00,30.00,30.00,30.00,30.00,30.00,30.00,30.00,30.00,30.00,30.00,30.00,30.00,5.41,5.44,5.47,5.51,5.55,5.59,5.62,5.64,5.66,5.68,5.54,5.56,5.59,5.61,5.64,5.66,5.69,5.70,5.72,5.74,231.92,0.00,0.00,1.00,0.00,0.00,0.00,-1.00,0,None,0,aggregation
160,176.54,remora2,remora0,30.00,30.00,30.00,30.00,30.00,30.00,30.00,30.00,30.00,30.00,30.00,30.00,30.00,30.00,30.00,30.00,30.00,30.00,30.00,30.00,5.71,5.74,5.78,5.81,5.85,5.88,5.91,5.93,5.95,5.97,5.76,5.79,5.81,5.84,5.86,5.89,5.91,5.93,5.96,5.98,246.40,0.00,0.00,1.00,0.00,0.00,0.00,-1.00,0,None,0,aggregation
160,177.54,remora2,remora0,30.00,30.00,30.00,30.00,30.00,30.00,30.00,30.00,30.00,30.00,30.00,30.00,30.00,30.00,30.00,30.00,30.00,30.00,30.00,30.00,5.99,6.01,6.03,6.05,6.07,6.09,6.11,6.14,6.16,6.18,6.01,6.04,6.06,6.09,6.11,6.14,6.17,6.20,6.22,6.25,258.78,0.00,0.00,1.00,0.00,0.00,0.00,-1.00,0,None,0,aggregation
160,178.54,remora2,remora0,30.00,30.00,30.00,30.00,30.00,30.00,30.00,30.00,30.00,30.00,30.00,30.00,30.00,30.00,30.00,30.00,30.00,30.00,30.00,30.00,6.21,6.23,6.25,6.28,6.30,6.33,6.35,6.38,6.40,6.43,6.27,6.29,6.32,6.34,6.37,6.40,6.43,6.46,6.50,6.53,269.55,0.00,0.00,1.00,0.00,0.00,0.00,-1.00,0,None,0,aggregation
160,179.54,remora2,remora0,30.00,30.00,30.00,30.00,30.00,30.00,30.00,30.00,30.00,30.00,30.00,30.00,30.00,30.00,30.00,30.00,30.00,30.00,30.00,30.00,6.46,6.48,6.51,6.54,6.57,6.60,6.62,6.65,6.68,6.71,6.55,6.58,6.60,6.63,6.65,6.68,6.71,6.75,6.78,6.81,278.23,0.00,0.00,1.00,0.00,0.00,0.00,-1.00,0,None,0,aggregation
160,180.54,remora2,remora0,30.00,30.00,30.00,30.00,30.00,30.00,30.00,30.00,30.00,30.00,30.00,30.00,30.00,30.00,30.00,30.00,30.00,30.00,30.00,30.00,6.74,6.77,6.80,6.83,6.86,6.90,6.93,6.96,6.99,7.02,6.84,6.88,6.91,6.94,6.97,7.00,7.03,7.05,7.08,7.12,284.53,0.00,0.00,1.00,0.00,0.00,0.00,-1.00,0,None,0,aggregation
160,181.54,remora2,remora0,30.00,30.00,30.00,30.00,30.00,30.00,30.00,30.00,30.00,30.00,30.00,30.00,30.00,30.00,30.00,30.00,30.00,30.00,30.00,30.00,7.06,7.09,7.12,7.16,7.19,7.22,7.26,7.29,7.33,7.36,7.15,7.19,7.22,7.26,7.29,7.32,7.34,7.37,7.40,7.44,287.96,0.00,0.00,1.00,0.00,0.00,0.00,-1.00,0,None,0,aggregation
160,182.54,remora2,remora0,30.00,30.00,30.00,30.00,30.00,30.00,30.00,30.00,30.00,30.00,30.00,30.00,30.00,30.00,30.00,30.00,30.00,30.00,30.00,30.00,7.40,7.43,7.47,7.50,7.54,7.57,7.61,7.65,7.68,7.72,7.47,7.50,7.54,7.57,7.61,7.65,7.68,7.72,7.75,7.78,289.86,0.00,0.00,1.00,0.00,0.00,0.00,-1.00,0,None,0,aggregation
160,183.54,remora2,remora0,30.00,30.00,30.00,30.00,30.00,30.00,30.00,30.00,30.00,30.00,30.00,30.00,30.00,30.00,30.00,30.00,30.00,30.00,30.00,30.00,7.76,7.80,7.83,7.87,7.91,7.95,7.98,8.02,8.06,8.10,7.81,7.84,7.87,7.91,7.94,7.98,8.02,8.05,8.09,8.12,290.86,0.00,0.00,1.00,0.00,0.00,0.00,-1.00,0,None,0,aggregation
160,184.54,remora2,remora0,30.00,30.00,30.00,30.00,30.00,30.00,30.00,30.00,30.00,30.00,30.00,30.00,30.00,30.00,30.00,30.00,30.00,30.00,30.00,30.00,8.14,8.18,8.22,8.26,8.30,8.32,8.35,8.39,8.43,8.46,8.15,8.19,8.23,8.26,8.30,8.33,8.36,8.40,8.44,8.48,300.00,0.00,0.00,1.00,0.00,0.00,0.00,-1.00,0,None,0,aggregation
160,131.54,remora2,remora7,0.00,0.00,0.00,0.00,0.00,0.00,0.00,0.00,0.00,0.00,0.00,0.00,0.00,0.00,0.00,0.00,0.00,0.00,0.00,0.00,2.48,2.51,2.53,2.56,2.59,2.61,2.64,2.66,2.69,2.72,5.85,5.85,5.85,5.85,5.85,5.85,5.85,5.86,5.86,5.86,0.00,0.00,1.00,0.00,0.00,0.00,0.00,-1.00,0,None,0,aggregation
160,132.54,remora2,remora7,0.00,0.00,0.00,0.00,0.00,0.00,0.00,0.00,0.00,0.00,0.00,0.00,0.00,0.00,0.00,0.00,0.00,0.00,0.00,0.00,2.74,2.77,2.79,2.82,2.85,2.87,2.90,2.92,2.95,2.98,5.86,5.87,5.87,5.87,5.87,5.87,5.87,5.87,5.87,5.88,0.00,0.00,1.00,0.00,0.00,0.00,0.00,-1.00,0,None,0,aggregation
160,133.54,remora2,remora7,0.00,0.00,0.00,0.00,0.00,0.00,0.00,0.00,0.00,0.00,0.00,0.00,0.00,0.00,0.00,0.00,0.00,0.00,0.00,0.00,3.00,3.03,3.05,3.08,3.10,3.12,3.15,3.17,3.20,3.22,5.88,5.88,5.88,5.89,5.89,5.89,5.89,5.90,5.90,5.90,0.00,0.00,0.00,0.00,0.00,0.00,0.00,-1.00,0,None,0,aggregation
160,134.54,remora2,remora7,0.00,0.00,0.00,0.00,0.00,0.00,0.00,0.00,0.00,0.00,0.00,0.00,0.00,0.00,0.00,0.00,0.00,0.00,0.00,0.00,3.25,3.27,3.29,3.32,3.34,3.36,3.38,3.40,3.43,3.45,5.91,5.91,5.91,5.91,5.91,5.91,5.91,5.92,5.92,5.92,0.00,0.00,0.00,0.00,0.00,0.00,0.00,-1.00,0,None,0,aggregation
160,135.54,remora2,remora7,0.00,0.00,0.00,0.00,0.00,0.00,0.00,0.00,0.00,0.00,0.00,0.00,0.00,0.00,0.00,0.00,0.00,0.00,0.00,0.00,3.47,3.49,3.51,3.53,3.55,3.57,3.59,3.61,3.63,3.65,5.92,5.93,5.93,5.93,5.94,5.94,5.94,5.95,5.95,5.96,0.00,0.00,0.00,0.00,0.00,0.00,0.00,-1.00,0,None,0,aggregation
160,136.54,remora2,remora7,0.00,0.00,0.00,0.00,0.00,0.00,0.00,0.00,0.00,0.00,0.00,0.00,0.00,0.00,0.00,0.00,0.00,0.00,0.00,0.00,3.67,3.69,3.71,3.73,3.74,3.76,3.78,3.80,3.82,3.84,5.96,5.97,5.97,5.97,5.98,5.98,5.99,5.99,5.99,5.99,0.00,0.00,0.00,0.00,0.00,0.00,0.00,-1.00,0,None,0,aggregation
160,137.54,remora2,remora7,0.00,0.00,0.00,0.00,0.00,0.00,0.00,0.00,0.00,0.00,0.00,0.00,0.00,0.00,0.00,0.00,0.00,0.00,0.00,0.00,3.86,3.88,3.89,3.91,3.93,3.95,3.97,3.98,4.00,4.02,5.99,5.99,5.99,5.99,5.99,6.00,6.00,6.00,6.00,6.01,0.00,0.00,0.00,0.00,0.00,0.00,0.00,-1.00,0,None,0,aggregation
160,138.54,remora2,remora7,0.00,0.00,0.00,0.00,0.00,0.00,0.00,0.00,0.00,0.00,0.00,0.00,0.00,0.00,0.00,0.00,0.00,0.00,0.00,0.00,4.04,4.05,4.07,4.09,4.11,4.12,4.14,4.16,4.17,4.19,6.01,6.01,6.01,6.02,6.02,6.02,6.02,6.02,6.02,6.02,0.00,0.00,0.00,0.00,0.00,0.00,0.00,-1.00,0,None,0,aggregation
160,139.54,remora2,remora7,0.00,0.00,0.00,0.00,0.00,0.00,0.00,0.00,0.00,0.00,0.00,0.00,0.00,0.00,0.00,0.00,0.00,0.00,0.00,0.00,4.21,4.23,4.24,4.26,4.27,4.28,4.27,4.25,4.24,4.23,6.02,6.03,6.03,6.03,6.03,6.04,6.04,6.04,6.05,6.05,0.00,0.00,0.00,0.00,0.00,0.00,0.00,-1.00,0,None,0,aggregation
160,140.54,remora2,remora7,0.00,0.00,0.00,0.00,0.00,0.00,0.00,0.00,0.00,0.00,0.00,0.00,0.00,0.00,0.00,0.00,0.00,0.00,0.00,0.00,4.22,4.21,4.20,4.19,4.18,4.17,4.16,4.15,4.14,4.13,6.05,6.06,6.06,6.06,6.06,6.06,6.06,6.06,6.06,6.06,0.00,0.00,0.00,0.00,0.00,0.00,0.00,-1.00,0,None,0,aggregation
160,141.54,remora2,remora7,0.00,0.00,0.00,0.00,0.00,0.00,0.00,0.00,0.00,0.00,0.00,0.00,0.00,0.00,0.00,0.00,0.00,0.00,0.00,0.00,4.13,4.12,4.11,4.11,4.10,4.09,4.09,4.08,4.08,4.08,6.06,6.05,6.05,6.05,6.05,6.05,6.05,6.05,6.05,6.05,0.00,0.00,0.00,0.00,0.00,0.00,0.00,-1.00,0,None,0,aggregation
160,142.54,remora2,remora7,0.00,0.00,0.00,0.00,0.00,0.00,0.00,0.00,0.00,0.00,0.00,0.00,0.00,0.00,0.00,0.00,0.00,0.00,0.00,0.00,4.07,4.07,4.07,4.07,4.06,4.06,4.06,4.06,4.06,4.07,6.05,6.05,6.05,6.05,6.05,6.05,6.05,6.05,6.04,6.04,0.00,0.00,0.00,0.00,0.00,0.00,0.00,-1.00,0,None,0,aggregation
160,143.54,remora2,remora7,0.00,0.00,23.41,23.41,23.75,23.75,24.62,24.62,25.49,25.49,0.00,0.00,27.19,27.19,27.41,27.41,27.96,27.96,28.50,28.50,4.07,4.07,4.07,4.08,4.08,4.09,4.10,4.11,4.12,4.13,6.04,6.04,6.03,6.02,6.01,5.99,5.97,5.96,5.94,5.93,20.83,0.00,0.00,0.00,0.00,0.00,0.00,-1.00,0,None,0,aggregation
160,144.54,remora2,remora7,26.05,26.05,26.63,26.63,27.02,27.02,27.32,27.32,27.60,27.60,28.82,28.82,29.14,29.14,29.35,29.35,29.50,29.50,29.63,29.63,4.14,4.15,4.16,4.18,4.19,4.21,4.23,4.24,4.26,4.28,5.91,5.90,5.88,5.87,6.89,6.87,6.86,6.84,6.83,6.81,48.94,0.00,0.00,1.00,0.00,0.00,0.00,-1.00,0,None,0,aggregation
160,145.54,remora2,remora7,27.68,27.68,27.70,27.70,27.81,27.81,27.90,27.90,27.78,27.78,29.67,29.67,29.68,29.68,29.73,29.73,29.76,29.76,29.71,29.71,4.30,4.32,4.34,4.36,4.38,4.40,4.42,4.44,4.46,4.48,6.80,6.78,6.76,6.74,6.73,6.71,6.69,6.68,6.66,6.65,77.68,0.00,0.00,1.00,0.00,0.00,0.00,-1.00,0,None,0,aggregation
160,146.54,remora2,remora7,27.87,27.87,27.94,27.94,27.87,27.87,27.67,27.67,27.44,27.44,29.75,29.75,29.78,29.78,29.75,29.75,29.66,29.66,29.56,29.56,4.51,4.53,4.55,4.58,4.60,4.42,4.41,4.51,4.47,4.43,6.63,6.62,6.60,6.58,6.57,6.19,6.18,6.52,6.50,6.49,106.41,0.00,0.00,1.00,0.00,0.00,0.00,-1.00,0,None,0,aggregation
160,147.54,remora2,remora7,27.04,27.04,26.33,26.33,25.64,25.64,24.66,24.66,22.66,22.66,29.36,29.36,28.98,28.98,28.58,28.58,27.99,27.99,26.69,26.69,4.38,4.34,4.30,4.26,4.22,4.18,4.14,4.10,4.07,4.03,6.47,6.46,6.44,6.43,6.42,6.40,6.38,6.37,6.36,6.34,133.20,0.00,0.00,1.00,0.00,0.00,0.00,-1.00,0,None,0,aggregation
160,148.54,remora2,remora7,20.99,20.99,17.68,17.68,15.24,15.24,10.20,10.20,7.52,7.52,25.54,25.54,23.16,23.16,21.34,21.34,17.47,17.47,15.37,15.37,4.00,3.97,3.94,3.91,3.89,3.87,3.85,3.83,3.81,3.80,6.33,6.32,6.31,6.30,6.29,6.28,6.27,6.26,6.26,6.25,150.65,0.00,0.00,1.00,0.00,0.00,0.00,-1.00,0,None,0,aggregation
160,149.54,remora2,remora7,3.20,3.20,2.38,2.38,1.35,1.35,2.42,2.42,2.14,2.14,11.96,11.96,11.31,11.31,10.49,10.49,11.34,11.34,11.12,11.12,3.79,3.78,3.77,3.76,3.75,3.74,3.73,3.72,3.71,3.70,6.25,6.24,6.24,6.24,6.25,6.25,6.25,6.25,6.25,6.25,157.43,0.00,0.00,1.00,0.00,0.00,0.00,-1.00,0,None,0,aggregation
160,150.54,remora2,remora7,1.28,1.28,2.36,2.36,2.80,2.80,2.15,2.15,2.33,2.33,10.44,10.44,11.30,11.30,11.64,11.64,11.12,11.12,11.27,11.27,3.70,3.69,3.68,3.67,3.66,3.65,3.64,3.63,3.62,3.61,6.25,6.25,6.25,6.25,6.25,6.25,6.24,6.24,6.24,6.24,164.10,0.00,0.00,1.00,0.00,0.00,0.00,-1.00,0,None,0,aggregation
160,151.54,remora2,remora7,1.94,1.94,0.90,0.90,1.80,1.80,3.44,3.44,2.89,2.89,10.96,10.96,10.13,10.13,10.85,10.85,12.15,12.15,11.72,11.72,3.61,3.60,3.59,3.58,3.58,3.57,3.56,3.56,3.55,3.54,6.23,6.23,6.23,6.23,6.23,6.23,6.23,6.23,6.23,6.23,170.77,0.00,0.00,1.00,0.00,0.00,0.00,-1.00,0,None,0,aggregation
160,152.54,remora2,remora7,2.70,1.74,1.74,1.74,2.13,2.13,1.54,1.54,-0.29,-0.29,11.57,10.80,10.80,10.80,11.11,11.11,10.64,10.64,9.18,9.18,3.54,3.53,3.53,3.52,3.52,3.51,3.51,3.51,3.51,3.50,6.23,6.34,6.34,6.34,6.33,6.33,6.32,6.32,6.32,6.33,176.80,0.00,0.00,1.00,0.00,0.00,0.00,-1.00,0,None,0,aggregation
160,153.54,remora2,remora7,0.22,0.22,-1.11,-1.11,-1.43,-1.43,-0.54,-0.54,0.46,0.46,9.59,9.59,8.53,8.53,8.27,8.27,8.98,8.98,9.78,9.78,3.50,3.50,3.51,3.51,3.51,3.52,3.52,3.53,3.53,3.54,6.33,6.33,6.33,6.33,6.33,6.33,6.33,6.33,6.34,6.34,160.24,0.00,0.00,1.00,0.00,0.00,0.00,-1.00,0,None,0,aggregation
160,154.54,remora2,remora7,0.61,0.61,-0.90,-0.90,-0.36,-0.36,0.30,0.30,2.75,2.75,9.90,9.90,8.70,8.70,9.13,9.13,9.65,9.65,11.60,11.60,3.54,3.55,3.55,3.56,3.57,3.57,3.58,3.59,3.59,3.60,6.34,6.34,6.34,6.34,6.34,6.34,6.34,6.35,6.35,6.35,137.27,0.00,0.00,1.00,0.00,0.00,0.00,-1.00,0,None,0,aggregation
160,155.54,remora2,remora7,4.97,4.97,4.98,4.98,6.45,6.45,7.20,7.20,7.83,7.83,13.36,13.36,13.38,13.38,14.54,14.54,15.13,15.13,15.62,15.62,3.60,3.61,3.62,3.62,3.63,3.63,3.64,3.64,3.65,3.65,6.35,6.35,6.35,6.35,6.35,6.35,6.35,6.36,6.36,6.36,118.88,0.00,0.00,1.00,0.00,0.00,0.00,-1.00,0,None,0,aggregation
160,156.54,remora2,remora7,8.74,8.74,9.89,9.89,11.18,11.18,12.66,12.66,13.45,13.45,16.33,16.33,17.23,17.23,18.23,18.23,19.37,19.37,19.98,19.98,3.66,3.67,3.68,3.69,3.70,3.71,3.72,3.73,3.74,3.76,6.36,6.36,6.36,6.36,6.37,6.37,6.37,6.38,6.38,6.38,104.85,0.00,0.00,1.00,0.00,0.00,0.00,-1.00,0,None,0,aggregation
160,157.54,remora2,remora7,14.89,14.89,15.40,15.40,15.89,15.89,16.67,16.67,16.67,17.96,21.07,21.07,21.46,21.46,21.83,21.83,22.41,22.41,22.41,23.36,3.77,3.78,3.79,3.81,3.82,3.84,3.85,3.87,3.88,3.90,6.39,6.39,6.40,6.40,6.41,6.42,6.44,6.45,6.47,6.48,97.04,0.00,0.00,1.00,0.00,0.00,0.00,-1.00,0,None,0,aggregation
160,158.54,remora2,remora7,18.36,18.36,19.24,19.24,19.79,19.79,20.40,20.40,20.72,20.72,23.66,23.66,24.30,24.30,24.69,24.69,25.13,25.13,25.35,25.35,3.91,3.93,3.95,3.97,3.99,4.01,4.03,4.05,4.07,4.09,6.49,6.51,6.53,6.54,6.56,6.57,6.59,6.60,6.62,6.64,101.75,0.00,0.00,1.00,0.00,0.00,0.00,-1.00,0,None,0,aggregation
160,159.54,remora2,remora7,21.09,21.09,22.10,22.10,23.05,23.05,23.80,23.80,24.50,24.50,25.61,25.61,26.31,26.31,26.95,26.95,27.44,27.44,27.89,27.89,4.11,4.14,4.16,4.18,4.21,4.23,4.26,4.28,4.31,4.34,6.65,6.67,6.69,6.71,6.72,6.74,6.76,6.78,6.80,6.82,119.86,0.00,0.00,1.00,0.00,0.00,0.00,-1.00,0,None,0,aggregation
160,160.54,remora2,remora7,25.01,25.01,25.64,25.64,26.10,26.10,26.46,26.46,26.76,26.76,28.21,28.21,28.59,28.59,28.85,28.85,29.06,29.06,29.22,29.22,4.36,4.39,4.42,4.44,4.47,4.50,4.53,4.55,4.58,4.61,6.84,6.85,6.87,6.89,6.92,6.94,6.96,6.98,7.00,7.03,140.58,0.00,0.00,1.00,0.00,0.00,0.00,-1.00,0,None,0,aggregation
160,161.54,remora2,remora7,27.11,27.11,27.49,27.49,27.55,27.55,27.88,27.88,27.99,27.99,29.40,29.40,29.58,29.58,29.61,29.61,29.76,29.76,29.80,29.80,4.64,4.67,4.70,4.73,4.76,4.79,4.81,4.84,4.87,4.90,7.05,7.08,7.10,7.12,7.14,7.17,7.19,7.22,7.25,7.27,162.52,0.00,0.00,1.00,0.00,0.00,0.00,-1.00,0,None,0,aggregation
160,162.54,remora2,remora7,28.29,28.29,28.31,28.31,28.16,28.16,27.89,27.89,17.45,17.45,29.92,29.92,29.93,29.93,29.87,29.87,29.76,29.76,22.99,22.99,4.93,4.96,4.99,5.02,5.05,5.08,5.11,5.14,5.17,5.19,7.30,7.33,7.36,7.38,7.41,6.58,6.61,6.65,6.68,6.71,183.75,0.00,0.00,1.00,0.00,0.00,0.00,-1.00,0,None,0,aggregation
160,163.54,remora2,remora7,-34.30,-34.30,29.73,29.73,0.00,0.00,30.00,30.00,30.00,30.00,-23.84,-23.84,30.15,30.15,0.00,0.00,30.00,30.00,30.00,30.00,5.20,5.18,5.17,5.20,5.22,5.22,5.23,5.25,5.28,5.30,6.73,6.72,6.73,6.76,6.79,6.81,6.82,6.85,6.89,6.92,203.28,0.00,0.00,1.00,0.00,0.00,0.00,-1.00,0,None,0,aggregation
160,164.54,remora2,remora7,30.00,30.00,30.00,30.00,30.00,30.00,30.00,30.00,30.00,30.00,30.00,30.00,30.00,30.00,30.00,30.00,30.00,30.00,30.00,30.00,5.33,5.36,5.39,5.41,5.44,5.47,5.49,5.52,5.54,5.57,6.96,6.99,7.03,7.07,7.10,7.13,7.16,7.19,7.22,7.25,228.14,0.00,0.00,1.00,0.00,0.00,0.00,-1.00,0,None,0,aggregation
160,255.54,remora2,remora7,23.58,23.58,24.11,24.11,19.38,19.38,12.92,12.92,7.28,7.28,27.30,27.30,27.64,27.64,24.40,24.40,19.57,19.57,15.19,15.19,4.77,4.79,4.81,4.83,4.85,4.87,4.89,4.90,4.91,4.92,4.77,7.39,7.39,7.39,7.39,7.39,7.38,7.38,6.83,6.83,249.45,0.00,0.00,1.00,0.00,0.00,0.00,-1.00,0,None,0,aggregation
160,256.54,remora2,remora7,-3.90,-3.90,-6.87,-6.87,-7.90,-7.90,-7.76,-7.76,-7.08,-7.08,6.30,6.30,3.60,3.60,2.56,2.56,2.70,2.70,3.39,3.39,4.93,4.93,4.93,4.93,4.93,4.93,4.92,4.92,4.92,4.92,6.83,6.83,6.82,6.82,6.82,6.82,6.82,6.82,6.82,6.81,222.91,0.00,0.00,1.00,0.00,0.00,0.00,-1.00,0,None,0,aggregation
160,257.54,remora2,remora7,-6.51,-6.51,-7.01,-7.01,-5.69,-5.69,-3.66,-3.66,-2.31,-2.31,3.95,3.95,3.46,3.46,4.77,4.77,6.49,6.49,7.57,7.57,4.92,4.92,4.91,4.91,4.91,4.91,4.91,4.91,4.91,4.92,6.81,6.81,6.81,6.81,6.81,6.80,6.80,6.80,6.80,6.80,197.96,0.00,0.00,1.00,0.00,0.00,0.00,-1.00,0,None,0,aggregation
160,258.54,remora2,remora7,-1.03,-1.03,1.04,1.04,1.71,1.71,3.03,3.03,5.15,5.15,8.60,8.60,10.24,10.24,10.78,10.78,11.83,11.83,13.51,13.51,4.92,4.92,4.93,4.93,4.94,4.94,4.95,4.96,4.96,4.97,6.57,6.57,6.57,6.58,6.58,6.58,6.58,6.58,6.58,6.58,178.93,0.00,0.00,1.00,0.00,0.00,0.00,-1.00,0,None,0,aggregation
160,259.54,remora2,remora7,6.08,6.08,6.94,6.94,8.10,8.10,9.90,9.90,10.70,10.70,14.24,14.24,14.92,14.92,15.83,15.83,17.24,17.24,17.86,17.86,4.98,4.99,5.00,5.01,5.02,5.03,5.04,5.05,5.06,5.07,6.58,6.58,6.58,6.58,6.58,6.58,6.58,6.58,6.58,6.58,165.64,0.00,0.00,1.00,0.00,0.00,0.00,-1.00,0,None,0,aggregation
160,260.54,remora2,remora7,12.38,12.38,13.48,13.48,14.83,14.83,15.87,15.87,16.92,16.92,19.16,19.16,20.00,20.00,21.03,21.03,21.81,21.81,22.59,22.59,5.08,5.09,5.10,5.11,5.13,5.14,5.15,5.16,5.17,5.19,6.58,6.58,6.58,6.58,6.57,6.57,6.57,6.57,6.57,6.57,157.64,0.00,0.00,1.00,0.00,0.00,0.00,-1.00,0,None,0,aggregation
160,261.54,remora2,remora7,17.94,17.94,18.68,18.68,20.02,20.02,20.97,20.97,22.03,22.03,23.35,23.35,23.89,23.89,24.85,24.85,25.53,25.53,26.26,26.26,5.20,5.21,5.22,5.23,5.25,5.26,5.27,5.28,5.29,5.31,6.56,6.56,6.56,6.56,6.55,6.55,6.55,6.54,6.54,6.53,153.91,0.00,0.00,1.00,0.00,0.00,0.00,-1.00,0,None,0,aggregation
160,262.54,remora2,remora7,22.89,22.89,23.71,23.71,24.49,24.49,25.10,25.10,25.68,25.68,26.85,26.85,27.39,27.39,27.89,27.89,28.26,28.26,28.61,28.61,5.32,5.33,5.34,5.35,5.36,5.38,5.39,5.40,5.41,5.42,6.53,6.52,6.52,6.51,6.51,6.51,6.50,6.49,6.60,6.59,154.34,0.00,0.00,1.00,0.00,0.00,0.00,-1.00,0,None,0,aggregation
160,263.54,remora2,remora7,26.23,26.23,26.74,26.74,27.12,27.12,27.49,27.49,27.83,27.83,28.92,28.92,29.20,29.20,29.40,29.40,29.58,29.58,29.73,29.73,5.43,5.44,5.45,5.46,5.46,5.44,5.42,5.40,5.38,5.36,6.58,6.57,6.56,6.55,6.54,6.54,6.53,6.52,6.51,6.50,160.19,0.00,0.00,1.00,0.00,0.00,0.00,-1.00,0,None,0,aggregation
160,264.54,remora2,remora7,28.07,28.07,28.29,28.29,28.58,28.58,28.71,28.71,28.96,28.96,29.83,29.83,29.92,29.92,30.02,30.02,30.06,30.06,30.13,30.13,5.34,5.32,5.30,5.28,5.26,5.24,5.22,5.20,5.18,5.16,6.49,6.48,6.47,6.46,6.45,6.44,6.43,6.42,6.41,6.40,166.02,0.00,0.00,1.00,0.00,0.00,0.00,-1.00,0,None,0,aggregation
160,265.54,remora2,remora7,29.17,29.17,29.37,29.37,29.53,29.53,29.71,29.71,29.83,29.83,30.16,30.16,30.18,30.18,30.18,30.18,30.16,30.16,30.12,30.12,5.14,5.12,5.10,5.08,5.06,5.04,5.01,4.99,4.97,4.95,6.39,6.38,6.37,6.36,6.35,6.34,6.33,6.32,6.31,6.30,175.73,0.00,0.00,1.00,0.00,0.00,0.00,-1.00,0,None,0,aggregation
160,266.54,remora2,remora7,29.93,29.93,30.05,30.05,30.12,30.12,30.16,30.16,30.18,30.18,30.06,30.06,29.94,29.94,29.82,29.82,29.71,29.71,29.58,29.58,4.93,4.91,4.89,4.87,4.85,4.82,4.80,4.78,4.76,4.74,6.29,6.28,6.27,6.26,6.25,6.24,6.23,6.22,6.21,6.20,203.70,0.00,0.00,1.00,0.00,0.00,0.00,-1.00,0,None,0,aggregation
160,267.54,remora2,remora7,30.18,30.18,30.17,30.17,30.13,30.13,30.07,30.07,30.00,30.00,29.40,29.40,29.22,29.22,28.99,28.99,28.74,28.74,28.52,28.52,4.72,4.70,4.68,4.66,4.64,4.62,4.60,4.58,4.56,4.54,6.20,6.19,6.18,6.17,6.16,6.15,6.14,6.13,6.13,6.12,231.73,0.00,0.00,1.00,0.00,0.00,0.00,-1.00,0,None,0,aggregation
160,268.54,remora2,remora7,29.91,29.91,29.77,29.77,29.72,29.72,29.55,29.55,29.56,29.56,28.27,28.27,27.91,27.91,27.80,27.80,27.42,27.42,27.46,27.46,4.53,4.51,4.49,4.47,4.45,4.44,4.42,4.40,4.39,4.37,6.11,6.10,6.10,6.09,6.08,6.08,6.07,6.07,6.06,6.20,253.98,0.00,0.00,1.00,0.00,0.00,0.00,-1.00,0,None,0,aggregation
160,269.54,remora2,remora7,29.47,29.47,29.24,29.24,29.18,29.18,29.12,29.12,29.05,29.05,27.27,27.27,26.81,26.81,26.69,26.69,26.58,26.58,26.46,26.46,4.35,4.34,4.32,4.31,4.29,4.28,4.26,4.25,4.24,4.22,6.19,6.18,6.17,6.16,6.15,6.14,6.14,6.13,6.12,6.11,269.79,0.00,0.00,1.00,0.00,0.00,0.00,-1.00,0,None,0,aggregation
160,270.54,remora2,remora7,29.02,29.02,28.90,28.90,29.00,29.00,28.99,28.99,28.99,28.99,26.40,26.40,26.18,26.18,26.36,26.36,26.34,26.34,26.35,26.35,4.21,4.20,4.19,4.17,4.16,4.15,4.14,4.13,4.12,4.11,6.10,6.10,6.09,6.08,6.07,6.07,6.06,6.06,6.05,6.04,279.64,0.00,0.00,1.00,0.00,0.00,0.00,-1.00,0,None,0,aggregation
160,271.54,remora2,remora7,29.01,29.01,29.05,29.05,29.02,29.02,29.11,29.11,29.16,29.16,26.38,26.38,26.45,26.45,26.40,26.40,26.56,26.56,26.66,26.66,4.10,4.09,4.09,4.08,4.07,4.06,4.06,4.05,4.04,4.04,6.04,6.03,6.03,6.03,6.03,6.02,6.02,6.02,6.02,6.01,285.07,0.00,0.00,1.00,0.00,0.00,0.00,-1.00,0,None,0,aggregation
160,272.54,remora2,remora7,29.23,29.23,29.24,29.24,29.34,29.34,29.35,29.35,29.53,29.53,26.78,26.78,26.81,26.81,27.00,27.00,27.02,27.02,27.39,27.39,4.03,4.03,4.03,4.02,4.02,4.01,4.01,4.01,4.01,4.01,6.01,6.01,6.01,6.01,6.01,6.01,6.02,6.02,6.02,6.02,287.15,0.00,0.00,1.00,0.00,0.00,0.00,-1.00,0,None,0,aggregation
160,273.54,remora2,remora7,29.62,29.62,29.66,29.66,29.70,29.70,29.79,29.79,29.83,29.83,27.57,27.57,27.67,27.67,27.74,27.74,27.96,27.96,28.06,28.06,4.01,4.01,4.01,4.01,4.01,4.01,4.01,4.01,4.01,4.02,6.03,6.03,6.04,6.04,6.04,6.05,6.06,6.06,6.07,6.08,287.68,0.00,0.00,1.00,0.00,0.00,0.00,-1.00,0,None,0,aggregation
160,274.54,remora2,remora7,29.83,29.83,29.87,29.87,29.96,29.96,30.00,30.00,30.04,30.04,28.06,28.06,28.16,28.16,28.39,28.39,28.51,28.51,28.64,28.64,4.02,4.02,4.03,4.03,4.04,4.04,4.05,4.06,4.06,4.07,6.08,6.09,6.10,6.11,6.12,6.13,6.14,6.15,6.16,6.17,287.57,0.00,0.00,1.00,0.00,0.00,0.00,-1.00,0,None,0,aggregation
160,275.54,remora2,remora7,30.07,30.07,30.10,30.10,30.13,30.13,30.15,30.15,30.15,30.15,28.74,28.74,28.85,28.85,28.98,28.98,29.06,29.06,29.11,29.11,4.08,4.08,4.09,4.10,4.11,4.12,4.13,4.14,4.15,4.16,6.18,6.19,6.20,6.22,6.23,6.24,6.25,6.27,6.28,6.29,287.26,0.00,0.00,1.00,0.00,0.00,0.00,-1.00,0,None,0,aggregation
160,276.54,remora2,remora7,30.17,30.17,30.18,30.18,30.18,30.18,30.19,30.19,30.18,30.18,29.19,29.19,29.31,29.31,29.39,29.39,29.45,29.45,29.52,29.52,4.17,4.18,4.19,4.20,4.21,4.22,4.24,4.25,4.26,4.28,6.31,6.32,6.33,6.35,6.37,6.38,6.40,6.41,6.42,6.44,287.09,0.00,0.00,1.00,0.00,0.00,0.00,-1.00,0,None,0,aggregation
160,277.54,remora2,remora7,30.18,30.18,30.17,30.17,30.17,30.17,30.15,30.15,30.14,30.14,29.60,29.60,29.63,29.63,29.67,29.67,29.74,29.74,29.76,29.76,4.29,4.30,4.32,4.33,4.34,4.36,4.37,4.39,4.40,4.42,6.45,6.47,6.48,6.50,6.26,6.28,6.30,6.32,6.34,6.36,287.46,0.00,0.00,1.00,0.00,0.00,0.00,-1.00,0,None,0,aggregation
160,278.54,remora2,remora7,30.12,30.12,30.11,30.11,30.07,30.07,30.06,30.06,30.04,30.04,29.83,29.83,29.84,29.84,29.91,29.91,29.92,29.92,29.95,29.95,4.44,4.45,4.47,4.48,4.50,4.52,4.53,4.55,4.57,4.59,6.38,6.40,6.42,6.44,6.46,6.48,6.51,6.53,6.55,6.57,288.71,0.00,0.00,1.00,0.00,0.00,0.00,-1.00,0,None,0,aggregation
160,279.54,remora2,remora7,30.00,30.00,29.97,29.97,29.95,29.95,29.93,29.93,29.91,29.91,30.00,30.00,30.03,30.03,30.05,30.05,30.06,30.06,30.07,30.07,4.60,4.62,4.64,4.66,4.67,4.69,4.71,4.73,4.75,4.77,6.59,6.61,6.63,5.81,5.82,5.84,5.85,5.87,5.88,5.90,290.72,0.00,0.00,1.00,0.00,0.00,0.00,-1.00,0,None,0,aggregation
160,280.54,remora2,remora7,29.91,29.91,29.84,29.84,29.86,29.86,29.81,29.81,29.83,29.83,30.07,30.07,30.11,30.11,30.10,30.10,30.12,30.12,30.12,30.12,4.79,4.80,4.82,4.84,4.86,4.88,4.90,4.92,4.94,4.96,5.91,5.92,5.93,5.94,5.96,5.97,5.99,6.01,6.03,6.05,293.04,0.00,0.00,1.00,0.00,0.00,0.00,-1.00,0,None,0,aggregation
160,281.54,remora2,remora7,29.75,29.75,29.74,29.74,29.68,29.68,29.70,29.70,29.71,29.71,30.14,30.14,30.15,30.15,30.16,30.16,30.16,30.16,30.16,30.16,4.98,5.00,5.02,5.04,5.06,5.08,5.10,5.12,5.14,5.16,6.07,6.08,6.09,6.10,6.11,6.13,6.14,6.16,6.17,6.19,295.20,0.00,0.00,1.00,0.00,0.00,0.00,-1.00,0,None,0,aggregation
160,282.54,remora2,remora7,29.69,29.69,29.66,29.66,29.66,29.66,29.73,29.73,29.80,29.80,30.16,30.16,30.17,30.17,30.17,30.17,30.15,30.15,30.13,30.13,5.18,5.20,5.22,5.24,5.26,5.28,5.31,5.33,5.35,5.37,6.20,6.21,6.23,6.25,6.27,6.30,6.31,6.33,6.34,6.35,296.96,0.00,0.00,1.00,0.00,0.00,0.00,-1.00,0,None,0,aggregation
160,283.54,remora2,remora7,29.87,29.87,29.92,29.92,29.98,29.98,29.98,29.98,30.02,30.02,30.10,30.10,30.06,30.06,30.02,30.02,30.02,30.02,29.98,29.98,5.39,5.40,5.40,5.39,5.39,5.39,5.38,5.38,5.37,5.37,6.37,6.38,6.40,6.42,6.43,6.45,6.47,6.48,6.49,6.51,298.20,0.00,0.00,1.00,0.00,0.00,0.00,-1.00,0,None,0,aggregation
160,284.54,remora2,remora7,30.04,30.04,30.06,30.06,30.10,30.10,30.10,30.10,30.13,30.13,29.95,29.95,29.92,29.92,29.87,29.87,29.87,29.87,29.80,29.80,5.37,5.36,5.36,5.36,5.35,5.35,5.34,5.34,5.34,5.33,6.53,6.55,6.56,6.58,6.59,6.61,6.62,6.64,6.66,6.67,299.03,0.00,0.00,1.00,0.00,0.00,0.00,-1.00,0,None,0,aggregation
160,285.54,remora2,remora7,30.13,30.13,30.15,30.15,30.15,30.15,30.16,30.16,30.17,30.17,29.80,29.80,29.73,29.73,29.73,29.73,29.69,29.69,29.66,29.66,5.33,5.33,5.32,5.32,5.31,5.31,5.31,5.30,5.30,5.30,6.69,6.71,6.73,6.75,6.77,6.78,6.80,6.81,6.83,6.85,299.44,0.00,0.00,1.00,0.00,0.00,0.00,-1.00,0,None,0,aggregation
160,286.54,remora2,remora7,30.17,30.17,30.18,30.18,30.18,30.18,30.18,30.18,30.18,30.18,29.62,29.62,29.57,29.57,29.53,29.53,29.53,29.53,29.49,29.49,5.29,5.29,5.29,5.28,5.28,5.28,5.27,5.27,5.27,5.26,6.87,6.89,6.91,6.93,6.95,6.97,6.99,7.00,7.02,7.05,299.52,0.00,0.00,1.00,0.00,0.00,0.00,-1.00,0,None,0,aggregation
160,287.54,remora2,remora7,30.19,30.19,30.19,30.19,30.18,30.18,30.18,30.18,30.18,30.18,29.44,29.44,29.44,29.44,29.39,29.39,29.34,29.34,29.34,29.34,5.26,5.26,5.25,5.25,5.25,5.25,5.24,5.24,5.24,5.23,7.07,7.07,7.08,7.09,7.10,7.12,7.13,7.14,7.15,7.17,299.39,0.00,0.00,1.00,0.00,0.00,0.00,-1.00,0,None,0,aggregation
160,288.54,remora2,remora7,30.18,30.18,30.17,30.17,30.17,30.17,30.17,30.17,30.17,30.17,29.34,29.34,29.24,29.24,29.24,29.24,29.24,29.24,29.24,29.24,5.23,5.23,5.23,5.22,5.22,5.22,5.22,5.22,5.21,5.21,7.18,7.20,7.21,6.53,6.53,6.54,6.54,6.55,6.55,6.56,299.13,0.00,0.00,1.00,0.00,0.00,0.00,-1.00,0,None,0,aggregation
160,289.54,remora2,remora7,30.16,30.16,30.16,30.16,30.16,30.16,30.16,30.16,30.15,30.15,29.14,29.14,29.14,29.14,29.14,29.14,29.14,29.14,29.08,29.08,5.21,5.21,5.21,5.21,5.20,5.20,5.20,5.20,5.19,5.17,6.57,6.58,6.58,6.59,6.59,6.60,6.60,6.61,6.62,6.62,298.77,0.00,0.00,1.00,0.00,0.00,0.00,-1.00,0,None,0,aggregation
160,290.54,remora2,remora7,30.11,30.11,30.02,30.02,29.95,29.95,29.78,29.78,29.67,29.67,28.88,28.88,28.56,28.56,28.36,28.36,27.93,27.93,27.69,27.69,5.15,5.13,5.11,5.08,5.06,5.04,5.02,5.00,4.98,4.97,6.62,6.62,6.62,6.62,6.62,6.63,6.63,6.63,6.64,6.64,297.89,0.00,0.00,1.00,0.00,0.00,0.00,-1.00,0,None,0,aggregation
160,291.54,remora2,remora7,29.42,29.42,29.25,29.25,28.95,28.95,28.73,28.73,28.46,28.46,27.17,27.17,26.83,26.83,26.28,26.28,25.89,25.89,25.43,25.43,4.95,4.93,4.92,4.91,4.89,4.88,4.87,4.86,4.84,4.83,6.65,6.65,6.65,6.65,6.66,6.66,6.67,6.67,6.68,6.68,295.59,0.00,0.00,1.00,0.00,0.00,0.00,-1.00,0,None,0,aggregation
160,292.54,remora2,remora7,28.03,28.03,27.68,27.68,27.25,27.25,27.03,27.03,26.60,26.60,24.72,24.72,24.16,24.16,23.50,23.50,23.17,23.17,22.52,22.52,4.82,4.81,4.80,4.79,4.78,4.77,4.76,4.74,4.73,4.72,6.68,6.69,6.69,6.70,6.70,6.71,6.71,6.72,6.72,6.72,291.13,0.00,0.00,1.00,0.00,0.00,0.00,-1.00,0,None,0,aggregation
160,293.54,remora2,remora7,25.57,25.57,25.06,25.06,24.23,24.23,23.26,23.26,22.34,22.34,21.03,21.03,20.31,20.31,19.15,19.15,17.81,17.81,16.57,16.57,4.71,4.70,4.68,4.67,4.66,4.65,4.63,4.62,4.61,4.59,6.73,6.73,6.73,6.74,6.74,6.74,6.75,6.75,6.75,6.76,282.67,0.00,0.00,1.00,0.00,0.00,0.00,-1.00,0,None,0,aggregation
160,294.54,remora2,remora7,21.39,21.39,20.48,20.48,19.89,19.89,18.30,18.30,17.75,17.75,15.31,15.31,14.11,14.11,13.33,13.33,11.27,11.27,10.56,10.56,4.58,4.56,4.55,4.53,4.52,4.50,4.49,4.47,4.45,4.44,6.76,6.76,6.76,6.76,6.76,6.76,6.76,6.76,6.77,6.76,268.92,0.00,0.00,1.00,0.00,0.00,0.00,-1.00,0,None,0,aggregation
160,295.54,remora2,remora7,16.15,16.15,15.74,15.74,15.74,15.74,15.85,15.85,15.70,15.70,8.50,8.50,7.98,7.98,7.98,7.98,8.13,8.13,7.93,7.93,4.42,4.40,4.39,4.37,4.35,4.33,4.32,4.30,4.28,4.26,6.76,6.76,6.75,6.74,6.74,6.74,7.22,7.22,7.22,7.22,250.95,0.00,0.00,1.00,0.00,0.00,0.00,-1.00,0,None,0,aggregation
160,296.54,remora2,remora7,16.71,16.71,17.68,17.68,18.25,18.25,19.19,19.19,19.57,19.57,9.22,9.22,10.46,10.46,11.21,11.21,12.43,12.43,12.92,12.92,4.25,4.23,4.21,4.19,4.18,4.16,4.14,4.13,4.11,4.10,7.22,7.22,7.22,7.22,7.22,7.21,7.21,7.21,7.22,7.22,235.85,0.00,0.00,1.00,0.00,0.00,0.00,-1.00,0,None,0,aggregation
160,297.54,remora2,remora7,19.91,19.91,20.16,20.16,20.80,20.80,21.52,21.52,21.80,21.80,13.35,13.35,13.68,13.68,14.53,14.53,15.48,15.48,15.85,15.85,4.08,4.06,4.05,4.03,4.02,4.00,3.99,3.98,3.96,3.95,7.22,7.23,7.23,7.23,7.23,7.23,7.24,7.24,7.25,7.25,223.77,0.00,0.00,1.00,0.00,0.00,0.00,-1.00,0,None,0,aggregation
160,298.54,remora2,remora7,22.12,22.12,22.45,22.45,22.59,22.59,22.96,22.96,23.32,23.32,16.28,16.28,16.73,16.73,16.92,16.92,17.41,17.41,17.91,17.91,3.94,3.92,3.91,3.90,3.89,3.88,3.86,3.85,3.84,3.83,7.26,7.27,7.27,7.28,7.28,7.29,7.29,7.30,7.31,7.32,213.92,0.00,0.00,1.00,0.00,0.00,0.00,-1.00,0,None,0,aggregation
160,299.54,remora2,remora7,23.64,23.64,23.80,23.80,24.21,24.21,24.55,24.55,24.78,24.78,18.34,18.34,18.56,18.56,19.12,19.12,19.60,19.60,19.91,19.91,3.82,3.81,3.80,3.79,3.78,3.77,3.76,3.76,3.75,3.74,7.33,7.34,7.35,7.36,7.37,7.38,7.38,7.39,7.40,7.41,205.93,0.00,0.00,1.00,0.00,0.00,0.00,-1.00,0,None,0,aggregation
160,300.54,remora2,remora7,25.15,25.15,25.42,25.42,25.81,25.81,25.97,25.97,26.21,26.21,20.44,20.44,20.82,20.82,21.37,21.37,21.61,21.61,21.96,21.96,3.73,3.72,3.72,3.71,3.70,3.70,3.69,3.68,3.68,3.67,7.41,7.42,7.43,7.44,7.45,7.46,7.47,6.22,6.23,6.24,200.32,0.00,0.00,1.00,0.00,0.00,0.00,-1.00,0,None,0,aggregation
160,301.54,remora2,remora7,26.48,26.48,26.87,26.87,26.95,26.95,27.39,27.39,27.45,27.45,22.35,22.35,22.93,22.93,23.05,23.05,23.71,23.71,23.81,23.81,3.67,3.66,3.66,3.65,3.65,3.64,3.64,3.63,3.63,3.62,6.25,6.26,6.26,6.27,6.28,6.29,6.30,6.30,6.31,6.32,197.78,0.00,0.00,1.00,0.00,0.00,0.00,-1.00,0,None,0,aggregation
160,302.54,remora2,remora7,27.59,27.59,27.97,27.97,27.99,27.99,28.36,28.36,28.41,28.41,24.03,24.03,24.62,24.62,24.65,24.65,25.26,25.26,25.34,25.34,3.62,3.62,3.61,3.61,3.61,3.60,3.60,3.60,3.59,3.59,6.33,6.33,6.34,6.35,6.35,6.36,6.37,6.37,6.38,6.38,198.73,0.00,0.00,1.00,0.00,0.00,0.00,-1.00,0,None,0,aggregation
160,303.54,remora2,remora7,28.77,28.77,28.89,28.89,29.04,29.04,29.10,29.10,29.33,29.33,25.95,25.95,26.16,26.16,26.44,26.44,26.55,26.55,26.98,26.98,3.59,3.59,3.58,3.58,3.58,3.58,3.57,3.57,3.57,3.57,6.39,6.39,6.40,6.40,6.41,6.41,6.42,6.42,6.42,6.43,204.92,0.00,0.00,1.00,0.00,0.00,0.00,-1.00,0,None,0,aggregation
160,304.54,remora2,remora7,29.45,29.45,29.57,29.57,29.69,29.69,29.75,29.75,29.80,29.80,27.21,27.21,27.46,27.46,27.72,27.72,27.86,27.86,27.99,27.99,3.57,3.56,3.56,3.56,3.56,3.56,3.56,3.55,3.55,3.55,6.43,6.43,6.43,6.44,6.44,6.44,6.44,6.44,6.44,6.44,217.33,0.00,0.00,1.00,0.00,0.00,0.00,-1.00,0,None,0,aggregation
160,305.54,remora2,remora7,29.90,29.90,29.95,29.95,30.03,30.03,30.07,30.07,30.10,30.10,28.24,28.24,28.38,28.38,28.59,28.59,28.73,28.73,28.86,28.86,3.55,3.55,3.55,3.55,3.55,3.54,3.54,3.54,3.54,3.54,6.44,6.44,6.44,6.44,6.44,6.44,6.44,6.44,6.44,6.44,234.65,0.00,0.00,1.00,0.00,0.00,0.00,-1.00,0,None,0,aggregation
160,306.54,remora2,remora7,30.15,30.15,30.17,30.17,30.18,30.18,30.19,30.19,30.18,30.18,29.07,29.07,29.18,29.18,29.28,29.28,29.45,29.45,29.49,29.49,3.54,3.54,3.54,3.54,3.53,3.53,3.53,3.53,3.53,3.53,6.44,6.43,6.43,6.43,6.43,6.42,6.42,6.42,6.41,6.41,249.62,0.00,0.00,1.00,0.00,0.00,0.00,-1.00,0,None,0,aggregation
160,307.54,remora2,remora7,30.18,30.18,30.17,30.17,30.16,30.16,30.11,30.11,30.08,30.08,29.58,29.58,29.67,29.67,29.71,29.71,29.84,29.84,29.89,29.89,3.53,3.53,3.53,3.53,3.53,3.52,3.52,3.52,3.52,3.52,6.41,6.40,6.40,6.39,6.39,6.38,6.38,6.37,6.37,6.36,261.85,0.00,0.00,1.00,0.00,0.00,0.00,-1.00,0,None,0,aggregation
160,308.54,remora2,remora7,30.07,30.07,30.05,30.05,30.01,30.01,29.95,29.95,29.93,29.93,29.92,29.92,29.95,29.95,29.99,29.99,30.04,30.04,30.06,30.06,3.52,3.52,3.52,3.52,3.52,3.52,3.52,3.52,3.51,3.51,6.35,6.35,6.34,6.34,6.33,6.32,6.32,6.31,6.30,6.29,271.97,0.00,0.00,1.00,0.00,0.00,0.00,-1.00,0,None,0,aggregation
160,309.54,remora2,remora7,29.90,29.90,29.82,29.82,29.75,29.75,29.72,29.72,29.68,29.68,30.08,30.08,30.12,30.12,30.14,30.14,30.15,30.15,30.16,30.16,3.51,3.51,3.51,3.51,3.51,3.51,3.51,3.51,3.51,3.51,6.29,6.28,6.27,6.26,6.25,6.25,6.24,6.23,6.22,6.21,280.27,0.00,0.00,1.00,0.00,0.00,0.00,-1.00,0,None,0,aggregation
160,310.54,remora2,remora7,29.66,29.66,29.57,29.57,29.56,29.56,29.49,29.49,29.50,29.50,30.17,30.17,30.18,30.18,30.18,30.18,30.18,30.18,30.18,30.18,3.51,3.51,3.51,3.51,3.51,3.51,3.51,3.51,3.51,3.51,6.20,6.19,6.19,6.18,6.17,6.16,6.15,6.14,6.13,6.12,286.67,0.00,0.00,1.00,0.00,0.00,0.00,-1.00,0,None,0,aggregation
160,311.54,remora2,remora7,29.45,29.45,29.39,29.39,29.44,29.44,29.53,29.53,29.57,29.57,30.19,30.19,30.18,30.18,30.19,30.19,30.18,30.18,30.18,30.18,3.51,3.51,3.51,3.51,3.51,3.51,3.51,3.51,3.51,3.51,6.11,6.10,6.09,6.08,6.07,6.06,6.05,6.04,6.03,6.02,291.40,0.00,0.00,1.00,0.00,0.00,0.00,-1.00,0,None,0,aggregation
160,312.54,remora2,remora7,29.66,29.66,29.69,29.69,29.77,29.77,29.77,29.77,29.83,29.83,30.17,30.17,30.16,30.16,30.14,30.14,30.14,30.14,30.11,30.11,3.51,3.51,3.51,3.51,3.52,3.52,3.52,3.52,3.52,3.52,6.01,6.00,5.99,5.98,5.97,5.95,5.94,5.93,5.92,5.91,294.92,0.00,0.00,1.00,0.00,0.00,0.00,-1.00,0,None,0,aggregation
160,313.54,remora2,remora7,29.87,29.87,29.90,29.90,29.92,29.92,29.95,29.95,29.98,29.98,30.10,30.10,30.08,30.08,30.06,30.06,30.04,30.04,30.02,30.02,3.52,3.52,3.52,3.53,3.53,3.53,3.53,3.53,3.53,3.54,5.90,5.89,5.88,5.87,5.86,5.85,5.83,5.82,5.81,5.80,297.19,0.00,0.00,1.00,0.00,0.00,0.00,-1.00,0,None,0,aggregation
160,314.54,remora2,remora7,30.00,30.00,30.02,30.02,30.04,30.04,30.04,30.04,30.08,30.08,30.00,30.00,29.98,29.98,29.95,29.95,29.95,29.95,29.90,29.90,3.54,3.54,3.54,3.54,3.55,3.55,3.55,3.55,3.56,3.56,5.79,5.78,5.77,5.76,5.74,5.73,5.72,5.71,5.70,5.69,298.53,0.00,0.00,1.00,0.00,0.00,0.00,-1.00,0,None,0,aggregation
160,315.54,remora2,remora7,30.08,30.08,30.10,30.10,30.11,30.11,30.11,30.11,30.13,30.13,29.90,29.90,29.87,29.87,29.83,29.83,29.83,29.83,29.80,29.80,3.56,3.56,3.57,3.57,3.57,3.57,3.58,3.58,3.58,3.59,5.67,5.66,5.65,5.64,5.63,5.62,5.60,5.59,5.58,5.57,299.22,0.00,0.00,1.00,0.00,0.00,0.00,-1.00,0,None,0,aggregation
160,316.54,remora2,remora7,30.14,30.14,30.14,30.14,30.14,30.14,30.16,30.16,30.16,30.16,29.77,29.77,29.77,29.77,29.77,29.77,29.69,29.69,29.69,29.69,3.59,3.59,3.60,3.60,3.60,3.61,3.61,3.61,3.62,3.62,5.56,5.54,5.53,5.52,5.51,5.50,5.48,5.47,5.46,5.45,299.44,0.00,0.00,1.00,0.00,0.00,0.00,-1.00,0,None,0,aggregation
160,317.54,remora2,remora7,30.16,30.16,30.17,30.17,30.17,30.17,30.17,30.17,30.17,30.17,29.69,29.69,29.62,29.62,29.62,29.62,29.62,29.62,29.62,29.62,3.62,3.63,3.63,3.64,3.64,3.65,3.65,3.65,3.66,3.66,5.44,5.42,5.41,5.40,5.39,5.38,5.37,5.35,5.34,5.33,299.40,0.00,0.00,1.00,0.00,0.00,0.00,-1.00,0,None,0,aggregation
160,318.54,remora2,remora7,30.18,30.18,30.18,30.18,30.18,30.18,30.18,30.18,30.19,30.19,29.53,29.53,29.53,29.53,29.53,29.53,29.53,29.53,29.44,29.44,3.67,3.67,3.68,3.68,3.69,3.70,3.70,3.71,3.71,3.72,5.32,5.31,5.29,5.28,5.27,5.26,5.25,5.24,5.23,5.21,299.25,0.00,0.00,1.00,0.00,0.00,0.00,-1.00,0,None,0,aggregation
160,319.54,remora2,remora7,30.19,30.19,30.19,30.19,30.19,30.19,30.18,30.18,30.18,30.18,29.44,29.44,29.44,29.44,29.44,29.44,29.39,29.39,29.34,29.34,3.72,3.73,3.74,3.74,3.75,3.76,3.76,3.77,3.78,3.78,5.20,5.19,5.18,5.17,5.16,5.14,5.13,5.12,5.11,5.10,299.10,0.00,0.00,1.00,0.00,0.00,0.00,-1.00,0,None,0,aggregation
160,320.54,remora2,remora7,30.18,30.18,30.18,30.18,30.18,30.18,30.18,30.18,30.17,30.17,29.34,29.34,29.34,29.34,29.29,29.29,29.29,29.29,29.24,29.24,3.79,3.80,3.81,3.81,3.82,3.83,3.84,3.84,3.85,3.86,5.08,5.07,5.06,5.05,5.03,5.02,5.01,5.00,4.99,4.97,298.97,0.00,0.00,1.00,0.00,0.00,0.00,-1.00,0,None,0,aggregation
160,321.54,remora2,remora7,30.17,30.17,30.17,30.17,30.17,30.17,30.17,30.17,30.17,30.17,29.24,29.24,29.24,29.24,29.19,29.19,29.19,29.19,29.19,29.19,3.87,3.88,3.89,3.90,3.91,3.91,3.92,3.93,3.94,3.95,4.96,4.96,4.96,4.95,4.94,4.92,4.91,4.90,4.89,4.88,298.83,0.00,0.00,1.00,0.00,0.00,0.00,-1.00,0,None,0,aggregation
160,322.54,remora2,remora7,30.16,30.16,30.16,30.16,30.15,30.15,30.15,30.15,30.15,30.15,29.14,29.14,29.14,29.14,29.08,29.08,29.08,29.08,29.08,29.08,3.96,3.97,3.99,4.00,4.01,4.02,4.03,4.04,4.05,4.06,4.86,4.85,4.84,4.83,4.82,4.80,4.79,4.78,4.77,4.76,298.51,0.00,0.00,1.00,0.00,0.00,0.00,-1.00,0,None,0,aggregation
160,323.54,remora2,remora7,30.15,30.15,30.15,30.15,30.13,30.13,30.13,30.13,30.16,30.16,29.08,29.08,29.08,29.08,28.96,28.96,28.96,28.96,29.14,29.14,4.08,4.09,4.10,4.11,4.13,4.14,4.15,4.17,4.18,4.20,4.75,4.74,4.73,4.72,4.71,4.70,4.69,4.68,4.67,4.66,298.12,0.00,0.00,1.00,0.00,0.00,0.00,-1.00,0,None,0,aggregation
160,131.54,remora2,remora9,28.74,28.74,28.58,28.58,28.50,28.50,28.40,28.40,28.24,28.24,25.90,25.90,25.64,25.64,25.49,25.49,25.33,25.33,25.06,25.06,2.48,2.51,2.53,2.56,2.59,2.61,2.64,2.66,2.69,2.72,5.50,5.49,5.48,5.48,5.47,5.47,5.47,5.46,5.46,5.46,158.74,0.00,1.00,1.00,0.00,0.00,0.00,-1.00,0,None,0,aggregation
160,132.54,remora2,remora9,28.32,28.32,28.12,28.12,27.93,27.93,27.81,27.81,27.40,27.40,25.20,25.20,24.86,24.86,24.57,24.57,24.37,24.37,23.74,23.74,2.74,2.77,2.79,2.82,2.85,2.87,2.90,2.92,2.95,2.98,5.46,5.46,5.46,5.45,5.45,5.45,5.45,5.45,5.45,5.45,184.97,0.00,1.00,1.00,0.00,0.00,0.00,-1.00,0,None,0,aggregation
160,133.54,remora2,remora9,27.04,27.04,26.97,26.97,26.36,26.36,26.32,26.32,26.02,26.02,23.18,23.18,23.08,23.08,22.17,22.17,22.12,22.12,21.68,21.68,3.00,3.03,3.05,3.08,3.10,3.12,3.15,3.17,3.20,3.22,5.45,5.45,5.46,5.46,5.46,5.46,5.47,5.47,5.48,5.48,194.84,0.00,0.00,1.00,0.00,0.00,0.00,-1.00,0,None,0,aggregation
160,134.54,remora2,remora9,25.55,25.55,25.33,25.33,24.72,24.72,24.11,24.11,23.83,23.83,21.00,21.00,20.69,20.69,19.83,19.83,18.98,18.98,18.60,18.60,3.25,3.27,3.29,3.28,3.26,3.24,3.23,3.22,3.21,3.20,5.48,5.49,5.49,5.49,5.50,5.50,5.51,5.51,5.52,5.53,210.98,0.00,0.00,1.00,0.00,0.00,0.00,-1.00,0,None,0,aggregation
160,135.54,remora2,remora9,23.41,23.41,23.29,23.29,23.03,23.03,22.83,22.83,23.08,23.08,18.02,18.02,17.86,17.86,17.50,17.50,17.24,17.24,17.57,17.57,3.20,3.19,3.19,3.18,3.18,3.18,3.18,3.19,3.19,3.19,5.53,5.54,5.55,5.56,5.57,4.47,4.48,4.49,4.50,4.51,227.73,0.00,0.00,1.00,0.00,0.00,0.00,-1.00,0,None,0,aggregation
160,136.54,remora2,remora9,23.21,23.21,23.46,23.46,23.45,23.45,23.60,23.60,23.65,23.65,17.75,17.75,18.09,18.09,18.07,18.07,18.29,18.29,18.35,18.35,3.20,3.21,3.21,3.22,3.23,3.24,3.24,3.23,3.22,3.21,4.52,4.53,4.54,4.56,4.57,4.58,4.59,4.60,4.61,4.61,235.99,0.00,0.00,1.00,0.00,0.00,0.00,-1.00,0,None,0,aggregation
160,137.54,remora2,remora9,23.19,23.19,22.88,22.88,23.27,23.27,23.62,23.62,24.07,24.07,17.73,17.73,17.30,17.30,17.83,17.83,18.32,18.32,18.93,18.93,3.20,3.19,3.19,3.20,3.21,3.22,3.24,3.25,3.26,3.28,4.62,4.63,4.64,4.66,4.67,4.68,4.70,4.71,4.73,4.74,237.51,0.00,0.00,1.00,0.00,0.00,0.00,-1.00,0,None,0,aggregation
160,138.54,remora2,remora9,24.29,24.29,24.69,24.69,25.46,25.46,25.46,25.46,25.39,25.39,19.23,19.23,19.79,19.79,20.88,20.88,20.87,20.87,20.78,20.78,3.30,3.32,3.33,3.36,3.36,3.36,3.36,3.36,3.37,3.39,4.76,4.77,4.79,4.81,4.82,4.84,4.85,4.87,4.88,4.90,236.91,0.00,0.00,1.00,0.00,0.00,0.00,-1.00,0,None,0,aggregation
160,139.54,remora2,remora9,25.61,25.61,26.08,26.08,26.40,26.40,26.88,26.88,27.12,27.12,21.09,21.09,21.77,21.77,22.24,22.24,22.95,22.95,23.30,23.30,3.41,3.43,3.46,3.48,3.51,3.53,3.56,3.59,3.62,3.65,4.92,4.94,4.96,4.98,5.00,5.02,5.05,5.07,5.09,5.12,235.71,0.00,0.00,1.00,0.00,0.00,0.00,-1.00,0,None,0,aggregation
160,140.54,remora2,remora9,27.70,27.70,27.99,27.99,27.85,27.85,28.10,28.10,28.33,28.33,24.20,24.20,24.66,24.66,24.43,24.43,24.84,24.84,25.21,25.21,3.67,3.68,3.69,3.70,3.71,3.72,3.74,3.77,3.80,3.83,5.14,5.16,5.18,5.20,5.22,5.24,5.26,5.29,5.31,5.34,235.23,0.00,0.00,1.00,0.00,0.00,0.00,-1.00,0,None,0,aggregation
160,141.54,remora2,remora9,28.69,28.69,28.79,28.79,29.27,29.27,29.47,29.47,29.66,29.66,25.82,25.82,25.99,25.99,26.86,26.86,27.26,27.26,27.67,27.67,3.86,3.90,3.93,3.96,4.00,4.03,4.07,4.10,4.14,4.18,5.36,5.39,5.42,5.44,5.47,5.50,5.52,5.55,5.58,5.61,236.19,0.00,0.00,1.00,0.00,0.00,0.00,-1.00,0,None,0,aggregation
160,142.54,remora2,remora9,29.75,29.75,29.88,29.88,29.98,29.98,30.10,30.10,30.11,30.11,27.86,27.86,28.17,28.17,28.45,28.45,28.86,28.86,28.89,28.89,4.22,4.26,4.30,4.33,4.37,4.41,4.44,4.46,4.48,4.50,5.64,5.67,5.69,5.72,5.75,5.78,5.81,5.83,5.85,5.88,239.16,0.00,0.00,1.00,0.00,0.00,0.00,-1.00,0,None,0,aggregation
160,143.54,remora2,remora9,30.15,30.15,30.13,30.13,30.18,30.18,30.09,30.09,29.83,29.83,29.10,29.10,28.98,28.98,29.57,29.57,29.88,29.88,30.11,30.11,4.53,4.57,4.60,4.64,4.67,4.69,4.72,4.75,4.79,4.82,5.90,5.93,5.96,5.98,6.00,6.02,6.04,6.06,6.09,6.11,244.47,0.00,0.00,1.00,0.00,0.00,0.00,-1.00,0,None,0,aggregation
160,265.54,remora2,remora9,1.57,1.57,2.60,2.60,2.12,2.12,1.51,1.51,1.65,1.65,-14.13,-14.13,11.49,11.49,11.11,11.11,-14.19,-14.19,-14.04,-14.04,2.79,2.79,2.78,2.79,2.80,2.80,2.81,2.80,2.80,2.79,3.99,3.99,3.99,3.98,3.98,3.98,3.98,3.97,3.97,3.97,59.86,0.00,1.00,1.00,0.00,0.00,0.00,-1.00,0,None,0,aggregation
160,266.54,remora2,remora9,-1.26,-1.26,-2.51,-2.51,-0.56,-0.56,1.50,1.50,2.96,2.96,8.41,8.41,7.41,7.41,8.97,8.97,10.61,10.61,11.77,11.77,2.79,2.79,2.79,2.80,2.80,2.80,2.81,2.81,2.82,2.83,3.96,3.96,3.96,3.96,3.96,3.96,3.95,3.95,3.95,3.95,55.96,0.00,1.00,1.00,0.00,0.00,0.00,-1.00,0,None,0,aggregation
160,267.54,remora2,remora9,0.86,0.86,0.94,0.94,0.52,0.52,0.12,0.12,1.54,1.54,-14.83,-14.83,-14.75,-14.75,9.83,9.83,9.51,9.51,10.64,10.64,2.83,2.83,2.82,2.81,2.81,2.82,2.82,2.83,2.83,2.84,3.94,3.94,3.94,3.94,3.94,3.94,3.94,3.93,3.93,3.93,55.36,0.00,1.00,1.00,0.00,0.00,0.00,-1.00,0,None,0,aggregation
160,268.54,remora2,remora9,2.71,2.71,0.56,0.56,0.74,0.74,-2.41,-2.41,-4.26,-4.26,11.57,11.57,-15.14,-15.14,-14.96,-14.96,7.49,7.49,6.01,6.01,2.85,2.89,2.92,2.94,2.96,2.98,3.01,3.04,3.07,3.09,3.93,3.94,3.94,3.95,3.95,3.95,3.96,3.97,3.97,4.58,54.22,0.00,1.00,1.00,0.00,0.00,0.00,-1.00,0,None,0,aggregation
160,269.54,remora2,remora9,-2.80,-2.80,-1.78,-1.78,-0.63,-0.63,0.52,0.52,1.88,1.88,7.18,7.18,7.99,7.99,8.91,8.91,9.83,9.83,10.91,10.91,3.12,3.15,3.18,3.20,3.23,3.26,3.28,3.31,3.34,3.36,4.59,4.59,4.60,4.60,4.61,4.61,4.62,4.63,4.64,4.64,52.93,0.00,0.00,1.00,0.00,0.00,0.00,-1.00,0,None,0,aggregation
160,270.54,remora2,remora9,-0.77,-0.77,-0.60,-0.60,-2.01,-2.01,-3.33,-3.33,-1.87,-1.87,-16.47,-16.47,-16.29,-16.29,7.81,7.81,6.75,6.75,7.93,7.93,3.38,3.38,3.38,3.38,3.38,3.38,3.38,3.38,3.37,3.37,4.65,4.65,4.66,4.66,4.67,4.67,4.68,4.68,4.69,4.70,52.50,0.00,0.00,1.00,0.00,0.00,0.00,-1.00,0,None,0,aggregation
160,271.54,remora2,remora9,-0.27,-0.27,1.47,1.47,3.48,3.48,-1.45,-1.45,-1.38,-1.38,9.20,9.20,10.58,10.58,12.18,12.18,-17.15,-17.15,-17.08,-17.08,3.37,3.37,3.37,3.37,3.37,3.36,3.36,3.36,3.36,3.36,4.70,4.71,4.72,4.73,4.73,4.74,4.75,4.75,4.75,4.76,54.26,0.00,0.00,1.00,0.00,0.00,0.00,-1.00,0,None,0,aggregation
160,272.54,remora2,remora9,0.79,0.79,-0.41,-0.41,1.46,1.46,3.05,3.05,-1.52,-1.52,10.04,10.04,9.09,9.09,10.58,10.58,11.84,11.84,-17.22,-17.22,3.36,3.36,3.35,3.35,3.35,3.35,3.35,3.35,3.35,3.34,4.77,4.77,4.78,4.79,4.79,4.80,4.81,4.82,4.82,4.83,55.31,0.00,0.00,1.00,0.00,0.00,0.00,-1.00,0,None,0,aggregation
160,273.54,remora2,remora9,-1.43,-1.43,0.28,0.28,-0.19,-0.19,1.65,1.65,-1.48,-1.48,-17.13,-17.13,9.64,9.64,9.26,9.26,10.73,10.73,-17.17,-17.17,3.34,3.34,3.34,3.34,3.34,3.33,3.33,3.33,3.33,3.33,4.83,4.84,4.84,4.85,4.86,4.87,4.88,4.89,4.90,4.91,57.25,0.00,0.00,1.00,1.00,0.00,1.00,-1.00,0,None,0,aggregation
160,274.54,remora2,remora9,2.26,2.26,1.15,1.15,-1.48,-1.48,1.03,1.03,-0.22,-0.22,11.22,11.22,10.33,10.33,-17.17,-17.17,10.24,10.24,9.24,9.24,3.33,3.32,3.32,3.32,3.32,3.32,3.32,3.32,3.31,3.31,4.91,4.92,4.93,4.94,4.95,4.96,4.97,4.98,4.99,5.01,58.49,0.00,0.00,1.00,1.00,0.00,1.00,-1.00,0,None,0,aggregation
160,275.54,remora2,remora9,1.97,1.97,-1.71,-1.71,-1.63,-1.63,-1.92,-1.92,-2.89,-2.89,10.98,10.98,-17.41,-17.41,-17.33,-17.33,7.88,7.88,7.10,7.10,3.31,3.31,3.31,3.31,3.31,3.30,3.30,3.30,3.30,3.30,5.02,5.03,5.04,5.05,5.06,5.07,5.08,5.09,5.10,5.12,58.11,0.00,0.00,1.00,1.00,0.00,1.00,-1.00,0,None,0,aggregation
160,276.54,remora2,remora9,-1.08,-1.08,0.89,0.89,2.20,2.20,-1.98,-1.98,-1.96,-1.96,8.55,8.55,10.12,10.12,11.16,11.16,-17.68,-17.68,-17.66,-17.66,3.30,3.29,3.29,3.29,3.29,3.29,3.29,3.29,3.29,3.28,5.13,5.15,5.16,5.18,5.19,5.21,5.22,5.22,5.23,5.24,60.49,0.00,0.00,1.00,0.00,0.00,0.00,-1.00,0,None,0,aggregation
160,277.54,remora2,remora9,-1.11,-1.11,-2.71,-2.71,-0.96,-0.96,0.47,0.47,2.26,2.26,8.53,8.53,7.25,7.25,8.65,8.65,9.79,9.79,11.22,11.22,3.28,3.28,3.28,3.28,3.28,3.28,3.28,3.28,3.28,3.28,5.25,5.27,5.28,5.30,5.31,5.33,5.34,5.36,5.38,5.40,58.84,0.00,0.00,1.00,1.00,0.00,1.00,-1.00,0,None,0,aggregation
160,278.54,remora2,remora9,-2.13,-2.13,-2.10,-2.10,-1.46,-1.46,-3.15,-3.15,-1.21,-1.21,-17.82,-17.82,-17.80,-17.80,8.25,8.25,6.89,6.89,8.45,8.45,3.28,3.27,3.27,3.26,3.26,3.26,3.26,3.26,3.26,3.26,5.41,5.42,5.43,5.45,5.46,5.47,5.49,5.51,5.52,5.54,59.61,0.00,0.00,1.00,1.00,0.00,1.00,-1.00,0,None,0,aggregation
160,279.54,remora2,remora9,0.57,0.57,2.24,2.24,-17.85,-17.85,5.96,5.96,8.22,8.22,9.87,9.87,11.20,11.20,-2.15,-2.15,14.15,14.15,15.92,15.92,3.26,3.26,3.26,3.26,3.26,3.25,3.25,3.25,3.26,3.26,5.56,5.57,5.59,5.61,5.62,5.64,5.65,5.67,5.69,5.71,64.22,0.00,0.00,1.00,0.00,0.00,0.00,-1.00,0,None,0,aggregation
160,280.54,remora2,remora9,-17.60,-17.60,-17.40,-17.40,-17.04,-17.04,16.91,16.91,18.51,18.51,-1.90,-1.90,-1.70,-1.70,-1.35,-1.35,22.59,22.59,23.76,23.76,3.27,3.26,3.25,3.25,3.24,3.23,3.24,3.25,3.27,3.29,5.73,5.74,5.75,5.77,5.78,5.79,5.81,5.83,5.86,5.88,73.16,0.00,0.00,1.00,0.00,0.00,0.00,-1.00,0,None,0,aggregation
160,281.54,remora2,remora9,-16.03,-16.03,-15.64,-15.64,-14.96,-14.96,-14.19,-14.19,-13.36,-13.36,-0.33,-0.33,0.06,0.06,0.74,0.74,1.50,1.50,2.33,2.33,3.30,3.29,3.29,3.28,3.27,3.27,3.26,3.25,3.25,3.24,5.90,5.91,5.93,5.94,5.95,5.96,5.98,5.99,5.00,5.00,72.78,0.00,0.00,1.00,0.00,0.00,0.00,-1.00,0,None,0,aggregation
160,282.54,remora2,remora9,-13.36,-13.36,29.01,29.01,29.47,29.47,-10.90,-10.90,-10.30,-10.30,2.33,2.33,30.14,30.14,30.18,30.18,4.80,4.80,5.40,5.40,3.24,3.23,3.24,3.26,3.29,3.32,3.33,3.33,3.33,3.33,5.02,5.03,5.04,5.07,5.09,5.12,5.14,5.16,5.17,5.18,80.34,0.00,0.00,1.00,1.00,0.00,1.00,-1.00,0,None,0,aggregation
160,283.54,remora2,remora9,-9.29,-9.29,-8.25,-8.25,-6.90,-6.90,-5.39,-5.39,-3.96,-3.96,6.41,6.41,7.44,7.44,8.16,8.16,8.66,8.66,9.13,9.13,3.33,3.32,3.32,3.32,3.32,3.32,3.32,3.32,3.33,3.33,5.20,5.21,5.22,5.23,5.24,5.26,5.27,5.27,5.28,5.28,74.82,0.00,0.00,1.00,0.00,0.00,0.00,-1.00,0,None,0,aggregation
160,284.54,remora2,remora9,-2.64,-2.64,-1.44,-1.44,-0.36,-0.36,0.64,0.64,22.40,22.40,9.54,9.54,9.89,9.89,10.20,10.20,10.46,10.46,16.65,16.65,3.33,3.33,3.33,3.34,3.34,3.34,3.35,3.35,3.36,3.37,5.28,5.29,5.29,5.31,5.32,5.33,5.33,5.34,5.34,5.35,75.97,0.00,0.00,1.00,0.00,0.00,0.00,-1.00,0,None,0,aggregation
160,285.54,remora2,remora9,22.40,22.40,23.19,23.19,23.95,23.95,24.62,24.62,25.29,25.29,16.65,16.65,17.73,17.73,18.77,18.77,19.69,19.69,20.64,20.64,3.38,3.39,3.40,3.41,3.42,3.43,3.44,3.45,3.47,3.48,5.36,5.37,5.38,5.39,5.40,5.41,5.42,5.43,5.44,5.45,91.14,0.00,0.00,1.00,0.00,0.00,0.00,-1.00,0,None,0,aggregation
160,286.54,remora2,remora9,25.83,25.83,26.38,26.38,26.86,26.86,27.36,27.36,27.69,27.69,21.40,21.40,22.20,22.20,22.92,22.92,23.68,23.68,24.18,24.18,3.50,3.51,3.53,3.54,3.56,3.58,3.59,3.61,3.63,3.65,5.47,5.48,5.49,5.50,5.51,5.52,5.53,5.55,5.56,5.57,108.88,0.00,0.00,1.00,0.00,0.00,0.00,-1.00,0,None,0,aggregation
160,287.54,remora2,remora9,28.00,28.00,28.30,28.30,28.60,28.60,28.80,28.80,29.01,29.01,24.68,24.68,25.17,25.17,25.66,25.66,26.01,26.01,26.39,26.39,3.67,3.69,3.71,3.73,3.75,3.77,3.80,3.82,3.84,3.86,5.59,5.60,5.61,5.63,5.64,5.66,5.68,5.69,5.71,5.72,131.60,0.00,0.00,1.00,0.00,0.00,0.00,-1.00,0,None,0,aggregation
160,288.54,remora2,remora9,29.14,29.14,29.27,29.27,29.39,29.39,29.44,29.44,29.42,29.42,26.62,26.62,26.87,26.87,27.10,27.10,27.20,27.20,27.16,27.16,3.89,3.91,3.94,3.96,3.98,4.01,4.03,4.06,4.08,4.11,5.74,5.75,5.77,4.36,4.37,4.08,4.11,4.13,4.16,4.18,154.00,0.00,0.00,1.00,0.00,0.00,0.00,-1.00,0,None,0,aggregation
160,289.54,remora2,remora9,29.46,29.46,29.43,29.43,29.42,29.42,29.30,29.30,29.00,29.00,27.24,27.24,27.17,27.17,27.15,27.15,26.93,26.93,26.36,26.36,4.14,4.16,4.19,4.21,4.24,4.27,4.29,4.32,4.34,4.37,4.21,4.23,4.25,4.28,4.31,4.34,4.37,4.39,4.41,4.44,173.33,0.00,0.00,1.00,0.00,0.00,0.00,-1.00,0,None,0,aggregation
160,290.54,remora2,remora9,28.59,28.59,27.74,27.74,25.65,25.65,23.13,23.13,18.65,18.65,25.65,25.65,24.26,24.26,21.14,21.14,17.64,17.64,11.72,11.72,4.40,4.42,4.45,4.47,4.50,4.52,4.54,4.56,4.58,4.59,4.46,4.49,4.52,4.54,4.57,4.59,4.61,4.63,4.64,4.65,181.87,0.00,0.00,1.00,0.00,0.00,0.00,-1.00,0,None,0,aggregation
160,291.54,remora2,remora9,13.50,13.50,8.28,8.28,5.45,5.45,5.51,5.51,7.61,7.61,5.14,5.14,-1.43,-1.43,-4.96,-4.96,-4.88,-4.88,-2.26,-2.26,4.61,4.62,4.62,4.63,4.63,4.63,4.63,4.63,4.64,4.64,4.66,4.68,4.69,4.69,4.69,4.69,4.69,4.68,4.68,4.69,178.08,0.00,0.00,1.00,0.00,0.00,0.00,-1.00,0,None,0,aggregation
160,292.54,remora2,remora9,7.13,7.13,6.76,6.76,7.14,7.14,8.52,8.52,9.88,9.88,-2.86,-2.86,-3.32,-3.32,-2.85,-2.85,-1.12,-1.12,0.59,0.59,3.95,3.93,3.91,3.89,3.87,3.85,3.83,3.81,3.79,3.76,4.44,4.44,4.43,4.43,4.42,4.41,4.41,4.40,4.39,4.39,166.98,0.00,0.00,1.00,0.00,0.00,0.00,-1.00,0,None,0,aggregation
160,293.54,remora2,remora9,10.27,10.27,10.29,10.29,11.44,11.44,11.89,11.89,13.35,13.35,1.07,1.07,1.09,1.09,2.54,2.54,3.11,3.11,4.95,4.95,3.74,3.72,3.69,3.67,3.65,3.62,3.60,3.58,3.55,3.53,4.39,4.38,4.38,4.37,4.37,4.36,4.35,4.35,4.34,4.33,172.64,0.00,0.00,1.00,0.00,0.00,0.00,-1.00,0,None,0,aggregation
160,294.54,remora2,remora9,14.39,14.39,15.58,15.58,16.42,16.42,16.79,16.79,17.78,17.78,6.27,6.27,7.78,7.78,8.85,8.85,9.33,9.33,10.60,10.60,3.50,3.48,3.46,3.43,3.41,3.39,3.36,3.34,3.32,3.30,4.33,4.33,4.33,4.32,4.32,4.32,4.31,4.31,4.30,4.29,177.49,0.00,0.00,1.00,0.00,0.00,0.00,-1.00,0,None,0,aggregation
160,295.54,remora2,remora9,19.23,19.23,20.46,20.46,21.21,21.21,22.29,22.29,23.43,23.43,12.47,12.47,14.08,14.08,15.07,15.07,16.51,16.51,18.05,18.05,3.27,3.25,3.23,3.21,3.20,3.18,3.16,3.14,3.13,3.11,4.29,4.29,4.28,4.28,4.28,4.28,4.27,4.27,4.27,4.27,174.48,0.00,0.00,1.00,0.00,0.00,0.00,-1.00,0,None,0,aggregation
160,296.54,remora2,remora9,24.00,24.00,24.97,24.97,25.80,25.80,26.14,26.14,26.66,26.66,18.84,18.84,20.17,20.17,21.36,21.36,21.85,21.85,22.62,22.62,3.10,3.09,3.07,3.06,3.05,3.04,3.03,3.02,3.01,3.01,4.27,4.27,4.27,4.27,4.27,4.28,4.28,4.28,4.28,4.28,172.87,0.00,0.00,1.00,0.00,0.00,0.00,-1.00,0,None,0,aggregation
160,297.54,remora2,remora9,-2.15,-2.15,-2.13,-2.13,-2.01,-2.01,-2.01,-2.01,30.09,30.09,-17.85,-17.85,-17.83,-17.83,-17.70,-17.70,-17.70,-17.70,28.82,28.82,2.99,2.96,2.93,2.90,2.87,2.84,2.80,2.77,2.75,2.75,4.28,4.27,4.26,4.25,4.24,4.23,4.22,4.21,4.20,4.19,159.64,0.00,1.00,1.00,1.00,1.00,0.00,-1.00,0,None,0,aggregation
160,298.54,remora2,remora9,30.18,30.18,-1.18,-1.18,-0.92,-0.92,-0.38,-0.38,0.25,0.25,29.41,29.41,-16.88,-16.88,-16.62,-16.62,-16.08,-16.08,-15.45,-15.45,2.75,2.76,2.75,2.72,2.68,2.65,2.62,2.59,2.55,2.52,4.19,4.18,4.17,4.16,4.15,4.14,4.13,4.12,4.10,4.09,144.16,0.00,1.00,1.00,0.00,0.00,0.00,-1.00,0,None,0,aggregation
160,299.54,remora2,remora9,0.96,0.96,25.61,25.61,2.11,2.11,2.42,2.42,3.30,3.30,-14.74,-14.74,28.57,28.57,-13.58,-13.58,-13.28,-13.28,-12.39,-12.39,2.49,2.46,2.43,2.43,2.42,2.39,2.36,2.33,2.30,2.27,4.08,4.06,4.04,4.02,4.01,3.99,3.98,3.97,3.96,3.95,125.95,0.00,1.00,1.00,1.00,1.00,0.00,-1.00,0,None,0,aggregation
160,300.54,remora2,remora9,4.24,4.24,14.62,14.62,12.92,12.92,12.86,12.86,4.88,4.88,-11.46,-11.46,20.87,20.87,19.57,19.57,19.53,19.53,-10.82,-10.82,2.24,2.21,2.18,2.17,2.15,2.14,2.12,2.11,2.09,2.06,3.93,3.92,3.90,3.88,3.85,3.83,3.81,3.79,3.76,3.74,114.89,0.00,1.00,1.00,1.00,1.00,0.00,-1.00,0,None,0,aggregation
160,301.54,remora2,remora9,5.02,5.02,6.00,6.00,4.27,4.27,3.53,3.53,4.62,4.62,-10.68,-10.68,-9.70,-9.70,12.81,12.81,12.22,12.22,13.09,13.09,2.03,2.00,1.97,1.94,1.92,1.89,1.87,1.85,1.82,1.80,3.72,3.71,3.69,3.67,3.66,3.64,3.62,3.60,3.57,3.55,117.68,0.00,1.00,1.00,1.00,1.00,0.00,-1.00,0,None,0,aggregation
160,302.54,remora2,remora9,5.93,5.93,6.63,6.63,7.60,7.60,4.58,4.58,4.86,4.86,14.12,14.12,14.68,14.68,15.44,15.44,-11.12,-11.12,-10.83,-10.83,1.78,1.76,1.73,1.71,1.69,1.67,1.66,1.65,1.65,1.65,3.53,3.51,3.49,3.47,3.44,3.42,3.40,3.40,3.39,3.39,122.38,0.00,1.00,1.00,0.00,0.00,0.00,-1.00,0,None,0,aggregation
160,303.54,remora2,remora9,3.68,3.68,2.15,2.15,3.32,3.32,4.77,4.77,5.82,5.82,12.34,12.34,11.13,11.13,12.06,12.06,13.21,13.21,14.04,14.04,1.64,1.65,1.65,1.66,1.66,1.67,1.67,1.68,1.68,1.69,3.38,3.37,3.36,3.35,3.33,3.32,3.31,3.30,3.29,3.28,123.64,0.00,1.00,1.00,1.00,1.00,0.00,-1.00,0,None,0,aggregation
160,304.54,remora2,remora9,4.06,4.06,4.19,4.19,3.13,3.13,2.21,2.21,3.67,3.67,-11.64,-11.64,-11.51,-11.51,11.91,11.91,11.18,11.18,12.34,12.34,1.70,1.69,1.69,1.68,1.68,1.69,1.69,1.70,1.70,1.71,3.27,3.26,3.26,3.25,3.25,3.24,3.23,3.22,3.21,3.20,117.19,0.00,1.00,1.00,1.00,1.00,0.00,-1.00,0,None,0,aggregation
160,305.54,remora2,remora9,4.31,4.31,4.49,4.49,0.78,0.78,-0.54,-0.54,1.37,1.37,-11.39,-11.39,-11.20,-11.20,10.04,10.04,8.98,8.98,10.51,10.51,1.71,1.71,1.70,1.70,1.70,1.70,1.70,1.71,1.71,1.71,3.19,3.18,3.18,3.17,3.17,3.16,3.16,3.15,3.14,3.14,103.40,0.00,1.00,1.00,1.00,1.00,0.00,-1.00,0,None,0,aggregation
160,306.54,remora2,remora9,3.17,3.17,4.77,4.77,3.57,3.57,3.88,3.88,2.09,2.09,11.94,11.94,13.21,13.21,-12.13,-12.13,-11.81,-11.81,11.08,11.08,1.72,1.73,1.73,1.74,1.74,1.74,1.73,1.73,1.73,1.73,3.13,3.12,3.11,3.11,3.10,3.10,3.10,3.10,3.09,3.09,86.43,0.00,1.00,1.00,1.00,1.00,0.00,-1.00,0,None,0,aggregation
160,307.54,remora2,remora9,1.30,1.30,3.14,3.14,4.67,4.67,3.47,3.47,3.65,3.65,10.46,10.46,11.92,11.92,13.13,13.13,-12.23,-12.23,-12.04,-12.04,1.74,1.74,1.74,1.75,1.76,1.76,1.77,1.76,1.76,1.76,3.08,3.08,3.07,3.06,3.06,3.06,3.06,3.05,3.05,3.05,78.78,0.00,1.00,1.00,0.00,0.00,0.00,-1.00,0,None,0,aggregation
160,308.54,remora2,remora9,2.81,2.81,2.29,2.29,4.36,4.36,3.77,3.77,5.09,5.09,11.66,11.66,11.24,11.24,12.89,12.89,-11.93,-11.93,13.46,13.46,1.75,1.76,1.76,1.77,1.78,1.78,1.78,1.78,1.78,1.79,3.05,3.04,3.04,3.04,3.04,3.04,3.04,3.04,3.04,3.03,73.29,0.00,1.00,1.00,1.00,1.00,0.00,-1.00,0,None,0,aggregation
160,309.54,remora2,remora9,4.26,4.26,3.83,3.83,4.09,4.09,2.22,2.22,2.39,2.39,12.80,12.80,-11.86,-11.86,-11.61,-11.61,11.18,11.18,11.32,11.32,1.79,1.80,1.80,1.80,1.80,1.79,1.79,1.80,1.80,1.81,3.03,3.03,3.03,3.03,3.03,3.03,3.03,3.03,3.04,3.04,69.33,0.00,1.00,1.00,1.00,1.00,0.00,-1.00,0,None,0,aggregation
160,310.54,remora2,remora9,4.20,4.20,3.98,3.98,4.10,4.10,2.94,2.94,2.04,2.04,12.76,12.76,-11.72,-11.72,-11.60,-11.60,11.75,11.75,11.04,11.04,1.81,1.82,1.82,1.82,1.82,1.81,1.81,1.82,1.82,1.83,3.04,3.04,3.04,3.04,3.05,3.05,3.05,3.05,3.05,3.05,63.97,0.00,1.00,1.00,1.00,1.00,0.00,-1.00,0,None,0,aggregation
160,311.54,remora2,remora9,3.96,3.96,5.76,5.76,3.78,3.78,3.97,3.97,4.37,4.37,12.57,12.57,13.99,13.99,-11.91,-11.91,-11.72,-11.72,12.89,12.89,1.83,1.84,1.85,1.85,1.86,1.86,1.85,1.85,1.85,1.86,3.05,3.06,3.06,3.07,3.07,3.07,3.08,3.08,3.08,3.08,64.92,0.00,1.00,1.00,1.00,1.00,0.00,-1.00,0,None,0,aggregation
160,312.54,remora2,remora9,3.78,3.78,4.50,4.50,4.76,4.76,2.18,2.18,1.52,1.52,12.42,12.42,-11.19,-11.19,-10.94,-10.94,11.15,11.15,10.62,10.62,1.86,1.87,1.87,1.87,1.87,1.86,1.86,1.87,1.87,1.87,3.09,3.09,3.10,3.10,3.11,3.12,3.12,3.12,3.12,3.13,62.69,0.00,1.00,1.00,1.00,1.00,0.00,-1.00,0,None,0,aggregation
160,313.54,remora2,remora9,3.42,3.42,5.41,5.41,7.02,7.02,3.86,3.86,3.99,3.99,12.14,12.14,13.71,13.71,14.98,14.98,-11.84,-11.84,-11.71,-11.71,1.88,1.89,1.89,1.90,1.91,1.92,1.92,1.92,1.92,1.91,3.13,3.14,3.15,3.15,3.15,3.16,3.16,3.17,3.18,3.19,61.68,0.00,1.00,1.00,0.00,0.00,0.00,-1.00,0,None,0,aggregation
160,314.54,remora2,remora9,4.94,4.94,2.25,2.25,1.08,1.08,2.74,2.74,4.64,4.64,-10.76,-10.76,11.21,11.21,10.28,10.28,11.60,11.60,13.10,13.10,1.91,1.91,1.90,1.91,1.91,1.92,1.92,1.93,1.93,1.94,3.19,3.20,3.20,3.21,3.21,3.22,3.22,3.22,3.23,3.24,62.02,0.00,1.00,1.00,1.00,1.00,0.00,-1.00,0,None,0,aggregation
160,315.54,remora2,remora9,6.34,6.34,4.16,4.16,4.29,4.29,4.42,4.42,3.80,3.80,14.45,14.45,-11.54,-11.54,-11.41,-11.41,12.93,12.93,12.44,12.44,1.95,1.96,1.96,1.96,1.96,1.95,1.95,1.96,1.96,1.97,3.25,3.26,3.26,3.27,3.28,3.28,3.29,3.29,3.30,3.30,64.41,0.00,1.00,1.00,1.00,1.00,0.00,-1.00,0,None,0,aggregation
160,316.54,remora2,remora9,5.07,5.07,6.84,6.84,4.03,4.03,4.16,4.16,4.54,4.54,13.44,13.44,14.84,14.84,-11.67,-11.67,-11.54,-11.54,13.03,13.03,1.98,1.98,1.99,2.00,2.01,2.01,2.00,2.00,2.00,2.00,3.31,3.32,3.33,3.34,3.34,3.35,3.36,3.36,3.37,3.37,65.41,0.00,1.00,1.00,1.00,1.00,0.00,-1.00,0,None,0,aggregation
160,317.54,remora2,remora9,3.43,3.43,4.72,4.72,4.39,4.39,4.51,4.51,2.89,2.89,12.15,12.15,13.17,13.17,-11.31,-11.31,-11.19,-11.19,11.72,11.72,2.01,2.02,2.02,2.03,2.04,2.03,2.03,2.03,2.02,2.03,3.38,3.38,3.39,3.40,3.41,3.42,3.42,3.43,3.44,3.44,65.41,0.00,1.00,1.00,1.00,1.00,0.00,-1.00,0,None,0,aggregation
160,318.54,remora2,remora9,1.80,1.80,3.22,3.22,4.78,4.78,4.17,4.17,4.28,4.28,10.85,10.85,11.98,11.98,13.22,13.22,-11.53,-11.53,-11.42,-11.42,2.03,2.04,2.05,2.05,2.06,2.07,2.07,2.07,2.07,2.06,3.45,3.45,3.46,3.46,3.47,3.48,3.49,3.50,3.51,3.51,64.25,0.00,1.00,1.00,0.00,0.00,0.00,-1.00,0,None,0,aggregation
160,319.54,remora2,remora9,2.29,2.29,0.91,0.91,2.03,2.03,3.75,3.75,3.90,3.90,11.24,11.24,10.14,10.14,11.04,11.04,12.40,12.40,-11.79,-11.79,2.06,2.06,2.07,2.07,2.08,2.08,2.09,2.10,2.10,2.10,3.52,3.53,3.53,3.54,3.54,3.55,3.56,3.57,3.58,3.59,64.44,0.00,1.00,1.00,1.00,1.00,0.00,-1.00,0,None,0,aggregation
160,320.54,remora2,remora9,3.66,3.66,3.35,3.35,3.73,3.73,3.90,3.90,0.54,0.54,12.33,12.33,12.08,12.08,-11.97,-11.97,-11.79,-11.79,9.85,9.85,2.10,2.10,2.11,2.12,2.12,2.12,2.11,2.11,2.11,2.11,3.59,3.60,3.61,3.62,3.62,3.63,3.64,3.64,3.65,3.66,64.24,0.00,1.00,1.00,1.00,1.00,0.00,-1.00,0,None,0,aggregation
160,321.54,remora2,remora9,-0.61,-0.61,1.08,1.08,2.51,2.51,3.48,3.48,3.72,3.72,8.93,8.93,10.28,10.28,11.41,11.41,-12.22,-12.22,-11.98,-11.98,2.12,2.12,2.12,2.13,2.13,2.14,2.14,2.14,2.13,2.13,3.67,3.67,3.67,3.68,3.69,3.70,3.71,3.71,3.72,3.73,62.36,0.00,1.00,1.00,0.00,0.00,0.00,-1.00,0,None,0,aggregation
160,322.54,remora2,remora9,-0.38,-0.38,-0.89,-0.89,0.97,0.97,2.65,2.65,3.71,3.71,9.11,9.11,8.71,8.71,10.18,10.18,11.53,11.53,12.37,12.37,2.13,2.13,2.14,2.14,2.14,2.15,2.15,2.16,2.17,2.17,3.74,3.75,3.76,3.77,3.78,3.79,3.79,3.80,3.81,3.82,62.70,0.00,1.00,1.00,1.00,1.00,0.00,-1.00,0,None,0,aggregation
160,323.54,remora2,remora9,2.65,2.65,2.94,2.94,-0.61,-0.61,-2.33,-2.33,-1.87,-1.87,-13.05,-13.05,-12.76,-12.76,8.93,8.93,7.55,7.55,7.92,7.92,2.19,2.21,2.24,2.26,2.29,2.32,2.35,2.38,2.41,2.44,3.83,3.85,3.87,3.88,3.90,3.92,3.94,3.95,3.97,3.99,59.44,0.00,1.00,1.00,0.00,0.00,0.00,-1.00,0,None,0,aggregation
160,324.54,remora2,remora9,-0.60,-0.60,0.32,0.32,1.88,1.88,1.90,1.90,-4.27,-4.27,8.94,8.94,9.67,9.67,-13.82,-13.82,-13.80,-13.80,6.01,6.01,2.48,2.51,2.54,2.57,2.60,2.62,2.64,2.66,2.67,2.70,4.01,4.02,4.03,4.05,4.07,4.08,4.10,4.11,4.12,4.14,57.56,0.00,1.00,1.00,0.00,0.00,0.00,-1.00,0,None,0,aggregation
160,325.54,remora2,remora9,-6.08,-6.08,-4.52,-4.52,-2.99,-2.99,-1.95,-1.95,-0.46,-0.46,4.38,4.38,5.80,5.80,7.03,7.03,7.86,7.86,9.05,9.05,2.72,2.74,2.76,2.77,2.76,2.75,2.74,2.73,2.73,2.73,4.16,4.18,4.19,4.21,4.22,4.24,4.25,4.26,4.28,4.29,52.82,0.00,1.00,1.00,0.00,0.00,0.00,-1.00,0,None,0,aggregation
160,326.54,remora2,remora9,0.71,0.71,1.86,1.86,-0.29,-0.29,-0.23,-0.23,-0.08,-0.08,9.98,9.98,10.90,10.90,-15.99,-15.99,-15.93,-15.93,9.35,9.35,2.72,2.71,2.70,2.68,2.68,2.68,2.69,2.70,2.70,2.69,4.31,4.32,4.33,4.35,4.36,4.37,4.38,4.39,4.40,4.41,52.06,0.00,1.00,1.00,0.00,0.00,0.00,-1.00,0,None,0,aggregation
160,327.54,remora2,remora9,-0.51,-0.51,1.34,1.34,3.32,3.32,-0.56,-0.56,-0.54,-0.54,9.01,9.01,10.48,10.48,12.06,12.06,-16.26,-16.26,-16.24,-16.24,2.68,2.68,2.67,2.66,2.65,2.64,2.64,2.63,2.64,2.64,4.42,4.44,4.45,4.46,4.47,4.48,4.49,4.50,4.51,4.51,52.82,0.00,1.00,1.00,0.00,0.00,0.00,-1.00,0,None,0,aggregation
160,328.54,remora2,remora9,2.62,2.62,1.83,1.83,3.77,3.77,-0.45,-0.45,-0.29,-0.29,11.50,11.50,10.87,10.87,12.42,12.42,-16.15,-16.15,-15.99,-15.99,2.65,2.64,2.63,2.62,2.62,2.61,2.60,2.60,2.61,2.62,4.52,4.53,4.54,4.55,4.57,4.58,4.59,4.59,4.60,4.61,54.37,0.00,1.00,1.00,0.00,0.00,0.00,-1.00,0,None,0,aggregation
160,329.54,remora2,remora9,2.33,2.33,0.81,0.81,2.71,2.71,3.61,3.61,-0.52,-0.52,11.27,11.27,10.06,10.06,11.57,11.57,12.28,12.28,-16.22,-16.22,2.62,2.61,2.61,2.60,2.60,2.59,2.58,2.57,2.57,2.57,4.62,4.63,4.64,4.66,4.67,4.68,4.70,4.71,4.72,4.73,55.35,0.00,1.00,1.00,1.00,1.00,0.00,-1.00,0,None,0,aggregation
160,330.54,remora2,remora9,-0.41,-0.41,0.18,0.18,-1.07,-1.07,0.45,0.45,1.53,1.53,-16.11,-16.11,9.56,9.56,8.56,8.56,9.77,9.77,10.64,10.64,2.57,2.58,2.58,2.57,2.56,2.56,2.55,2.55,2.55,2.55,4.74,4.75,4.76,4.78,4.79,4.80,4.82,4.84,4.85,4.87,55.17,0.00,1.00,1.00,1.00,1.00,0.00,-1.00,0,None,0,aggregation
160,331.54,remora2,remora9,-0.73,-0.73,-0.63,-0.63,-2.74,-2.74,-2.74,-4.34,-2.82,-2.82,-16.42,-16.42,-16.33,-16.33,7.23,7.23,7.23,5.95,7.16,7.16,2.54,2.54,2.54,2.54,2.54,2.55,2.55,2.54,2.54,2.53,4.88,4.90,4.91,4.92,4.93,4.95,4.97,4.98,5.00,5.01,54.71,0.00,1.00,1.00,1.00,1.00,0.00,-1.00,0,None,0,aggregation
160,332.54,remora2,remora9,-1.59,-1.59,-1.04,-1.04,0.17,0.17,1.36,1.36,-1.71,-1.71,8.15,8.15,8.59,8.59,9.55,9.55,10.50,10.50,-17.40,-17.40,2.52,2.52,2.52,2.52,2.52,2.51,2.50,2.50,2.49,2.49,5.03,5.05,5.07,5.09,5.11,5.13,5.14,5.16,5.18,5.19,54.39,0.00,1.00,1.00,0.00,0.00,0.00,-1.00,0,None,0,aggregation
160,333.54,remora2,remora9,-1.65,-1.65,-4.34,-4.34,-5.48,-5.48,-4.11,-4.11,-3.27,-3.27,-17.35,-17.35,5.95,5.95,4.98,4.98,6.13,6.13,6.81,6.81,2.49,2.49,2.50,2.50,2.50,2.49,2.49,2.49,2.48,2.48,5.21,5.22,5.24,5.26,5.28,5.29,5.31,5.33,5.35,5.37,53.08,0.00,1.00,1.00,0.00,0.00,0.00,-1.00,0,None,0,aggregation
160,334.54,remora2,remora9,-1.88,-1.88,-0.77,-0.77,0.46,0.46,2.36,2.36,-17.85,-17.85,7.91,7.91,8.80,8.80,9.78,9.78,11.29,11.29,-2.15,-2.15,2.47,2.47,2.46,2.46,2.47,2.47,2.47,2.47,2.47,2.46,5.38,5.40,5.42,5.44,5.47,5.49,5.51,5.53,5.55,5.57,54.48,0.00,1.00,1.00,0.00,0.00,0.00,-1.00,0,None,0,aggregation
160,335.54,remora2,remora9,-17.81,-17.81,7.95,7.95,9.61,9.61,-17.34,-17.34,-17.08,-17.08,-2.11,-2.11,15.71,15.71,17.01,17.01,-1.64,-1.64,-1.38,-1.38,2.46,2.46,2.46,2.46,2.46,2.46,2.46,2.45,2.45,2.44,5.58,5.60,5.61,3.45,3.47,3.49,3.50,3.51,3.52,3.54,63.09,0.00,1.00,1.00,0.00,0.00,0.00,-1.00,0,None,0,aggregation
160,131.54,remora2,remora5,0.00,0.00,0.00,0.00,0.00,0.00,0.00,0.00,0.00,0.00,0.00,0.00,0.00,0.00,0.00,0.00,0.00,0.00,0.00,0.00,2.68,2.70,2.73,2.76,2.78,2.81,2.84,2.86,2.89,2.92,6.15,6.16,6.16,6.16,6.16,6.16,6.16,6.16,6.16,6.16,0.00,0.00,1.00,0.00,0.00,0.00,0.00,-1.00,0,None,0,aggregation
160,132.54,remora2,remora5,0.00,0.00,0.00,0.00,0.00,0.00,0.00,0.00,0.00,0.00,0.00,0.00,0.00,0.00,0.00,0.00,0.00,0.00,0.00,0.00,2.94,2.97,2.99,3.02,3.00,2.97,2.94,2.91,2.88,2.85,6.16,6.16,6.16,6.16,6.16,6.16,6.16,6.16,6.16,6.16,0.00,0.00,1.00,0.00,0.00,0.00,0.00,-1.00,0,None,0,aggregation
160,133.54,remora2,remora5,0.00,0.00,0.00,0.00,0.00,0.00,0.00,0.00,0.00,0.00,0.00,0.00,0.00,0.00,0.00,0.00,0.00,0.00,0.00,0.00,2.82,2.79,2.76,2.73,2.70,2.67,2.64,2.61,2.58,2.55,6.16,6.16,6.16,6.16,6.16,6.15,6.15,6.15,6.15,6.15,0.00,0.00,1.00,0.00,0.00,0.00,0.00,-1.00,0,None,0,aggregation
160,134.54,remora2,remora5,0.00,0.00,0.00,0.00,0.00,0.00,0.00,0.00,0.00,0.00,0.00,0.00,0.00,0.00,0.00,0.00,0.00,0.00,0.00,0.00,2.52,2.49,2.46,2.43,2.40,2.37,2.34,2.31,2.28,2.25,6.15,6.15,6.15,6.15,6.15,6.15,6.15,6.15,6.16,6.16,0.00,0.00,1.00,0.00,0.00,0.00,0.00,-1.00,0,None,0,aggregation
160,135.54,remora2,remora5,0.00,0.00,0.00,0.00,0.00,0.00,0.00,0.00,0.00,0.00,0.00,0.00,0.00,0.00,0.00,0.00,0.00,0.00,0.00,0.00,2.22,2.19,2.16,2.13,2.10,2.07,2.04,2.01,1.98,1.95,6.16,6.16,6.16,6.16,6.16,5.20,5.20,5.19,5.19,5.19,0.00,0.00,1.00,0.00,0.00,0.00,0.00,-1.00,0,None,0,aggregation
160,136.54,remora2,remora5,0.00,0.00,0.00,0.00,0.00,0.00,0.00,0.00,0.00,0.00,0.00,0.00,0.00,0.00,0.00,0.00,0.00,0.00,0.00,0.00,1.92,1.89,1.86,1.83,1.80,1.77,1.74,1.71,1.68,1.65,5.19,5.19,5.18,5.18,5.18,5.18,5.18,5.17,5.17,5.17,0.00,0.00,1.00,0.00,0.00,0.00,0.00,-1.00,0,None,0,aggregation
160,137.54,remora2,remora5,0.00,0.00,0.00,0.00,0.00,0.00,0.00,0.00,0.00,0.00,0.00,0.00,0.00,0.00,0.00,0.00,0.00,0.00,0.00,0.00,1.63,1.62,1.62,1.62,1.62,1.62,1.62,1.62,1.62,1.62,5.17,5.17,5.18,5.18,5.19,5.19,5.20,5.20,5.21,5.21,0.00,0.00,1.00,0.00,0.00,0.00,0.00,-1.00,0,None,0,aggregation
160,138.54,remora2,remora5,0.00,0.00,0.00,0.00,0.00,0.00,0.00,0.00,0.00,0.00,0.00,0.00,0.00,0.00,0.00,0.00,0.00,0.00,0.00,0.00,1.62,1.62,1.62,1.62,1.62,1.62,1.62,1.62,1.62,1.62,5.22,5.22,5.23,5.23,5.23,5.24,5.24,5.24,5.25,5.25,0.00,0.00,1.00,0.00,0.00,0.00,0.00,-1.00,0,None,0,aggregation
160,139.54,remora2,remora5,0.00,0.00,0.00,0.00,0.00,0.00,0.00,0.00,0.00,0.00,0.00,0.00,0.00,0.00,0.00,0.00,0.00,0.00,0.00,0.00,1.62,1.62,1.62,1.62,1.62,1.62,1.62,1.62,1.62,1.62,5.25,5.26,5.26,5.26,5.26,5.27,5.27,5.27,5.27,5.28,0.00,0.00,1.00,0.00,0.00,0.00,0.00,-1.00,0,None,0,aggregation
160,140.54,remora2,remora5,0.00,0.00,0.00,0.00,0.00,0.00,21.25,21.25,21.53,21.53,0.00,0.00,0.00,0.00,0.00,0.00,25.72,25.72,25.92,25.92,1.62,1.62,1.62,1.62,1.62,1.62,1.62,1.64,1.66,1.68,5.28,5.28,5.28,5.28,5.29,5.29,5.29,5.28,6.22,6.20,9.44,0.00,1.00,0.00,0.00,0.00,0.00,-1.00,0,None,0,aggregation
160,141.54,remora2,remora5,22.41,22.41,23.09,23.09,23.85,23.85,24.21,24.21,24.49,24.49,26.52,26.52,26.98,26.98,27.48,27.48,27.71,27.71,27.88,27.88,1.70,1.72,1.74,1.76,1.79,1.81,1.83,1.86,1.88,1.90,6.19,6.18,6.17,6.15,6.14,6.13,6.11,6.10,6.09,6.08,34.91,0.00,1.00,0.00,0.00,0.00,0.00,-1.00,0,None,0,aggregation
160,142.54,remora2,remora5,25.01,25.01,25.31,25.31,25.53,25.53,25.84,25.84,25.96,25.96,28.21,28.21,28.39,28.39,28.52,28.52,28.71,28.71,28.77,28.77,1.93,1.95,1.98,2.00,2.03,2.05,2.08,2.11,2.13,2.16,6.06,6.05,6.04,6.03,6.02,6.00,5.99,5.98,5.97,5.96,61.93,0.00,1.00,1.00,0.00,0.00,0.00,-1.00,0,None,0,aggregation
160,143.54,remora2,remora5,26.14,26.14,26.30,26.30,26.48,26.48,26.44,26.44,26.49,26.49,28.87,28.87,28.97,28.97,29.06,29.06,29.04,29.04,29.07,29.07,2.18,2.21,2.24,2.27,2.29,2.32,2.35,2.37,2.40,2.43,5.95,5.93,5.92,5.91,5.90,5.89,5.88,5.86,5.85,5.84,89.62,0.00,1.00,1.00,0.00,0.00,0.00,-1.00,0,None,0,aggregation
160,144.54,remora2,remora5,26.63,26.63,26.70,26.70,26.65,26.65,26.75,26.75,26.73,26.73,29.14,29.14,29.18,29.18,29.16,29.16,29.21,29.21,29.20,29.20,2.46,2.48,2.51,2.54,2.57,2.60,2.62,2.65,2.68,2.71,5.83,5.82,5.81,5.80,5.78,5.77,5.76,5.75,5.74,5.73,117.55,0.00,1.00,1.00,0.00,0.00,0.00,-1.00,0,None,0,aggregation
160,145.54,remora2,remora5,26.68,26.68,26.69,26.69,26.61,26.61,26.54,26.54,26.72,26.72,29.17,29.17,29.18,29.18,29.13,29.13,29.09,29.09,29.19,29.19,2.73,2.76,2.79,2.82,2.85,2.87,2.90,2.93,2.96,2.99,5.72,5.71,5.70,5.69,5.68,5.67,5.66,5.65,5.64,5.63,145.45,0.00,1.00,1.00,0.00,0.00,0.00,-1.00,0,None,0,aggregation
160,146.54,remora2,remora5,26.87,26.87,26.99,26.99,26.91,26.91,26.98,26.98,26.95,26.95,29.27,29.27,29.33,29.33,29.29,29.29,29.33,29.33,29.31,29.31,3.01,3.04,3.07,3.10,3.13,3.15,3.18,3.21,3.24,3.27,5.62,5.61,5.60,5.59,5.58,5.57,5.56,5.55,5.54,5.53,173.57,0.00,0.00,1.00,0.00,0.00,0.00,-1.00,0,None,0,aggregation
160,147.54,remora2,remora5,27.17,27.17,26.97,26.97,26.90,26.90,27.49,27.49,27.00,27.00,29.42,29.42,29.32,29.32,29.29,29.29,29.58,29.58,29.34,29.34,3.29,3.32,3.35,3.38,3.41,3.43,3.46,3.49,3.52,3.55,5.53,5.52,5.51,5.50,5.49,5.49,5.48,5.47,5.46,5.45,201.82,0.00,0.00,1.00,0.00,0.00,0.00,-1.00,0,None,0,aggregation
160,148.54,remora2,remora5,27.27,27.27,26.94,26.94,27.17,27.17,27.28,27.28,27.44,27.44,29.48,29.48,29.31,29.31,29.43,29.43,29.48,29.48,29.56,29.56,3.57,3.60,3.63,3.66,3.68,3.71,3.74,3.77,3.79,3.82,5.45,5.44,5.43,5.43,5.42,5.42,5.41,5.41,5.40,5.40,230.16,0.00,0.00,1.00,0.00,0.00,0.00,-1.00,0,None,0,aggregation
160,149.54,remora2,remora5,25.01,25.01,-4.90,-4.90,-35.18,-35.18,27.73,27.73,6.00,6.00,28.21,28.21,5.50,5.50,-24.72,-24.72,24.25,24.25,-4.27,-4.27,3.85,3.88,3.89,3.89,3.88,3.86,3.85,3.87,3.89,3.89,5.39,5.39,5.39,5.39,5.40,5.41,5.41,5.41,5.41,5.41,246.90,0.00,0.00,1.00,1.00,0.00,1.00,-1.00,0,None,0,aggregation
160,150.54,remora2,remora5,-18.39,-18.39,-3.85,-3.85,7.37,7.37,12.74,12.74,8.14,8.14,-28.85,-28.85,-14.32,-14.32,-2.56,-2.56,4.18,4.18,-1.60,-1.60,3.88,3.86,3.84,3.83,3.83,3.83,3.84,3.85,3.85,3.86,5.42,5.43,5.44,5.44,5.45,5.45,5.45,5.45,5.45,5.44,246.83,0.00,0.00,1.00,0.00,0.00,0.00,-1.00,0,None,0,aggregation
160,151.54,remora2,remora5,9.95,9.95,6.81,6.81,0.90,0.90,0.59,0.59,3.15,3.15,0.67,0.67,-3.25,-3.25,-9.57,-9.57,-9.88,-9.88,-7.31,-7.31,3.86,3.86,3.87,3.87,3.87,3.87,3.86,3.86,3.86,3.85,5.44,5.44,5.44,5.45,5.45,5.45,5.46,5.46,5.47,5.47,224.99,0.00,0.00,1.00,0.00,0.00,0.00,-1.00,0,None,0,aggregation
160,152.54,remora2,remora5,6.09,6.09,7.37,7.37,19.00,19.00,-8.29,-8.29,-12.77,-12.77,-4.16,-4.16,-2.56,-2.56,12.18,12.18,-18.76,-18.76,-23.23,-23.23,3.85,3.85,3.85,3.86,3.86,3.88,3.88,3.87,3.86,3.84,5.47,5.45,5.45,5.44,5.43,5.42,5.42,5.42,5.42,5.43,208.07,0.00,0.00,1.00,0.00,0.00,0.00,-1.00,0,None,0,aggregation
160,153.54,remora2,remora5,-18.94,-18.94,-2.56,-2.56,8.83,8.83,-23.00,-23.00,-18.77,-18.77,-29.41,-29.41,7.37,7.37,16.41,16.41,-12.53,-12.53,-8.30,-8.30,3.82,3.80,3.79,3.79,3.79,3.80,3.80,3.78,3.77,3.76,5.43,5.44,5.44,5.44,5.43,5.42,5.42,5.42,5.42,5.43,194.48,0.00,0.00,1.00,1.00,0.00,1.00,-1.00,0,None,0,aggregation
160,154.54,remora2,remora5,1.36,1.36,0.35,0.35,-9.24,-9.24,-19.10,-19.10,-3.14,-3.14,10.50,10.50,9.70,9.70,1.23,1.23,-8.64,-8.64,6.90,6.90,3.75,3.76,3.76,3.77,3.77,3.77,3.76,3.75,3.74,3.74,5.42,5.42,5.41,5.40,5.40,5.39,5.40,5.40,5.40,5.39,172.69,0.00,0.00,1.00,0.00,0.00,0.00,-1.00,0,None,0,aggregation
160,155.54,remora2,remora5,-4.11,-4.11,-2.16,-2.16,-7.39,-7.39,-13.14,-13.14,-4.13,-4.13,6.13,6.13,7.69,7.69,3.08,3.08,-2.68,-2.68,6.12,6.12,3.75,3.75,3.74,3.74,3.73,3.72,3.72,3.72,3.72,3.72,5.39,5.38,5.38,5.37,5.37,5.37,5.37,5.37,5.37,5.37,147.76,0.00,0.00,1.00,0.00,0.00,0.00,-1.00,0,None,0,aggregation
160,156.54,remora2,remora5,1.83,1.83,1.96,1.96,-8.27,-8.27,-6.52,-6.52,-3.49,-3.49,10.88,10.88,10.98,10.98,2.20,2.20,3.95,3.95,6.63,6.63,3.71,3.70,3.69,3.68,3.67,3.67,3.67,3.67,3.66,3.66,5.36,5.36,5.35,5.35,5.34,5.34,5.34,5.34,5.33,5.33,123.38,0.00,0.00,1.00,0.00,0.00,0.00,-1.00,0,None,0,aggregation
160,157.54,remora2,remora5,-4.84,-4.84,-3.88,-3.88,-2.10,-2.10,-5.63,-5.63,-5.63,-9.89,5.55,5.55,6.31,6.31,7.73,7.73,4.83,4.83,4.83,0.57,3.65,3.65,3.65,3.64,3.64,3.63,3.63,3.63,3.63,3.63,5.33,5.33,5.33,5.32,5.32,5.33,5.33,5.34,5.35,5.36,96.59,0.00,0.00,1.00,0.00,0.00,0.00,-1.00,0,None,0,aggregation
160,158.54,remora2,remora5,-12.87,-12.87,-12.76,-12.76,-12.04,-12.04,-12.60,-12.60,-11.01,-11.01,-2.41,-2.41,-2.30,-2.30,-1.57,-1.57,-2.13,-2.13,-0.55,-0.55,3.63,3.63,3.64,3.64,3.65,3.65,3.65,3.66,3.66,3.66,5.36,5.37,5.38,5.39,5.40,5.41,5.41,5.42,5.43,5.44,75.28,0.00,0.00,1.00,0.00,0.00,0.00,-1.00,0,None,0,aggregation
160,159.54,remora2,remora5,-10.11,-10.11,-8.44,-8.44,-7.86,-7.86,-6.07,-6.07,-3.41,-3.41,0.36,0.36,2.02,2.02,2.60,2.60,4.39,4.39,6.69,6.69,3.67,3.67,3.67,3.68,3.68,3.68,3.69,3.69,3.69,3.70,5.45,5.46,5.46,5.47,5.48,5.49,5.50,5.50,5.51,5.52,61.17,0.00,0.00,1.00,0.00,0.00,0.00,-1.00,0,None,0,aggregation
160,160.54,remora2,remora5,-1.91,-1.91,0.32,0.32,2.94,2.94,4.58,4.58,6.99,6.99,7.89,7.89,9.67,9.67,11.76,11.76,13.06,13.06,14.96,14.96,3.70,3.70,3.70,3.71,3.71,3.71,3.72,3.72,3.73,3.73,5.53,5.53,5.54,5.55,5.56,5.57,5.57,5.58,5.59,5.60,58.83,0.00,0.00,1.00,0.00,0.00,0.00,-1.00,0,None,0,aggregation
160,161.54,remora2,remora5,9.56,9.56,11.57,11.57,13.10,13.10,14.77,14.77,17.16,17.16,16.97,16.97,18.53,18.53,19.71,19.71,20.98,20.98,22.77,22.77,3.74,3.75,3.75,3.76,3.77,3.78,3.79,3.81,3.82,3.83,5.61,5.62,5.63,5.64,5.65,5.66,5.67,5.69,5.70,5.71,71.71,0.00,0.00,1.00,0.00,0.00,0.00,-1.00,0,None,0,aggregation
160,162.54,remora2,remora5,18.80,18.80,20.68,20.68,22.19,22.19,24.35,24.35,25.44,25.44,23.98,23.98,25.32,25.32,26.37,26.37,27.80,27.80,28.47,28.47,3.85,3.86,3.88,3.90,3.92,3.94,3.96,3.98,4.00,4.03,5.73,5.74,5.75,5.77,5.78,5.80,5.82,5.83,5.85,5.87,85.95,0.00,0.00,1.00,0.00,0.00,0.00,-1.00,0,None,0,aggregation
160,163.54,remora2,remora5,27.44,27.44,29.02,29.02,30.06,30.06,30.13,30.13,28.70,28.70,29.56,29.56,30.14,30.14,29.92,29.92,28.98,28.98,25.83,25.83,4.05,4.08,4.10,4.13,4.16,4.19,4.22,4.25,4.28,4.30,5.88,5.89,5.90,5.93,5.94,5.96,5.98,6.00,6.02,6.04,100.83,0.00,0.00,1.00,0.00,0.00,0.00,-1.00,0,None,0,aggregation
160,164.54,remora2,remora5,25.98,25.98,22.70,22.70,20.04,20.04,17.28,17.28,16.56,16.56,21.62,21.62,17.07,17.07,13.53,13.53,9.95,9.95,9.03,9.03,4.30,4.29,4.29,4.28,4.28,4.28,4.28,4.29,4.29,4.29,6.06,6.08,6.10,6.12,6.14,6.16,6.18,6.19,6.21,6.23,112.07,0.00,0.00,1.00,0.00,0.00,0.00,-1.00,0,None,0,aggregation
160,165.54,remora2,remora5,16.70,16.70,15.57,15.57,14.64,14.64,14.97,14.97,14.76,14.76,9.22,9.22,7.76,7.76,6.58,6.58,7.00,7.00,6.73,6.73,4.30,4.30,4.31,4.32,4.33,4.34,4.35,4.36,4.37,4.38,6.24,6.26,6.28,6.29,6.31,5.70,5.71,5.72,5.74,5.75,120.49,0.00,0.00,1.00,0.00,0.00,0.00,-1.00,0,None,0,aggregation
160,166.54,remora2,remora5,15.33,15.33,15.88,15.88,15.59,15.59,15.84,15.84,16.80,16.80,7.46,7.46,8.16,8.16,7.79,7.79,8.11,8.11,9.34,9.34,4.40,4.41,4.43,4.44,4.46,4.48,4.50,4.52,4.54,4.56,5.76,5.77,5.78,5.80,5.81,5.82,5.83,5.85,5.86,5.87,128.78,0.00,0.00,1.00,0.00,0.00,0.00,-1.00,0,None,0,aggregation
160,167.54,remora2,remora5,16.86,16.86,18.55,18.55,18.01,18.01,18.32,18.32,19.92,19.92,9.41,9.41,11.59,11.59,10.90,10.90,11.29,11.29,13.38,13.38,4.58,4.60,4.62,4.65,4.67,4.70,4.72,4.75,4.78,4.81,5.88,5.90,5.91,5.92,5.94,5.95,5.96,5.98,5.99,6.00,142.14,0.00,0.00,1.00,0.00,0.00,0.00,-1.00,0,None,0,aggregation
160,168.54,remora2,remora5,20.13,20.13,21.10,21.10,21.31,21.31,21.89,21.89,16.30,16.30,13.65,13.65,14.93,14.93,15.20,15.20,15.97,15.97,8.70,8.70,4.84,4.87,4.90,4.93,4.96,4.99,5.03,5.06,5.09,5.12,6.02,6.03,6.04,6.06,6.07,6.08,6.10,6.11,6.12,6.13,152.03,0.00,0.00,1.00,0.00,0.00,0.00,-1.00,0,None,0,aggregation
160,169.54,remora2,remora5,4.90,4.90,-23.91,-23.91,-33.20,-33.20,23.26,23.26,0.00,0.00,-5.56,-5.56,-34.37,-34.37,-22.74,-22.74,17.82,17.82,0.00,0.00,5.15,5.18,5.20,5.20,5.20,5.18,5.18,5.21,5.34,5.35,6.15,6.16,6.17,6.19,6.20,6.20,6.21,6.22,6.72,6.73,164.99,0.00,0.00,1.00,1.00,0.00,1.00,-1.00,0,None,0,aggregation
160,170.54,remora2,remora5,30.00,30.00,30.00,30.00,0.00,0.00,29.15,29.15,29.20,29.20,30.00,30.00,30.00,30.00,0.00,0.00,26.64,26.64,26.74,26.74,5.36,5.36,5.37,5.37,5.38,5.39,5.39,5.40,5.40,5.41,6.73,6.72,6.71,6.70,6.70,6.71,6.71,6.70,6.69,6.69,181.13,0.00,0.00,1.00,0.00,0.00,0.00,-1.00,0,None,0,aggregation
160,171.54,remora2,remora5,29.30,29.30,29.40,29.40,29.45,29.45,29.54,29.54,29.62,29.62,26.93,26.93,27.12,27.12,27.22,27.22,27.40,27.40,27.57,27.57,5.41,5.42,5.42,5.43,5.43,5.44,5.44,5.45,5.45,5.46,6.68,6.68,6.67,6.66,6.65,6.65,6.64,6.63,6.63,6.62,192.98,0.00,0.00,1.00,0.00,0.00,0.00,-1.00,0,None,0,aggregation
160,172.54,remora2,remora5,29.66,29.66,29.70,29.70,29.77,29.77,29.83,29.83,29.83,29.83,27.66,27.66,27.74,27.74,27.91,27.91,28.07,28.07,28.07,28.07,5.46,5.47,5.47,5.48,5.48,5.49,5.49,5.50,5.51,5.51,6.61,6.61,6.60,6.59,6.59,6.58,6.58,6.57,6.56,6.55,197.46,0.00,0.00,1.00,0.00,0.00,0.00,-1.00,0,None,0,aggregation
160,173.54,remora2,remora5,29.89,29.89,29.89,29.89,29.92,29.92,29.95,29.95,29.97,29.97,28.22,28.22,28.22,28.22,28.29,28.29,28.37,28.37,28.44,28.44,5.52,5.53,5.53,5.54,5.55,5.56,5.56,5.57,5.58,5.59,6.55,6.54,6.53,6.53,6.52,6.51,6.50,6.50,6.49,6.48,197.60,0.00,0.00,1.00,0.00,0.00,0.00,-1.00,0,None,0,aggregation
160,174.54,remora2,remora5,30.02,30.02,30.02,30.02,30.04,30.04,30.06,30.06,30.06,30.06,28.58,28.58,28.58,28.58,28.65,28.65,28.71,28.71,28.71,28.71,5.60,5.61,5.62,5.62,5.62,5.63,5.63,5.64,5.66,5.67,6.48,6.47,6.47,6.46,6.45,6.44,6.43,6.43,6.43,6.42,209.57,0.00,0.00,1.00,0.00,0.00,0.00,-1.00,0,None,0,aggregation
160,175.54,remora2,remora5,30.10,30.10,30.10,30.10,30.11,30.11,30.13,30.13,30.13,30.13,28.84,28.84,28.84,28.84,28.90,28.90,28.96,28.96,28.96,28.96,5.68,5.69,5.70,5.71,5.73,5.74,5.75,5.77,5.78,5.80,6.42,6.41,6.41,6.41,6.41,6.41,6.40,6.40,6.39,6.38,227.68,0.00,0.00,1.00,0.00,0.00,0.00,-1.00,0,None,0,aggregation
160,176.54,remora2,remora5,30.14,30.14,30.14,30.14,30.15,30.15,30.15,30.15,30.16,30.16,29.02,29.02,29.02,29.02,29.08,29.08,29.08,29.08,29.14,29.14,5.81,5.83,5.85,5.86,5.88,5.90,5.91,5.93,5.95,5.97,6.38,6.38,6.38,6.37,6.37,6.37,6.37,6.37,6.36,6.36,245.26,0.00,0.00,1.00,0.00,0.00,0.00,-1.00,0,None,0,aggregation
160,177.54,remora2,remora5,30.16,30.16,30.16,30.16,30.17,30.17,30.17,30.17,30.17,30.17,29.14,29.14,29.14,29.14,29.19,29.19,29.24,29.24,29.24,29.24,5.99,6.01,6.03,6.05,6.07,6.09,6.11,6.14,6.16,6.18,6.36,6.36,6.36,6.36,6.36,6.36,6.36,6.36,6.36,6.36,260.12,0.00,0.00,1.00,0.00,0.00,0.00,-1.00,0,None,0,aggregation
160,178.54,remora2,remora5,30.17,30.17,30.17,30.17,30.18,30.18,30.18,30.18,30.18,30.18,29.24,29.24,29.24,29.24,29.29,29.29,29.34,29.34,29.34,29.34,6.21,6.23,6.25,6.28,6.30,6.33,6.35,6.35,6.33,6.31,6.36,6.35,6.35,6.35,6.36,6.36,6.36,6.36,6.37,6.37,272.93,0.00,0.00,1.00,0.00,0.00,0.00,-1.00,0,None,0,aggregation
160,179.54,remora2,remora5,30.18,30.18,30.18,30.18,30.18,30.18,30.18,30.18,30.18,30.18,29.34,29.34,29.34,29.34,29.39,29.39,29.39,29.39,29.39,29.39,6.29,6.26,6.23,6.20,6.17,6.15,6.13,6.11,6.09,6.07,6.37,6.37,6.37,6.37,6.37,6.37,6.38,6.38,6.39,6.39,287.12,0.00,0.00,1.00,0.00,0.00,0.00,-1.00,0,None,0,aggregation
160,180.54,remora2,remora5,30.19,30.19,30.18,30.18,30.18,30.18,30.18,30.18,30.18,30.18,29.44,29.44,29.49,29.49,29.49,29.49,29.49,29.49,29.49,29.49,6.05,6.03,6.01,6.00,5.97,5.94,5.91,5.88,5.86,5.84,6.40,6.40,6.41,6.41,6.42,6.42,6.42,6.42,6.43,6.43,293.78,0.00,0.00,1.00,0.00,0.00,0.00,-1.00,0,None,0,aggregation
160,181.54,remora2,remora5,30.18,30.18,30.18,30.18,30.18,30.18,30.18,30.18,30.18,30.18,29.49,29.49,29.49,29.49,29.53,29.53,29.53,29.53,29.53,29.53,5.82,5.80,5.78,5.76,5.74,5.71,5.68,5.65,5.63,5.60,6.44,6.45,6.45,6.46,6.46,6.47,6.47,6.47,6.48,6.48,295.27,0.00,0.00,1.00,0.00,0.00,0.00,-1.00,0,None,0,aggregation
160,182.54,remora2,remora5,30.18,30.18,30.18,30.18,30.18,30.18,30.18,30.18,30.18,30.18,29.53,29.53,29.53,29.53,29.53,29.53,29.53,29.53,29.57,29.57,5.58,5.56,5.54,5.52,5.50,5.48,5.47,5.45,5.43,5.40,6.49,6.50,6.50,6.51,6.52,6.53,6.54,6.55,6.56,6.56,296.31,0.00,0.00,1.00,0.00,0.00,0.00,-1.00,0,None,0,aggregation
160,183.54,remora2,remora5,30.17,30.17,30.17,30.17,30.17,30.17,30.17,30.17,30.17,30.17,29.62,29.62,29.62,29.62,29.62,29.62,29.62,29.62,29.62,29.62,5.37,5.34,5.31,5.29,5.27,5.25,5.23,5.22,5.19,5.16,6.56,6.57,6.57,6.58,6.59,6.60,6.61,6.62,6.63,6.63,297.08,0.00,0.00,1.00,0.00,0.00,0.00,-1.00,0,None,0,aggregation
160,184.54,remora2,remora5,30.17,30.17,30.18,30.18,30.18,30.18,30.18,30.18,30.18,30.18,29.64,29.64,29.59,29.59,29.53,29.53,29.48,29.48,29.41,29.41,5.14,5.12,5.10,5.09,5.06,5.03,5.01,4.99,4.98,4.96,6.64,6.65,6.66,6.67,6.68,6.68,6.69,6.70,6.72,6.73,297.59,0.00,0.00,1.00,0.00,0.00,0.00,-1.00,0,None,0,aggregation
160,185.54,remora2,remora5,30.18,30.18,30.18,30.18,30.17,30.17,30.17,30.17,30.16,30.16,29.39,29.39,29.32,29.32,29.26,29.26,29.23,29.23,29.17,29.17,4.93,4.91,4.88,4.85,4.83,4.81,4.79,4.77,4.75,4.73,6.74,6.74,6.75,6.75,6.76,6.77,4.79,4.77,4.75,4.73,297.81,0.00,0.00,1.00,0.00,0.00,0.00,-1.00,0,None,0,aggregation
160,186.54,remora2,remora5,30.16,30.16,30.16,30.16,30.15,30.15,30.13,30.13,30.13,30.13,29.16,29.16,29.15,29.15,29.10,29.10,28.99,28.99,29.01,29.01,4.72,4.70,4.68,4.65,4.62,4.60,4.57,4.55,4.54,4.52,4.72,4.70,4.68,4.65,4.62,4.60,4.57,4.55,4.54,4.52,297.82,0.00,0.00,1.00,0.00,0.00,0.00,-1.00,0,None,0,aggregation
160,187.54,remora2,remora5,30.12,30.12,30.13,30.13,30.13,30.13,30.12,30.12,30.12,30.12,28.95,28.95,28.99,28.99,28.97,28.97,28.92,28.92,28.94,28.94,4.50,4.48,4.46,4.43,4.41,4.38,4.36,4.34,4.32,4.30,4.50,4.48,4.46,4.43,4.41,4.38,4.36,4.34,4.32,4.30,297.68,0.00,0.00,1.00,0.00,0.00,0.00,-1.00,0,None,0,aggregation
160,188.54,remora2,remora5,30.11,30.11,30.12,30.12,30.11,30.11,30.12,30.12,30.11,30.11,28.89,28.89,28.94,28.94,28.90,28.90,28.93,28.93,28.89,28.89,4.28,4.26,4.25,4.23,4.21,4.18,4.16,4.14,4.13,4.11,4.28,4.26,4.25,4.23,4.21,4.18,4.16,4.14,4.13,4.11,297.46,0.00,0.00,1.00,0.00,0.00,0.00,-1.00,0,None,0,aggregation
160,189.54,remora2,remora5,30.11,30.11,30.12,30.12,30.11,30.11,30.11,30.11,30.11,30.11,28.89,28.89,28.92,28.92,28.91,28.91,28.90,28.90,28.89,28.89,4.09,4.06,4.03,4.01,3.99,3.97,3.95,3.93,3.91,3.89,4.09,4.06,4.03,4.01,3.99,3.97,3.95,3.93,3.91,3.89,297.18,0.00,0.00,1.00,0.00,0.00,0.00,-1.00,0,None,0,aggregation
160,190.54,remora2,remora5,30.11,30.11,30.13,30.13,30.13,30.13,30.13,30.13,30.14,30.14,28.89,28.89,28.97,28.97,28.97,28.97,29.00,29.00,29.02,29.02,3.87,3.86,3.84,3.81,3.79,3.77,3.75,3.74,3.72,3.69,3.87,3.86,3.84,3.81,3.79,3.77,3.75,3.74,3.72,3.69,296.90,0.00,0.00,1.00,0.00,0.00,0.00,-1.00,0,None,0,aggregation
160,191.54,remora2,remora5,30.14,30.14,30.13,30.13,30.14,30.14,30.16,30.16,30.16,30.16,29.02,29.02,29.01,29.01,29.04,29.04,29.12,29.12,29.12,29.12,3.67,3.65,3.64,3.62,3.60,3.58,3.55,3.53,3.51,3.50,3.67,3.65,3.64,3.62,3.60,3.58,3.55,3.53,3.51,3.50,296.66,0.00,0.00,1.00,0.00,0.00,0.00,-1.00,0,None,0,aggregation
160,192.54,remora2,remora5,30.17,30.17,30.17,30.17,0.00,0.00,0.00,0.00,0.00,0.00,29.19,29.19,29.25,29.25,0.00,0.00,0.00,0.00,0.00,0.00,3.49,3.48,3.46,3.44,3.42,3.41,3.42,3.43,3.44,3.43,3.49,3.48,3.46,3.44,3.42,3.41,3.42,3.43,3.44,3.43,278.67,0.00,0.00,1.00,0.00,0.00,0.00,-1.00,0,None,0,aggregation
160,193.54,remora2,remora5,0.00,0.00,0.00,0.00,0.00,0.00,0.00,0.00,0.00,0.00,0.00,0.00,0.00,0.00,0.00,0.00,0.00,0.00,0.00,0.00,3.42,3.42,3.41,3.40,3.41,3.43,3.44,3.43,3.43,3.42,3.42,3.42,3.41,3.40,3.41,3.43,3.44,3.43,3.43,3.42,248.78,0.00,0.00,1.00,0.00,0.00,0.00,-1.00,0,None,0,aggregation
160,194.54,remora2,remora5,0.00,0.00,0.00,0.00,0.00,0.00,0.00,0.00,0.00,0.00,0.00,0.00,0.00,0.00,0.00,0.00,0.00,0.00,0.00,0.00,3.43,3.46,3.46,3.46,3.45,3.45,3.45,3.44,3.44,3.44,3.43,3.46,3.46,3.46,3.45,3.45,3.45,3.44,3.44,3.44,218.92,0.00,0.00,1.00,0.00,0.00,0.00,-1.00,0,None,0,aggregation
160,195.54,remora2,remora5,0.00,0.00,0.00,0.00,0.00,0.00,0.00,0.00,0.00,0.00,0.00,0.00,0.00,0.00,0.00,0.00,0.00,0.00,0.00,0.00,3.44,3.44,3.44,3.44,3.44,3.44,3.44,3.44,3.45,3.46,3.44,3.44,3.44,3.44,3.44,3.44,3.44,3.44,3.45,3.46,189.20,0.00,0.00,1.00,0.00,0.00,0.00,-1.00,0,None,0,aggregation
160,196.54,remora2,remora5,0.00,0.00,0.00,0.00,0.00,0.00,0.00,0.00,0.00,0.00,0.00,0.00,0.00,0.00,0.00,0.00,0.00,0.00,0.00,0.00,3.48,3.49,3.51,3.52,3.54,3.56,3.57,3.59,3.61,3.63,3.48,3.49,3.51,3.52,3.54,3.56,3.57,3.59,3.61,3.63,159.59,0.00,0.00,1.00,0.00,0.00,0.00,-1.00,0,None,0,aggregation
160,197.54,remora2,remora5,0.00,0.00,0.00,0.00,0.00,0.00,0.00,0.00,0.00,0.00,0.00,0.00,0.00,0.00,0.00,0.00,0.00,0.00,0.00,0.00,3.65,3.67,3.69,3.71,3.73,3.75,3.77,3.79,3.81,3.83,3.65,3.67,3.69,3.71,3.73,3.75,3.77,3.79,3.81,3.83,130.05,0.00,0.00,1.00,0.00,0.00,0.00,-1.00,0,None,0,aggregation
160,198.54,remora2,remora5,0.00,0.00,0.00,0.00,0.00,0.00,0.00,0.00,0.00,0.00,0.00,0.00,0.00,0.00,0.00,0.00,0.00,0.00,0.00,0.00,3.86,3.88,3.90,3.93,3.95,3.97,4.00,4.02,4.05,4.07,3.86,3.88,3.90,3.93,3.95,3.97,4.00,4.02,4.05,4.07,100.54,0.00,0.00,1.00,0.00,0.00,0.00,-1.00,0,None,0,aggregation
160,199.54,remora2,remora5,0.00,0.00,0.00,0.00,0.00,0.00,0.00,0.00,0.00,0.00,0.00,0.00,0.00,0.00,0.00,0.00,0.00,0.00,0.00,0.00,4.09,4.12,4.15,4.17,4.20,4.22,4.25,4.27,4.30,4.33,4.09,4.12,4.15,4.17,4.20,4.22,4.25,4.27,4.30,4.33,71.03,0.00,0.00,1.00,0.00,0.00,0.00,-1.00,0,None,0,aggregation
160,200.54,remora2,remora5,0.00,0.00,0.00,0.00,0.00,0.00,0.00,0.00,0.00,0.00,0.00,0.00,0.00,0.00,0.00,0.00,0.00,0.00,0.00,0.00,4.35,4.38,4.41,4.43,4.46,4.49,4.52,4.54,4.57,4.60,4.35,4.38,4.41,4.43,4.46,4.49,4.52,4.54,4.57,4.60,41.48,0.00,0.00,0.00,0.00,0.00,0.00,-1.00,0,None,0,aggregation
160,201.54,remora2,remora5,0.00,0.00,0.00,0.00,0.00,0.00,0.00,0.00,0.00,0.00,0.00,0.00,0.00,0.00,0.00,0.00,0.00,0.00,0.00,0.00,4.63,4.65,4.68,4.71,4.74,4.77,4.79,4.82,4.85,4.88,4.63,4.65,4.68,4.71,4.74,4.77,4.79,4.82,4.85,4.88,11.88,0.00,0.00,0.00,0.00,0.00,0.00,-1.00,0,None,0,aggregation
160,202.54,remora2,remora5,0.00,0.00,0.00,0.00,0.00,0.00,0.00,0.00,0.00,0.00,0.00,0.00,0.00,0.00,0.00,0.00,0.00,0.00,0.00,0.00,4.91,4.94,4.96,4.99,5.02,5.05,5.08,5.11,5.14,5.16,4.91,4.94,4.96,4.99,5.02,5.05,5.08,5.11,5.14,5.16,0.00,0.00,0.00,0.00,0.00,0.00,0.00,-1.00,0,None,0,aggregation
160,203.54,remora2,remora5,0.00,0.00,0.00,0.00,0.00,0.00,0.00,0.00,0.00,0.00,0.00,0.00,0.00,0.00,0.00,0.00,0.00,0.00,0.00,0.00,5.19,5.22,5.25,5.28,5.30,5.31,5.32,5.35,5.38,5.41,5.19,5.22,5.25,5.28,5.30,5.31,5.32,5.35,5.38,5.41,0.00,0.00,0.00,0.00,0.00,0.00,0.00,-1.00,0,None,0,aggregation
160,204.54,remora2,remora5,0.00,0.00,0.00,0.00,0.00,0.00,0.00,0.00,0.00,0.00,0.00,0.00,0.00,0.00,0.00,0.00,0.00,0.00,0.00,0.00,5.44,5.47,5.50,5.52,5.55,5.58,5.61,5.64,5.67,5.70,5.44,5.47,5.50,5.52,5.55,5.58,5.61,5.64,5.67,5.70,0.00,0.00,0.00,0.00,0.00,0.00,0.00,-1.00,0,None,0,aggregation
160,205.54,remora2,remora5,0.00,0.00,0.00,0.00,0.00,0.00,0.00,0.00,0.00,0.00,0.00,0.00,0.00,0.00,0.00,0.00,0.00,0.00,0.00,0.00,5.73,5.76,5.79,5.82,5.85,5.87,5.90,5.94,5.96,5.99,5.73,5.76,5.79,5.82,5.85,5.87,5.90,5.94,5.96,5.99,0.00,0.00,0.00,0.00,0.00,0.00,0.00,-1.00,0,None,0,aggregation
160,206.54,remora2,remora5,0.00,0.00,0.00,0.00,0.00,0.00,0.00,0.00,0.00,0.00,0.00,0.00,0.00,0.00,0.00,0.00,0.00,0.00,0.00,0.00,6.02,6.05,6.08,6.11,6.14,6.17,6.20,6.23,6.26,6.28,6.02,6.05,6.08,6.11,6.14,6.17,6.20,6.23,6.26,6.28,0.00,0.00,0.00,0.00,0.00,0.00,0.00,-1.00,0,None,0,aggregation
160,207.54,remora2,remora5,0.00,0.00,0.00,0.00,0.00,0.00,0.00,0.00,0.00,0.00,0.00,0.00,0.00,0.00,0.00,0.00,0.00,0.00,0.00,0.00,6.31,6.34,6.37,6.40,6.43,6.46,6.49,6.52,6.55,6.58,6.31,6.34,6.37,6.40,6.43,6.46,6.49,6.52,6.55,6.58,0.00,0.00,0.00,0.00,0.00,0.00,0.00,-1.00,0,None,0,aggregation
160,208.54,remora2,remora5,0.00,0.00,0.00,0.00,0.00,0.00,0.00,0.00,0.00,0.00,0.00,0.00,0.00,0.00,0.00,0.00,0.00,0.00,0.00,0.00,6.61,6.64,6.67,6.70,6.72,6.75,6.78,6.81,6.84,6.87,6.61,6.64,6.67,6.70,6.72,6.75,6.78,6.81,6.84,6.87,0.00,0.00,0.00,0.00,0.00,0.00,0.00,-1.00,0,None,0,aggregation
160,209.54,remora2,remora5,0.00,0.00,0.00,0.00,0.00,0.00,0.00,0.00,0.00,0.00,0.00,0.00,0.00,0.00,0.00,0.00,0.00,0.00,0.00,0.00,6.90,6.93,6.96,6.99,7.02,7.05,7.08,7.11,7.14,7.17,6.90,6.93,6.96,6.99,7.02,7.05,7.08,7.11,7.14,7.17,0.00,0.00,0.00,0.00,0.00,0.00,0.00,-1.00,0,None,0,aggregation
160,210.54,remora2,remora5,0.00,0.00,0.00,0.00,0.00,0.00,0.00,0.00,0.00,0.00,0.00,0.00,0.00,0.00,0.00,0.00,0.00,0.00,0.00,0.00,7.20,7.23,7.25,7.28,7.31,7.34,7.37,7.40,7.43,7.46,7.20,7.23,7.25,7.28,7.31,7.34,7.37,7.40,7.43,7.46,0.00,0.00,0.00,0.00,0.00,0.00,0.00,-1.00,0,None,0,aggregation
160,211.54,remora2,remora5,0.00,0.00,0.00,0.00,0.00,0.00,0.00,0.00,0.00,0.00,0.00,0.00,0.00,0.00,0.00,0.00,0.00,0.00,0.00,0.00,7.49,7.52,7.55,7.58,7.61,7.64,7.67,7.70,7.73,7.76,7.49,7.52,7.55,7.58,7.61,7.64,7.67,7.70,7.73,7.76,0.00,0.00,0.00,0.00,0.00,0.00,0.00,-1.00,0,None,0,aggregation
160,212.54,remora2,remora5,0.00,0.00,0.00,0.00,0.00,0.00,0.00,0.00,-35.23,-35.23,0.00,0.00,0.00,0.00,0.00,0.00,0.00,0.00,-24.76,-24.76,7.79,7.82,7.85,7.87,7.90,7.93,7.96,7.99,8.03,8.06,7.79,7.82,7.85,7.87,7.90,7.93,7.96,7.99,8.03,8.06,6.00,0.00,0.00,0.00,0.00,0.00,0.00,-1.00,0,None,0,aggregation
160,213.54,remora2,remora5,-35.19,-35.19,-35.04,-35.04,-34.70,-34.70,-34.18,-34.18,-33.56,-33.56,-24.73,-24.73,-24.58,-24.58,-24.24,-24.24,-23.72,-23.72,-23.10,-23.10,8.10,8.14,8.18,8.22,8.25,8.29,8.33,8.36,8.40,8.43,8.10,8.14,8.18,8.22,8.25,8.29,8.33,8.36,8.40,8.43,35.30,0.00,0.00,0.00,0.00,0.00,0.00,-1.00,0,None,0,aggregation
160,214.54,remora2,remora5,-32.81,-32.81,-31.82,-31.82,-30.89,-30.89,-29.75,-29.75,-28.74,-28.74,-22.34,-22.34,-21.35,-21.35,-20.43,-20.43,-19.28,-19.28,-18.28,-18.28,8.47,8.50,8.53,8.56,8.60,8.63,8.65,8.68,8.71,8.74,8.47,8.50,8.53,8.56,8.60,8.63,8.65,8.68,8.71,8.74,60.87,0.00,0.00,1.00,0.00,0.00,0.00,-1.00,0,None,0,aggregation
160,215.54,remora2,remora5,-27.53,-27.53,-26.22,-26.22,-24.84,-24.84,-23.20,-23.20,-21.48,-21.48,-17.06,-17.06,-15.76,-15.76,-14.37,-14.37,-12.74,-12.74,-11.02,-11.02,8.77,8.79,8.82,8.84,8.87,8.89,8.92,8.94,8.96,8.99,8.77,8.79,8.82,8.84,8.87,8.89,8.92,8.94,8.96,8.99,80.29,0.00,0.00,1.00,0.00,0.00,0.00,-1.00,0,None,0,aggregation
160,216.54,remora2,remora5,-19.87,-19.87,-18.20,-18.20,-16.28,-16.28,-14.50,-14.50,-12.69,-12.69,-9.40,-9.40,-7.73,-7.73,-5.81,-5.81,-4.04,-4.04,-2.23,-2.23,9.01,9.03,9.05,9.08,9.10,9.12,9.15,9.17,9.20,9.22,9.01,9.03,9.05,9.08,9.10,9.12,9.15,9.17,9.20,9.22,91.37,0.00,0.00,1.00,0.00,0.00,0.00,-1.00,0,None,0,aggregation
160,217.54,remora2,remora5,-10.85,-10.85,-8.78,-8.78,-6.70,-6.70,-4.07,-4.07,-1.75,-1.75,-0.39,-0.39,1.68,1.68,3.77,3.77,6.16,6.16,8.02,8.02,9.24,9.27,9.30,9.32,9.35,9.38,9.41,9.44,9.47,9.50,9.24,9.27,9.30,9.32,9.35,9.38,9.41,9.44,9.47,9.50,94.33,0.00,0.00,1.00,0.00,0.00,0.00,-1.00,0,None,0,aggregation
160,218.54,remora2,remora5,0.56,0.56,2.84,2.84,5.08,5.08,7.28,7.28,9.43,9.43,9.86,9.86,11.68,11.68,13.46,13.46,15.19,15.19,16.87,16.87,9.53,9.57,9.60,9.64,9.67,9.71,9.75,9.79,9.83,9.87,9.53,9.57,9.60,9.64,9.67,9.71,9.75,9.79,9.83,9.87,103.56,0.00,0.00,1.00,0.00,0.00,0.00,-1.00,0,None,0,aggregation
160,219.54,remora2,remora5,11.51,11.51,13.12,13.12,14.69,14.69,16.38,16.38,17.82,17.82,18.49,18.49,19.73,19.73,20.92,20.92,22.19,22.19,23.26,23.26,9.92,9.96,10.00,10.00,10.00,10.00,10.00,10.00,10.00,10.00,9.92,9.96,10.00,10.00,10.00,10.00,10.00,10.00,10.00,10.00,121.37,0.00,0.00,1.00,0.00,0.00,0.00,-1.00,0,None,0,aggregation
160,220.54,remora2,remora5,19.19,19.19,20.50,20.50,21.43,21.43,22.47,22.47,-15.74,-15.74,24.26,24.26,25.19,25.19,25.85,25.85,26.56,26.56,-0.04,-0.04,10.00,10.00,10.00,10.00,10.00,10.00,10.00,10.00,10.00,10.00,10.00,10.00,10.00,10.00,10.00,10.00,10.00,10.00,10.00,10.00,141.49,0.00,0.00,1.00,1.00,0.00,1.00,-1.00,0,None,0,aggregation
160,221.54,remora2,remora5,-15.31,-15.31,-14.58,-14.58,-13.79,-13.79,-12.92,-12.92,-12.01,-12.01,0.39,0.39,1.11,1.11,1.91,1.91,2.77,2.77,3.69,3.69,10.00,10.00,10.00,10.00,10.00,10.00,10.00,10.00,10.00,10.00,10.00,10.00,10.00,10.00,10.00,10.00,10.00,10.00,10.00,10.00,147.36,0.00,0.00,1.00,0.00,0.00,0.00,-1.00,0,None,0,aggregation
160,222.54,remora2,remora5,-11.05,-11.05,-10.05,-10.05,-9.03,-9.03,-7.99,-7.99,-6.51,-6.51,4.65,4.65,5.65,5.65,6.67,6.67,7.70,7.70,8.29,8.29,10.00,10.00,10.00,10.00,10.00,10.00,10.00,10.00,10.00,10.00,10.00,10.00,10.00,10.00,10.00,10.00,10.00,10.00,10.00,10.00,142.89,0.00,0.00,1.00,0.00,0.00,0.00,-1.00,0,None,0,aggregation
160,223.54,remora2,remora5,-5.01,-5.01,-3.62,-3.62,-2.35,-2.35,-1.18,-1.18,20.48,20.48,8.79,8.79,9.23,9.23,9.63,9.63,9.97,9.97,14.11,14.11,10.00,10.00,10.00,10.00,10.00,10.00,10.00,10.00,10.00,10.00,10.00,10.00,10.00,10.00,10.00,10.00,10.00,10.00,10.00,10.00,119.59,0.00,0.00,1.00,0.00,0.00,0.00,-1.00,0,None,0,aggregation
160,224.54,remora2,remora5,20.03,20.03,20.92,20.92,21.77,21.77,22.60,22.60,23.39,23.39,13.52,13.52,14.69,14.69,15.82,15.82,16.92,16.92,17.99,17.99,10.00,10.00,10.00,10.00,10.00,10.00,10.00,10.00,10.00,10.00,10.00,10.00,10.00,10.00,10.00,10.00,10.00,10.00,10.00,10.00,112.79,0.00,0.00,1.00,0.00,0.00,0.00,-1.00,0,None,0,aggregation
160,225.54,remora2,remora5,23.89,23.89,24.62,24.62,25.31,25.31,25.85,25.85,26.26,26.26,18.68,18.68,19.69,19.69,20.66,20.66,21.43,21.43,22.03,22.03,10.00,10.00,10.00,10.00,10.00,10.00,10.00,10.00,10.00,10.00,10.00,10.00,10.00,10.00,10.00,10.00,10.00,10.00,10.00,10.00,116.21,0.00,0.00,1.00,0.00,0.00,0.00,-1.00,0,None,0,aggregation
160,226.54,remora2,remora5,26.66,26.66,27.03,27.03,27.39,27.39,27.72,27.72,28.04,28.04,22.61,22.61,23.17,23.17,23.71,23.71,24.24,24.24,24.74,24.74,10.00,10.00,10.00,10.00,10.00,10.00,10.00,10.00,10.00,10.00,10.00,10.00,10.00,10.00,10.00,10.00,10.00,10.00,10.00,10.00,130.66,0.00,0.00,1.00,0.00,0.00,0.00,-1.00,0,None,0,aggregation
160,227.54,remora2,remora5,28.34,28.34,28.54,28.54,28.80,28.80,28.92,28.92,29.04,29.04,25.22,25.22,25.57,25.57,26.01,26.01,26.23,26.23,26.43,26.43,10.00,10.00,10.00,10.00,10.00,10.00,10.00,10.00,10.00,10.00,10.00,10.00,10.00,10.00,10.00,10.00,10.00,10.00,10.00,10.00,155.01,0.00,0.00,1.00,0.00,0.00,0.00,-1.00,0,None,0,aggregation
160,228.54,remora2,remora5,29.25,29.25,29.35,29.35,29.45,29.45,29.58,29.58,29.66,29.66,26.84,26.84,27.03,27.03,27.22,27.22,27.49,27.49,27.66,27.66,10.00,10.00,10.00,10.00,10.00,10.00,10.00,10.00,10.00,10.00,10.00,10.00,10.00,10.00,10.00,10.00,10.00,10.00,10.00,10.00,174.13,0.00,0.00,1.00,0.00,0.00,0.00,-1.00,0,None,0,aggregation
160,229.54,remora2,remora5,29.73,29.73,29.80,29.80,29.87,29.87,29.89,29.89,29.92,29.92,27.83,27.83,27.99,27.99,28.14,28.14,28.22,28.22,28.29,28.29,10.00,10.00,10.00,10.00,10.00,10.00,10.00,10.00,10.00,10.00,10.00,10.00,10.00,10.00,10.00,10.00,10.00,10.00,10.00,10.00,185.29,0.00,0.00,1.00,0.00,0.00,0.00,-1.00,0,None,0,aggregation
160,230.54,remora2,remora5,29.97,29.97,30.00,30.00,30.04,30.04,30.06,30.06,30.08,30.08,28.44,28.44,28.51,28.51,28.65,28.65,28.71,28.71,28.78,28.78,10.00,10.00,10.00,10.00,10.00,10.00,10.00,10.00,10.00,10.00,10.00,10.00,10.00,10.00,10.00,10.00,10.00,10.00,10.00,10.00,194.49,0.00,0.00,1.00,0.00,0.00,0.00,-1.00,0,None,0,aggregation
160,231.54,remora2,remora5,30.10,30.10,30.11,30.11,30.14,30.14,30.15,30.15,30.16,30.16,28.84,28.84,28.90,28.90,29.02,29.02,29.08,29.08,29.14,29.14,10.00,10.00,10.00,10.00,10.00,10.00,10.00,10.00,10.00,10.00,10.00,10.00,10.00,10.00,10.00,10.00,10.00,10.00,10.00,10.00,218.18,0.00,0.00,1.00,0.00,0.00,0.00,-1.00,0,None,0,aggregation
160,232.54,remora2,remora5,30.17,30.17,30.16,30.16,0.00,0.00,30.00,30.00,30.00,30.00,29.19,29.19,29.14,29.14,0.00,0.00,30.00,30.00,30.00,30.00,10.00,10.00,10.00,10.00,10.00,10.00,10.00,10.00,10.00,10.00,10.00,10.00,10.00,10.00,10.00,10.00,10.00,10.00,10.00,10.00,240.53,0.00,0.00,1.00,0.00,0.00,0.00,-1.00,0,None,0,aggregation
160,233.54,remora2,remora5,30.00,30.00,30.00,30.00,30.00,30.00,30.00,30.00,30.00,30.00,30.00,30.00,30.00,30.00,30.00,30.00,30.00,30.00,30.00,30.00,10.00,10.00,10.00,10.00,10.00,10.00,10.00,10.00,10.00,10.00,10.00,10.00,10.00,10.00,10.00,10.00,10.00,10.00,10.00,10.00,264.52,0.00,0.00,1.00,0.00,0.00,0.00,-1.00,0,None,0,aggregation
160,234.54,remora2,remora5,-10.30,-10.30,-9.82,-9.82,-8.83,-8.83,-7.79,-7.79,-6.27,-6.27,5.40,5.40,5.87,5.87,6.87,6.87,7.87,7.87,8.37,8.37,10.00,10.00,10.00,10.00,10.00,10.00,10.00,10.00,10.00,10.00,10.00,10.00,10.00,10.00,10.00,10.00,10.00,10.00,10.00,10.00,247.05,0.00,0.00,1.00,1.00,0.00,1.00,-1.00,0,None,0,aggregation
160,235.54,remora2,remora5,-4.81,-4.81,-3.46,-3.46,-2.21,-2.21,-1.08,-1.08,-0.04,-0.04,8.85,8.85,9.28,9.28,9.67,9.67,10.00,10.00,10.28,10.28,10.00,10.00,10.00,10.00,10.00,10.00,10.00,10.00,10.00,10.00,10.00,10.00,10.00,10.00,10.00,10.00,10.00,10.00,10.00,10.00,227.86,0.00,0.00,1.00,0.00,0.00,0.00,-1.00,0,None,0,aggregation
160,236.54,remora2,remora5,0.90,0.90,30.00,30.00,30.00,30.00,30.00,30.00,30.00,30.00,10.52,10.52,30.00,30.00,30.00,30.00,30.00,30.00,30.00,30.00,10.00,10.00,10.00,10.00,10.00,10.00,10.00,10.00,10.00,10.00,10.00,10.00,10.00,10.00,10.00,10.00,10.00,10.00,10.00,10.00,227.47,0.00,0.00,1.00,0.00,0.00,0.00,-1.00,0,None,0,aggregation
160,237.54,remora2,remora5,30.00,30.00,30.00,30.00,30.00,30.00,30.00,30.00,30.00,30.00,30.00,30.00,30.00,30.00,30.00,30.00,30.00,30.00,30.00,30.00,10.00,10.00,10.00,10.00,10.00,10.00,10.00,10.00,10.00,10.00,10.00,10.00,10.00,10.00,10.00,10.00,10.00,10.00,10.00,10.00,230.16,0.00,0.00,1.00,0.00,0.00,0.00,-1.00,0,None,0,aggregation
160,238.54,remora2,remora5,30.00,30.00,30.00,30.00,30.00,30.00,30.00,30.00,30.00,30.00,30.00,30.00,30.00,30.00,30.00,30.00,30.00,30.00,30.00,30.00,10.00,10.00,10.00,10.00,10.00,10.00,10.00,10.00,10.00,10.00,10.00,10.00,10.00,10.00,10.00,10.00,10.00,10.00,10.00,10.00,231.81,0.00,0.00,1.00,0.00,0.00,0.00,-1.00,0,None,0,aggregation
160,239.54,remora2,remora5,30.00,30.00,30.00,30.00,30.00,30.00,30.00,30.00,30.00,30.00,30.00,30.00,30.00,30.00,30.00,30.00,30.00,30.00,30.00,30.00,10.00,10.00,10.00,10.00,10.00,10.00,10.00,10.00,10.00,10.00,10.00,10.00,10.00,10.00,10.00,10.00,10.00,10.00,10.00,10.00,232.84,0.00,0.00,1.00,0.00,0.00,0.00,-1.00,0,None,0,aggregation
160,240.54,remora2,remora5,30.00,30.00,30.00,30.00,30.00,30.00,30.00,30.00,30.00,30.00,30.00,30.00,30.00,30.00,30.00,30.00,30.00,30.00,30.00,30.00,10.00,10.00,10.00,10.00,10.00,10.00,10.00,10.00,10.00,10.00,10.00,10.00,10.00,10.00,10.00,10.00,10.00,10.00,10.00,10.00,233.52,0.00,0.00,1.00,0.00,0.00,0.00,-1.00,0,None,0,aggregation
160,241.54,remora2,remora5,30.00,30.00,30.00,30.00,30.00,30.00,30.00,30.00,30.00,30.00,30.00,30.00,30.00,30.00,30.00,30.00,30.00,30.00,30.00,30.00,10.00,10.00,10.00,10.00,10.00,10.00,10.00,10.00,10.00,10.00,10.00,10.00,10.00,10.00,10.00,10.00,10.00,10.00,10.00,10.00,233.95,0.00,0.00,1.00,0.00,0.00,0.00,-1.00,0,None,0,aggregation
160,242.54,remora2,remora5,30.00,30.00,30.00,30.00,30.00,30.00,30.00,30.00,30.00,30.00,30.00,30.00,30.00,30.00,30.00,30.00,30.00,30.00,30.00,30.00,10.00,10.00,10.00,10.00,10.00,10.00,10.00,10.00,10.00,10.00,10.00,10.00,10.00,10.00,10.00,10.00,10.00,10.00,10.00,10.00,240.09,0.00,0.00,1.00,0.00,0.00,0.00,-1.00,0,None,0,aggregation
160,243.54,remora2,remora5,30.00,30.00,30.00,30.00,30.00,30.00,30.00,30.00,30.00,30.00,30.00,30.00,30.00,30.00,30.00,30.00,30.00,30.00,30.00,30.00,10.00,10.00,10.00,10.00,10.00,10.00,10.00,10.00,10.00,10.00,10.00,10.00,10.00,10.00,10.00,10.00,10.00,10.00,10.00,10.00,240.09,0.00,0.00,1.00,0.00,0.00,0.00,-1.00,0,None,0,aggregation
160,244.54,remora2,remora5,30.00,30.00,30.00,30.00,30.00,30.00,30.00,30.00,30.00,30.00,30.00,30.00,30.00,30.00,30.00,30.00,30.00,30.00,30.00,30.00,10.00,10.00,10.00,10.00,10.00,10.00,10.00,10.00,10.00,10.00,10.00,10.00,10.00,10.00,10.00,10.00,10.00,10.00,10.00,10.00,268.79,0.00,0.00,1.00,0.00,0.00,0.00,-1.00,0,None,0,aggregation
160,245.54,remora2,remora5,30.00,30.00,30.00,30.00,30.00,30.00,30.00,30.00,30.00,30.00,30.00,30.00,30.00,30.00,30.00,30.00,30.00,30.00,30.00,30.00,10.00,10.00,10.00,10.00,10.00,10.00,10.00,10.00,10.00,10.00,10.00,10.00,10.00,10.00,10.00,10.00,10.00,10.00,10.00,10.00,295.14,0.00,0.00,1.00,0.00,0.00,0.00,-1.00,0,None,0,aggregation
160,246.54,remora2,remora5,30.00,30.00,30.00,30.00,30.00,30.00,30.00,30.00,30.00,30.00,30.00,30.00,30.00,30.00,30.00,30.00,30.00,30.00,30.00,30.00,10.00,10.00,10.00,10.00,10.00,10.00,10.00,10.00,10.00,10.00,10.00,10.00,10.00,10.00,10.00,10.00,10.00,10.00,10.00,10.00,300.00,0.00,0.00,1.00,0.00,0.00,0.00,-1.00,0,None,0,aggregation
160,247.54,remora2,remora5,30.00,30.00,30.00,30.00,30.00,30.00,30.00,30.00,30.00,30.00,30.00,30.00,30.00,30.00,30.00,30.00,30.00,30.00,30.00,30.00,10.00,10.00,10.00,10.00,10.00,10.00,10.00,10.00,10.00,10.00,10.00,10.00,10.00,10.00,10.00,10.00,10.00,10.00,10.00,10.00,300.00,0.00,0.00,1.00,0.00,0.00,0.00,-1.00,0,None,0,aggregation
160,248.54,remora2,remora5,30.00,30.00,30.00,30.00,30.00,30.00,30.00,30.00,30.00,30.00,30.00,30.00,30.00,30.00,30.00,30.00,30.00,30.00,30.00,30.00,10.00,10.00,10.00,10.00,10.00,10.00,10.00,10.00,10.00,10.00,10.00,10.00,10.00,10.00,10.00,10.00,10.00,10.00,10.00,10.00,300.00,0.00,0.00,1.00,0.00,0.00,0.00,-1.00,0,None,0,aggregation
160,249.54,remora2,remora5,30.00,30.00,30.00,30.00,30.00,30.00,30.00,30.00,30.00,30.00,30.00,30.00,30.00,30.00,30.00,30.00,30.00,30.00,30.00,30.00,10.00,10.00,10.00,10.00,10.00,10.00,10.00,10.00,10.00,10.00,10.00,10.00,10.00,10.00,10.00,10.00,10.00,10.00,10.00,10.00,300.00,0.00,0.00,1.00,0.00,0.00,0.00,-1.00,0,None,0,aggregation
160,250.54,remora2,remora5,30.00,30.00,30.00,30.00,30.00,30.00,30.00,30.00,30.00,30.00,30.00,30.00,30.00,30.00,30.00,30.00,30.00,30.00,30.00,30.00,10.00,10.00,10.00,10.00,10.00,10.00,10.00,10.00,10.00,10.00,10.00,10.00,10.00,10.00,10.00,10.00,10.00,10.00,10.00,10.00,300.00,0.00,0.00,1.00,0.00,0.00,0.00,-1.00,0,None,0,aggregation
160,251.54,remora2,remora5,30.00,30.00,30.00,30.00,30.00,30.00,30.00,30.00,30.00,30.00,30.00,30.00,30.00,30.00,30.00,30.00,30.00,30.00,30.00,30.00,10.00,10.00,10.00,10.00,10.00,10.00,10.00,10.00,10.00,10.00,10.00,10.00,10.00,10.00,10.00,10.00,10.00,10.00,10.00,10.00,300.00,0.00,0.00,1.00,0.00,0.00,0.00,-1.00,0,None,0,aggregation
160,252.54,remora2,remora5,30.00,30.00,30.00,30.00,30.00,30.00,30.00,30.00,30.00,30.00,30.00,30.00,30.00,30.00,30.00,30.00,30.00,30.00,30.00,30.00,10.00,10.00,10.00,10.00,10.00,10.00,10.00,10.00,10.00,10.00,10.00,10.00,10.00,10.00,10.00,10.00,10.00,10.00,10.00,10.00,300.00,0.00,0.00,1.00,0.00,0.00,0.00,-1.00,0,None,0,aggregation
160,253.54,remora2,remora5,30.00,30.00,30.00,30.00,30.00,30.00,30.00,30.00,30.00,30.00,30.00,30.00,30.00,30.00,30.00,30.00,30.00,30.00,30.00,30.00,10.00,10.00,10.00,10.00,10.00,10.00,10.00,10.00,10.00,10.00,10.00,10.00,10.00,10.00,10.00,10.00,10.00,10.00,10.00,10.00,300.00,0.00,0.00,1.00,0.00,0.00,0.00,-1.00,0,None,0,aggregation
160,254.54,remora2,remora5,30.00,30.00,30.00,30.00,30.00,30.00,30.00,30.00,30.00,30.00,30.00,30.00,30.00,30.00,30.00,30.00,30.00,30.00,30.00,30.00,10.00,10.00,10.00,10.00,10.00,10.00,10.00,10.00,10.00,10.00,10.00,10.00,10.00,10.00,10.00,10.00,10.00,10.00,10.00,10.00,300.00,0.00,0.00,1.00,0.00,0.00,0.00,-1.00,0,None,0,aggregation
160,255.54,remora2,remora5,30.00,30.00,30.00,30.00,30.00,30.00,30.00,30.00,30.00,30.00,30.00,30.00,30.00,30.00,30.00,30.00,30.00,30.00,30.00,30.00,10.00,10.00,9.97,9.95,9.92,9.90,9.88,9.86,9.84,9.83,10.00,10.00,9.97,9.95,9.92,9.90,9.88,9.86,9.84,9.83,300.00,0.00,0.00,1.00,0.00,0.00,0.00,-1.00,0,None,0,aggregation
160,256.54,remora2,remora5,30.00,30.00,30.00,30.00,30.00,30.00,30.00,30.00,30.00,30.00,30.00,30.00,30.00,30.00,30.00,30.00,30.00,30.00,30.00,30.00,9.82,9.81,9.81,9.80,9.80,9.80,9.80,9.79,9.79,9.79,9.82,9.81,9.81,9.80,9.80,9.80,9.80,9.79,9.79,9.79,300.00,0.00,0.00,1.00,0.00,0.00,0.00,-1.00,0,None,0,aggregation
160,257.54,remora2,remora5,30.00,30.00,30.00,30.00,30.00,30.00,30.00,30.00,30.00,30.00,30.00,30.00,30.00,30.00,30.00,30.00,30.00,30.00,30.00,30.00,9.79,9.78,9.78,9.78,9.78,9.77,9.77,9.76,9.76,9.75,9.79,9.78,9.78,9.78,9.78,9.77,9.77,9.76,9.76,9.75,300.00,0.00,0.00,1.00,0.00,0.00,0.00,-1.00,0,None,0,aggregation
160,258.54,remora2,remora5,30.00,30.00,30.00,30.00,30.00,30.00,30.00,30.00,30.00,30.00,30.00,30.00,30.00,30.00,30.00,30.00,30.00,30.00,30.00,30.00,9.75,9.74,9.73,9.72,9.72,9.71,9.70,9.69,9.68,9.67,9.75,9.74,9.73,9.72,9.72,9.71,9.70,9.69,9.68,9.67,300.00,0.00,0.00,1.00,0.00,0.00,0.00,-1.00,0,None,0,aggregation
160,259.54,remora2,remora5,30.00,30.00,30.00,30.00,30.00,30.00,30.00,30.00,30.00,30.00,30.00,30.00,30.00,30.00,30.00,30.00,30.00,30.00,30.00,30.00,9.65,9.64,9.63,9.62,9.60,9.59,9.58,9.56,9.55,9.53,9.65,9.64,9.63,9.62,9.60,9.59,9.58,9.56,9.55,9.53,300.00,0.00,0.00,1.00,0.00,0.00,0.00,-1.00,0,None,0,aggregation
160,260.54,remora2,remora5,30.00,30.00,30.00,30.00,30.00,30.00,30.00,30.00,30.00,30.00,30.00,30.00,30.00,30.00,30.00,30.00,30.00,30.00,30.00,30.00,9.52,9.50,9.49,9.47,9.46,9.44,9.43,9.41,9.39,9.38,9.52,9.50,9.49,9.47,9.46,9.44,9.43,9.41,9.39,9.38,300.00,0.00,0.00,1.00,0.00,0.00,0.00,-1.00,0,None,0,aggregation
160,261.54,remora2,remora5,30.00,30.00,30.00,30.00,30.00,30.00,30.00,30.00,30.00,30.00,30.00,30.00,30.00,30.00,30.00,30.00,30.00,30.00,30.00,30.00,9.36,9.34,9.33,9.31,9.29,9.28,9.26,9.24,9.23,9.21,9.36,9.34,9.33,9.31,9.29,9.28,9.26,9.24,9.23,9.21,300.00,0.00,0.00,1.00,0.00,0.00,0.00,-1.00,0,None,0,aggregation
160,262.54,remora2,remora5,30.00,30.00,30.00,30.00,30.00,30.00,30.00,30.00,30.00,30.00,30.00,30.00,30.00,30.00,30.00,30.00,30.00,30.00,30.00,30.00,9.19,9.18,9.16,9.14,9.13,9.11,9.09,9.08,9.06,9.05,9.19,9.18,9.16,9.14,9.13,9.11,9.09,9.08,9.06,9.05,300.00,0.00,0.00,1.00,0.00,0.00,0.00,-1.00,0,None,0,aggregation
160,263.54,remora2,remora5,30.00,30.00,30.00,30.00,30.00,30.00,30.00,30.00,30.00,30.00,30.00,30.00,30.00,30.00,30.00,30.00,30.00,30.00,30.00,30.00,9.03,9.02,9.00,8.99,8.97,8.96,8.94,8.93,8.92,8.90,9.03,9.02,9.00,8.99,8.97,8.96,8.94,8.93,8.92,8.90,300.00,0.00,0.00,1.00,0.00,0.00,0.00,-1.00,0,None,0,aggregation
160,264.54,remora2,remora5,30.00,30.00,30.00,30.00,30.00,30.00,30.00,30.00,30.00,30.00,30.00,30.00,30.00,30.00,30.00,30.00,30.00,30.00,30.00,30.00,8.89,8.87,8.86,8.85,8.83,8.82,8.81,8.80,8.78,8.77,8.89,8.87,8.86,8.85,8.83,8.82,8.81,8.80,8.78,8.77,300.00,0.00,0.00,1.00,0.00,0.00,0.00,-1.00,0,None,0,aggregation
160,265.54,remora2,remora5,30.00,30.00,30.00,30.00,30.00,30.00,30.00,30.00,30.00,30.00,30.00,30.00,30.00,30.00,30.00,30.00,30.00,30.00,30.00,30.00,8.76,8.75,8.73,8.72,8.71,8.70,8.69,8.68,8.67,8.65,8.76,8.75,8.73,8.72,8.71,8.70,8.69,8.68,8.67,8.65,300.00,0.00,0.00,1.00,0.00,0.00,0.00,-1.00,0,None,0,aggregation
160,266.54,remora2,remora5,30.00,30.00,30.00,30.00,30.00,30.00,30.00,30.00,30.00,30.00,30.00,30.00,30.00,30.00,30.00,30.00,30.00,30.00,30.00,30.00,8.64,8.63,8.62,8.61,8.60,8.59,8.58,8.57,8.56,8.55,8.64,8.63,8.62,8.61,8.60,8.59,8.58,8.57,8.56,8.55,300.00,0.00,0.00,1.00,0.00,0.00,0.00,-1.00,0,None,0,aggregation
160,267.54,remora2,remora5,30.00,30.00,30.00,30.00,30.00,30.00,30.00,30.00,30.00,30.00,30.00,30.00,30.00,30.00,30.00,30.00,30.00,30.00,30.00,30.00,8.53,8.52,8.51,8.50,8.49,8.48,8.47,8.46,8.45,8.44,8.53,8.52,8.51,8.50,8.49,8.48,8.47,8.46,8.45,8.44,300.00,0.00,0.00,1.00,0.00,0.00,0.00,-1.00,0,None,0,aggregation
160,268.54,remora2,remora5,30.00,30.00,30.00,30.00,30.00,30.00,30.00,30.00,0.00,0.00,30.00,30.00,30.00,30.00,30.00,30.00,30.00,30.00,0.00,0.00,8.43,8.42,8.40,8.39,8.38,8.37,8.36,8.35,8.34,8.33,8.43,8.42,8.40,8.39,8.38,8.37,8.36,8.35,8.34,8.33,294.00,0.00,0.00,1.00,0.00,0.00,0.00,-1.00,0,None,0,aggregation
160,269.54,remora2,remora5,19.88,19.88,20.18,20.18,20.92,20.92,21.63,21.63,22.33,22.33,13.32,13.32,13.72,13.72,14.69,14.69,15.63,15.63,16.56,16.56,8.31,8.30,8.29,8.28,8.27,8.26,8.24,8.23,8.22,8.21,8.31,8.30,8.29,8.28,8.27,8.26,8.24,8.23,8.22,8.21,281.89,0.00,0.00,1.00,0.00,0.00,0.00,-1.00,0,None,0,aggregation
160,270.54,remora2,remora5,23.00,23.00,23.51,23.51,24.02,24.02,24.50,24.50,24.97,24.97,17.46,17.46,18.17,18.17,18.85,18.85,19.52,19.52,20.18,20.18,8.20,8.19,8.18,8.17,8.16,8.15,8.14,8.13,8.12,8.11,8.20,8.19,8.18,8.17,8.16,8.15,8.14,8.13,8.12,8.11,273.30,0.00,0.00,1.00,0.00,0.00,0.00,-1.00,0,None,0,aggregation
160,271.54,remora2,remora5,25.42,25.42,25.74,25.74,26.16,26.16,26.46,26.46,26.75,26.75,20.81,20.81,21.28,21.28,21.88,21.88,22.32,22.32,22.75,22.75,8.10,8.09,8.08,8.07,8.06,8.06,8.05,8.04,8.03,8.03,8.10,8.09,8.08,8.07,8.06,8.06,8.05,8.04,8.03,8.03,267.26,0.00,0.00,1.00,0.00,0.00,0.00,-1.00,0,None,0,aggregation
160,272.54,remora2,remora5,27.12,27.12,27.30,27.30,27.47,27.47,27.81,27.81,27.96,27.96,23.31,23.31,23.58,23.58,23.85,23.85,24.36,24.36,24.61,24.61,8.02,8.01,8.01,8.00,7.99,7.99,7.98,7.97,7.97,7.96,8.02,8.01,9.00,8.98,8.97,8.95,8.94,8.92,8.91,8.90,263.00,0.00,0.00,1.00,0.00,0.00,0.00,-1.00,0,None,0,aggregation
160,273.54,remora2,remora5,28.12,28.12,28.26,28.26,28.48,28.48,28.61,28.61,28.74,28.74,24.86,24.86,25.10,25.10,25.45,25.45,25.68,25.68,25.90,25.90,7.96,7.95,7.95,7.94,7.94,7.93,7.93,7.92,7.92,7.91,8.88,8.87,8.86,8.85,8.83,8.82,8.81,8.80,8.79,8.78,259.92,0.00,0.00,1.00,0.00,0.00,0.00,-1.00,0,None,0,aggregation
160,274.54,remora2,remora5,28.86,28.86,28.98,28.98,29.09,29.09,29.20,29.20,29.20,29.20,26.12,26.12,26.33,26.33,26.54,26.54,26.74,26.74,26.74,26.74,7.91,7.91,7.90,7.90,7.89,7.89,7.89,7.88,7.88,7.88,8.77,8.76,8.75,8.74,8.73,8.72,8.71,8.70,8.70,8.69,257.70,0.00,0.00,1.00,0.00,0.00,0.00,-1.00,0,None,0,aggregation
160,275.54,remora2,remora5,29.30,29.30,29.40,29.40,29.49,29.49,29.54,29.54,29.58,29.58,26.93,26.93,27.12,27.12,27.31,27.31,27.40,27.40,27.49,27.49,7.87,7.87,7.87,7.86,7.86,7.86,7.86,7.85,7.85,7.85,8.68,8.67,8.67,8.66,8.65,8.64,8.64,8.63,8.63,8.62,256.06,0.00,0.00,1.00,0.00,0.00,0.00,-1.00,0,None,0,aggregation
160,276.54,remora2,remora5,29.62,29.62,29.70,29.70,29.77,29.77,29.77,29.77,29.83,29.83,27.57,27.57,27.74,27.74,27.91,27.91,27.91,27.91,28.07,28.07,7.85,7.84,7.84,7.84,7.84,7.84,7.83,7.83,7.83,7.83,8.61,8.61,8.60,8.60,8.59,8.59,8.59,8.59,8.59,8.59,254.85,0.00,0.00,1.00,0.00,0.00,0.00,-1.00,0,None,0,aggregation
160,132.54,remora2,remora8,29.95,29.95,29.95,29.95,29.95,29.95,29.95,29.95,29.95,29.95,30.04,30.04,30.04,30.04,30.04,30.04,30.04,30.04,30.04,30.04,3.12,3.09,3.06,3.03,3.00,2.97,2.94,2.91,2.88,2.85,6.09,6.07,6.05,6.03,6.00,5.98,5.96,5.93,5.91,5.89,293.97,0.00,0.00,1.00,0.00,0.00,0.00,-1.00,0,None,0,aggregation
160,133.54,remora2,remora8,29.95,29.95,29.93,29.93,29.93,29.93,29.93,29.93,29.95,29.95,30.04,30.04,30.06,30.06,30.06,30.06,30.06,30.06,30.04,30.04,2.82,2.79,2.76,2.73,2.70,2.67,2.64,2.61,2.58,2.55,5.86,5.84,5.82,5.79,5.77,5.75,5.72,5.70,5.67,5.65,293.97,0.00,1.00,1.00,0.00,0.00,0.00,-1.00,0,None,0,aggregation
160,134.54,remora2,remora8,29.95,29.95,29.95,29.95,29.93,29.93,29.93,29.93,29.93,29.93,30.04,30.04,30.04,30.04,30.06,30.06,30.06,30.06,30.06,30.06,2.52,2.49,2.46,2.43,2.40,2.37,2.34,2.31,2.28,2.25,5.63,5.60,5.58,5.56,5.53,5.51,5.48,5.46,5.44,5.41,293.96,0.00,1.00,1.00,0.00,0.00,0.00,-1.00,0,None,0,aggregation
160,135.54,remora2,remora8,29.93,29.93,29.95,29.95,29.93,29.93,29.93,29.93,29.93,29.93,30.06,30.06,30.04,30.04,30.06,30.06,30.06,30.06,30.06,30.06,2.22,2.19,2.16,2.13,2.10,2.07,2.04,2.01,1.98,1.95,5.39,5.37,5.34,5.32,5.30,5.27,5.25,5.23,5.20,5.18,299.96,0.00,1.00,1.00,0.00,0.00,0.00,-1.00,0,None,0,aggregation
160,136.54,remora2,remora8,29.93,29.93,29.93,29.93,29.93,29.93,29.93,29.93,29.90,29.90,30.06,30.06,30.06,30.06,30.06,30.06,30.06,30.06,30.08,30.08,1.92,1.89,1.86,1.83,1.80,1.77,1.74,1.71,1.68,1.65,5.16,5.13,5.11,5.09,5.07,5.04,5.02,5.00,4.98,4.95,299.96,0.00,1.00,1.00,0.00,0.00,0.00,-1.00,0,None,0,aggregation
160,137.54,remora2,remora8,0.00,0.00,0.00,0.00,0.00,0.00,0.00,0.00,0.00,0.00,0.00,0.00,0.00,0.00,0.00,0.00,0.00,0.00,0.00,0.00,1.63,1.62,1.62,1.62,1.62,1.62,1.62,1.62,1.62,1.62,4.94,4.94,4.94,4.95,4.95,4.96,4.96,4.97,4.98,4.98,269.96,0.00,1.00,1.00,0.00,0.00,0.00,-1.00,0,None,0,aggregation
160,138.54,remora2,remora8,0.00,0.00,0.00,0.00,0.00,0.00,0.00,0.00,0.00,0.00,0.00,0.00,0.00,0.00,0.00,0.00,0.00,0.00,0.00,0.00,1.62,1.62,1.62,1.62,1.62,1.62,1.62,1.62,1.62,1.62,4.98,4.99,4.99,5.00,5.00,5.00,5.01,5.01,5.01,5.02,239.97,0.00,1.00,1.00,0.00,0.00,0.00,-1.00,0,None,0,aggregation
160,139.54,remora2,remora8,0.00,0.00,0.00,0.00,0.00,0.00,0.00,0.00,0.00,0.00,0.00,0.00,0.00,0.00,0.00,0.00,0.00,0.00,0.00,0.00,1.62,1.62,1.62,1.62,1.62,1.62,1.62,1.62,1.62,1.62,5.02,5.02,5.03,5.03,5.03,5.03,5.03,5.04,5.04,5.04,209.97,0.00,1.00,1.00,0.00,0.00,0.00,-1.00,0,None,0,aggregation
160,140.54,remora2,remora8,0.00,0.00,0.00,0.00,0.00,0.00,0.00,0.00,0.00,0.00,0.00,0.00,0.00,0.00,0.00,0.00,0.00,0.00,0.00,0.00,1.62,1.62,1.62,1.62,1.62,1.62,1.62,1.64,1.66,1.68,5.04,5.04,5.04,5.04,5.05,5.05,5.05,5.06,5.07,5.08,179.97,0.00,1.00,1.00,0.00,0.00,0.00,-1.00,0,None,0,aggregation
160,141.54,remora2,remora8,0.00,0.00,0.00,0.00,0.00,0.00,0.00,0.00,0.00,0.00,0.00,0.00,0.00,0.00,0.00,0.00,0.00,0.00,0.00,0.00,1.70,1.72,1.74,1.76,1.79,1.81,1.83,1.86,1.88,1.90,5.09,5.09,5.10,5.11,5.12,5.13,5.14,5.15,5.16,5.17,149.98,0.00,1.00,1.00,0.00,0.00,0.00,-1.00,0,None,0,aggregation
160,142.54,remora2,remora8,0.00,0.00,0.00,0.00,0.00,0.00,0.00,0.00,0.00,0.00,0.00,0.00,0.00,0.00,0.00,0.00,0.00,0.00,0.00,0.00,1.93,1.95,1.98,2.00,2.03,2.05,2.08,2.11,2.13,2.16,5.18,5.19,5.20,5.21,5.22,5.24,5.25,5.26,5.27,5.28,119.98,0.00,1.00,1.00,0.00,0.00,0.00,-1.00,0,None,0,aggregation
160,143.54,remora2,remora8,0.00,0.00,0.00,0.00,0.00,0.00,0.00,0.00,0.00,0.00,0.00,0.00,0.00,0.00,0.00,0.00,0.00,0.00,0.00,0.00,2.18,2.21,2.24,2.27,2.29,2.32,2.35,2.37,2.40,2.43,5.29,5.30,5.32,5.33,5.34,5.35,5.36,5.37,5.39,5.40,89.98,0.00,1.00,1.00,0.00,0.00,0.00,-1.00,0,None,0,aggregation
160,144.54,remora2,remora8,0.00,0.00,0.00,0.00,0.00,0.00,0.00,0.00,0.00,0.00,0.00,0.00,0.00,0.00,0.00,0.00,0.00,0.00,0.00,0.00,2.46,2.48,2.51,2.54,2.57,2.60,2.62,2.65,2.68,2.71,5.41,5.42,5.43,5.44,6.59,6.60,6.61,6.62,6.62,6.63,59.99,0.00,1.00,1.00,0.00,0.00,0.00,-1.00,0,None,0,aggregation
160,145.54,remora2,remora8,0.00,0.00,0.00,0.00,0.00,0.00,0.00,0.00,0.00,0.00,0.00,0.00,0.00,0.00,0.00,0.00,0.00,0.00,0.00,0.00,2.73,2.76,2.79,2.82,2.85,2.87,2.90,2.93,2.96,2.99,6.64,6.65,6.66,6.66,6.67,6.68,6.69,6.70,6.70,6.71,29.99,0.00,1.00,0.00,0.00,0.00,0.00,-1.00,0,None,0,aggregation
160,146.54,remora2,remora8,0.00,0.00,0.00,0.00,0.00,0.00,0.00,0.00,0.00,0.00,0.00,0.00,0.00,0.00,0.00,0.00,0.00,0.00,0.00,0.00,3.01,3.04,3.07,3.10,3.13,3.15,3.18,3.21,3.24,3.27,6.72,6.73,6.73,6.74,6.75,6.76,6.76,6.77,6.78,6.78,0.00,0.00,0.00,0.00,0.00,0.00,0.00,-1.00,0,None,0,aggregation
160,147.54,remora2,remora8,0.00,0.00,0.00,0.00,0.00,0.00,0.00,0.00,0.00,0.00,0.00,0.00,0.00,0.00,0.00,0.00,0.00,0.00,0.00,0.00,3.29,3.32,3.35,3.38,3.41,3.43,3.46,3.49,3.52,3.55,6.79,6.80,6.81,6.81,6.82,6.83,6.83,6.84,6.85,6.85,0.00,0.00,0.00,0.00,0.00,0.00,0.00,-1.00,0,None,0,aggregation
160,148.54,remora2,remora8,0.00,0.00,0.00,0.00,0.00,0.00,0.00,0.00,0.00,0.00,0.00,0.00,0.00,0.00,0.00,0.00,0.00,0.00,0.00,0.00,3.57,3.60,3.63,3.66,3.68,3.71,3.74,3.77,3.79,3.82,6.86,6.87,6.88,6.88,6.89,6.90,6.91,6.91,6.92,6.93,0.00,0.00,0.00,0.00,0.00,0.00,0.00,-1.00,0,None,0,aggregation
160,149.54,remora2,remora8,0.00,0.00,0.00,0.00,0.00,0.00,0.00,0.00,0.00,0.00,0.00,0.00,0.00,0.00,0.00,0.00,0.00,0.00,0.00,0.00,3.85,3.88,3.89,3.89,3.88,3.86,3.85,3.87,3.89,3.89,6.94,6.95,6.95,6.96,6.96,6.95,6.95,6.96,6.96,6.97,0.00,0.00,0.00,0.00,0.00,0.00,0.00,-1.00,0,None,0,aggregation
160,150.54,remora2,remora8,0.00,0.00,0.00,0.00,0.00,0.00,0.00,0.00,0.00,0.00,0.00,0.00,0.00,0.00,0.00,0.00,0.00,0.00,0.00,0.00,3.88,3.86,3.84,3.83,3.83,3.83,3.84,3.85,3.85,3.86,6.97,6.96,6.96,6.96,6.96,6.96,6.96,6.97,6.97,6.97,0.00,0.00,0.00,0.00,0.00,0.00,0.00,-1.00,0,None,0,aggregation
160,151.54,remora2,remora8,0.00,0.00,0.00,0.00,0.00,0.00,0.00,0.00,0.00,0.00,0.00,0.00,0.00,0.00,0.00,0.00,0.00,0.00,0.00,0.00,3.86,3.86,3.87,3.87,3.87,3.87,3.86,3.86,3.86,3.85,6.97,6.97,6.97,6.97,6.97,6.97,6.97,6.97,6.97,6.97,0.00,0.00,0.00,0.00,0.00,0.00,0.00,-1.00,0,None,0,aggregation
160,152.54,remora2,remora8,0.00,0.00,0.00,0.00,0.00,0.00,0.00,0.00,0.00,0.00,0.00,0.00,0.00,0.00,0.00,0.00,0.00,0.00,0.00,0.00,3.85,3.85,3.85,3.86,3.86,3.88,3.88,3.87,3.86,3.84,6.97,7.12,7.11,7.11,7.10,7.10,7.10,7.09,7.08,7.07,0.00,0.00,0.00,0.00,0.00,0.00,0.00,-1.00,0,None,0,aggregation
160,153.54,remora2,remora8,0.00,0.00,0.00,0.00,0.00,0.00,0.00,0.00,0.00,0.00,0.00,0.00,0.00,0.00,0.00,0.00,0.00,0.00,0.00,0.00,3.82,3.80,3.79,3.79,3.79,3.80,3.80,3.78,3.77,3.76,7.06,7.05,7.04,7.03,7.03,7.03,7.02,7.01,7.00,6.99,0.00,0.00,0.00,0.00,0.00,0.00,0.00,-1.00,0,None,0,aggregation
160,154.54,remora2,remora8,0.00,0.00,0.00,0.00,0.00,0.00,0.00,0.00,0.00,0.00,0.00,0.00,0.00,0.00,0.00,0.00,0.00,0.00,0.00,0.00,3.75,3.76,3.76,3.77,3.77,3.77,3.76,3.75,3.74,3.74,6.98,6.98,6.97,6.97,6.97,6.96,6.95,6.94,6.94,6.93,0.00,0.00,0.00,0.00,0.00,0.00,0.00,-1.00,0,None,0,aggregation
160,155.54,remora2,remora8,0.00,0.00,0.00,0.00,0.00,0.00,0.00,0.00,0.00,0.00,0.00,0.00,0.00,0.00,0.00,0.00,0.00,0.00,0.00,0.00,3.75,3.75,3.75,3.75,3.75,3.75,3.74,3.74,3.73,3.73,6.93,6.92,6.92,6.91,6.91,6.90,6.90,6.89,6.88,6.88,0.00,0.00,0.00,0.00,0.00,0.00,0.00,-1.00,0,None,0,aggregation
160,156.54,remora2,remora8,0.00,0.00,0.00,0.00,0.00,0.00,0.00,0.00,0.00,0.00,0.00,0.00,0.00,0.00,0.00,0.00,0.00,0.00,0.00,0.00,3.73,3.74,3.74,3.75,3.75,3.75,3.75,3.75,3.75,3.75,6.88,6.87,6.87,6.87,6.87,6.86,6.86,6.85,6.85,6.84,0.00,0.00,0.00,0.00,0.00,0.00,0.00,-1.00,0,None,0,aggregation
160,157.54,remora2,remora8,0.00,0.00,0.00,0.00,-35.16,-35.16,-35.07,-35.07,-35.07,-34.81,0.00,0.00,0.00,0.00,-24.69,-24.69,-24.60,-24.60,-24.60,-24.35,3.75,3.75,3.75,3.75,3.76,3.79,3.82,3.85,3.88,3.90,6.84,6.84,6.83,6.83,6.84,6.86,6.89,6.91,6.94,6.96,17.89,0.00,0.00,0.00,0.00,0.00,0.00,-1.00,0,None,0,aggregation
160,158.54,remora2,remora8,-34.39,-34.39,-33.83,-33.83,-33.20,-33.20,-32.38,-32.38,-31.42,-31.42,-23.93,-23.93,-23.36,-23.36,-22.74,-22.74,-21.91,-21.91,-20.96,-20.96,3.93,3.95,3.98,4.00,4.03,4.05,4.07,4.09,4.12,4.14,6.98,7.01,7.03,7.06,7.08,7.10,7.12,7.15,7.17,7.19,45.71,0.00,0.00,1.00,0.00,0.00,0.00,-1.00,0,None,0,aggregation
160,159.54,remora2,remora8,-30.34,-30.34,-29.13,-29.13,-28.08,-28.08,-26.67,-26.67,-25.31,-25.31,-19.87,-19.87,-18.66,-18.66,-17.61,-17.61,-16.20,-16.20,-14.84,-14.84,4.16,4.18,4.20,4.22,4.24,4.26,4.28,4.30,4.32,4.33,7.21,7.23,7.25,7.27,7.29,7.31,7.33,7.34,7.36,7.38,68.38,0.00,0.00,1.00,0.00,0.00,0.00,-1.00,0,None,0,aggregation
160,160.54,remora2,remora8,-23.87,-23.87,-22.35,-22.35,-20.77,-20.77,-19.13,-19.13,-17.63,-17.63,-13.40,-13.40,-11.89,-11.89,-10.31,-10.31,-8.67,-8.67,-7.16,-7.16,4.35,4.36,4.38,4.39,4.40,4.42,4.43,4.44,4.44,4.45,7.39,7.41,7.42,7.43,7.45,7.46,7.47,7.48,7.49,7.50,83.89,0.00,0.00,1.00,0.00,0.00,0.00,-1.00,0,None,0,aggregation
160,161.54,remora2,remora8,-15.89,-15.89,-14.10,-14.10,-12.49,-12.49,-10.65,-10.65,-8.99,-8.99,-5.42,-5.42,-3.64,-3.64,-2.03,-2.03,-0.18,-0.18,1.47,1.47,4.46,4.46,4.47,4.47,4.47,4.47,4.47,4.47,4.47,4.47,7.51,7.51,7.52,7.53,7.53,7.54,7.55,7.55,7.56,7.56,91.09,0.00,0.00,1.00,0.00,0.00,0.00,-1.00,0,None,0,aggregation
160,162.54,remora2,remora8,-7.12,-7.12,-5.44,-5.44,-3.37,-3.37,-1.52,-1.52,0.33,0.33,3.35,3.35,5.02,5.02,6.72,6.72,8.20,8.20,9.68,9.68,4.47,4.46,4.46,4.45,4.44,4.44,4.43,4.42,4.41,4.40,7.57,7.57,7.57,7.58,7.58,6.37,6.37,6.37,6.37,6.37,93.51,0.00,0.00,1.00,0.00,0.00,0.00,-1.00,0,None,0,aggregation
160,163.54,remora2,remora8,2.16,2.16,3.97,3.97,5.53,5.53,7.07,7.07,8.36,8.36,11.13,11.13,12.57,12.57,13.81,13.81,15.02,15.02,16.04,16.04,4.39,4.38,4.37,4.36,4.35,4.34,4.33,4.32,4.31,4.30,6.37,6.37,6.37,6.38,6.38,6.38,6.38,6.38,6.38,6.39,103.07,0.00,0.00,1.00,0.00,0.00,0.00,-1.00,0,None,0,aggregation
160,164.54,remora2,remora8,9.85,9.85,11.31,11.31,12.53,12.53,13.72,13.72,14.88,14.88,17.20,17.20,18.33,18.33,19.27,19.27,20.18,20.18,21.06,21.06,4.30,4.29,4.29,4.28,4.28,4.28,4.28,4.29,4.29,4.29,6.39,6.40,6.40,6.41,6.42,6.43,6.44,6.45,6.46,6.48,118.91,0.00,0.00,1.00,0.00,0.00,0.00,-1.00,0,None,0,aggregation
160,165.54,remora2,remora8,16.19,16.19,17.28,17.28,18.34,18.34,19.19,19.19,20.18,20.18,22.05,22.05,22.86,22.86,23.64,23.64,24.26,24.26,24.97,24.97,4.30,4.30,4.31,4.32,4.33,4.34,4.35,4.36,4.37,4.38,6.49,6.50,6.52,6.54,6.55,6.57,6.59,6.61,6.63,6.65,139.80,0.00,0.00,1.00,0.00,0.00,0.00,-1.00,0,None,0,aggregation
160,166.54,remora2,remora8,20.97,20.97,21.73,21.73,22.47,22.47,23.03,23.03,23.58,23.58,25.53,25.53,26.06,26.06,26.56,26.56,26.94,26.94,27.30,27.30,4.40,4.41,4.43,4.44,4.46,4.48,4.50,4.52,4.54,4.56,6.67,6.70,6.72,6.74,6.77,6.79,6.82,6.84,6.87,6.90,164.22,0.00,0.00,1.00,0.00,0.00,0.00,-1.00,0,None,0,aggregation
160,167.54,remora2,remora8,24.11,24.11,24.61,24.61,24.98,24.98,25.34,25.34,25.79,25.79,27.64,27.64,27.96,27.96,28.19,28.19,28.41,28.41,28.68,28.68,4.58,4.60,4.62,4.65,4.67,4.70,4.72,4.75,4.78,4.81,6.93,6.95,6.98,7.01,7.04,7.07,7.10,7.13,7.16,7.19,172.90,0.00,0.00,1.00,0.00,0.00,0.00,-1.00,0,None,0,aggregation
160,168.54,remora2,remora8,26.01,26.01,26.23,26.23,26.54,26.54,26.84,26.84,27.03,27.03,28.80,28.80,28.92,28.92,29.09,29.09,29.25,29.25,29.35,29.35,4.84,4.87,4.90,4.93,4.96,4.99,5.03,5.06,5.09,5.12,7.23,7.26,7.29,7.32,7.36,7.39,7.42,7.46,7.49,7.52,172.89,0.00,0.00,1.00,0.00,0.00,0.00,-1.00,0,None,0,aggregation
160,267.54,remora2,remora8,0.00,0.00,0.00,0.00,0.00,0.00,0.00,0.00,0.00,0.00,0.00,0.00,0.00,0.00,0.00,0.00,0.00,0.00,0.00,0.00,1.43,1.43,1.43,1.43,1.42,1.42,1.42,1.42,1.42,1.42,3.83,3.82,3.82,3.81,3.81,3.80,3.80,3.79,3.78,3.78,0.00,1.00,0.00,0.00,0.00,0.00,0.00,-1.00,0,None,0,aggregation
160,268.54,remora2,remora8,0.00,0.00,0.00,0.00,0.00,0.00,0.00,0.00,0.00,0.00,0.00,0.00,0.00,0.00,0.00,0.00,0.00,0.00,0.00,0.00,1.42,1.42,1.42,1.42,1.42,1.42,1.42,1.42,1.41,1.41,3.77,3.77,3.78,3.78,3.78,3.78,3.78,3.78,3.78,3.79,0.00,1.00,0.00,0.00,0.00,0.00,0.00,-1.00,0,None,0,aggregation
160,269.54,remora2,remora8,0.00,0.00,0.00,0.00,0.00,0.00,0.00,0.00,0.00,0.00,0.00,0.00,0.00,0.00,0.00,0.00,0.00,0.00,0.00,0.00,1.41,1.41,1.41,1.41,1.41,1.41,1.40,1.40,1.40,1.40,3.79,3.79,3.79,3.79,3.79,3.79,3.79,3.79,3.80,3.80,0.00,1.00,0.00,0.00,0.00,0.00,0.00,-1.00,0,None,0,aggregation
160,270.54,remora2,remora8,0.00,0.00,0.00,0.00,0.00,0.00,0.00,0.00,0.00,0.00,0.00,0.00,0.00,0.00,0.00,0.00,0.00,0.00,0.00,0.00,1.40,1.40,1.40,1.40,1.40,1.40,1.40,1.40,1.40,1.40,3.80,3.80,3.80,3.80,3.80,3.81,3.81,3.81,3.81,3.81,0.00,1.00,0.00,0.00,0.00,0.00,0.00,-1.00,0,None,0,aggregation
160,271.54,remora2,remora8,0.00,0.00,0.00,0.00,0.00,0.00,0.00,0.00,0.00,0.00,0.00,0.00,0.00,0.00,0.00,0.00,0.00,0.00,0.00,0.00,1.40,1.39,1.39,1.39,1.39,1.39,1.39,1.39,1.39,1.39,3.81,3.81,3.82,3.82,3.82,3.82,3.82,3.83,3.83,3.83,0.00,1.00,0.00,0.00,0.00,0.00,0.00,-1.00,0,None,0,aggregation
160,272.54,remora2,remora8,0.00,0.00,0.00,0.00,0.00,0.00,0.00,0.00,0.00,0.00,0.00,0.00,0.00,0.00,0.00,0.00,0.00,0.00,0.00,0.00,1.39,1.38,1.38,1.38,1.38,1.38,1.38,1.38,1.38,1.38,3.84,3.84,3.84,3.84,3.85,3.85,3.86,3.86,3.86,3.87,0.00,1.00,0.00,0.00,0.00,0.00,0.00,-1.00,0,None,0,aggregation
160,273.54,remora2,remora8,0.00,0.00,0.00,0.00,0.00,0.00,0.00,0.00,0.00,0.00,0.00,0.00,0.00,0.00,0.00,0.00,0.00,0.00,0.00,0.00,1.38,1.38,1.38,1.38,1.38,1.37,1.37,1.37,1.37,1.37,3.88,3.88,3.89,3.89,3.90,3.90,3.91,3.92,3.92,3.93,0.00,1.00,0.00,0.00,0.00,0.00,0.00,-1.00,0,None,0,aggregation
160,274.54,remora2,remora8,0.00,0.00,0.00,0.00,0.00,0.00,0.00,0.00,0.00,0.00,0.00,0.00,0.00,0.00,0.00,0.00,0.00,0.00,0.00,0.00,1.37,1.37,1.37,1.37,1.38,1.38,1.38,1.38,1.37,1.37,3.94,3.94,3.95,3.96,3.97,3.98,3.99,4.00,4.01,4.02,0.00,1.00,0.00,0.00,0.00,0.00,0.00,-1.00,0,None,0,aggregation
160,275.54,remora2,remora8,0.00,0.00,0.00,0.00,0.00,0.00,0.00,0.00,0.00,0.00,0.00,0.00,0.00,0.00,0.00,0.00,0.00,0.00,0.00,0.00,1.36,1.36,1.36,1.36,1.37,1.37,1.37,1.37,1.37,1.37,4.03,4.04,4.05,4.06,4.07,4.08,4.09,4.10,4.12,4.13,0.00,1.00,0.00,0.00,0.00,0.00,0.00,-1.00,0,None,0,aggregation
160,276.54,remora2,remora8,0.00,0.00,0.00,0.00,0.00,0.00,0.00,0.00,0.00,0.00,0.00,0.00,0.00,0.00,0.00,0.00,0.00,0.00,0.00,0.00,1.36,1.36,1.36,1.36,1.36,1.36,1.36,1.36,1.36,1.37,4.14,4.15,4.16,4.17,4.19,4.20,4.21,4.22,4.23,4.24,0.00,1.00,0.00,0.00,0.00,0.00,0.00,-1.00,0,None,0,aggregation
160,277.54,remora2,remora8,0.00,0.00,0.00,0.00,0.00,0.00,0.00,0.00,0.00,0.00,0.00,0.00,0.00,0.00,0.00,0.00,0.00,0.00,0.00,0.00,1.36,1.36,1.36,1.36,1.36,1.37,1.37,1.36,1.36,1.35,4.26,4.27,4.28,4.30,4.31,4.33,4.34,4.35,4.37,4.38,0.00,1.00,0.00,0.00,0.00,0.00,0.00,-1.00,0,None,0,aggregation
160,278.54,remora2,remora8,0.00,0.00,0.00,0.00,0.00,0.00,0.00,0.00,0.00,0.00,0.00,0.00,0.00,0.00,0.00,0.00,0.00,0.00,0.00,0.00,1.35,1.35,1.35,1.35,1.36,1.36,1.36,1.35,1.35,1.34,4.39,4.41,4.42,4.44,4.45,4.47,4.48,4.49,4.51,4.52,0.00,1.00,0.00,0.00,0.00,0.00,0.00,-1.00,0,None,0,aggregation
160,279.54,remora2,remora8,0.00,0.00,0.00,0.00,0.00,0.00,0.00,0.00,0.00,0.00,0.00,0.00,0.00,0.00,0.00,0.00,0.00,0.00,0.00,0.00,1.34,1.34,1.34,1.34,1.34,1.34,1.35,1.35,1.35,1.35,4.54,4.55,4.57,4.58,4.60,4.61,4.63,4.65,4.66,4.68,0.00,1.00,0.00,0.00,0.00,0.00,0.00,-1.00,0,None,0,aggregation
160,280.54,remora2,remora8,0.00,0.00,0.00,0.00,0.00,0.00,0.00,0.00,0.00,0.00,0.00,0.00,0.00,0.00,0.00,0.00,0.00,0.00,0.00,0.00,1.34,1.33,1.33,1.33,1.33,1.33,1.34,1.34,1.34,1.35,4.69,4.71,4.72,4.73,4.75,4.76,4.78,4.80,4.82,4.83,0.00,1.00,0.00,0.00,0.00,0.00,0.00,-1.00,0,None,0,aggregation
160,281.54,remora2,remora8,0.00,0.00,0.00,0.00,0.00,0.00,0.00,0.00,0.00,0.00,0.00,0.00,0.00,0.00,0.00,0.00,0.00,0.00,0.00,0.00,1.35,1.34,1.34,1.33,1.33,1.33,1.33,1.33,1.34,1.34,4.85,4.86,4.87,4.89,4.90,4.91,4.93,4.94,4.96,4.97,0.00,1.00,0.00,0.00,0.00,0.00,0.00,-1.00,0,None,0,aggregation
160,282.54,remora2,remora8,0.00,0.00,0.00,0.00,0.00,0.00,0.00,0.00,0.00,0.00,0.00,0.00,0.00,0.00,0.00,0.00,0.00,0.00,0.00,0.00,1.34,1.33,1.33,1.33,1.34,1.34,1.34,1.34,1.33,1.32,4.99,5.00,5.02,5.04,5.06,5.09,5.11,5.12,5.13,5.15,0.00,1.00,0.00,0.00,0.00,0.00,0.00,-1.00,0,None,0,aggregation
160,283.54,remora2,remora8,0.00,0.00,0.00,0.00,0.00,0.00,0.00,0.00,0.00,0.00,0.00,0.00,0.00,0.00,0.00,0.00,0.00,0.00,0.00,0.00,1.32,1.32,1.32,1.33,1.33,1.33,1.33,1.33,1.32,1.33,5.16,5.18,5.20,5.21,5.23,5.25,5.26,5.27,5.27,5.28,0.00,1.00,0.00,0.00,0.00,0.00,0.00,-1.00,0,None,0,aggregation
160,284.54,remora2,remora8,0.00,0.00,0.00,0.00,0.00,0.00,0.00,0.00,0.00,0.00,0.00,0.00,0.00,0.00,0.00,0.00,0.00,0.00,0.00,0.00,1.33,1.34,1.34,1.33,1.32,1.32,1.31,1.32,1.32,1.32,5.29,5.30,5.32,5.33,5.34,5.35,5.36,5.37,5.38,5.39,0.00,1.00,0.00,0.00,0.00,0.00,0.00,-1.00,0,None,0,aggregation
160,285.54,remora2,remora8,0.00,0.00,0.00,0.00,0.00,0.00,0.00,0.00,0.00,0.00,0.00,0.00,0.00,0.00,0.00,0.00,0.00,0.00,0.00,0.00,1.32,1.32,1.33,1.33,1.33,1.33,1.32,1.32,1.31,1.31,5.40,5.42,5.43,5.45,5.46,5.47,5.48,5.49,5.50,5.52,0.00,1.00,0.00,0.00,0.00,0.00,0.00,-1.00,0,None,0,aggregation
160,286.54,remora2,remora8,0.00,0.00,0.00,0.00,0.00,0.00,0.00,0.00,0.00,0.00,0.00,0.00,0.00,0.00,0.00,0.00,0.00,0.00,0.00,0.00,1.32,1.32,1.32,1.33,1.33,1.32,1.32,1.31,1.31,1.31,5.54,5.55,5.56,5.58,5.59,5.60,5.62,5.63,5.64,5.66,0.00,1.00,0.00,0.00,0.00,0.00,0.00,-1.00,0,None,0,aggregation
160,287.54,remora2,remora8,0.00,0.00,0.00,0.00,0.00,0.00,0.00,0.00,0.00,0.00,0.00,0.00,0.00,0.00,0.00,0.00,0.00,0.00,0.00,0.00,1.31,1.32,1.32,1.31,1.31,1.30,1.30,1.30,1.30,1.30,5.67,5.69,5.70,5.72,5.73,5.75,5.76,5.78,5.79,5.81,0.00,1.00,0.00,0.00,0.00,0.00,0.00,-1.00,0,None,0,aggregation
160,288.54,remora2,remora8,0.00,0.00,0.00,0.00,0.00,0.00,0.00,0.00,0.00,0.00,0.00,0.00,0.00,0.00,0.00,0.00,0.00,0.00,0.00,0.00,1.31,1.31,1.31,1.32,1.32,1.32,1.31,1.31,1.30,1.31,5.82,5.84,5.86,5.87,5.89,5.20,5.21,5.23,5.25,5.27,0.00,1.00,0.00,0.00,0.00,0.00,0.00,-1.00,0,None,0,aggregation
160,289.54,remora2,remora8,0.00,0.00,0.00,0.00,0.00,0.00,0.00,0.00,0.00,0.00,0.00,0.00,0.00,0.00,0.00,0.00,0.00,0.00,0.00,0.00,1.31,1.31,1.31,1.31,1.31,1.30,1.30,1.30,1.30,1.31,5.29,5.32,5.34,5.36,5.37,5.39,5.41,5.43,5.45,5.47,0.00,1.00,0.00,0.00,0.00,0.00,0.00,-1.00,0,None,0,aggregation
160,290.54,remora2,remora8,0.00,0.00,0.00,0.00,0.00,0.00,0.00,0.00,0.00,0.00,0.00,0.00,0.00,0.00,0.00,0.00,0.00,0.00,0.00,0.00,1.31,1.30,1.30,1.30,1.29,1.30,1.30,1.30,1.30,1.30,5.48,5.49,5.49,5.50,5.51,5.52,5.53,5.54,5.55,5.56,0.00,1.00,0.00,0.00,0.00,0.00,0.00,-1.00,0,None,0,aggregation
160,291.54,remora2,remora8,0.00,0.00,0.00,0.00,0.00,0.00,0.00,0.00,0.00,0.00,0.00,0.00,0.00,0.00,0.00,0.00,0.00,0.00,0.00,0.00,1.30,1.30,1.30,1.29,1.29,1.29,1.30,1.30,1.30,1.29,5.57,5.57,5.58,5.59,5.59,5.60,5.61,5.61,5.62,5.63,0.00,1.00,0.00,0.00,0.00,0.00,0.00,-1.00,0,None,0,aggregation
160,292.54,remora2,remora8,0.00,0.00,0.00,0.00,0.00,0.00,0.00,0.00,0.00,0.00,0.00,0.00,0.00,0.00,0.00,0.00,0.00,0.00,0.00,0.00,1.29,1.30,1.30,1.29,1.29,1.29,1.29,1.30,1.30,1.29,6.16,6.16,6.16,6.16,6.17,6.17,6.17,6.17,6.17,6.18,0.00,1.00,0.00,0.00,0.00,0.00,0.00,-1.00,0,None,0,aggregation
160,293.54,remora2,remora8,0.00,0.00,0.00,0.00,0.00,0.00,0.00,0.00,0.00,0.00,0.00,0.00,0.00,0.00,0.00,0.00,0.00,0.00,0.00,0.00,1.29,1.29,1.29,1.29,1.29,1.29,1.29,1.29,1.29,1.29,6.18,6.18,6.18,6.18,6.19,6.19,6.19,6.19,6.20,6.20,0.00,1.00,0.00,0.00,0.00,0.00,0.00,-1.00,0,None,0,aggregation
160,294.54,remora2,remora8,0.00,0.00,0.00,0.00,0.00,0.00,0.00,0.00,-35.23,-35.23,0.00,0.00,0.00,0.00,0.00,0.00,0.00,0.00,-24.76,-24.76,1.29,1.29,1.29,1.29,1.29,1.29,1.29,1.29,1.30,1.33,6.20,6.20,6.20,6.20,6.20,6.20,6.21,6.21,6.21,6.21,6.00,1.00,0.00,0.00,0.00,0.00,0.00,-1.00,0,None,0,aggregation
160,295.54,remora2,remora8,-35.17,-35.17,-34.60,-34.60,-33.57,-33.57,-32.24,-32.24,-30.77,-30.77,-24.70,-24.70,-24.14,-24.14,-23.10,-23.10,-21.77,-21.77,-20.31,-20.31,1.35,1.38,1.41,1.43,1.46,1.49,1.51,1.54,1.57,1.59,6.21,6.21,6.21,6.21,6.21,6.21,6.21,6.21,6.21,6.21,34.04,1.00,0.00,0.00,0.00,0.00,0.00,-1.00,0,None,0,aggregation
160,296.54,remora2,remora8,-28.91,-28.91,-26.90,-26.90,-24.43,-24.43,-21.70,-21.70,-19.28,-19.28,-18.44,-18.44,-16.44,-16.44,-13.97,-13.97,-11.24,-11.24,-8.82,-8.82,1.62,1.65,1.67,1.69,1.71,1.73,1.75,1.76,1.78,1.80,6.21,6.21,6.21,6.21,6.21,6.21,6.21,6.21,6.21,6.21,53.05,0.00,1.00,1.00,0.00,0.00,0.00,-1.00,0,None,0,aggregation
160,297.54,remora2,remora8,-16.85,-16.85,-14.52,-14.52,-12.04,-12.04,-9.61,-9.61,-7.33,-7.33,-6.38,-6.38,-4.05,-4.05,-1.58,-1.58,0.85,0.85,3.13,3.13,1.81,1.83,1.84,1.85,1.86,1.86,1.87,1.87,1.88,1.88,6.21,6.21,6.21,6.20,6.20,6.20,6.20,6.19,6.19,6.19,59.89,0.00,1.00,1.00,0.00,0.00,0.00,-1.00,0,None,0,aggregation
160,298.54,remora2,remora8,-5.15,-5.15,-2.84,-2.84,-0.60,-0.60,1.74,1.74,3.80,3.80,5.29,5.29,7.15,7.15,8.93,8.93,10.80,10.80,12.44,12.44,1.89,1.89,1.89,1.89,1.89,1.89,1.88,1.88,1.88,1.87,6.18,6.18,6.18,6.17,6.17,6.16,6.16,6.16,6.15,6.15,64.04,0.00,1.00,1.00,0.00,0.00,0.00,-1.00,0,None,0,aggregation
160,299.54,remora2,remora8,5.48,5.48,7.25,7.25,8.49,8.49,9.72,9.72,11.15,11.15,13.77,13.77,15.16,15.16,16.14,16.14,17.10,17.10,18.21,18.21,1.87,1.87,1.86,1.86,1.85,1.85,1.84,1.83,1.83,1.82,6.14,6.14,6.13,6.13,6.12,6.12,6.11,6.11,6.10,6.10,76.29,0.00,1.00,1.00,0.00,0.00,0.00,-1.00,0,None,0,aggregation
160,300.54,remora2,remora8,12.54,12.54,13.82,13.82,14.83,14.83,15.58,15.58,16.24,16.24,19.28,19.28,20.26,20.26,21.02,21.02,21.60,21.60,22.09,22.09,1.81,1.81,1.80,1.80,1.79,1.79,1.79,1.78,1.78,1.78,6.09,6.09,6.08,6.07,6.06,6.05,6.05,6.04,6.03,6.02,94.02,0.00,1.00,1.00,0.00,0.00,0.00,-1.00,0,None,0,aggregation
160,301.54,remora2,remora8,16.95,16.95,17.70,17.70,18.63,18.63,19.53,19.53,19.93,19.93,22.62,22.62,23.17,23.17,23.85,23.85,24.50,24.50,24.79,24.79,1.78,1.78,1.78,1.78,1.78,1.78,1.78,1.78,1.78,1.79,6.02,6.01,6.01,6.00,6.00,5.99,5.98,5.97,5.97,5.96,115.18,0.00,1.00,1.00,0.00,0.00,0.00,-1.00,0,None,0,aggregation
160,302.54,remora2,remora8,20.21,20.21,20.57,20.57,20.66,20.66,20.89,20.89,21.30,21.30,24.99,24.99,25.25,25.25,25.31,25.31,25.47,25.47,25.76,25.76,1.79,1.79,1.80,1.80,1.81,1.82,1.82,1.83,1.84,1.85,5.95,5.94,5.94,5.93,5.92,5.91,5.91,5.91,5.90,5.90,138.22,0.00,1.00,1.00,0.00,0.00,0.00,-1.00,0,None,0,aggregation
160,303.54,remora2,remora8,21.68,21.68,22.01,22.01,22.16,22.16,22.48,22.48,22.77,22.77,26.02,26.02,26.25,26.25,26.35,26.35,26.57,26.57,26.76,26.76,1.86,1.87,1.88,1.89,1.90,1.92,1.93,1.94,1.96,1.97,5.90,5.90,5.90,5.89,5.89,5.89,5.88,5.88,5.88,5.88,162.53,0.00,1.00,1.00,0.00,0.00,0.00,-1.00,0,None,0,aggregation
160,304.54,remora2,remora8,22.74,22.74,22.87,22.87,23.23,23.23,23.41,23.41,23.46,23.46,26.74,26.74,26.83,26.83,27.07,27.07,27.19,27.19,27.22,27.22,1.99,2.00,2.02,2.04,2.05,2.07,2.09,2.10,2.12,2.14,5.87,5.87,5.87,5.87,5.87,5.86,5.86,5.86,5.86,5.85,181.61,0.00,1.00,1.00,0.00,0.00,0.00,-1.00,0,None,0,aggregation
160,305.54,remora2,remora8,23.45,23.45,23.61,23.61,23.59,23.59,23.72,23.72,23.80,23.80,27.22,27.22,27.32,27.32,27.31,27.31,27.40,27.40,27.44,27.44,2.16,2.18,2.20,2.22,2.24,2.26,2.28,2.30,2.32,2.34,5.85,5.85,5.85,5.85,5.85,5.85,5.84,5.84,5.84,5.84,179.05,0.00,1.00,1.00,0.00,0.00,0.00,-1.00,0,None,0,aggregation
160,306.54,remora2,remora8,23.90,23.90,23.98,23.98,23.90,23.90,23.90,23.90,24.14,24.14,27.51,27.51,27.56,27.56,27.51,27.51,27.51,27.51,27.66,27.66,2.36,2.38,2.40,2.43,2.45,2.47,2.49,2.52,2.54,2.56,5.83,5.83,5.83,5.83,5.83,5.83,5.82,5.82,5.82,5.82,185.80,0.00,1.00,1.00,0.00,0.00,0.00,-1.00,0,None,0,aggregation
160,307.54,remora2,remora8,24.22,24.22,24.26,24.26,24.31,24.31,24.32,24.32,24.46,24.46,27.72,27.72,27.74,27.74,27.77,27.77,27.78,27.78,27.87,27.87,2.59,2.61,2.63,2.65,2.68,2.70,2.73,2.75,2.77,2.79,5.82,5.82,5.82,5.81,5.81,5.81,5.81,5.81,5.81,5.81,205.01,0.00,1.00,1.00,0.00,0.00,0.00,-1.00,0,None,0,aggregation
160,308.54,remora2,remora8,24.50,24.50,24.61,24.61,24.83,24.83,24.86,24.86,25.03,25.03,27.89,27.89,27.96,27.96,28.10,28.10,28.12,28.12,28.22,28.22,2.82,2.84,2.87,2.90,2.92,2.95,2.97,2.99,3.02,3.04,5.81,5.81,5.81,5.81,5.81,5.80,5.80,5.80,5.80,5.80,227.26,0.00,1.00,1.00,0.00,0.00,0.00,-1.00,0,None,0,aggregation
160,309.54,remora2,remora8,25.09,25.09,25.22,25.22,25.32,25.32,25.49,25.49,25.63,25.63,28.26,28.26,28.34,28.34,28.39,28.39,28.50,28.50,28.58,28.58,3.07,3.09,3.11,3.14,3.16,3.19,3.22,3.24,3.27,3.30,5.80,5.80,5.80,5.80,5.80,5.80,5.80,5.81,5.81,5.81,241.90,0.00,0.00,1.00,0.00,0.00,0.00,-1.00,0,None,0,aggregation
160,310.54,remora2,remora8,25.85,25.85,26.11,26.11,26.13,26.13,26.25,26.25,26.45,26.45,28.71,28.71,28.86,28.86,28.87,28.87,28.93,28.93,29.05,29.05,3.32,3.35,3.37,3.40,3.42,3.45,3.47,3.50,3.50,3.50,5.81,5.81,5.81,5.81,5.81,5.81,5.82,5.82,5.82,5.82,251.69,0.00,0.00,1.00,0.00,0.00,0.00,-1.00,0,None,0,aggregation
160,311.54,remora2,remora8,26.59,26.59,26.73,26.73,26.90,26.90,26.98,26.98,27.18,27.18,29.12,29.12,29.20,29.20,29.29,29.29,29.33,29.33,29.43,29.43,3.50,3.50,3.50,3.50,3.50,3.51,3.51,3.52,3.52,3.53,5.82,5.82,5.83,5.83,5.83,5.83,5.84,5.84,5.84,5.84,258.60,0.00,0.00,1.00,0.00,0.00,0.00,-1.00,0,None,0,aggregation
160,312.54,remora2,remora8,27.24,27.24,27.35,27.35,27.45,27.45,27.59,27.59,27.67,27.67,29.46,29.46,29.51,29.51,29.56,29.56,29.63,29.63,29.66,29.66,3.53,3.54,3.54,3.55,3.56,3.57,3.57,3.58,3.59,3.60,5.85,5.85,5.85,5.86,5.86,5.86,5.87,5.87,5.87,5.88,264.07,0.00,0.00,1.00,0.00,0.00,0.00,-1.00,0,None,0,aggregation
160,313.54,remora2,remora8,27.80,27.80,27.92,27.92,28.02,28.02,28.08,28.08,28.18,28.18,29.72,29.72,29.77,29.77,29.82,29.82,29.84,29.84,29.88,29.88,3.61,3.62,3.63,3.64,3.66,3.67,3.68,3.69,3.71,3.72,5.88,5.88,5.89,5.89,5.90,5.90,5.90,5.91,5.91,5.92,268.67,0.00,0.00,1.00,0.00,0.00,0.00,-1.00,0,None,0,aggregation
160,314.54,remora2,remora8,28.20,28.20,28.32,28.32,28.26,28.26,28.29,28.29,28.48,28.48,29.89,29.89,29.93,29.93,29.91,29.91,29.92,29.92,29.99,29.99,3.73,3.75,3.76,3.78,3.79,3.81,3.82,3.84,3.85,3.87,5.92,5.93,5.93,5.94,5.94,5.94,5.95,5.95,5.96,5.96,272.71,0.00,0.00,1.00,0.00,0.00,0.00,-1.00,0,None,0,aggregation
160,315.54,remora2,remora8,28.44,28.44,28.51,28.51,28.53,28.53,28.38,28.38,28.42,28.42,29.97,29.97,30.00,30.00,30.01,30.01,29.95,29.95,29.97,29.97,3.89,3.90,3.92,3.94,3.96,3.98,3.99,4.01,4.03,4.05,5.97,5.98,5.98,5.99,5.99,6.00,6.00,6.01,6.01,6.02,276.44,0.00,0.00,1.00,0.00,0.00,0.00,-1.00,0,None,0,aggregation
160,316.54,remora2,remora8,28.45,28.45,28.36,28.36,28.30,28.30,28.14,28.14,28.07,28.07,29.98,29.98,29.95,29.95,29.92,29.92,29.86,29.86,29.84,29.84,4.07,4.09,4.11,4.13,4.15,4.17,4.19,4.21,4.23,4.26,6.02,6.03,6.03,6.04,6.04,6.05,6.05,6.06,6.07,6.07,279.77,0.00,0.00,1.00,0.00,0.00,0.00,-1.00,0,None,0,aggregation
160,317.54,remora2,remora8,27.96,27.96,27.70,27.70,27.28,27.28,27.24,27.24,26.72,26.72,29.79,29.79,29.68,29.68,29.48,29.48,29.46,29.46,29.19,29.19,4.28,4.30,4.32,4.34,4.36,4.39,4.41,4.43,4.45,4.47,6.08,6.08,6.09,6.09,6.10,6.10,6.11,6.12,6.12,6.13,282.18,0.00,0.00,1.00,0.00,0.00,0.00,-1.00,0,None,0,aggregation
160,318.54,remora2,remora8,26.74,26.74,26.31,26.31,25.80,25.80,25.58,25.58,25.10,25.10,29.21,29.21,28.97,28.97,28.68,28.68,28.55,28.55,28.26,28.26,4.50,4.52,4.54,4.57,4.59,4.61,4.63,4.66,4.68,4.70,6.13,6.14,6.14,6.15,6.15,6.16,6.16,6.17,6.17,6.18,283.09,0.00,0.00,1.00,0.00,0.00,0.00,-1.00,0,None,0,aggregation
160,319.54,remora2,remora8,25.57,25.57,26.01,26.01,26.23,26.23,26.64,26.64,26.93,26.93,28.54,28.54,28.80,28.80,28.92,28.92,29.15,29.15,29.30,29.30,4.73,4.75,4.77,4.80,4.82,4.85,4.87,4.90,4.92,4.95,6.18,6.19,6.19,6.20,6.20,6.21,6.21,6.22,6.23,6.23,283.81,0.00,0.00,1.00,0.00,0.00,0.00,-1.00,0,None,0,aggregation
160,320.54,remora2,remora8,27.22,27.22,27.49,27.49,27.74,27.74,27.99,27.99,28.07,28.07,29.45,29.45,29.58,29.58,29.70,29.70,29.80,29.80,29.83,29.83,4.97,5.00,5.03,5.05,5.08,5.11,5.13,5.16,5.19,5.21,6.24,6.24,6.25,6.25,6.26,6.26,6.27,6.27,6.28,6.28,284.98,0.00,0.00,1.00,0.00,0.00,0.00,-1.00,0,None,0,aggregation
160,321.54,remora2,remora8,0.00,0.00,30.00,30.00,30.00,30.00,30.00,30.00,30.00,30.00,0.00,0.00,30.00,30.00,30.00,30.00,30.00,30.00,30.00,30.00,5.24,5.24,5.25,5.28,5.31,5.33,5.36,5.39,5.42,5.45,6.29,6.29,6.29,6.29,6.30,6.30,6.31,6.31,6.32,6.32,280.90,0.00,0.00,1.00,0.00,0.00,0.00,-1.00,0,None,0,aggregation
160,322.54,remora2,remora8,30.00,30.00,30.00,30.00,30.00,30.00,30.00,30.00,30.00,30.00,30.00,30.00,30.00,30.00,30.00,30.00,30.00,30.00,30.00,30.00,5.48,5.51,5.54,5.57,5.59,5.59,5.56,5.52,5.49,5.45,6.33,6.34,6.34,6.35,6.35,6.36,6.36,6.37,6.38,6.38,282.39,0.00,0.00,1.00,0.00,0.00,0.00,-1.00,0,None,0,aggregation
160,323.54,remora2,remora8,30.00,30.00,30.00,30.00,30.00,30.00,30.00,30.00,30.00,30.00,30.00,30.00,30.00,30.00,30.00,30.00,30.00,30.00,30.00,30.00,5.42,5.39,5.35,5.32,5.28,5.25,5.22,5.18,5.15,5.11,6.39,6.39,6.40,6.40,6.40,6.41,6.41,6.42,6.42,6.43,283.49,0.00,0.00,1.00,0.00,0.00,0.00,-1.00,0,None,0,aggregation
160,324.54,remora2,remora8,0.00,0.00,29.66,29.66,29.69,29.69,29.77,29.77,29.86,29.86,0.00,0.00,30.17,30.17,30.16,30.16,30.14,30.14,30.10,30.10,5.09,5.08,5.06,5.03,5.00,4.97,4.93,4.90,4.86,6.09,6.43,6.43,6.43,6.43,6.44,6.17,6.18,6.19,6.20,6.67,278.33,0.00,0.00,1.00,0.00,0.00,0.00,-1.00,0,None,0,aggregation
160,325.54,remora2,remora8,29.91,29.91,29.96,29.96,30.00,30.00,30.04,30.04,30.07,30.07,30.07,30.07,30.04,30.04,30.00,30.00,29.96,29.96,29.91,29.91,6.10,6.12,6.13,6.15,6.16,6.18,6.19,6.21,6.22,6.24,6.69,6.71,6.73,6.76,6.78,6.81,6.83,6.85,6.88,6.90,279.10,0.00,0.00,1.00,0.00,0.00,0.00,-1.00,0,None,0,aggregation
160,326.54,remora2,remora8,30.09,30.09,30.10,30.10,30.14,30.14,30.15,30.15,30.16,30.16,29.88,29.88,29.86,29.86,29.77,29.77,29.73,29.73,29.69,29.69,6.25,6.27,6.28,6.30,6.31,6.33,6.35,6.36,6.38,6.40,6.92,6.95,6.97,7.00,7.02,7.05,7.07,7.09,7.11,7.14,279.97,0.00,0.00,1.00,0.00,0.00,0.00,-1.00,0,None,0,aggregation
160,327.54,remora2,remora8,30.17,30.17,30.17,30.17,30.18,30.18,30.18,30.18,30.18,30.18,29.66,29.66,29.62,29.62,29.57,29.57,29.53,29.53,29.49,29.49,6.42,6.44,6.46,6.48,6.51,6.53,6.56,6.58,6.61,6.64,7.17,7.19,7.22,7.24,7.27,7.30,7.33,7.36,7.38,7.41,281.40,0.00,0.00,1.00,0.00,0.00,0.00,-1.00,0,None,0,aggregation
160,328.54,remora2,remora8,30.19,30.19,30.18,30.18,30.18,30.18,30.18,30.18,30.18,30.18,29.44,29.44,29.39,29.39,29.39,29.39,29.34,29.34,29.29,29.29,6.67,6.70,6.73,6.76,6.79,6.82,6.86,6.89,6.93,6.97,7.43,7.46,7.49,7.52,7.55,7.59,7.62,7.65,7.67,7.70,283.86,0.00,0.00,1.00,0.00,0.00,0.00,-1.00,0,None,0,aggregation
160,329.54,remora2,remora8,30.17,30.17,30.17,30.17,30.16,30.16,30.16,30.16,30.16,30.16,29.24,29.24,29.24,29.24,29.14,29.14,29.14,29.14,29.14,29.14,7.00,3.72,7.08,7.12,6.84,6.83,7.24,7.28,7.32,7.36,7.73,6.75,7.80,7.83,7.61,7.63,7.93,7.96,8.00,8.03,285.92,0.00,0.00,1.00,0.00,0.00,0.00,-1.00,0,None,0,aggregation
160,330.54,remora2,remora8,30.14,30.14,30.14,30.14,30.14,30.14,30.13,30.13,30.11,30.11,29.02,29.02,29.02,29.02,29.02,29.02,28.96,28.96,28.90,28.90,7.40,7.45,7.49,7.53,7.57,7.61,7.66,7.70,7.74,7.78,8.06,8.09,8.12,8.16,8.19,8.22,8.26,8.29,8.32,8.36,286.79,0.00,0.00,1.00,0.00,0.00,0.00,-1.00,0,None,0,aggregation
160,331.54,remora2,remora8,30.11,30.11,30.11,30.11,30.10,30.10,30.10,30.10,30.10,30.10,28.90,28.90,28.90,28.90,28.84,28.84,28.84,28.84,28.84,28.84,7.82,7.87,7.91,7.95,7.99,8.03,8.08,8.11,8.15,8.20,8.39,8.42,8.45,8.49,8.52,8.55,8.58,8.61,8.65,8.68,292.27,0.00,0.00,1.00,0.00,0.00,0.00,-1.00,0,None,0,aggregation
160,332.54,remora2,remora8,30.10,30.10,30.08,30.08,30.08,30.08,30.08,30.08,30.10,30.10,28.84,28.84,28.78,28.78,28.78,28.78,28.78,28.78,28.84,28.84,8.24,8.28,8.32,8.35,8.39,8.43,8.47,8.51,8.55,8.59,8.71,8.75,8.78,8.81,8.84,8.88,8.91,8.95,8.98,9.01,291.72,0.00,0.00,1.00,0.00,0.00,0.00,-1.00,0,None,0,aggregation
160,333.54,remora2,remora8,30.10,30.10,30.10,30.10,30.10,30.10,30.10,30.10,30.11,30.11,28.84,28.84,28.84,28.84,28.84,28.84,28.84,28.84,28.90,28.90,8.62,8.66,8.70,8.74,8.77,8.81,8.85,8.88,8.92,8.96,9.04,9.07,9.10,9.13,9.16,9.19,9.22,9.25,9.29,9.32,291.19,0.00,0.00,1.00,0.00,0.00,0.00,-1.00,0,None,0,aggregation
160,334.54,remora2,remora8,30.11,30.11,30.11,30.11,30.11,30.11,30.13,30.13,30.13,30.13,28.90,28.90,28.90,28.90,28.90,28.90,28.96,28.96,28.96,28.96,8.99,9.03,9.06,9.10,9.13,9.17,9.20,9.23,9.27,9.30,9.35,9.39,9.42,9.45,9.48,9.51,9.54,9.57,9.60,9.63,296.76,0.00,0.00,1.00,0.00,0.00,0.00,-1.00,0,None,0,aggregation
160,335.54,remora2,remora8,30.14,30.14,30.14,30.14,30.15,30.15,30.15,30.15,30.16,30.16,29.02,29.02,29.02,29.02,29.08,29.08,29.08,29.08,29.14,29.14,9.34,9.37,9.40,9.44,9.47,9.50,9.53,9.57,9.60,9.63,9.66,9.69,9.72,9.62,9.66,9.69,9.72,9.75,9.79,9.63,296.37,0.00,0.00,1.00,0.00,0.00,0.00,-1.00,0,None,0,aggregation
160,272.54,remora2,remora6,-13.93,-13.93,8.75,8.75,7.55,7.55,8.93,8.93,10.42,10.42,1.77,1.77,-0.84,-0.84,-2.33,-2.33,-0.61,-0.61,1.26,1.26,1.39,1.38,1.38,1.38,1.38,1.38,1.38,1.38,1.38,1.38,4.25,4.26,4.26,4.26,4.27,4.27,4.27,4.28,4.28,4.29,53.58,1.00,0.00,1.00,0.00,0.00,0.00,-1.00,0,None,0,aggregation
160,273.54,remora2,remora6,11.58,11.58,-14.85,-14.85,-14.61,-14.61,8.55,8.55,7.95,7.95,2.71,2.71,0.85,0.85,1.09,1.09,-1.08,-1.08,-1.83,-1.83,1.38,1.38,1.38,1.38,1.38,1.37,1.37,1.37,1.37,1.37,4.29,4.30,4.30,4.31,4.31,4.32,4.32,4.33,4.33,4.34,54.16,1.00,0.00,1.00,0.00,0.00,0.00,-1.00,0,None,0,aggregation
160,274.54,remora2,remora6,9.18,9.18,10.58,10.58,11.66,11.66,-15.49,-15.49,-15.32,-15.32,-0.30,-0.30,1.46,1.46,2.82,2.82,0.21,0.21,0.38,0.38,1.37,1.37,1.37,1.37,1.38,1.38,1.38,1.38,1.37,1.37,4.35,4.36,4.36,4.37,4.38,4.39,4.40,4.40,4.41,4.42,54.53,1.00,0.00,1.00,0.00,0.00,0.00,-1.00,0,None,0,aggregation
160,275.54,remora2,remora6,9.06,9.06,8.14,8.14,9.40,9.40,10.80,10.80,-15.76,-15.76,-0.45,-0.45,-1.59,-1.59,-0.02,-0.02,1.74,1.74,-0.06,-0.06,1.36,1.36,1.36,1.36,1.37,1.37,1.37,1.37,1.37,1.37,4.43,4.44,4.44,4.46,4.47,4.48,4.49,4.50,4.51,4.52,55.81,1.00,0.00,1.00,0.00,0.00,0.00,-1.00,0,None,0,aggregation
160,276.54,remora2,remora6,-15.74,-15.74,8.76,8.76,8.37,8.37,9.85,9.85,11.38,11.38,-0.04,-0.04,-0.82,-0.82,-1.30,-1.30,0.54,0.54,2.47,2.47,1.36,1.36,1.36,1.36,1.36,1.36,1.36,1.36,1.36,1.37,4.53,4.54,4.55,4.56,4.57,4.59,4.59,4.60,4.61,4.63,55.56,1.00,0.00,1.00,0.00,0.00,0.00,-1.00,0,None,0,aggregation
160,277.54,remora2,remora6,-16.19,-16.19,12.44,12.44,12.03,12.03,-16.26,-16.26,-16.15,-16.15,-0.49,-0.49,3.81,3.81,3.29,3.29,-0.56,-0.56,-0.45,-0.45,1.36,1.36,1.36,1.36,1.36,1.37,1.37,1.36,1.36,1.35,4.64,4.65,4.66,4.68,4.69,4.70,4.72,4.73,4.74,4.75,58.74,1.00,0.00,1.00,1.00,1.00,0.00,-1.00,0,None,0,aggregation
160,278.54,remora2,remora6,10.44,10.44,9.93,9.93,11.70,11.70,-16.16,-16.16,-15.97,-15.97,1.29,1.29,0.65,0.65,2.87,2.87,-0.46,-0.46,-0.27,-0.27,1.35,1.35,1.35,1.35,1.36,1.36,1.36,1.35,1.35,1.34,4.76,4.78,4.79,4.81,4.82,4.84,4.85,4.86,4.87,4.88,59.13,1.00,0.00,1.00,1.00,1.00,0.00,-1.00,0,None,0,aggregation
160,279.54,remora2,remora6,9.65,9.65,8.91,8.91,10.58,10.58,12.19,12.19,-16.26,-16.26,0.29,0.29,-0.63,-0.63,1.46,1.46,3.49,3.49,-0.57,-0.57,1.34,1.34,1.34,1.34,1.34,1.34,1.35,1.35,1.35,1.35,4.90,4.91,4.93,4.94,4.95,4.97,4.99,5.00,5.02,5.03,60.07,1.00,0.00,1.00,1.00,1.00,0.00,-1.00,0,None,0,aggregation
160,280.54,remora2,remora6,-16.07,-16.07,10.31,10.31,9.56,9.56,11.17,11.17,12.87,12.87,-0.37,-0.37,1.12,1.12,0.19,0.19,2.20,2.20,4.34,4.34,1.34,1.33,1.33,1.33,1.33,1.33,1.34,1.34,1.34,1.35,5.04,5.05,5.07,5.08,5.10,5.11,5.13,5.14,5.16,5.17,61.13,1.00,0.00,1.00,0.00,0.00,0.00,-1.00,0,None,0,aggregation
160,281.54,remora2,remora6,-16.35,-16.35,-16.28,-16.28,11.54,11.54,10.54,10.54,12.02,12.02,-0.65,-0.65,-0.58,-0.58,2.67,2.67,1.41,1.41,3.27,3.27,1.35,1.34,1.34,1.33,1.33,1.33,1.33,1.33,1.34,1.34,5.19,5.20,5.21,5.22,5.24,5.25,5.27,5.28,5.30,5.31,63.19,1.00,0.00,1.00,1.00,1.00,0.00,-1.00,0,None,0,aggregation
160,282.54,remora2,remora6,-16.14,-16.14,12.73,12.73,12.11,12.11,-16.11,-16.11,-16.00,-16.00,-0.44,-0.44,4.16,4.16,3.38,3.38,-0.41,-0.41,-0.30,-0.30,1.34,1.33,1.33,1.33,1.34,1.34,1.34,1.34,1.33,1.32,5.33,5.34,5.35,5.38,5.40,5.42,5.44,5.45,5.46,5.48,66.84,1.00,0.00,1.00,1.00,1.00,0.00,-1.00,0,None,0,aggregation
160,283.54,remora2,remora6,10.89,10.89,10.24,10.24,11.90,11.90,-15.99,-15.99,12.82,12.82,1.85,1.85,1.03,1.03,3.12,3.12,-0.29,-0.29,4.28,4.28,1.32,1.32,1.32,1.33,1.33,1.33,1.33,1.33,1.32,1.33,5.49,5.51,5.52,5.54,5.56,5.57,5.58,5.59,5.60,5.61,68.54,1.00,0.00,1.00,1.00,1.00,0.00,-1.00,0,None,0,aggregation
160,284.54,remora2,remora6,12.49,12.49,-16.05,-16.05,-15.84,-15.84,10.39,10.39,9.74,9.74,3.86,3.86,-0.35,-0.35,-0.15,-0.15,1.23,1.23,0.41,0.41,1.33,1.34,1.34,1.33,1.32,1.32,1.31,1.32,1.32,1.32,5.62,5.63,5.64,5.65,5.66,5.67,5.67,5.68,5.69,5.71,69.03,1.00,0.00,1.00,1.00,1.00,0.00,-1.00,0,None,0,aggregation
160,285.54,remora2,remora6,11.50,11.50,13.10,13.10,-16.08,-16.08,-15.92,-15.92,12.37,12.37,2.62,2.62,4.63,4.63,-0.38,-0.38,-0.22,-0.22,3.71,3.71,1.32,1.32,1.33,1.33,1.33,1.33,1.32,1.32,1.31,1.31,5.72,5.74,5.76,5.77,5.78,5.79,5.80,5.81,5.82,5.84,71.79,1.00,0.00,1.00,1.00,1.00,0.00,-1.00,0,None,0,aggregation
160,286.54,remora2,remora6,11.67,11.67,13.31,13.31,-15.73,-15.55,-15.55,-15.55,12.31,12.31,2.83,2.83,4.90,4.90,-0.03,0.15,0.15,0.15,3.64,3.64,1.32,1.32,1.32,1.33,1.33,1.32,1.32,1.31,1.31,1.31,5.86,5.87,5.89,5.91,5.92,5.93,5.94,5.96,5.97,5.98,74.26,1.00,0.00,1.00,1.00,1.00,0.00,-1.00,0,None,0,aggregation
160,287.54,remora2,remora6,12.61,12.61,-15.18,-15.18,-14.99,-14.99,11.64,11.64,11.24,11.24,4.01,4.01,0.52,0.52,0.71,0.71,2.79,2.79,2.29,2.29,1.31,1.32,1.32,1.31,1.31,1.30,1.30,1.30,1.30,1.30,6.00,6.02,6.03,6.05,6.06,6.07,6.09,6.10,6.12,6.13,73.44,1.00,0.00,1.00,1.00,1.00,0.00,-1.00,0,None,0,aggregation
160,288.54,remora2,remora6,13.32,13.32,15.01,15.01,-15.25,-15.25,-15.00,-15.00,14.12,14.12,4.91,4.91,7.05,7.05,0.45,0.45,0.70,0.70,5.92,5.92,1.31,1.31,1.31,1.32,1.32,1.32,1.31,1.31,1.30,1.31,6.15,6.17,6.19,6.20,6.22,5.52,5.53,5.55,5.57,5.59,75.41,1.00,0.00,1.00,1.00,1.00,0.00,-1.00,0,None,0,aggregation
160,289.54,remora2,remora6,14.01,14.01,-14.50,-14.50,-14.28,-14.28,13.25,13.25,13.10,13.10,5.78,5.78,1.20,1.20,1.42,1.42,4.83,4.83,4.63,4.63,1.31,1.31,1.31,1.31,1.31,1.30,1.30,1.30,1.30,1.31,5.62,5.64,5.66,5.68,5.70,5.71,5.73,5.76,5.78,5.79,77.31,1.00,0.00,1.00,1.00,1.00,0.00,-1.00,0,None,0,aggregation
160,290.54,remora2,remora6,-13.75,-13.75,-13.58,-13.58,12.53,12.53,12.13,12.13,13.92,13.92,1.95,1.95,2.11,2.11,3.91,3.91,3.41,3.41,5.67,5.67,1.31,1.30,1.30,1.30,1.29,1.30,1.30,1.30,1.30,1.30,5.81,5.81,5.82,5.82,5.83,5.84,5.85,5.86,5.88,5.89,77.98,1.00,0.00,1.00,1.00,1.00,0.00,-1.00,0,None,0,aggregation
160,291.54,remora2,remora6,-13.36,-13.36,-12.99,-12.99,12.34,12.34,12.38,12.38,-12.56,-12.56,2.33,2.33,2.70,2.70,3.67,3.67,3.73,3.73,3.14,3.14,1.30,1.30,1.30,1.29,1.29,1.29,1.30,1.30,1.30,1.29,5.89,5.90,5.90,5.91,5.91,5.92,5.93,5.94,5.95,5.95,76.73,1.00,0.00,1.00,1.00,1.00,0.00,-1.00,0,None,0,aggregation
160,292.54,remora2,remora6,13.39,13.39,-12.22,-12.22,12.35,12.35,12.05,12.05,-12.14,-12.14,5.01,5.01,3.48,3.48,3.69,3.69,3.31,3.31,3.55,3.55,1.29,1.30,1.30,1.29,1.29,1.29,1.29,1.30,1.30,1.29,6.49,6.49,6.49,6.49,6.50,6.50,6.50,6.50,6.51,6.51,75.27,1.00,0.00,1.00,1.00,1.00,0.00,-1.00,0,None,0,aggregation
160,293.54,remora2,remora6,-11.82,-11.82,10.53,10.53,9.72,9.72,11.61,11.61,13.29,13.29,3.87,3.87,1.39,1.39,0.39,0.39,2.76,2.76,4.88,4.88,1.29,1.29,1.29,1.29,1.29,1.29,1.29,1.29,1.29,1.29,6.51,6.51,6.51,6.52,6.52,6.52,6.52,6.52,6.53,6.53,74.28,1.00,0.00,1.00,0.00,0.00,0.00,-1.00,0,None,0,aggregation
160,294.54,remora2,remora6,-12.17,-12.17,-11.77,-11.77,11.67,11.67,11.29,11.29,12.99,12.99,3.53,3.53,3.92,3.92,2.83,2.83,2.35,2.35,4.49,4.49,1.29,1.29,1.29,1.29,1.29,1.29,1.29,1.29,1.30,1.33,6.53,6.53,6.53,6.53,6.53,6.54,6.54,6.54,6.54,6.55,73.43,1.00,0.00,1.00,1.00,1.00,0.00,-1.00,0,None,0,aggregation
160,295.54,remora2,remora6,-11.64,-11.64,-11.24,-11.24,10.71,10.71,10.26,10.26,11.96,11.96,4.06,4.06,4.46,4.46,1.63,1.63,1.06,1.06,3.20,3.20,1.35,1.38,1.41,1.43,1.46,1.49,1.51,1.54,1.57,1.59,6.55,6.56,6.56,6.57,6.57,6.58,6.58,6.58,6.59,6.59,70.70,1.00,0.00,1.00,1.00,1.00,0.00,-1.00,0,None,0,aggregation
160,296.54,remora2,remora6,13.68,13.68,-11.72,-11.72,-11.46,-11.46,12.29,12.29,11.71,11.71,5.37,5.37,3.98,3.98,4.24,4.24,3.61,3.61,2.89,2.89,1.62,1.65,1.67,1.69,1.71,1.73,1.75,1.76,1.78,1.80,6.60,6.60,6.61,6.61,6.61,6.61,6.62,6.62,6.62,6.62,69.18,0.00,1.00,1.00,1.00,1.00,0.00,-1.00,0,None,0,aggregation
160,297.54,remora2,remora6,13.34,13.34,-11.24,-11.24,-11.11,-11.11,12.67,12.67,12.79,12.79,4.93,4.93,4.46,4.46,4.59,4.59,4.10,4.10,4.24,4.24,1.81,1.83,1.84,1.85,1.86,1.86,1.87,1.87,1.88,1.88,6.62,6.62,6.62,6.62,6.62,6.62,6.62,6.62,6.62,6.62,68.37,0.00,1.00,1.00,1.00,1.00,0.00,-1.00,0,None,0,aggregation
160,298.54,remora2,remora6,14.32,14.32,-11.16,-11.16,-10.82,-10.82,12.62,12.62,11.88,11.88,6.18,6.18,4.54,4.54,4.88,4.88,4.03,4.03,3.10,3.10,1.89,1.89,1.89,1.89,1.89,1.89,1.88,1.88,1.88,1.87,6.61,6.61,6.60,6.60,6.60,6.60,6.59,6.59,6.59,6.58,65.89,0.00,1.00,1.00,1.00,1.00,0.00,-1.00,0,None,0,aggregation
160,299.54,remora2,remora6,13.45,13.45,14.90,14.90,-11.08,-11.08,-10.80,-10.80,-9.83,-9.83,5.07,5.07,6.91,6.91,4.62,4.62,4.90,4.90,5.87,5.87,1.87,1.87,1.86,1.86,1.85,1.85,1.84,1.83,1.83,1.82,6.58,6.58,6.57,6.57,5.70,5.69,6.55,6.54,6.54,6.54,63.38,0.00,1.00,1.00,1.00,1.00,0.00,-1.00,0,None,0,aggregation
160,300.54,remora2,remora6,10.07,10.07,9.62,9.62,11.00,11.00,12.32,12.32,13.42,13.42,0.82,0.82,0.26,0.26,1.99,1.99,3.64,3.64,5.04,5.04,1.81,1.81,1.80,1.80,1.79,1.79,1.79,1.78,1.78,1.78,6.53,6.53,6.52,5.64,5.63,5.62,5.61,4.13,4.11,4.09,62.71,0.00,1.00,1.00,0.00,0.00,0.00,-1.00,0,None,0,aggregation
160,301.54,remora2,remora6,14.65,14.65,-11.41,-11.41,-11.14,-11.14,12.23,12.23,11.83,11.83,6.59,6.59,4.29,4.29,4.56,4.56,3.54,3.54,3.03,3.03,1.78,1.78,1.78,1.78,1.78,1.78,1.78,1.78,1.78,1.79,4.08,4.06,4.05,4.04,4.03,4.02,4.01,3.99,3.98,3.96,62.99,0.00,1.00,1.00,1.00,1.00,0.00,-1.00,0,None,0,aggregation
160,302.54,remora2,remora6,-10.69,-10.69,11.92,11.92,11.16,11.16,-10.74,-10.74,-10.48,-10.48,5.00,5.00,3.15,3.15,2.19,2.19,4.96,4.96,5.21,5.21,1.79,1.79,1.80,1.80,1.81,1.82,1.82,1.83,1.84,1.85,3.95,3.94,3.93,3.91,3.90,3.88,3.88,3.88,3.88,3.89,60.79,0.00,1.00,1.00,1.00,1.00,0.00,-1.00,0,None,0,aggregation
160,303.54,remora2,remora6,8.77,8.77,8.18,8.18,9.69,9.69,11.12,11.12,12.57,12.57,-0.80,-0.80,-1.55,-1.55,0.34,0.34,2.14,2.14,3.97,3.97,1.86,1.87,1.88,1.89,1.90,1.92,1.93,1.94,1.96,1.97,3.89,3.89,3.89,3.89,3.89,3.89,3.88,3.88,3.88,3.87,59.98,0.00,1.00,1.00,0.00,0.00,0.00,-1.00,0,None,0,aggregation
160,304.54,remora2,remora6,-11.65,-11.65,-11.33,-11.33,10.26,10.26,9.61,9.61,11.08,11.08,4.05,4.05,4.37,4.37,1.06,1.06,0.24,0.24,2.09,2.09,1.99,2.00,2.02,2.04,2.05,2.07,2.09,2.10,2.12,2.14,3.87,3.88,3.89,3.90,3.90,3.90,3.90,3.90,3.90,3.90,58.66,0.00,1.00,1.00,0.00,0.00,0.00,-1.00,0,None,0,aggregation
160,305.54,remora2,remora6,12.47,12.47,-11.79,-11.79,-11.40,-11.40,10.39,10.39,9.95,9.95,3.84,3.84,3.90,3.90,4.30,4.30,1.22,1.22,0.67,0.67,2.16,2.18,2.20,2.22,2.24,2.26,2.28,2.30,2.32,2.34,3.90,3.91,3.91,3.92,3.93,3.94,3.94,3.94,3.95,3.95,58.70,0.00,1.00,1.00,0.00,0.00,0.00,-1.00,0,None,0,aggregation
160,306.54,remora2,remora6,11.47,11.47,12.85,12.85,-11.92,-11.92,-11.60,-11.60,10.86,10.86,2.57,2.57,4.31,4.31,3.78,3.78,4.10,4.10,1.82,1.82,2.36,2.38,2.40,2.43,2.45,2.47,2.49,2.52,2.54,2.56,3.95,3.95,3.95,3.95,3.95,3.96,3.97,3.98,3.99,3.99,58.20,0.00,1.00,1.00,0.00,0.00,0.00,-1.00,0,None,0,aggregation
160,307.54,remora2,remora6,10.78,10.78,12.30,12.30,-11.65,-11.65,12.85,12.85,11.93,11.93,1.71,1.71,3.63,3.63,4.05,4.05,4.31,4.31,3.16,3.16,2.59,2.61,2.63,2.65,2.68,2.70,2.73,2.75,2.77,2.79,3.99,3.99,3.99,3.99,4.00,4.01,4.01,4.02,4.02,4.02,58.49,0.00,1.00,1.00,0.00,0.00,0.00,-1.00,0,None,0,aggregation
160,308.54,remora2,remora6,-11.45,-11.45,-11.13,-11.13,10.05,10.05,9.10,9.10,10.70,10.70,4.24,4.24,4.57,4.57,0.80,0.80,-0.39,-0.39,1.62,1.62,2.82,2.84,2.87,2.90,2.92,2.95,2.97,2.99,3.02,3.04,4.03,4.04,4.05,4.05,4.06,4.06,4.07,4.07,4.08,4.08,56.59,0.00,1.00,1.00,0.00,0.00,0.00,-1.00,0,None,0,aggregation
160,309.54,remora2,remora6,12.33,12.33,13.90,13.90,-11.97,-11.97,-11.78,-11.78,-10.84,-10.84,3.66,3.66,5.65,5.65,3.73,3.73,3.92,3.92,4.86,4.86,3.07,3.09,3.11,3.14,3.16,3.19,3.22,3.24,3.27,3.30,4.08,4.08,4.08,4.09,4.09,4.10,4.11,4.12,4.13,4.14,56.68,0.00,0.00,1.00,0.00,0.00,0.00,-1.00,0,None,0,aggregation
160,310.54,remora2,remora6,9.99,9.99,9.42,9.42,11.30,11.30,12.73,12.73,14.38,14.38,0.71,0.71,0.01,0.01,2.37,2.37,4.16,4.16,6.25,6.25,3.32,3.35,3.37,3.40,3.42,3.45,3.47,3.50,3.52,3.55,4.14,4.15,4.15,4.16,4.16,4.17,4.17,4.17,4.17,4.17,57.00,0.00,0.00,1.00,0.00,0.00,0.00,-1.00,0,None,0,aggregation
160,311.54,remora2,remora6,-11.72,-11.72,-11.46,-11.46,12.62,12.62,12.09,12.09,13.63,13.63,3.97,3.97,4.24,4.24,4.03,4.03,3.36,3.36,5.31,5.31,3.57,3.60,3.63,3.66,3.68,3.71,3.73,3.74,3.73,3.71,4.17,4.18,4.19,4.20,4.20,4.21,4.21,4.22,4.22,4.22,57.04,0.00,0.00,1.00,1.00,0.00,1.00,-1.00,0,None,0,aggregation
160,312.54,remora2,remora6,-11.30,-11.30,-11.03,-11.03,12.12,12.12,11.77,11.77,13.27,13.27,4.40,4.40,4.66,4.66,3.40,3.40,2.96,2.96,4.85,4.85,3.70,3.69,3.69,3.69,3.70,3.69,3.68,3.67,3.66,3.64,4.22,4.23,4.24,4.25,4.26,4.27,4.27,4.27,4.27,4.27,58.69,0.00,0.00,1.00,1.00,0.00,1.00,-1.00,0,None,0,aggregation
160,313.54,remora2,remora6,-10.89,-10.89,13.67,13.67,13.30,13.30,-10.80,-10.80,-10.53,-10.53,4.81,4.81,5.36,5.36,4.89,4.89,4.90,4.90,5.16,5.16,3.63,3.63,3.62,3.60,3.58,3.56,3.55,3.55,3.56,3.56,4.28,4.28,4.29,4.29,4.29,4.29,4.29,4.30,4.31,4.32,58.70,0.00,0.00,1.00,1.00,0.00,1.00,-1.00,0,None,0,aggregation
160,314.54,remora2,remora6,11.80,11.80,11.68,11.68,12.98,12.98,14.60,14.60,-10.90,-10.90,3.00,3.00,2.85,2.85,4.48,4.48,6.53,6.53,4.79,4.79,3.56,3.56,3.55,3.54,3.53,3.51,3.50,3.48,3.47,3.46,4.33,4.34,4.34,4.34,4.35,4.35,4.35,4.35,4.35,4.36,61.21,0.00,0.00,1.00,1.00,0.00,1.00,-1.00,0,None,0,aggregation
160,315.54,remora2,remora6,-10.55,-10.55,12.49,12.49,11.43,11.43,13.16,13.16,14.23,14.23,5.15,5.15,3.86,3.86,2.53,2.53,4.71,4.71,6.06,6.06,3.46,3.45,3.44,3.44,3.43,3.43,3.42,3.40,3.39,3.37,4.36,4.37,4.38,4.38,4.39,4.39,4.40,4.40,4.39,4.39,63.25,0.00,0.00,1.00,0.00,0.00,0.00,-1.00,0,None,0,aggregation
160,316.54,remora2,remora6,-10.77,-10.77,-10.34,-10.34,12.27,12.27,11.49,11.49,13.22,13.22,4.93,4.93,5.35,5.35,3.59,3.59,2.61,2.61,4.78,4.78,3.36,3.35,3.34,3.33,3.32,3.32,3.31,3.31,3.30,3.29,4.40,4.41,4.41,4.42,4.42,4.43,4.43,4.44,4.44,4.44,63.18,0.00,0.00,1.00,1.00,0.00,1.00,-1.00,0,None,0,aggregation
160,317.54,remora2,remora6,14.53,14.53,-10.79,-10.79,-10.51,-10.51,12.20,12.20,11.91,11.91,6.45,6.45,4.91,4.91,5.19,5.19,3.50,3.50,3.13,3.13,3.27,3.25,3.24,3.23,3.23,3.23,3.23,3.23,3.22,3.20,4.44,4.44,4.44,4.45,4.46,4.47,4.47,4.48,4.48,4.48,62.64,0.00,0.00,1.00,1.00,0.00,1.00,-1.00,0,None,0,aggregation
160,318.54,remora2,remora6,13.09,13.09,14.08,14.08,-11.03,-11.03,-10.69,-10.69,11.00,11.00,4.62,4.62,5.87,5.87,4.67,4.67,5.01,5.01,1.98,1.98,3.19,3.18,3.16,3.14,3.13,3.12,3.12,3.12,3.13,3.12,4.48,4.48,4.48,4.48,4.48,4.49,4.50,4.51,4.52,4.52,64.34,0.00,0.00,1.00,1.00,0.00,1.00,-1.00,0,None,0,aggregation
160,319.54,remora2,remora6,10.51,10.51,11.75,11.75,12.41,12.41,-11.05,-11.05,-10.87,-10.87,1.37,1.37,2.93,2.93,3.77,3.77,4.65,4.65,4.83,4.83,3.12,3.11,3.09,3.08,3.07,3.05,3.04,3.04,3.04,3.04,4.53,4.53,4.53,4.53,4.53,4.53,4.53,4.54,4.55,4.56,64.10,0.00,0.00,1.00,1.00,0.00,1.00,-1.00,0,None,0,aggregation
160,320.54,remora2,remora6,10.02,10.02,9.97,9.97,10.92,10.92,12.06,12.06,-11.51,-11.51,0.75,0.75,0.70,0.70,1.88,1.88,3.33,3.33,4.19,4.19,3.04,3.02,3.01,3.00,2.99,2.98,2.98,2.98,2.98,2.97,4.56,4.57,4.57,4.57,4.57,4.58,4.58,4.59,4.59,4.60,62.66,0.00,1.00,1.00,1.00,1.00,0.00,-1.00,0,None,0,aggregation
160,321.54,remora2,remora6,-11.26,-11.26,10.05,10.05,9.40,9.40,10.70,10.70,12.16,12.16,4.44,4.44,0.80,0.80,-0.02,-0.02,1.62,1.62,3.45,3.45,2.97,2.97,2.96,2.95,2.94,2.93,2.92,2.92,2.92,2.91,4.61,4.61,4.61,4.61,4.61,4.62,4.62,4.63,4.63,4.64,61.56,0.00,1.00,1.00,0.00,0.00,0.00,-1.00,0,None,0,aggregation
160,322.54,remora2,remora6,-11.89,-11.89,-11.50,-11.50,9.71,9.71,8.92,8.92,10.31,10.31,3.80,3.80,4.20,4.20,0.37,0.37,-0.63,-0.63,1.12,1.12,2.91,2.91,2.91,2.91,2.90,2.89,2.88,2.87,2.86,2.85,4.64,4.65,4.66,4.67,4.67,4.68,4.68,4.68,4.69,4.69,59.92,0.00,1.00,1.00,0.00,0.00,0.00,-1.00,0,None,0,aggregation
160,323.54,remora2,remora6,11.32,11.32,-12.16,-12.16,12.72,12.72,12.50,12.50,-12.19,-12.19,2.40,2.40,3.54,3.54,4.15,4.15,3.87,3.87,3.51,3.51,2.84,2.84,2.84,2.84,2.84,2.83,2.82,2.81,2.81,2.80,4.70,4.71,4.73,4.75,4.77,4.78,4.79,4.80,4.81,4.83,60.88,0.00,1.00,1.00,0.00,0.00,0.00,-1.00,0,None,0,aggregation
160,324.54,remora2,remora6,-11.95,-11.95,11.62,11.62,11.52,11.52,12.70,12.70,-11.68,-11.68,3.75,3.75,2.77,2.77,2.65,2.65,4.12,4.12,4.02,4.02,2.80,2.80,2.80,2.79,2.78,2.78,2.77,2.77,2.77,2.77,4.84,4.85,4.86,4.87,4.88,4.90,4.91,4.92,4.93,4.95,59.61,0.00,1.00,1.00,0.00,0.00,0.00,-1.00,0,None,0,aggregation
160,325.54,remora2,remora6,-11.35,-11.35,12.04,12.04,11.44,11.44,12.65,12.65,-11.21,-11.21,4.35,4.35,3.29,3.29,2.55,2.55,4.07,4.07,4.49,4.49,2.78,2.78,2.78,2.77,2.76,2.75,2.74,2.73,2.73,2.73,4.96,4.98,4.99,5.00,5.01,5.02,5.02,5.03,5.04,5.05,58.19,0.00,1.00,1.00,0.00,0.00,0.00,-1.00,0,None,0,aggregation
160,326.54,remora2,remora6,13.35,13.35,12.40,12.40,-11.22,-11.22,-11.03,-11.03,9.21,9.21,4.95,4.95,3.76,3.76,4.48,4.48,4.66,4.66,-0.25,-0.25,2.72,2.71,2.70,2.68,2.68,2.68,2.69,2.70,2.70,2.69,5.06,5.07,5.07,5.07,5.08,5.09,5.11,5.12,5.13,5.14,57.97,0.00,1.00,1.00,0.00,0.00,0.00,-1.00,0,None,0,aggregation
160,327.54,remora2,remora6,7.60,7.60,8.46,8.46,8.81,8.81,8.95,8.95,-12.18,-12.18,-2.28,-2.28,-1.20,-1.20,-0.75,-0.75,-0.58,-0.58,3.52,3.52,2.68,2.68,2.67,2.66,2.65,2.64,2.64,2.63,2.64,2.64,5.14,5.15,5.15,5.16,5.17,5.17,5.18,5.18,5.19,5.21,55.44,0.00,1.00,1.00,0.00,0.00,0.00,-1.00,0,None,0,aggregation
160,328.54,remora2,remora6,8.08,8.08,6.52,6.52,7.40,7.40,7.74,7.74,-13.53,-13.53,-1.67,-1.67,-3.63,-3.63,-2.53,-2.53,-2.10,-2.10,2.17,2.17,2.65,2.64,2.63,2.62,2.62,2.61,2.60,2.60,2.61,2.62,5.22,5.22,5.23,5.24,5.24,5.25,5.26,5.27,5.28,5.30,52.29,0.00,1.00,1.00,0.00,0.00,0.00,-1.00,0,None,0,aggregation
160,329.54,remora2,remora6,7.09,7.09,6.12,6.12,6.75,6.75,7.74,7.74,9.07,9.07,-2.91,-2.91,-4.13,-4.13,-3.34,-3.34,-2.10,-2.10,-0.43,-0.43,2.62,2.61,2.61,2.60,2.60,2.59,2.58,2.57,2.57,2.57,5.31,5.32,5.33,5.34,5.35,5.36,5.37,5.38,5.39,5.40,49.16,0.00,1.00,1.00,0.00,0.00,0.00,-1.00,0,None,0,aggregation
160,330.54,remora2,remora6,-15.05,-15.05,9.15,9.15,9.04,9.04,-15.27,-15.27,8.96,8.96,0.65,0.65,-0.33,-0.33,-0.48,-0.48,0.43,0.43,-0.57,-0.57,2.57,2.58,2.58,2.57,2.56,2.56,2.55,2.55,2.55,2.55,5.42,5.43,5.45,5.46,5.47,5.49,5.50,5.51,5.53,5.54,48.97,0.00,1.00,1.00,0.00,0.00,0.00,-1.00,0,None,0,aggregation
160,331.54,remora2,remora6,7.90,7.90,9.03,9.03,-15.72,-15.72,-15.72,9.89,9.11,9.11,-1.90,-1.90,-0.49,-0.49,-0.02,-0.02,-0.02,0.60,-0.38,-0.38,2.54,2.54,2.54,2.54,2.54,2.55,2.55,2.54,2.54,2.53,5.56,5.57,5.59,5.61,5.62,5.64,5.66,5.67,5.69,5.70,48.68,0.00,1.00,1.00,0.00,0.00,0.00,-1.00,0,None,0,aggregation
160,332.54,remora2,remora6,10.42,10.42,-16.02,-16.02,10.64,10.64,9.83,9.83,10.63,10.63,1.26,1.26,-0.33,-0.33,1.54,1.54,0.52,0.52,1.52,1.52,2.52,2.52,2.52,2.52,2.52,2.51,2.50,2.50,2.49,2.49,5.72,5.74,5.75,5.77,5.79,5.80,5.82,5.84,5.85,5.87,50.43,0.00,1.00,1.00,0.00,0.00,0.00,-1.00,0,None,0,aggregation
160,333.54,remora2,remora6,-16.33,-16.33,-16.27,-16.27,9.26,9.26,8.94,8.94,9.87,9.87,-0.63,-0.63,-0.58,-0.58,-0.19,-0.19,-0.60,-0.60,0.57,0.57,2.49,2.49,2.50,2.50,2.50,2.49,2.49,2.49,2.48,2.48,5.89,5.91,5.93,5.95,5.96,5.98,6.00,6.02,6.03,6.05,50.17,0.00,1.00,1.00,0.00,0.00,0.00,-1.00,0,None,0,aggregation
160,334.54,remora2,remora6,11.01,11.01,-16.65,-16.65,-16.49,-16.49,6.87,6.87,5.72,5.72,2.00,2.00,-0.95,-0.95,-0.79,-0.79,-3.19,-3.19,-4.63,-4.63,2.47,2.47,2.46,2.46,2.47,2.47,2.47,2.47,2.47,2.46,6.07,6.09,6.11,6.13,6.14,6.16,6.18,6.20,6.22,6.23,49.32,0.00,1.00,1.00,0.00,0.00,0.00,-1.00,0,None,0,aggregation
160,335.54,remora2,remora6,6.24,6.24,7.89,7.89,8.66,8.66,9.26,9.26,10.12,10.12,-3.97,-3.97,-1.91,-1.91,-0.94,-0.94,-0.20,-0.20,0.88,0.88,2.46,2.46,2.46,2.46,2.46,2.46,2.46,2.45,2.45,2.44,6.25,6.27,6.29,6.31,6.33,6.35,6.37,6.39,6.41,4.64,46.95,0.00,1.00,1.00,0.00,0.00,0.00,-1.00,0,None,0,aggregation
160,278.54,remora2,remora3,30.00,30.00,30.00,30.00,30.00,30.00,30.00,30.00,30.00,30.00,30.00,30.00,30.00,30.00,30.00,30.00,30.00,30.00,30.00,30.00,5.56,5.56,5.56,5.55,5.55,5.55,5.54,5.54,5.54,5.53,6.46,6.48,6.50,6.53,6.55,6.57,6.59,6.61,6.63,6.65,264.63,0.00,0.00,1.00,0.00,0.00,0.00,-1.00,0,None,0,aggregation
160,279.54,remora2,remora3,30.00,30.00,30.00,30.00,30.00,30.00,30.00,30.00,30.00,30.00,30.00,30.00,30.00,30.00,30.00,30.00,30.00,30.00,30.00,30.00,5.53,5.53,5.52,5.52,5.52,5.51,5.51,5.51,5.51,5.50,6.67,6.69,6.72,6.74,6.76,6.78,6.81,6.83,6.85,6.87,277.47,0.00,0.00,1.00,0.00,0.00,0.00,-1.00,0,None,0,aggregation
160,280.54,remora2,remora3,30.00,30.00,30.00,30.00,30.00,30.00,30.00,30.00,30.00,30.00,30.00,30.00,30.00,30.00,30.00,30.00,30.00,30.00,30.00,30.00,5.50,5.50,5.49,5.49,5.49,5.48,5.48,5.48,5.48,5.47,6.89,6.91,6.93,6.95,6.97,7.00,7.02,7.05,7.07,7.10,285.18,0.00,0.00,1.00,0.00,0.00,0.00,-1.00,0,None,0,aggregation
160,281.54,remora2,remora3,30.00,30.00,30.00,30.00,30.00,30.00,30.00,30.00,30.00,30.00,30.00,30.00,30.00,30.00,30.00,30.00,30.00,30.00,30.00,30.00,5.47,5.47,5.46,5.46,5.46,5.45,5.45,5.45,5.44,5.44,7.13,7.14,7.16,7.18,7.20,7.22,7.24,7.26,6.37,6.40,289.51,0.00,0.00,1.00,0.00,0.00,0.00,-1.00,0,None,0,aggregation
160,282.54,remora2,remora3,30.00,30.00,30.00,30.00,30.00,30.00,30.00,30.00,30.00,30.00,30.00,30.00,30.00,30.00,30.00,30.00,30.00,30.00,30.00,30.00,5.44,5.44,5.43,5.43,5.43,5.42,5.42,5.42,5.41,5.41,6.41,6.43,6.45,6.47,6.49,6.51,6.53,6.55,6.57,6.58,291.84,0.00,0.00,1.00,0.00,0.00,0.00,-1.00,0,None,0,aggregation
160,283.54,remora2,remora3,30.00,30.00,30.00,30.00,30.00,30.00,30.00,30.00,30.00,30.00,30.00,30.00,30.00,30.00,30.00,30.00,30.00,30.00,30.00,30.00,5.40,5.40,5.40,5.39,5.39,5.39,5.38,5.38,5.37,5.37,6.60,6.62,6.64,6.66,6.68,6.70,6.72,6.74,6.76,6.78,293.07,0.00,0.00,1.00,0.00,0.00,0.00,-1.00,0,None,0,aggregation
160,284.54,remora2,remora3,30.00,30.00,30.00,30.00,30.00,30.00,30.00,30.00,30.00,30.00,30.00,30.00,30.00,30.00,30.00,30.00,30.00,30.00,30.00,30.00,5.37,5.36,5.36,5.36,5.35,5.35,5.34,5.34,5.34,5.33,6.80,6.82,6.84,6.86,6.87,6.89,6.91,6.93,6.95,6.97,293.72,0.00,0.00,1.00,0.00,0.00,0.00,-1.00,0,None,0,aggregation
160,285.54,remora2,remora3,30.00,30.00,30.00,30.00,30.00,30.00,30.00,30.00,30.00,30.00,30.00,30.00,30.00,30.00,30.00,30.00,30.00,30.00,30.00,30.00,5.33,5.33,5.32,5.32,5.31,5.31,5.31,5.30,5.30,5.30,6.99,7.01,7.03,7.05,7.07,7.09,7.11,7.12,7.14,7.16,293.99,0.00,0.00,1.00,0.00,0.00,0.00,-1.00,0,None,0,aggregation
160,286.54,remora2,remora3,30.00,30.00,30.00,30.00,30.00,30.00,30.00,30.00,30.00,30.00,30.00,30.00,30.00,30.00,30.00,30.00,30.00,30.00,30.00,30.00,5.29,5.29,5.29,5.28,5.28,5.28,5.27,5.27,5.27,5.26,7.18,7.20,7.22,7.24,7.26,7.28,7.30,7.32,7.33,7.36,300.00,0.00,0.00,1.00,0.00,0.00,0.00,-1.00,0,None,0,aggregation
160,287.54,remora2,remora3,30.00,30.00,30.00,30.00,30.00,30.00,30.00,30.00,30.00,30.00,30.00,30.00,30.00,30.00,30.00,30.00,30.00,30.00,30.00,30.00,5.26,5.26,5.25,5.25,5.25,5.25,5.24,5.24,5.24,5.23,7.38,7.74,7.75,7.76,7.77,7.78,7.79,7.81,7.82,7.83,300.00,0.00,0.00,1.00,0.00,0.00,0.00,-1.00,0,None,0,aggregation
160,288.54,remora2,remora3,30.00,30.00,30.00,30.00,30.00,30.00,30.00,30.00,30.00,30.00,30.00,30.00,30.00,30.00,30.00,30.00,30.00,30.00,30.00,30.00,5.23,5.23,5.23,5.22,5.22,5.22,5.22,5.22,5.21,5.21,7.85,7.86,7.88,7.89,7.90,7.91,7.92,7.93,7.95,7.96,300.00,0.00,0.00,1.00,0.00,0.00,0.00,-1.00,0,None,0,aggregation
160,289.54,remora2,remora3,30.00,30.00,30.00,30.00,30.00,30.00,30.00,30.00,0.00,0.00,30.00,30.00,30.00,30.00,30.00,30.00,30.00,30.00,0.00,0.00,5.21,5.21,5.21,5.21,5.20,5.20,5.20,5.20,5.19,5.17,7.98,7.99,8.00,8.01,8.03,8.04,8.05,8.06,8.07,8.07,294.00,0.00,0.00,1.00,0.00,0.00,0.00,-1.00,0,None,0,aggregation
160,290.54,remora2,remora3,-11.02,-11.02,-9.40,-9.40,-7.35,-5.03,-5.03,-2.63,-2.63,-2.63,-21.48,-21.48,-19.87,-19.87,-17.82,-15.49,-15.49,-13.10,-13.10,-13.10,5.15,5.13,5.11,5.08,5.06,5.04,5.02,5.00,4.98,4.97,8.06,8.05,8.03,8.02,8.01,8.00,7.99,7.99,7.98,7.97,275.85,0.00,0.00,1.00,0.00,0.00,0.00,-1.00,0,None,0,aggregation
160,291.54,remora2,remora3,-0.39,-0.39,2.10,2.10,4.60,4.60,6.72,6.72,8.76,8.76,-10.85,-10.85,-8.37,-8.37,-5.86,-5.86,-3.37,-3.37,-0.82,-0.82,4.95,4.93,4.92,4.91,4.89,4.88,4.87,4.86,4.84,4.83,7.97,7.96,7.95,7.95,7.94,7.94,7.94,7.94,7.94,7.93,248.85,0.00,0.00,1.00,0.00,0.00,0.00,-1.00,0,None,0,aggregation
160,292.54,remora2,remora3,10.59,10.59,12.39,12.39,14.16,14.16,15.53,17.20,17.20,17.20,1.47,1.47,3.74,3.74,5.97,5.97,7.72,9.85,9.85,9.85,4.82,4.81,4.80,4.79,4.78,4.77,4.76,4.74,4.73,4.72,7.93,7.93,7.93,7.93,7.93,7.93,7.93,7.93,7.93,7.92,228.91,0.00,0.00,1.00,0.00,0.00,0.00,-1.00,0,None,0,aggregation
160,293.54,remora2,remora3,18.49,18.49,19.42,19.42,20.63,20.63,21.49,21.49,22.33,22.33,11.51,11.51,12.73,12.73,14.30,14.30,15.45,15.45,16.56,16.56,4.71,4.70,4.68,4.67,4.66,4.65,4.63,4.62,4.61,4.59,7.92,7.92,7.92,7.91,7.91,7.91,7.91,7.91,7.91,7.91,216.20,0.00,0.00,1.00,0.00,0.00,0.00,-1.00,0,None,0,aggregation
160,294.54,remora2,remora3,23.13,23.13,23.89,23.89,24.62,24.62,25.08,25.08,25.64,25.64,17.64,17.64,18.68,18.68,19.69,19.69,20.34,20.34,21.12,21.12,4.58,4.56,4.55,4.53,4.52,4.50,4.49,4.47,4.45,4.44,7.90,7.90,7.89,7.89,7.88,7.88,7.87,7.87,7.86,7.86,208.18,0.00,0.00,1.00,0.00,0.00,0.00,-1.00,0,None,0,aggregation
160,295.54,remora2,remora3,26.16,26.16,26.56,26.56,26.85,26.85,27.21,27.21,27.56,27.56,21.88,21.88,22.47,22.47,22.89,22.89,23.45,23.45,23.98,23.98,4.42,4.40,4.39,4.37,4.35,4.33,4.32,4.30,4.28,4.26,7.85,7.85,7.84,7.83,7.82,7.82,7.78,7.78,7.77,7.77,203.08,0.00,0.00,1.00,0.00,0.00,0.00,-1.00,0,None,0,aggregation
160,296.54,remora2,remora3,27.81,27.81,28.04,28.04,28.34,28.34,28.48,28.48,28.74,28.74,24.36,24.36,24.74,24.74,25.22,25.22,25.45,25.45,25.90,25.90,4.25,4.23,4.21,4.19,4.18,4.16,4.14,4.13,4.11,4.10,7.77,7.77,7.77,7.76,7.75,7.75,7.74,7.74,7.74,7.73,199.79,0.00,0.00,1.00,0.00,0.00,0.00,-1.00,0,None,0,aggregation
160,297.54,remora2,remora3,28.86,28.86,29.09,29.09,29.20,29.20,29.35,29.35,29.49,29.49,26.12,26.12,26.54,26.54,26.74,26.74,27.03,27.03,27.31,27.31,4.08,4.06,4.05,4.03,4.02,4.00,3.99,3.98,3.96,3.95,7.73,7.73,7.72,7.72,7.71,7.70,7.70,7.69,7.69,7.69,197.76,0.00,0.00,1.00,0.00,0.00,0.00,-1.00,0,None,0,aggregation
160,298.54,remora2,remora3,29.58,29.66,29.66,29.66,29.73,29.73,29.83,29.83,29.89,29.89,27.49,27.66,27.66,27.66,27.83,27.83,28.07,28.07,28.22,28.22,3.94,3.92,3.91,3.90,3.89,3.88,3.86,3.85,3.84,3.83,7.69,7.69,7.68,7.68,7.67,7.67,7.67,7.66,7.66,7.66,196.57,0.00,0.00,1.00,0.00,0.00,0.00,-1.00,0,None,0,aggregation
160,299.54,remora2,remora3,29.95,29.95,30.00,30.00,30.02,30.02,30.06,30.06,30.08,30.08,28.37,28.37,28.51,28.51,28.58,28.58,28.71,28.71,28.78,28.78,3.82,3.81,3.80,3.79,3.78,3.77,3.76,3.76,3.75,3.74,7.66,7.66,7.67,7.67,6.50,6.50,7.67,7.66,7.66,7.66,201.88,0.00,0.00,1.00,0.00,0.00,0.00,-1.00,0,None,0,aggregation
160,300.54,remora2,remora3,30.11,30.11,30.14,30.14,30.14,30.16,30.16,30.16,30.17,30.17,28.90,28.90,29.02,29.02,29.02,29.14,29.14,29.14,29.19,29.19,3.73,3.72,3.72,3.71,3.70,3.70,3.69,3.68,3.68,3.67,7.66,7.67,7.67,6.50,6.51,6.51,6.51,6.52,6.52,6.52,219.63,0.00,0.00,1.00,0.00,0.00,0.00,-1.00,0,None,0,aggregation
160,301.54,remora2,remora3,30.17,30.17,30.18,30.18,30.18,30.18,30.18,30.18,30.19,30.19,29.24,29.24,29.34,29.34,29.34,29.34,29.34,29.34,29.44,29.44,3.67,3.66,3.66,3.65,3.65,3.64,3.64,3.63,3.63,3.62,6.53,6.53,6.53,6.54,6.54,6.55,6.55,6.56,6.56,6.57,246.39,0.00,0.00,1.00,0.00,0.00,0.00,-1.00,0,None,0,aggregation
160,302.54,remora2,remora3,30.19,30.19,30.19,30.19,30.18,30.18,30.18,30.18,30.18,30.18,29.44,29.44,29.44,29.44,29.53,29.53,29.53,29.53,29.53,29.53,3.62,3.62,3.61,3.61,3.61,3.60,3.60,3.60,3.59,3.59,6.57,6.58,6.58,6.59,6.59,6.60,6.60,6.61,6.61,6.62,266.18,0.00,0.00,1.00,0.00,0.00,0.00,-1.00,0,None,0,aggregation
160,303.54,remora2,remora3,30.18,30.18,30.18,30.18,30.18,30.18,30.18,30.18,30.17,30.17,29.53,29.53,29.53,29.53,29.57,29.57,29.57,29.57,29.62,29.62,3.59,3.59,3.58,3.58,3.58,3.58,3.57,3.57,3.57,3.57,6.62,6.63,6.63,6.64,6.64,6.65,6.65,6.66,6.66,6.67,278.76,0.00,0.00,1.00,0.00,0.00,0.00,-1.00,0,None,0,aggregation
160,304.54,remora2,remora3,30.17,30.17,30.17,30.17,30.17,30.17,30.17,30.17,30.17,30.18,29.62,29.62,29.62,29.62,29.62,29.62,29.62,29.62,29.62,29.57,3.57,3.56,3.56,3.56,3.56,3.56,3.56,3.55,3.55,3.55,6.67,6.67,6.68,6.68,6.69,6.69,6.70,6.70,6.70,6.71,286.67,0.00,0.00,1.00,0.00,0.00,0.00,-1.00,0,None,0,aggregation
160,305.54,remora2,remora3,30.18,30.18,30.18,30.18,30.18,30.18,30.18,30.18,30.18,30.18,29.57,29.57,29.57,29.57,29.57,29.57,29.57,29.57,29.53,29.53,3.55,3.55,3.55,3.55,3.55,3.54,3.54,3.54,3.54,3.54,6.71,6.71,6.72,6.72,6.72,6.72,6.73,6.73,6.73,6.73,291.64,0.00,0.00,1.00,0.00,0.00,0.00,-1.00,0,None,0,aggregation
160,306.54,remora2,remora3,30.18,30.18,30.18,30.18,30.18,30.18,30.18,30.18,30.18,30.18,29.53,29.53,29.53,29.53,29.53,29.53,29.53,29.53,29.53,29.53,3.54,3.54,3.54,3.54,3.53,3.53,3.53,3.53,3.53,3.53,6.74,6.74,6.74,6.74,6.74,6.74,6.75,6.75,6.75,6.75,294.79,0.00,0.00,1.00,0.00,0.00,0.00,-1.00,0,None,0,aggregation
160,307.54,remora2,remora3,30.18,30.18,30.18,30.17,30.17,30.17,30.16,30.16,30.13,30.13,29.53,29.53,29.59,29.67,29.67,29.67,29.69,29.69,29.78,29.78,3.53,3.53,3.53,3.53,3.53,3.52,3.52,3.52,3.52,3.52,6.75,6.75,6.75,6.75,6.75,6.75,6.75,6.75,6.75,6.74,296.73,0.00,0.00,1.00,0.00,0.00,0.00,-1.00,0,None,0,aggregation
160,308.54,remora2,remora3,30.10,30.10,30.07,30.07,30.08,30.08,30.03,30.03,30.00,30.00,29.86,29.86,29.91,29.91,29.90,29.90,29.97,29.97,30.00,30.00,3.52,3.52,3.52,3.52,3.52,3.52,3.52,3.52,3.51,3.51,6.74,6.74,6.74,6.74,6.74,6.74,6.73,6.73,6.73,6.73,297.91,0.00,0.00,1.00,0.00,0.00,0.00,-1.00,0,None,0,aggregation
160,309.54,remora2,remora3,29.94,29.94,29.95,29.95,29.90,29.90,29.86,29.86,29.80,29.80,30.05,30.05,30.05,30.05,30.08,30.08,30.10,30.10,30.13,30.13,3.51,3.51,3.51,3.51,3.51,3.51,3.51,3.51,3.51,3.51,6.72,6.72,6.72,6.71,6.71,6.71,6.70,6.70,6.70,6.69,298.59,0.00,0.00,1.00,0.00,0.00,0.00,-1.00,0,None,0,aggregation
160,310.54,remora2,remora3,29.79,29.79,29.76,29.76,29.73,29.73,29.69,29.69,29.68,29.68,30.13,30.13,30.14,30.14,30.15,30.15,30.16,30.16,30.16,30.16,3.51,3.51,3.51,3.51,3.51,3.51,3.51,3.51,3.51,3.51,6.69,6.68,6.68,6.68,6.67,6.67,6.66,6.66,6.65,6.65,298.92,0.00,0.00,1.00,0.00,0.00,0.00,-1.00,0,None,0,aggregation
160,311.54,remora2,remora3,29.65,29.65,29.61,29.61,29.61,29.61,29.56,29.56,29.55,29.55,30.17,30.17,30.18,30.18,30.17,30.17,30.18,30.18,30.18,30.18,3.51,3.51,3.51,3.51,3.51,3.51,3.51,3.51,3.51,3.51,6.64,6.64,6.63,6.63,6.62,6.62,6.61,6.60,6.60,6.59,299.05,0.00,0.00,1.00,0.00,0.00,0.00,-1.00,0,None,0,aggregation
160,312.54,remora2,remora3,29.59,29.59,29.53,29.53,29.54,29.54,29.46,29.46,29.46,29.46,30.18,30.18,30.18,30.18,30.18,30.18,30.18,30.18,30.19,30.19,3.51,3.51,3.51,3.51,3.52,3.52,3.52,3.52,3.52,3.52,6.59,6.58,6.57,6.57,6.56,6.56,6.55,6.54,6.54,6.53,299.06,0.00,0.00,1.00,0.00,0.00,0.00,-1.00,0,None,0,aggregation
160,313.54,remora2,remora3,29.51,29.51,29.40,29.40,29.44,29.44,29.39,29.39,29.46,29.46,30.18,30.18,30.18,30.18,30.19,30.19,30.18,30.18,30.19,30.19,3.52,3.52,3.52,3.53,3.53,3.53,3.53,3.53,3.53,3.54,6.53,6.52,6.51,6.51,6.50,6.49,6.49,6.48,6.47,6.47,299.00,0.00,0.00,1.00,0.00,0.00,0.00,-1.00,0,None,0,aggregation
160,314.54,remora2,remora3,29.38,29.38,29.31,29.31,29.38,29.38,29.32,29.32,29.39,29.39,30.18,30.18,30.18,30.18,30.18,30.18,30.18,30.18,30.18,30.18,3.54,3.54,3.54,3.54,3.55,3.55,3.55,3.55,3.56,3.56,6.46,6.45,6.45,6.44,6.43,6.43,6.42,6.41,6.40,6.40,298.87,0.00,0.00,1.00,0.00,0.00,0.00,-1.00,0,None,0,aggregation
160,315.54,remora2,remora3,29.39,29.39,29.34,29.34,29.31,29.31,29.26,29.26,29.33,29.33,30.18,30.18,30.18,30.18,30.18,30.18,30.17,30.17,30.18,30.18,3.56,3.56,3.57,3.57,3.57,3.57,3.58,3.58,3.58,3.59,6.39,6.38,6.38,6.37,6.36,6.36,6.35,6.34,6.34,6.33,298.75,0.00,0.00,1.00,0.00,0.00,0.00,-1.00,0,None,0,aggregation
160,316.54,remora2,remora3,29.34,29.34,29.34,29.34,29.33,29.33,29.38,29.38,29.25,29.25,30.18,30.18,30.18,30.18,30.18,30.18,30.18,30.18,30.17,30.17,3.59,3.59,3.60,3.60,3.60,3.61,3.61,3.61,3.62,3.62,6.32,6.31,6.31,6.30,6.29,6.29,6.28,6.27,6.27,6.26,298.65,0.00,0.00,1.00,0.00,0.00,0.00,-1.00,0,None,0,aggregation
160,317.54,remora2,remora3,29.26,29.26,29.27,29.27,29.26,29.26,29.31,29.31,29.27,29.27,30.18,30.18,30.18,30.18,30.18,30.18,30.18,30.18,30.18,30.18,3.62,3.63,3.63,3.64,3.64,3.65,3.65,3.65,3.66,3.66,6.25,6.25,6.24,6.23,6.23,6.22,6.21,6.21,6.20,6.19,298.46,0.00,0.00,1.00,0.00,0.00,0.00,-1.00,0,None,0,aggregation
160,318.54,remora2,remora3,29.28,29.28,29.29,29.29,29.27,29.27,29.32,29.32,29.27,29.27,30.18,30.18,30.18,30.18,30.18,30.18,30.18,30.18,30.18,30.18,3.67,3.67,3.68,3.68,3.69,3.70,3.70,3.71,3.71,3.72,6.19,6.18,6.18,6.17,6.16,6.16,6.15,6.15,6.14,6.13,298.21,0.00,0.00,1.00,0.00,0.00,0.00,-1.00,0,None,0,aggregation
160,319.54,remora2,remora3,29.27,29.27,29.28,29.28,29.25,29.27,29.27,29.27,29.24,29.24,30.18,30.18,30.18,30.18,30.17,30.18,30.18,30.18,30.17,30.17,3.72,3.73,3.74,3.74,3.75,3.76,3.76,3.77,3.78,3.78,6.13,6.12,6.12,6.11,6.10,6.10,6.09,6.09,6.08,6.07,297.94,0.00,0.00,1.00,0.00,0.00,0.00,-1.00,0,None,0,aggregation
160,320.54,remora2,remora3,29.22,29.22,29.22,29.22,29.16,29.16,29.45,29.45,29.27,29.27,30.17,30.17,30.17,30.17,30.16,30.16,30.19,30.19,30.18,30.18,3.79,3.80,3.81,3.81,3.82,3.83,3.84,3.84,3.85,3.86,6.07,6.06,6.05,6.05,6.04,6.04,6.03,6.02,6.02,6.01,297.72,0.00,0.00,1.00,0.00,0.00,0.00,-1.00,0,None,0,aggregation
160,321.54,remora2,remora3,29.24,29.24,29.25,29.25,29.16,29.16,29.14,29.14,29.05,29.05,30.17,30.17,30.17,30.17,30.16,30.16,30.16,30.16,30.14,30.14,3.87,3.88,3.89,3.90,3.91,3.91,3.92,3.93,3.94,3.95,6.01,6.01,6.01,6.01,6.00,5.99,5.99,5.98,5.98,5.97,297.50,0.00,0.00,1.00,0.00,0.00,0.00,-1.00,0,None,0,aggregation
160,322.54,remora2,remora3,28.86,28.86,28.98,28.98,28.91,28.76,28.76,28.76,28.65,28.65,30.10,30.10,30.13,30.13,30.11,30.07,30.07,30.07,30.04,30.04,3.96,3.97,3.99,4.00,4.01,4.02,4.03,4.04,4.05,4.06,5.96,5.96,5.95,5.95,5.94,5.94,5.93,5.93,5.93,5.92,297.10,0.00,0.00,1.00,0.00,0.00,0.00,-1.00,0,None,0,aggregation
160,323.54,remora2,remora3,28.45,28.27,28.27,28.27,27.96,27.96,27.66,27.66,27.54,27.54,29.98,29.91,29.91,29.91,29.79,29.79,29.66,29.66,29.61,29.61,4.08,4.09,4.10,4.11,4.13,4.14,4.15,4.17,4.18,4.20,5.92,5.91,5.91,5.91,5.90,5.90,5.90,5.89,5.89,5.89,296.16,0.00,0.00,1.00,0.00,0.00,0.00,-1.00,0,None,0,aggregation
160,131.54,remora0,remora3,30.00,30.00,30.00,30.00,30.00,30.00,30.00,30.00,30.00,30.00,30.00,30.00,30.00,30.00,30.00,30.00,30.00,30.00,30.00,30.00,6.45,6.47,6.48,6.50,6.51,6.53,6.54,6.56,6.57,6.59,7.49,7.51,7.54,7.56,7.58,7.61,7.63,7.65,7.68,7.70,278.25,0.00,0.00,1.00,0.00,0.00,0.00,-1.00,0,None,0,aggregation
160,132.54,remora0,remora3,30.00,30.00,30.00,30.00,30.00,30.00,30.00,30.00,30.00,30.00,30.00,30.00,30.00,30.00,30.00,30.00,30.00,30.00,30.00,30.00,6.60,6.62,6.63,6.65,6.67,6.68,6.70,6.71,6.73,6.75,7.72,7.75,7.77,7.79,7.82,7.84,7.87,7.89,7.92,7.94,280.82,0.00,0.00,1.00,0.00,0.00,0.00,-1.00,0,None,0,aggregation
160,201.54,remora0,remora3,0.00,0.00,0.00,0.00,0.00,0.00,0.00,0.00,0.00,0.00,0.00,0.00,0.00,0.00,0.00,0.00,0.00,0.00,0.00,0.00,1.58,1.58,1.58,1.58,1.58,1.58,1.58,1.58,1.58,1.58,5.41,5.41,5.41,6.56,6.55,6.55,6.54,6.53,6.52,6.52,0.00,0.00,1.00,0.00,0.00,0.00,0.00,-1.00,0,None,0,aggregation
160,202.54,remora0,remora3,0.00,0.00,-22.96,-22.96,-22.74,-22.74,-22.17,-22.17,-21.55,-21.55,0.00,0.00,-33.42,-33.42,-33.20,-33.20,-32.64,-32.64,-32.01,-32.01,1.58,1.58,1.60,1.65,1.71,1.76,1.81,1.87,1.92,1.97,6.51,6.50,6.50,6.52,6.54,6.56,6.57,6.59,6.61,6.63,22.07,0.00,1.00,0.00,0.00,0.00,0.00,-1.00,0,None,0,aggregation
160,203.54,remora0,remora3,-20.85,-20.85,-20.10,-20.10,-19.28,-19.28,-18.28,-18.28,-17.34,-17.34,-31.32,-31.32,-30.56,-30.56,-29.75,-29.75,-28.74,-28.74,-27.80,-27.80,2.02,2.07,2.12,2.17,2.21,2.26,2.30,2.35,2.39,2.43,6.65,6.67,6.69,6.71,6.74,6.77,6.79,6.82,6.84,6.87,46.47,0.00,1.00,1.00,0.00,0.00,0.00,-1.00,0,None,0,aggregation
160,204.54,remora0,remora3,-16.35,-16.35,-15.30,-15.30,-14.21,-14.21,-12.91,-12.91,-11.72,-11.72,-26.81,-26.81,-25.77,-25.77,-24.68,-24.68,-23.37,-23.37,-22.18,-22.18,2.47,2.51,2.54,2.58,2.61,2.64,2.67,2.70,2.73,2.75,6.89,6.91,6.94,6.96,6.98,7.00,7.02,7.04,7.06,7.08,65.80,0.00,1.00,1.00,0.00,0.00,0.00,-1.00,0,None,0,aggregation
160,205.54,remora0,remora3,-10.31,-10.31,-8.85,-8.85,-7.35,-7.35,-5.81,-5.81,-4.04,-4.04,-20.77,-20.77,-19.32,-19.32,-17.82,-17.82,-16.28,-16.28,-14.50,-14.50,2.78,2.80,2.82,2.83,2.85,2.87,2.88,2.89,2.90,2.91,7.10,7.12,7.13,6.20,6.21,6.23,6.24,6.25,6.26,6.27,78.31,0.00,1.00,1.00,0.00,0.00,0.00,-1.00,0,None,0,aggregation
160,206.54,remora0,remora3,-2.43,-2.43,-0.39,-0.39,1.47,1.47,3.56,3.56,5.79,5.79,-12.90,-12.90,-10.85,-10.85,-8.99,-8.99,-6.91,-6.91,-4.53,-4.53,2.91,2.92,2.93,2.93,2.93,2.93,2.94,2.94,2.94,2.94,6.28,6.29,6.29,6.30,6.30,6.31,6.31,6.31,6.31,6.31,82.17,0.00,1.00,1.00,0.00,0.00,0.00,-1.00,0,None,0,aggregation
160,207.54,remora0,remora3,7.65,7.65,9.86,11.86,11.86,11.86,13.81,13.81,15.87,15.87,-2.21,-2.21,0.56,3.07,3.07,3.07,5.53,5.53,8.15,8.15,2.94,2.94,2.94,2.94,2.95,2.95,2.95,2.96,2.97,2.98,6.31,6.31,6.31,6.31,6.31,6.31,6.31,6.31,6.30,6.30,89.81,0.00,1.00,1.00,0.00,0.00,0.00,-1.00,0,None,0,aggregation
160,208.54,remora0,remora3,17.53,17.53,19.42,20.92,20.92,20.92,22.33,22.33,23.51,23.51,10.27,10.27,12.73,14.69,14.69,14.69,16.56,16.56,18.17,18.17,2.99,3.00,3.01,3.03,3.05,3.07,3.09,3.11,3.13,3.16,6.30,6.30,6.30,6.30,6.30,6.30,6.30,6.30,6.31,6.31,107.60,0.00,0.00,1.00,0.00,0.00,0.00,-1.00,0,None,0,aggregation
160,209.54,remora0,remora3,24.74,24.74,25.64,25.64,26.46,26.46,27.21,27.21,27.89,27.89,19.85,19.85,21.12,21.12,22.32,22.32,23.45,23.45,24.49,24.49,3.19,3.22,3.25,3.28,3.31,3.34,3.38,3.41,3.45,3.49,7.23,7.23,7.23,7.24,7.24,7.24,7.25,7.25,7.25,7.26,131.92,0.00,0.00,1.00,0.00,0.00,0.00,-1.00,0,None,0,aggregation
160,210.54,remora0,remora3,28.34,28.34,28.80,28.80,29.15,29.15,29.35,29.35,29.62,29.62,25.22,25.22,26.01,26.01,26.64,26.64,27.03,27.03,27.57,27.57,3.52,3.56,3.60,3.64,3.68,3.73,3.77,3.81,3.85,3.90,7.26,7.27,7.28,7.28,7.29,7.30,7.30,7.31,7.32,7.33,159.69,0.00,0.00,1.00,0.00,0.00,0.00,-1.00,0,None,0,aggregation
160,211.54,remora0,remora3,29.77,29.77,29.92,29.92,30.02,30.02,30.02,30.08,30.13,-17.77,27.91,27.91,28.29,28.29,28.58,28.58,28.58,28.78,28.96,-2.08,3.94,3.98,4.03,4.07,4.12,4.16,4.21,4.25,4.29,4.34,7.34,7.35,7.36,7.37,7.38,7.39,7.40,7.41,7.42,7.43,186.96,0.00,0.00,1.00,1.00,0.00,1.00,-1.00,0,None,0,aggregation
160,212.54,remora0,remora3,-17.77,-17.77,-17.65,-17.65,29.62,29.62,-17.27,-17.27,-17.05,-16.61,-2.08,-2.08,-1.95,-1.95,27.57,27.57,-1.57,-1.57,-1.35,-0.91,4.35,4.36,4.37,4.37,4.39,4.43,4.45,4.46,4.47,4.48,7.44,7.44,7.44,7.44,7.45,7.45,7.45,7.46,7.46,7.46,178.23,0.00,0.00,1.00,1.00,0.00,1.00,-1.00,0,None,0,aggregation
160,213.54,remora0,remora3,-16.61,-16.61,27.21,27.21,-15.86,-15.86,-15.52,-15.52,24.15,24.15,-0.91,-0.91,23.45,23.45,-0.17,-0.17,0.18,0.18,19.03,19.03,4.49,4.49,4.51,4.55,4.57,4.58,4.58,4.59,4.61,4.64,7.47,7.47,7.47,7.47,7.47,7.48,7.48,7.48,7.49,7.48,168.10,0.00,0.00,1.00,1.00,0.00,1.00,-1.00,0,None,0,aggregation
160,214.54,remora0,remora3,-14.59,-14.59,-14.25,19.55,19.55,19.55,-13.39,-13.39,-12.97,-12.97,1.10,1.10,1.45,12.89,12.89,12.89,2.31,2.31,2.73,2.73,4.66,4.67,4.68,4.69,4.71,4.74,4.76,4.77,4.78,4.79,7.48,7.49,7.49,7.50,7.50,7.49,7.50,7.50,7.51,7.51,157.76,0.00,0.00,1.00,1.00,0.00,1.00,-1.00,0,None,0,aggregation
160,215.54,remora0,remora3,14.39,14.39,13.70,13.70,-12.47,-12.07,-12.07,-12.07,9.72,9.72,6.27,6.27,5.39,5.39,3.23,3.62,3.62,3.62,0.38,0.38,4.81,4.83,4.85,4.87,4.89,4.90,4.92,4.93,4.95,4.96,7.51,7.51,7.51,7.51,7.51,7.52,7.52,7.53,7.53,7.53,151.97,0.00,0.00,1.00,1.00,0.00,1.00,-1.00,0,None,0,aggregation
160,216.54,remora0,remora3,8.99,8.99,10.32,10.32,11.34,11.34,-12.73,-12.42,-12.42,-12.42,-0.53,-0.53,1.14,1.14,2.41,2.41,2.97,3.28,3.28,3.28,4.98,5.00,5.02,5.04,5.06,5.08,5.10,5.11,5.13,5.14,7.53,7.53,7.54,7.54,7.54,7.54,7.54,7.55,7.55,7.56,153.33,0.00,0.00,1.00,1.00,0.00,1.00,-1.00,0,None,0,aggregation
160,217.54,remora0,remora3,8.30,8.30,8.19,8.19,9.13,9.13,11.13,11.13,13.10,13.10,-1.40,-1.40,-1.53,-1.53,-0.36,-0.36,2.16,2.16,4.64,4.64,5.16,5.17,5.19,5.21,5.23,5.25,5.27,5.29,5.32,5.34,7.56,7.56,7.57,7.57,7.57,7.57,7.58,7.58,7.58,7.58,151.02,0.00,0.00,1.00,0.00,0.00,0.00,-1.00,0,None,0,aggregation
160,218.54,remora0,remora3,-13.54,-13.54,-13.18,-13.18,11.86,11.86,12.21,-12.77,-12.77,-12.77,2.16,2.16,2.52,2.52,3.07,3.07,3.52,2.93,2.93,2.93,5.36,5.37,5.39,5.40,5.42,5.44,5.47,5.49,5.51,5.52,8.07,8.07,8.07,8.07,8.06,8.06,8.06,8.06,8.05,8.05,139.20,0.00,0.00,1.00,1.00,0.00,1.00,-1.00,0,None,0,aggregation
160,219.54,remora0,remora3,12.93,12.93,13.10,-12.71,-12.71,-12.71,-12.25,-12.25,11.68,11.68,4.42,4.42,4.64,2.99,2.99,2.99,3.44,3.44,2.84,2.84,5.54,5.57,5.59,5.62,5.64,5.65,5.67,5.69,5.70,5.73,8.05,8.05,8.05,8.04,8.04,8.04,8.04,8.05,8.04,8.04,121.29,0.00,0.00,1.00,1.00,0.00,1.00,-1.00,0,None,0,aggregation
160,220.54,remora0,remora3,11.86,11.86,13.63,13.63,-12.24,-12.24,-11.85,-11.85,12.57,12.57,3.07,3.07,5.31,5.31,3.45,3.45,3.85,3.85,3.97,3.97,5.75,5.78,5.80,5.83,5.83,5.83,5.82,5.81,5.80,5.80,8.04,8.04,8.03,8.03,8.02,8.02,8.02,8.01,8.01,8.00,100.24,0.00,0.00,1.00,1.00,0.00,1.00,-1.00,0,None,0,aggregation
160,221.54,remora0,remora3,12.93,12.93,-11.38,-11.38,-10.98,-10.98,11.86,11.86,11.13,11.13,4.42,4.42,4.32,4.32,4.72,4.72,3.07,3.07,2.16,2.16,5.80,5.80,5.79,5.78,5.79,5.81,5.82,5.82,5.81,5.81,7.99,7.98,7.97,7.97,7.97,7.97,7.97,7.96,7.95,7.94,78.86,0.00,0.00,1.00,1.00,0.00,1.00,-1.00,0,None,0,aggregation
160,222.54,remora0,remora3,13.10,13.10,15.02,15.02,-11.25,-11.25,-10.82,-10.82,13.81,13.81,4.64,4.64,7.07,7.07,4.45,4.45,4.87,4.87,5.53,5.53,5.81,5.81,5.81,5.81,5.82,5.84,5.86,5.88,5.89,5.89,7.93,7.93,7.92,7.49,7.48,7.48,7.48,7.48,7.48,7.47,72.71,0.00,0.00,1.00,1.00,0.00,1.00,-1.00,0,None,0,aggregation
160,223.54,remora0,remora3,13.98,13.98,15.70,15.70,-10.80,-10.37,-10.37,-10.37,14.68,14.68,5.75,5.75,7.93,7.93,4.89,5.32,5.32,5.32,6.63,6.63,5.89,5.89,5.90,5.90,5.90,5.90,5.89,5.89,5.90,5.92,7.46,7.45,7.44,7.44,7.43,7.42,7.42,7.42,7.41,7.41,65.95,0.00,0.00,1.00,1.00,0.00,1.00,-1.00,0,None,0,aggregation
160,224.54,remora0,remora3,14.85,-9.82,-9.82,-9.82,15.53,15.53,15.19,15.19,16.71,16.71,6.85,5.88,5.88,5.88,7.72,7.72,7.28,7.28,9.22,9.22,5.94,5.96,5.97,5.98,6.00,6.02,6.04,6.07,6.09,6.12,7.40,7.40,7.39,7.39,7.39,7.39,7.38,7.38,7.37,7.37,65.81,0.00,0.00,1.00,1.00,0.00,1.00,-1.00,0,None,0,aggregation
160,225.54,remora0,remora3,-10.00,-10.00,-9.70,-9.70,15.70,15.70,15.87,17.36,17.36,-9.59,5.69,5.69,6.00,6.00,7.93,7.93,8.15,10.06,10.06,6.10,6.14,6.16,6.18,6.21,6.23,6.26,6.29,6.32,6.35,6.38,7.37,7.37,7.37,7.37,7.37,7.37,7.36,7.36,7.36,7.35,66.38,0.00,0.00,1.00,1.00,0.00,1.00,-1.00,0,None,0,aggregation
160,226.54,remora0,remora3,-9.59,-9.59,17.85,17.85,17.85,17.85,-9.43,-8.97,-8.97,-8.97,6.10,6.10,10.69,10.69,10.69,10.69,6.26,6.73,6.73,6.73,6.41,6.43,6.46,6.50,6.50,6.49,6.48,6.48,6.49,6.49,7.35,7.36,7.36,7.35,7.35,7.35,7.34,7.34,7.33,7.33,67.70,0.00,0.00,1.00,1.00,0.00,1.00,-1.00,0,None,0,aggregation
160,227.54,remora0,remora3,16.21,16.21,16.21,17.53,17.53,17.53,18.96,18.96,20.18,20.18,8.58,8.58,8.58,10.27,10.27,10.27,12.12,12.12,13.72,13.72,6.48,6.47,6.46,6.44,6.43,6.42,6.40,6.39,6.37,6.36,7.32,7.31,7.30,7.30,7.29,7.29,7.29,7.28,7.28,7.27,76.75,0.00,0.00,1.00,0.00,0.00,0.00,-1.00,0,None,0,aggregation
160,228.54,remora0,remora3,21.35,21.35,-10.11,-10.11,-9.64,-9.64,19.58,19.58,19.42,19.42,15.26,15.26,5.58,5.58,6.06,6.06,12.93,12.93,12.73,12.73,6.34,6.32,6.31,6.31,6.30,6.30,6.28,6.26,6.24,6.22,7.27,7.26,7.09,7.09,7.09,7.09,7.09,7.09,7.08,7.08,81.73,0.00,0.00,1.00,1.00,0.00,1.00,-1.00,0,None,0,aggregation
160,229.54,remora0,remora3,20.48,20.48,0.00,0.00,30.00,30.00,-9.56,-8.98,-8.98,-8.98,14.11,14.11,0.00,0.00,30.00,30.00,6.13,6.72,6.72,6.72,6.20,6.18,6.17,6.17,6.15,6.12,6.11,6.11,6.11,6.11,7.08,7.08,7.08,7.08,7.08,7.08,7.08,7.08,7.09,7.09,85.29,0.00,0.00,1.00,1.00,0.00,1.00,-1.00,0,None,0,aggregation
160,230.54,remora0,remora3,-7.97,-6.51,-6.51,-5.05,-5.05,-3.69,-3.69,-2.43,-2.43,-2.43,7.72,8.30,8.30,8.78,8.78,9.21,9.21,9.60,9.60,9.60,6.11,6.10,6.10,6.10,6.10,6.10,6.09,6.09,6.08,6.08,7.09,7.10,7.10,7.11,7.11,7.11,7.12,7.12,7.12,7.12,80.76,0.00,0.00,1.00,0.00,0.00,0.00,-1.00,0,None,0,aggregation
160,231.54,remora0,remora3,30.00,30.00,30.00,30.00,30.00,30.00,30.00,30.00,30.00,30.00,30.00,30.00,30.00,30.00,30.00,30.00,30.00,30.00,30.00,30.00,6.06,6.03,6.00,5.97,5.94,5.90,5.87,5.83,5.80,5.76,7.12,7.11,7.09,7.08,7.07,7.05,7.04,7.02,7.01,6.99,104.87,0.00,0.00,1.00,0.00,0.00,0.00,-1.00,0,None,0,aggregation
160,232.54,remora0,remora3,30.00,30.00,30.00,30.00,30.00,30.00,30.00,30.00,30.00,30.00,30.00,30.00,30.00,30.00,30.00,30.00,30.00,30.00,30.00,30.00,5.73,5.69,5.65,5.61,5.57,5.53,5.49,5.45,5.41,5.37,6.98,6.96,6.94,6.93,6.91,6.89,6.88,6.86,6.84,6.82,127.68,0.00,0.00,1.00,0.00,0.00,0.00,-1.00,0,None,0,aggregation
160,233.54,remora0,remora3,30.00,30.00,30.00,30.00,30.00,30.00,0.00,0.00,29.09,29.09,30.00,30.00,30.00,30.00,30.00,30.00,0.00,0.00,26.54,26.54,5.33,5.28,5.24,5.19,5.15,5.10,5.07,5.05,5.02,4.98,6.81,6.79,6.77,6.75,6.73,6.72,6.70,6.70,6.69,6.68,143.72,0.00,0.00,1.00,0.00,0.00,0.00,-1.00,0,None,0,aggregation
160,234.54,remora0,remora3,29.20,29.20,29.30,29.30,29.35,29.35,29.45,29.45,29.54,29.54,26.74,26.74,26.93,26.93,27.03,27.03,27.22,27.22,27.40,27.40,4.93,4.88,4.84,4.79,4.75,4.70,4.65,4.61,4.56,4.51,6.66,6.65,6.63,6.61,6.59,6.58,6.56,6.54,6.52,6.50,163.10,0.00,0.00,1.00,0.00,0.00,0.00,-1.00,0,None,0,aggregation
160,235.54,remora0,remora3,29.62,29.62,29.70,29.70,29.73,29.73,29.80,29.80,29.83,29.83,27.57,27.57,27.74,27.74,27.83,27.83,27.99,27.99,28.07,28.07,4.46,4.42,4.37,4.32,4.28,4.23,4.18,4.14,4.09,4.04,6.49,6.47,6.45,6.43,6.41,6.40,6.38,6.36,6.35,6.33,184.60,0.00,0.00,1.00,0.00,0.00,0.00,-1.00,0,None,0,aggregation
160,236.54,remora0,remora3,29.87,29.87,29.89,29.89,29.92,29.92,29.95,29.95,29.95,29.95,28.14,28.14,28.22,28.22,28.29,28.29,28.37,28.37,28.37,28.37,4.00,3.95,3.91,3.86,3.82,3.77,3.73,3.68,3.64,3.59,6.31,6.29,6.28,6.26,6.25,6.20,6.18,6.16,6.14,6.12,207.15,0.00,0.00,1.00,0.00,0.00,0.00,-1.00,0,None,0,aggregation
160,237.54,remora0,remora3,30.00,30.00,30.00,30.02,30.02,30.02,30.02,30.02,30.02,30.02,28.51,28.51,28.51,28.58,28.58,28.58,28.58,28.58,28.58,28.58,3.55,3.51,3.46,3.42,3.38,3.34,3.29,3.25,3.21,3.17,6.10,6.09,6.07,6.05,6.03,6.01,6.00,5.98,5.96,5.95,222.05,0.00,0.00,1.00,0.00,0.00,0.00,-1.00,0,None,0,aggregation
160,238.54,remora0,remora3,30.02,30.02,30.04,30.04,30.07,30.07,30.11,30.11,30.13,30.13,28.58,28.58,28.65,28.65,28.74,28.74,28.91,28.91,28.99,28.99,3.13,3.09,3.05,3.00,2.96,2.92,2.88,2.84,2.80,2.76,5.93,5.91,5.90,5.88,5.87,5.85,5.84,5.82,5.81,5.79,240.54,0.00,1.00,1.00,0.00,0.00,0.00,-1.00,0,None,0,aggregation
160,239.54,remora0,remora3,30.16,30.16,30.16,30.16,30.18,30.18,30.18,30.18,30.18,30.18,29.15,29.15,29.15,29.15,29.27,29.27,29.38,29.38,29.36,29.36,2.72,2.69,2.65,2.61,2.57,2.53,2.49,2.46,2.42,2.38,5.78,5.77,4.33,4.30,4.27,4.24,4.21,4.18,4.16,4.13,260.28,0.00,1.00,1.00,0.00,0.00,0.00,-1.00,0,None,0,aggregation
160,240.54,remora0,remora3,30.18,30.18,30.18,30.18,30.18,30.18,30.18,30.18,30.18,30.18,29.37,29.37,29.38,29.38,29.37,29.37,29.34,29.34,29.28,29.28,2.35,2.31,2.28,2.24,2.21,2.17,2.14,2.11,2.08,2.05,4.10,4.07,4.05,4.02,4.00,3.97,3.95,3.92,3.90,3.87,287.86,0.00,1.00,1.00,0.00,0.00,0.00,-1.00,0,None,0,aggregation
160,241.54,remora0,remora3,30.17,30.17,30.17,30.17,30.15,30.15,30.13,30.13,30.10,30.10,29.25,29.25,29.22,29.22,29.11,29.11,29.00,29.00,28.86,28.86,2.02,1.99,1.96,1.93,1.91,1.88,1.86,1.83,1.81,1.79,3.85,3.83,3.81,3.78,3.76,3.74,3.72,3.70,3.68,3.66,287.48,0.00,1.00,1.00,0.00,0.00,0.00,-1.00,0,None,0,aggregation
160,242.54,remora0,remora3,30.08,30.08,30.03,30.00,30.00,30.00,29.94,29.94,0.00,0.00,28.77,28.77,28.59,28.50,28.50,28.50,28.33,28.33,0.00,0.00,1.77,1.75,1.73,1.72,1.70,1.69,1.68,1.67,1.67,1.68,2.91,2.88,2.86,2.83,2.81,2.79,2.77,2.75,2.74,2.74,280.89,0.00,1.00,1.00,0.00,0.00,0.00,-1.00,0,None,0,aggregation
160,243.54,remora0,remora3,0.00,0.00,0.00,0.00,0.00,0.00,0.00,0.00,0.00,0.00,0.00,0.00,0.00,0.00,0.00,0.00,0.00,0.00,0.00,0.00,1.69,1.71,1.73,1.74,1.75,1.74,1.73,1.73,1.72,1.71,2.74,2.74,2.74,2.75,2.74,2.74,2.73,2.72,2.71,2.70,257.33,0.00,1.00,1.00,0.00,0.00,0.00,-1.00,0,None,0,aggregation
160,244.54,remora0,remora3,0.00,0.00,0.00,0.00,0.00,0.00,0.00,0.00,0.00,0.00,0.00,0.00,0.00,0.00,0.00,0.00,0.00,0.00,0.00,0.00,1.70,1.69,1.70,1.73,3.65,3.64,3.64,3.63,3.62,3.62,2.69,2.68,2.68,2.69,3.65,3.64,3.64,3.63,3.62,3.62,229.11,0.00,0.00,1.00,0.00,0.00,0.00,-1.00,0,None,0,aggregation
160,245.54,remora0,remora3,0.00,0.00,0.00,0.00,0.00,0.00,0.00,0.00,0.00,0.00,0.00,0.00,0.00,0.00,0.00,0.00,0.00,0.00,0.00,0.00,3.61,3.60,3.60,3.59,3.59,3.58,3.58,3.57,3.57,3.56,3.61,3.60,3.60,3.59,3.59,3.58,3.58,3.57,3.57,3.56,200.33,0.00,0.00,1.00,0.00,0.00,0.00,-1.00,0,None,0,aggregation
160,246.54,remora0,remora3,0.00,0.00,0.00,0.00,0.00,0.00,0.00,0.00,0.00,0.00,0.00,0.00,0.00,0.00,0.00,0.00,0.00,0.00,0.00,0.00,3.56,3.55,3.55,3.55,3.54,3.54,3.54,3.53,3.53,3.53,3.56,3.55,3.55,3.55,3.54,3.54,3.54,3.53,3.53,3.53,171.23,0.00,0.00,1.00,0.00,0.00,0.00,-1.00,0,None,0,aggregation
160,247.54,remora0,remora3,0.00,0.00,0.00,0.00,0.00,0.00,0.00,0.00,0.00,0.00,0.00,0.00,0.00,0.00,0.00,0.00,0.00,0.00,0.00,0.00,3.53,3.52,3.52,3.52,3.52,10.00,10.00,10.00,10.00,10.00,3.53,3.52,3.52,3.52,3.52,10.00,10.00,10.00,10.00,10.00,141.94,0.00,0.00,1.00,0.00,0.00,0.00,-1.00,0,None,0,aggregation
160,248.54,remora0,remora3,0.00,0.00,0.00,0.00,0.00,0.00,0.00,0.00,0.00,0.00,0.00,0.00,0.00,0.00,0.00,0.00,0.00,0.00,0.00,0.00,10.00,10.00,10.00,10.00,10.00,10.00,10.00,10.00,10.00,10.00,10.00,10.00,10.00,10.00,10.00,10.00,10.00,10.00,10.00,10.00,112.52,0.00,0.00,1.00,0.00,0.00,0.00,-1.00,0,None,0,aggregation
160,249.54,remora0,remora3,0.00,0.00,0.00,0.00,0.00,0.00,0.00,0.00,0.00,0.00,0.00,0.00,0.00,0.00,0.00,0.00,0.00,0.00,0.00,0.00,10.00,10.00,10.00,10.00,10.00,10.00,10.00,10.00,10.00,10.00,10.00,10.00,10.00,10.00,10.00,10.00,10.00,10.00,10.00,10.00,82.80,0.00,0.00,1.00,0.00,0.00,0.00,-1.00,0,None,0,aggregation
160,294.54,remora0,remora3,23.13,23.13,23.89,23.89,24.62,24.62,25.08,25.08,25.64,25.64,17.64,17.64,18.68,18.68,19.69,19.69,20.34,20.34,21.12,21.12,4.58,4.56,4.55,4.53,4.52,4.50,4.49,4.47,4.45,4.44,6.43,6.41,6.39,6.38,6.36,6.34,6.32,6.30,6.28,6.26,208.18,0.00,0.00,1.00,0.00,0.00,0.00,-1.00,0,None,0,aggregation
160,295.54,remora0,remora3,26.16,26.16,26.56,26.56,26.85,26.85,27.21,27.21,27.56,27.56,21.88,21.88,22.47,22.47,22.89,22.89,23.45,23.45,23.98,23.98,4.42,4.40,4.39,4.37,4.35,4.33,4.32,4.30,4.28,4.26,6.24,6.22,6.20,6.18,6.16,6.14,6.11,6.09,6.07,6.05,203.08,0.00,0.00,1.00,0.00,0.00,0.00,-1.00,0,None,0,aggregation
160,296.54,remora0,remora3,27.81,27.81,28.04,28.04,28.34,28.34,28.48,28.48,28.74,28.74,24.36,24.36,24.74,24.74,25.22,25.22,25.45,25.45,25.90,25.90,4.25,4.23,4.21,4.19,4.18,4.16,4.14,4.13,4.11,4.10,6.03,6.01,5.98,5.96,5.94,5.92,5.90,5.88,5.86,5.83,199.79,0.00,0.00,1.00,0.00,0.00,0.00,-1.00,0,None,0,aggregation
160,297.54,remora0,remora3,28.86,28.86,29.09,29.09,29.20,29.20,29.35,29.35,29.49,29.49,26.12,26.12,26.54,26.54,26.74,26.74,27.03,27.03,27.31,27.31,4.08,4.06,4.05,4.03,4.02,4.00,3.99,3.98,3.96,3.95,5.81,5.79,5.77,5.75,5.73,5.71,5.69,5.67,5.65,5.63,197.76,0.00,0.00,1.00,0.00,0.00,0.00,-1.00,0,None,0,aggregation
160,298.54,remora0,remora3,29.58,29.66,29.66,29.66,29.73,29.73,29.83,29.83,29.89,29.89,27.49,27.66,27.66,27.66,27.83,27.83,28.07,28.07,28.22,28.22,3.94,3.92,3.91,3.90,3.89,3.88,3.86,3.85,3.84,3.83,5.61,5.59,5.57,5.55,5.53,5.51,5.49,5.47,5.45,5.43,196.57,0.00,0.00,1.00,0.00,0.00,0.00,-1.00,0,None,0,aggregation
160,299.54,remora0,remora3,29.95,29.95,30.00,30.00,30.02,30.02,30.06,30.06,30.08,30.08,28.37,28.37,28.51,28.51,28.58,28.58,28.71,28.71,28.78,28.78,3.82,3.81,3.80,3.79,3.78,3.77,3.76,3.76,3.75,3.74,5.42,5.40,5.38,5.36,5.34,5.33,5.31,5.29,5.27,5.26,201.88,0.00,0.00,1.00,0.00,0.00,0.00,-1.00,0,None,0,aggregation
160,300.54,remora0,remora3,30.11,30.11,30.14,30.14,30.14,30.16,30.16,30.16,30.17,30.17,28.90,28.90,29.02,29.02,29.02,29.14,29.14,29.14,29.19,29.19,3.73,3.72,3.72,3.71,3.70,3.70,3.69,3.68,3.68,3.67,5.24,5.22,5.21,5.19,5.18,5.16,5.14,5.13,5.11,5.10,219.63,0.00,0.00,1.00,0.00,0.00,0.00,-1.00,0,None,0,aggregation
160,301.54,remora0,remora3,30.17,30.17,30.18,30.18,30.18,30.18,30.18,30.18,30.19,30.19,29.24,29.24,29.34,29.34,29.34,29.34,29.34,29.34,29.44,29.44,3.67,3.66,3.66,3.65,3.65,3.64,3.64,3.63,3.63,3.62,5.08,5.07,5.05,5.04,5.02,5.01,4.99,4.98,4.96,4.95,246.39,0.00,0.00,1.00,0.00,0.00,0.00,-1.00,0,None,0,aggregation
160,302.54,remora0,remora3,30.19,30.19,30.19,30.19,30.18,30.18,30.18,30.18,30.18,30.18,29.44,29.44,29.44,29.44,29.53,29.53,29.53,29.53,29.53,29.53,3.62,3.62,3.61,3.61,3.61,3.60,3.60,3.60,3.59,3.59,4.94,4.92,4.91,4.90,4.88,4.87,4.85,4.84,4.83,4.82,266.18,0.00,0.00,1.00,0.00,0.00,0.00,-1.00,0,None,0,aggregation
160,303.54,remora0,remora3,30.18,30.18,30.18,30.18,30.18,30.18,30.18,30.18,30.17,30.17,29.53,29.53,29.53,29.53,29.57,29.57,29.57,29.57,29.62,29.62,3.59,3.59,3.58,3.58,3.58,3.58,3.57,3.57,3.57,3.57,4.80,4.79,4.78,4.77,4.75,4.74,4.73,4.72,4.70,4.69,278.76,0.00,0.00,1.00,0.00,0.00,0.00,-1.00,0,None,0,aggregation
160,304.54,remora0,remora3,30.17,30.17,30.17,30.17,30.17,30.17,30.17,30.17,30.17,30.18,29.62,29.62,29.62,29.62,29.62,29.62,29.62,29.62,29.62,29.57,3.57,3.56,3.56,3.56,3.56,3.56,3.56,3.55,3.55,3.55,4.68,4.67,4.66,4.64,4.63,4.62,4.61,4.60,4.59,4.58,286.67,0.00,0.00,1.00,0.00,0.00,0.00,-1.00,0,None,0,aggregation
160,305.54,remora0,remora3,30.18,30.18,30.18,30.18,30.18,30.18,30.18,30.18,30.18,30.18,29.57,29.57,29.57,29.57,29.57,29.57,29.57,29.57,29.53,29.53,3.55,3.55,3.55,3.55,3.55,3.54,3.54,3.54,3.54,3.54,4.57,4.55,4.54,4.53,4.52,4.51,4.50,4.49,4.48,4.47,291.64,0.00,0.00,1.00,0.00,0.00,0.00,-1.00,0,None,0,aggregation
160,306.54,remora0,remora3,30.18,30.18,30.18,30.18,30.18,30.18,30.18,30.18,30.18,30.18,29.53,29.53,29.53,29.53,29.53,29.53,29.53,29.53,29.53,29.53,3.54,3.54,3.54,3.54,3.53,3.53,3.53,3.53,3.53,3.53,4.46,4.45,4.44,4.43,4.42,4.41,4.40,4.39,4.38,4.37,294.79,0.00,0.00,1.00,0.00,0.00,0.00,-1.00,0,None,0,aggregation
160,307.54,remora0,remora3,30.18,30.18,30.18,30.17,30.17,30.17,30.16,30.16,30.13,30.13,29.53,29.53,29.59,29.67,29.67,29.67,29.69,29.69,29.78,29.78,3.53,3.53,3.53,3.53,3.53,3.52,3.52,3.52,3.52,3.52,4.36,4.35,4.34,4.33,4.33,4.32,4.31,4.30,4.29,4.28,296.73,0.00,0.00,1.00,0.00,0.00,0.00,-1.00,0,None,0,aggregation
160,308.54,remora0,remora3,30.10,30.10,30.07,30.07,30.08,30.08,30.03,30.03,30.00,30.00,29.86,29.86,29.91,29.91,29.90,29.90,29.97,29.97,30.00,30.00,3.52,3.52,3.52,3.52,3.52,3.52,3.52,3.52,3.51,3.51,4.27,4.26,4.26,4.25,4.24,4.23,4.22,4.22,4.21,4.20,297.91,0.00,0.00,1.00,0.00,0.00,0.00,-1.00,0,None,0,aggregation
160,309.54,remora0,remora3,29.94,29.94,29.95,29.95,29.90,29.90,29.86,29.86,29.80,29.80,30.05,30.05,30.05,30.05,30.08,30.08,30.10,30.10,30.13,30.13,3.51,3.51,3.51,3.51,3.51,3.51,3.51,3.51,3.51,3.51,4.19,4.18,4.18,4.17,4.16,4.16,4.15,4.14,4.13,4.13,298.59,0.00,0.00,1.00,0.00,0.00,0.00,-1.00,0,None,0,aggregation
160,310.54,remora0,remora3,29.79,29.79,29.76,29.76,29.73,29.73,29.69,29.69,29.68,29.68,30.13,30.13,30.14,30.14,30.15,30.15,30.16,30.16,30.16,30.16,3.51,3.51,3.51,3.51,3.51,3.51,3.51,3.51,3.51,3.51,4.12,4.11,4.11,4.10,4.10,4.09,4.08,4.08,4.07,4.06,298.92,0.00,0.00,1.00,0.00,0.00,0.00,-1.00,0,None,0,aggregation
160,311.54,remora0,remora3,29.65,29.65,29.61,29.61,29.61,29.61,29.56,29.56,29.55,29.55,30.17,30.17,30.18,30.18,30.17,30.17,30.18,30.18,30.18,30.18,3.51,3.51,3.51,3.51,3.51,3.51,3.51,3.51,3.51,3.51,4.06,4.05,4.05,4.04,4.04,4.03,4.03,4.02,4.02,4.01,299.05,0.00,0.00,1.00,0.00,0.00,0.00,-1.00,0,None,0,aggregation
160,312.54,remora0,remora3,29.59,29.59,29.53,29.53,29.54,29.54,29.46,29.46,29.46,29.46,30.18,30.18,30.18,30.18,30.18,30.18,30.18,30.18,30.19,30.19,3.51,3.51,3.51,3.51,3.52,3.52,3.52,3.52,3.52,3.52,4.01,4.00,4.00,3.99,3.99,3.98,3.98,3.97,3.97,3.97,299.06,0.00,0.00,1.00,0.00,0.00,0.00,-1.00,0,None,0,aggregation
160,313.54,remora0,remora3,29.51,29.51,29.40,29.40,29.44,29.44,29.39,29.39,29.46,29.46,30.18,30.18,30.18,30.18,30.19,30.19,30.18,30.18,30.19,30.19,3.52,3.52,3.52,3.53,3.53,3.53,3.53,3.53,3.53,3.54,3.96,3.96,3.96,3.95,3.95,3.94,3.94,3.94,3.93,3.93,299.00,0.00,0.00,1.00,0.00,0.00,0.00,-1.00,0,None,0,aggregation
160,314.54,remora0,remora3,29.38,29.38,29.31,29.31,29.38,29.38,29.32,29.32,29.39,29.39,30.18,30.18,30.18,30.18,30.18,30.18,30.18,30.18,30.18,30.18,3.54,3.54,3.54,3.54,3.55,3.55,3.55,3.55,3.56,3.56,3.93,3.93,3.92,3.92,3.92,3.91,3.91,3.91,3.91,3.91,298.87,0.00,0.00,1.00,0.00,0.00,0.00,-1.00,0,None,0,aggregation
160,315.54,remora0,remora3,29.39,29.39,29.34,29.34,29.31,29.31,29.26,29.26,29.33,29.33,30.18,30.18,30.18,30.18,30.18,30.18,30.17,30.17,30.18,30.18,3.56,3.56,3.57,3.57,3.57,3.57,3.58,3.58,3.58,3.59,3.90,3.90,3.90,3.90,3.90,3.89,3.89,3.89,3.89,3.89,298.75,0.00,0.00,1.00,0.00,0.00,0.00,-1.00,0,None,0,aggregation
160,316.54,remora0,remora3,29.34,29.34,29.34,29.34,29.33,29.33,29.38,29.38,29.25,29.25,30.18,30.18,30.18,30.18,30.18,30.18,30.18,30.18,30.17,30.17,3.59,3.59,3.60,3.60,3.60,3.61,3.61,3.61,3.62,3.62,3.89,3.89,5.92,5.92,5.91,5.91,5.90,5.90,5.89,5.89,298.65,0.00,0.00,1.00,0.00,0.00,0.00,-1.00,0,None,0,aggregation
160,317.54,remora0,remora3,29.26,29.26,29.27,29.27,29.26,29.26,29.31,29.31,29.27,29.27,30.18,30.18,30.18,30.18,30.18,30.18,30.18,30.18,30.18,30.18,3.62,3.63,3.63,3.64,3.64,3.65,3.65,3.65,3.66,3.66,5.89,5.88,5.88,5.87,5.87,5.87,5.86,5.86,5.85,5.85,298.46,0.00,0.00,1.00,0.00,0.00,0.00,-1.00,0,None,0,aggregation
160,318.54,remora0,remora3,29.28,29.28,29.29,29.29,29.27,29.27,29.32,29.32,29.27,29.27,30.18,30.18,30.18,30.18,30.18,30.18,30.18,30.18,30.18,30.18,3.67,3.67,3.68,3.68,3.69,3.70,3.70,3.71,3.71,3.72,5.85,5.84,5.84,5.84,5.83,5.83,5.83,5.82,5.82,5.82,298.21,0.00,0.00,1.00,0.00,0.00,0.00,-1.00,0,None,0,aggregation
160,319.54,remora0,remora3,29.27,29.27,29.28,29.28,29.25,29.27,29.27,29.27,29.24,29.24,30.18,30.18,30.18,30.18,30.17,30.18,30.18,30.18,30.17,30.17,3.72,3.73,3.74,3.74,3.75,3.76,3.76,3.77,3.78,3.78,5.81,5.81,5.81,5.81,5.80,5.80,5.80,5.80,5.79,5.79,297.94,0.00,0.00,1.00,0.00,0.00,0.00,-1.00,0,None,0,aggregation
160,320.54,remora0,remora3,29.22,29.22,29.22,29.22,29.16,29.16,29.45,29.45,29.27,29.27,30.17,30.17,30.17,30.17,30.16,30.16,30.19,30.19,30.18,30.18,3.79,3.80,3.81,3.81,3.82,3.83,3.84,3.84,3.85,3.86,5.79,5.79,5.79,5.78,5.78,5.78,5.78,5.78,5.78,5.77,297.72,0.00,0.00,1.00,0.00,0.00,0.00,-1.00,0,None,0,aggregation
160,321.54,remora0,remora3,29.24,29.24,29.25,29.25,29.16,29.16,29.14,29.14,29.05,29.05,30.17,30.17,30.17,30.17,30.16,30.16,30.16,30.16,30.14,30.14,3.87,3.88,3.89,3.90,3.91,3.91,3.92,3.93,3.94,3.95,5.77,5.77,5.77,5.77,5.77,5.77,5.77,5.77,5.77,5.77,297.50,0.00,0.00,1.00,0.00,0.00,0.00,-1.00,0,None,0,aggregation
160,322.54,remora0,remora3,28.86,28.86,28.98,28.98,28.91,28.76,28.76,28.76,28.65,28.65,30.10,30.10,30.13,30.13,30.11,30.07,30.07,30.07,30.04,30.04,3.96,3.97,3.99,4.00,4.01,4.02,4.03,4.04,4.05,4.06,5.77,5.77,5.77,5.77,5.77,5.77,5.77,5.77,5.77,5.77,297.10,0.00,0.00,1.00,0.00,0.00,0.00,-1.00,0,None,0,aggregation
160,323.54,remora0,remora3,28.45,28.27,28.27,28.27,27.96,27.96,27.66,27.66,27.54,27.54,29.98,29.91,29.91,29.91,29.79,29.79,29.66,29.66,29.61,29.61,4.08,4.09,4.10,4.11,4.13,4.13,4.13,4.14,4.14,4.15,5.77,5.77,5.77,5.77,5.77,5.77,6.58,6.58,6.57,6.57,296.16,0.00,0.00,1.00,0.00,0.00,0.00,-1.00,0,None,0,aggregation
160,324.54,remora0,remora3,26.45,26.45,25.22,25.22,22.82,22.82,19.79,19.79,17.15,17.15,29.04,29.04,28.33,28.33,26.80,26.80,24.69,24.69,22.77,22.77,4.15,4.14,4.13,4.12,4.11,4.10,4.10,4.09,4.09,4.09,6.56,6.55,6.54,6.53,6.52,6.51,6.50,6.49,6.49,6.48,290.70,0.00,0.00,1.00,0.00,0.00,0.00,-1.00,0,None,0,aggregation
160,325.54,remora0,remora3,13.97,13.97,12.78,12.78,11.43,11.43,9.96,9.96,9.45,9.45,20.38,20.38,19.47,19.47,18.43,18.43,17.29,17.29,16.89,16.89,4.08,4.08,4.08,4.08,4.08,4.09,4.09,4.09,4.10,4.10,6.48,6.47,6.47,6.46,6.46,6.45,6.45,6.45,6.45,6.45,275.95,0.00,0.00,1.00,0.00,0.00,0.00,-1.00,0,None,0,aggregation
160,326.54,remora0,remora3,9.01,9.01,8.55,8.55,9.40,9.40,9.71,9.71,10.08,10.08,16.55,16.55,16.18,16.18,16.85,16.85,17.09,17.09,17.38,17.38,4.11,4.11,4.12,4.13,4.13,4.14,4.15,4.16,4.17,4.18,6.44,6.44,6.44,6.44,6.44,6.44,6.44,6.44,6.44,6.44,259.27,0.00,0.00,1.00,0.00,0.00,0.00,-1.00,0,None,0,aggregation
160,327.54,remora0,remora3,10.95,10.95,11.41,11.41,11.66,11.66,12.32,12.32,12.77,12.77,18.05,18.05,18.41,18.41,18.60,18.60,19.11,19.11,19.45,19.45,4.19,4.19,4.20,4.21,4.22,4.23,4.24,4.25,4.26,4.27,6.44,6.43,6.43,6.43,6.43,6.43,6.42,6.42,6.42,6.42,244.82,0.00,0.00,1.00,0.00,0.00,0.00,-1.00,0,None,0,aggregation
160,328.54,remora0,remora3,13.51,13.51,14.03,14.03,14.55,14.55,15.11,15.74,15.74,15.74,20.03,20.03,20.42,20.42,20.81,20.81,21.24,21.71,21.71,21.71,4.28,4.29,4.30,4.30,4.31,4.32,4.33,4.34,4.35,4.35,6.41,6.41,6.41,6.40,6.40,6.39,6.39,6.38,6.38,6.37,232.86,0.00,0.00,1.00,0.00,0.00,0.00,-1.00,0,None,0,aggregation
160,329.54,remora0,remora3,16.38,16.38,17.10,17.10,17.64,17.64,18.17,18.17,18.68,18.68,22.19,22.19,22.73,22.73,23.13,23.13,23.51,23.51,23.89,23.89,4.36,4.37,4.37,4.38,4.39,4.39,4.40,4.40,4.41,4.42,6.37,6.36,6.36,6.35,6.34,6.34,6.33,6.32,6.31,6.30,223.48,0.00,0.00,1.00,0.00,0.00,0.00,-1.00,0,None,0,aggregation
160,330.54,remora0,remora3,19.19,19.19,19.52,19.52,20.02,20.02,20.34,20.34,20.66,20.66,24.26,24.26,24.50,24.50,24.85,24.85,25.08,25.08,25.31,25.31,4.42,4.42,4.43,4.43,4.44,4.44,4.45,4.45,4.45,4.46,6.30,6.29,6.28,6.27,6.26,6.25,6.24,6.23,6.22,6.21,216.13,0.00,0.00,1.00,0.00,0.00,0.00,-1.00,0,None,0,aggregation
160,331.54,remora0,remora3,20.97,20.97,21.28,21.28,21.58,21.58,21.58,21.88,22.18,22.18,25.53,25.53,25.74,25.74,25.95,25.95,25.95,26.16,26.36,26.36,4.46,4.46,4.46,4.47,4.47,4.47,4.47,4.48,4.48,4.48,6.20,6.19,6.18,6.17,6.16,6.15,6.14,6.13,6.12,6.11,210.21,0.00,0.00,1.00,0.00,0.00,0.00,-1.00,0,None,0,aggregation
160,332.54,remora0,remora3,22.47,22.47,22.61,22.61,22.75,22.75,23.03,23.03,23.31,23.31,26.56,26.56,26.66,26.66,26.75,26.75,26.94,26.94,27.12,27.12,4.48,4.48,4.49,4.49,4.49,4.49,4.49,4.49,4.49,4.50,6.10,6.09,6.08,6.07,6.06,6.05,6.04,6.02,6.01,6.00,205.58,0.00,0.00,1.00,0.00,0.00,0.00,-1.00,0,None,0,aggregation
160,333.54,remora0,remora3,23.45,23.45,23.58,23.58,23.85,23.85,23.85,23.85,24.11,24.11,27.21,27.21,27.30,27.30,27.47,27.47,27.47,27.47,27.64,27.64,4.50,4.50,4.50,4.50,4.50,4.50,4.50,4.51,4.51,4.51,5.99,5.98,5.97,5.96,5.95,5.94,5.93,5.92,5.91,5.90,202.30,0.00,0.00,1.00,0.00,0.00,0.00,-1.00,0,None,0,aggregation
160,334.54,remora0,remora3,24.24,24.24,24.36,24.36,24.49,24.49,25.02,25.02,26.04,26.04,27.72,27.72,27.81,27.81,27.89,27.89,28.21,28.21,28.82,28.82,4.51,4.51,4.51,4.51,4.51,4.52,4.52,4.52,4.52,4.52,5.89,5.88,5.87,5.86,5.85,5.84,5.83,5.83,5.82,5.81,204.45,0.00,0.00,1.00,0.00,0.00,0.00,-1.00,0,None,0,aggregation
160,335.54,remora0,remora3,26.50,26.50,27.36,27.36,28.05,28.05,28.40,28.40,28.87,28.87,29.07,29.07,29.52,29.52,29.83,29.83,29.96,29.96,30.11,30.11,4.52,4.52,4.52,4.52,4.52,4.52,4.52,4.52,4.52,4.52,5.80,5.79,5.78,5.77,5.76,5.75,5.74,5.73,5.72,5.71,218.22,0.00,0.00,1.00,0.00,0.00,0.00,-1.00,0,None,0,aggregation
160,131.54,remora0,remora9,28.74,28.74,28.58,28.58,28.50,28.50,28.40,28.40,28.24,28.24,25.90,25.90,25.64,25.64,25.49,25.49,25.33,25.33,25.06,25.06,2.48,2.51,2.53,2.56,2.59,2.61,2.64,2.66,2.69,2.72,6.31,6.31,6.32,6.32,6.33,6.34,6.34,6.35,6.36,6.37,158.74,0.00,1.00,1.00,0.00,0.00,0.00,-1.00,0,None,0,aggregation
160,132.54,remora0,remora9,28.32,28.32,28.12,28.12,27.93,27.93,27.81,27.81,27.40,27.40,25.20,25.20,24.86,24.86,24.57,24.57,24.37,24.37,23.74,23.74,2.74,2.77,2.79,2.82,2.85,2.87,2.90,2.92,2.95,2.98,6.38,6.39,6.39,6.40,6.41,6.42,6.42,6.43,6.44,6.45,184.97,0.00,1.00,1.00,0.00,0.00,0.00,-1.00,0,None,0,aggregation
160,133.54,remora0,remora9,27.04,27.04,26.97,26.97,26.36,26.36,26.32,26.32,26.02,26.02,23.18,23.18,23.08,23.08,22.17,22.17,22.12,22.12,21.68,21.68,3.00,3.03,3.05,3.08,3.10,3.12,3.15,3.17,3.20,3.22,6.47,6.48,6.49,6.50,5.93,5.93,5.94,5.94,5.95,5.96,194.84,0.00,0.00,1.00,0.00,0.00,0.00,-1.00,0,None,0,aggregation
160,134.54,remora0,remora9,25.55,25.55,25.33,25.33,24.72,24.72,24.11,24.11,23.83,23.83,21.00,21.00,20.69,20.69,19.83,19.83,18.98,18.98,18.60,18.60,3.25,3.27,3.29,3.28,3.26,3.24,3.23,3.22,3.21,3.20,5.96,5.97,5.97,5.97,5.98,5.98,5.99,6.00,6.00,6.01,210.98,0.00,0.00,1.00,0.00,0.00,0.00,-1.00,0,None,0,aggregation
160,135.54,remora0,remora9,23.41,23.41,23.29,23.29,23.03,23.03,22.83,22.83,23.08,23.08,18.02,18.02,17.86,17.86,17.50,17.50,17.24,17.24,17.57,17.57,3.20,3.19,3.19,3.18,3.18,3.18,3.18,3.19,3.19,3.19,6.02,6.02,6.03,6.04,6.05,5.27,5.27,5.28,5.29,5.30,227.73,0.00,0.00,1.00,0.00,0.00,0.00,-1.00,0,None,0,aggregation
160,136.54,remora0,remora9,23.21,23.21,23.46,23.46,23.45,23.45,23.60,23.60,23.65,23.65,17.75,17.75,18.09,18.09,18.07,18.07,18.29,18.29,18.35,18.35,3.20,3.21,3.21,3.22,3.23,3.24,3.24,3.23,3.22,3.21,5.31,5.32,5.33,5.34,5.35,5.36,5.37,5.38,5.39,5.39,235.99,0.00,0.00,1.00,0.00,0.00,0.00,-1.00,0,None,0,aggregation
160,137.54,remora0,remora9,23.19,23.19,22.88,22.88,23.27,23.27,23.62,23.62,24.07,24.07,17.73,17.73,17.30,17.30,17.83,17.83,18.32,18.32,18.93,18.93,3.20,3.19,3.19,3.20,3.21,3.22,3.24,3.25,3.26,3.28,5.40,5.41,5.42,5.43,5.44,5.46,5.47,5.48,5.50,5.51,237.51,0.00,0.00,1.00,0.00,0.00,0.00,-1.00,0,None,0,aggregation
160,138.54,remora0,remora9,24.29,24.29,24.69,24.69,25.46,25.46,25.46,25.46,25.39,25.39,19.23,19.23,19.79,19.79,20.88,20.88,20.87,20.87,20.78,20.78,3.30,3.32,3.33,3.36,3.36,3.36,3.36,3.36,3.37,3.39,5.53,5.54,5.56,5.57,5.59,5.60,5.61,5.62,5.64,5.66,236.91,0.00,0.00,1.00,0.00,0.00,0.00,-1.00,0,None,0,aggregation
160,139.54,remora0,remora9,25.61,25.61,26.08,26.08,26.40,26.40,26.88,26.88,27.12,27.12,21.09,21.09,21.77,21.77,22.24,22.24,22.95,22.95,23.30,23.30,3.41,3.43,3.46,3.48,3.51,3.53,3.56,3.59,3.62,3.65,5.67,5.69,5.71,5.73,5.74,5.76,5.78,5.80,5.82,5.84,235.71,0.00,0.00,1.00,0.00,0.00,0.00,-1.00,0,None,0,aggregation
160,140.54,remora0,remora9,27.70,27.70,27.99,27.99,27.85,27.85,28.10,28.10,28.33,28.33,24.20,24.20,24.66,24.66,24.43,24.43,24.84,24.84,25.21,25.21,3.67,3.68,3.69,3.70,3.71,3.72,3.74,3.77,3.80,3.83,5.86,5.88,5.89,5.91,5.93,5.95,5.96,5.99,6.01,6.03,235.23,0.00,0.00,1.00,0.00,0.00,0.00,-1.00,0,None,0,aggregation
160,141.54,remora0,remora9,28.69,28.69,28.79,28.79,29.27,29.27,29.47,29.47,29.66,29.66,25.82,25.82,25.99,25.99,26.86,26.86,27.26,27.26,27.67,27.67,3.86,3.90,3.93,3.96,4.00,4.03,4.07,4.10,4.14,4.18,6.05,6.07,6.09,6.12,6.14,6.16,6.19,6.21,6.23,6.26,236.19,0.00,0.00,1.00,0.00,0.00,0.00,-1.00,0,None,0,aggregation
160,142.54,remora0,remora9,29.75,29.75,29.88,29.88,29.98,29.98,30.10,30.10,30.11,30.11,27.86,27.86,28.17,28.17,28.45,28.45,28.86,28.86,28.89,28.89,4.22,4.26,4.30,4.33,4.37,4.41,4.44,4.46,4.48,4.50,6.28,6.31,6.33,6.36,6.38,6.41,6.43,6.45,6.47,6.49,239.16,0.00,0.00,1.00,0.00,0.00,0.00,-1.00,0,None,0,aggregation
160,143.54,remora0,remora9,30.15,30.15,30.13,30.13,30.18,30.18,30.09,30.09,29.83,29.83,29.10,29.10,28.98,28.98,29.57,29.57,29.88,29.88,30.11,30.11,4.53,4.57,4.60,4.64,4.67,4.69,4.72,4.75,4.79,4.82,6.52,6.54,6.57,6.59,6.61,5.78,5.80,5.82,5.84,5.86,244.47,0.00,0.00,1.00,0.00,0.00,0.00,-1.00,0,None,0,aggregation
160,144.54,remora0,remora9,29.15,29.15,27.83,27.83,26.95,26.95,1.89,1.89,2.23,2.23,30.16,30.16,29.74,29.74,29.31,29.31,-13.80,-13.80,-13.47,-13.47,4.83,4.82,4.82,4.81,4.81,4.81,4.80,4.77,4.75,4.73,5.88,5.90,5.92,5.93,5.95,5.97,5.98,5.98,5.98,5.98,241.84,0.00,0.00,1.00,0.00,0.00,0.00,-1.00,0,None,0,aggregation
160,145.54,remora0,remora9,3.09,3.09,4.01,4.01,4.97,4.97,5.97,5.97,6.98,6.98,-12.61,-12.61,-11.69,-11.69,-10.72,-10.72,-9.73,-9.73,-8.71,-8.71,4.71,4.68,4.66,4.64,4.62,4.60,4.58,4.56,4.54,4.53,5.98,5.98,5.97,5.97,5.97,5.97,5.97,5.97,5.97,5.98,224.30,0.00,0.00,1.00,0.00,0.00,0.00,-1.00,0,None,0,aggregation
160,146.54,remora0,remora9,7.93,7.93,8.44,8.44,-3.53,-3.53,-4.64,-4.64,-2.01,-2.01,-7.61,-7.61,-6.07,-6.07,6.59,6.59,5.71,5.71,7.81,7.81,4.51,4.49,4.47,4.46,4.44,4.42,4.41,4.39,4.38,4.36,5.98,5.99,5.99,6.00,6.00,6.01,6.01,6.02,6.03,6.03,204.77,0.00,0.00,1.00,1.00,0.00,1.00,-1.00,0,None,0,aggregation
160,147.54,remora0,remora9,-0.41,-0.41,0.96,0.96,2.68,2.68,4.45,4.45,6.24,6.24,9.09,9.09,10.18,10.18,11.55,11.55,12.95,12.95,14.37,14.37,4.35,4.33,4.32,4.31,4.30,4.29,4.28,4.27,4.26,4.25,6.04,6.05,6.06,6.07,6.07,6.08,6.08,6.09,6.10,6.11,191.26,0.00,0.00,1.00,0.00,0.00,0.00,-1.00,0,None,0,aggregation
160,148.54,remora0,remora9,7.07,7.07,9.01,9.01,10.89,10.89,4.62,4.62,4.78,4.78,15.02,15.02,16.54,16.54,18.01,18.01,-11.08,-11.08,-10.91,-10.91,4.25,4.24,4.24,4.24,4.23,4.23,4.23,4.23,4.22,4.22,6.12,6.13,6.14,6.15,6.16,6.16,6.17,6.17,6.18,6.18,177.49,0.00,0.00,1.00,0.00,0.00,0.00,-1.00,0,None,0,aggregation
160,149.54,remora0,remora9,4.78,4.78,6.85,6.85,5.75,5.75,7.72,7.72,9.64,9.64,-10.91,-10.91,14.85,14.85,13.98,13.98,15.53,15.53,17.04,17.04,4.21,4.21,4.20,4.20,4.20,4.20,4.21,4.21,4.21,4.22,6.18,6.95,6.95,6.96,6.21,6.21,6.22,6.23,6.24,6.25,162.90,0.00,0.00,1.00,1.00,0.00,1.00,-1.00,0,None,0,aggregation
160,150.54,remora0,remora9,11.31,11.31,12.93,12.93,4.73,4.73,4.92,4.92,11.31,11.31,18.33,18.33,19.58,19.58,-10.97,-10.97,-10.78,-10.78,18.33,18.33,4.22,4.23,4.24,4.25,4.25,4.25,4.25,4.25,4.25,4.26,6.26,6.27,6.28,6.29,6.30,6.30,6.30,6.30,6.31,6.32,146.95,0.00,0.00,1.00,1.00,0.00,1.00,-1.00,0,None,0,aggregation
160,151.54,remora0,remora9,10.27,10.27,11.92,11.92,5.37,5.37,5.42,5.42,10.69,10.69,17.53,17.53,18.80,18.80,-10.33,-10.33,-10.28,-10.28,17.85,17.85,4.27,4.28,4.29,4.30,4.31,4.31,4.31,4.31,4.32,4.32,6.33,6.34,6.35,6.36,6.38,6.38,6.39,6.39,6.40,6.41,128.69,0.00,0.00,1.00,1.00,0.00,1.00,-1.00,0,None,0,aggregation
160,152.54,remora0,remora9,9.22,9.22,10.89,10.89,12.53,12.53,5.56,5.56,5.95,5.95,16.71,16.71,18.01,18.01,19.27,19.27,-10.14,-10.14,-9.75,-9.75,4.33,4.34,4.35,4.37,4.38,4.39,4.40,4.40,4.40,4.41,6.42,6.43,6.45,6.46,5.30,5.32,5.33,5.34,5.35,5.36,108.98,0.00,0.00,1.00,0.00,0.00,0.00,-1.00,0,None,0,aggregation
160,153.54,remora0,remora9,10.06,10.06,8.58,8.58,10.27,10.27,11.72,11.72,13.32,13.32,17.36,17.36,16.21,16.21,17.53,17.53,18.65,18.65,19.88,19.88,4.41,4.42,4.42,4.43,4.44,4.45,4.46,4.47,4.48,4.49,5.36,5.37,5.38,5.40,5.41,5.43,5.45,5.46,5.48,5.49,93.54,0.00,0.00,1.00,1.00,0.00,1.00,-1.00,0,None,0,aggregation
160,154.54,remora0,remora9,14.69,14.69,16.01,16.01,4.87,4.87,5.01,5.01,5.98,5.98,20.92,20.92,21.91,21.91,-10.83,-10.83,-10.69,-10.69,-9.72,-9.72,4.51,4.52,4.54,4.55,4.57,4.57,4.57,4.57,4.58,4.58,5.51,5.53,5.55,5.57,5.59,5.60,5.61,5.61,5.62,5.63,82.80,0.00,0.00,1.00,0.00,0.00,0.00,-1.00,0,None,0,aggregation
160,155.54,remora0,remora9,11.31,11.31,10.69,10.69,12.12,12.12,13.52,13.52,14.69,14.69,18.33,18.33,17.85,17.85,18.96,18.96,20.03,20.03,20.92,20.92,4.59,4.60,4.62,4.63,4.65,4.66,4.68,4.70,4.72,4.74,5.65,5.67,5.69,5.70,5.72,5.74,5.76,5.79,5.81,5.83,95.79,0.00,0.00,1.00,1.00,0.00,1.00,-1.00,0,None,0,aggregation
160,156.54,remora0,remora9,5.50,5.50,5.77,5.77,12.32,12.32,11.72,11.72,13.12,13.12,-10.20,-10.20,-9.93,-9.93,19.11,19.11,18.65,18.65,19.73,19.73,4.75,4.76,4.77,4.78,4.79,4.81,4.83,4.85,4.87,4.89,5.84,5.85,5.86,5.88,5.89,5.91,5.93,5.95,5.97,5.99,104.88,0.00,0.00,1.00,1.00,0.00,1.00,-1.00,0,None,0,aggregation
160,157.54,remora0,remora9,14.30,14.30,15.45,15.45,5.35,5.35,5.69,5.69,5.69,12.53,20.63,20.63,21.49,21.49,-10.35,-10.35,-10.01,-10.01,-10.01,19.27,4.91,4.93,4.95,4.97,4.99,5.00,5.01,5.02,5.03,5.05,6.01,6.03,6.05,6.07,6.09,6.10,6.11,6.13,6.14,6.16,107.60,0.00,0.00,1.00,0.00,0.00,0.00,-1.00,0,None,0,aggregation
160,158.54,remora0,remora9,11.31,11.31,12.53,12.53,13.72,13.72,14.69,14.69,5.38,5.38,18.33,18.33,19.27,19.27,20.18,20.18,20.92,20.92,-10.32,-10.32,5.06,5.08,5.10,5.12,5.14,5.16,5.18,5.20,5.21,5.22,6.18,6.20,6.22,6.24,6.25,6.27,6.29,6.31,6.33,6.34,112.27,0.00,0.00,1.00,0.00,0.00,0.00,-1.00,0,None,0,aggregation
160,159.54,remora0,remora9,5.72,5.72,30.00,30.00,30.00,30.00,30.00,30.00,7.15,7.15,-9.98,-9.98,30.00,30.00,30.00,30.00,30.00,30.00,-8.55,-8.55,5.23,5.23,5.25,5.27,5.29,5.31,5.33,5.35,5.37,5.38,6.35,6.36,6.38,6.40,6.42,6.45,6.47,6.49,6.51,6.52,121.09,0.00,0.00,1.00,1.00,0.00,1.00,-1.00,0,None,0,aggregation
160,160.54,remora0,remora9,7.63,7.63,8.25,8.25,8.74,8.74,30.00,30.00,30.00,30.00,-8.06,-8.06,-6.65,-6.65,-5.17,-5.17,30.00,30.00,30.00,30.00,5.39,5.39,5.40,5.41,5.41,5.42,5.43,5.44,5.44,5.45,6.53,6.54,6.55,6.56,6.58,6.59,6.60,6.61,6.63,6.65,123.27,0.00,0.00,1.00,1.00,0.00,1.00,-1.00,0,None,0,aggregation
160,161.54,remora0,remora9,30.00,30.00,30.00,30.00,30.00,30.00,30.00,30.00,30.00,30.00,30.00,30.00,30.00,30.00,30.00,30.00,30.00,30.00,30.00,30.00,5.46,5.47,5.47,5.48,5.48,5.49,5.49,5.50,5.50,5.51,6.66,6.68,6.69,6.70,6.71,6.72,6.74,6.75,6.77,6.78,143.58,0.00,0.00,1.00,0.00,0.00,0.00,-1.00,0,None,0,aggregation
160,162.54,remora0,remora9,30.00,30.00,30.00,30.00,30.00,30.00,30.00,30.00,30.00,30.00,30.00,30.00,30.00,30.00,30.00,30.00,30.00,30.00,30.00,30.00,5.51,5.52,5.52,5.52,5.53,5.53,5.53,5.54,5.54,5.54,6.79,6.81,6.82,6.53,6.55,6.56,6.58,6.60,6.61,6.63,164.08,0.00,0.00,1.00,0.00,0.00,0.00,-1.00,0,None,0,aggregation
160,163.54,remora0,remora9,30.00,30.00,30.00,30.00,30.00,30.00,30.00,30.00,30.00,30.00,30.00,30.00,30.00,30.00,30.00,30.00,30.00,30.00,30.00,30.00,5.55,5.55,5.55,5.55,5.55,5.55,5.55,5.55,5.55,5.55,6.65,6.67,6.69,6.70,6.72,6.73,6.75,6.76,6.77,6.79,179.72,0.00,0.00,1.00,0.00,0.00,0.00,-1.00,0,None,0,aggregation
160,164.54,remora0,remora9,30.00,30.00,30.00,30.00,30.00,30.00,30.00,30.00,30.00,30.00,30.00,30.00,30.00,30.00,30.00,30.00,30.00,30.00,30.00,30.00,5.55,5.55,5.54,5.54,5.54,5.54,5.54,5.53,5.53,5.53,6.80,6.82,6.84,6.85,6.87,6.88,6.89,6.90,6.92,6.93,200.83,0.00,0.00,1.00,0.00,0.00,0.00,-1.00,0,None,0,aggregation
160,165.54,remora0,remora9,30.00,30.00,30.00,30.00,30.00,30.00,30.00,30.00,30.00,30.00,30.00,30.00,30.00,30.00,30.00,30.00,30.00,30.00,30.00,30.00,5.53,5.52,5.52,5.52,5.52,5.52,5.51,5.51,5.51,5.51,6.95,6.97,6.98,7.00,7.01,7.02,7.04,7.06,7.07,7.09,214.99,0.00,0.00,1.00,0.00,0.00,0.00,-1.00,0,None,0,aggregation
160,166.54,remora0,remora9,30.00,30.00,30.00,30.00,30.00,30.00,30.00,30.00,30.00,30.00,30.00,30.00,30.00,30.00,30.00,30.00,30.00,30.00,30.00,30.00,5.51,5.50,5.50,5.50,5.50,5.50,5.49,5.49,5.49,5.49,7.10,7.12,7.13,7.14,7.15,7.17,7.18,7.20,7.22,7.23,234.64,0.00,0.00,1.00,0.00,0.00,0.00,-1.00,0,None,0,aggregation
160,167.54,remora0,remora9,30.00,30.00,30.00,30.00,30.00,30.00,30.00,30.00,30.00,30.00,30.00,30.00,30.00,30.00,30.00,30.00,30.00,30.00,30.00,30.00,5.48,5.48,5.48,5.48,5.48,5.47,5.47,5.47,5.47,5.46,7.25,7.26,7.27,7.29,7.31,7.33,7.34,7.35,7.36,7.37,254.71,0.00,0.00,1.00,0.00,0.00,0.00,-1.00,0,None,0,aggregation
160,168.54,remora0,remora9,30.00,30.00,30.00,30.00,30.00,30.00,30.00,30.00,30.00,30.00,30.00,30.00,30.00,30.00,30.00,30.00,30.00,30.00,30.00,30.00,5.46,5.46,5.46,5.46,5.45,5.45,5.45,5.45,5.44,5.44,7.39,7.40,7.42,7.44,7.45,7.47,7.48,7.50,7.51,7.53,271.13,0.00,0.00,1.00,0.00,0.00,0.00,-1.00,0,None,0,aggregation
160,169.54,remora0,remora9,30.00,30.00,30.00,30.00,30.00,30.00,30.00,30.00,30.00,30.00,30.00,30.00,30.00,30.00,30.00,30.00,30.00,30.00,30.00,30.00,5.44,5.44,5.43,5.43,5.43,5.43,5.43,5.42,5.42,5.42,7.54,7.55,7.57,7.59,7.60,7.62,7.63,7.64,7.66,7.67,282.56,0.00,0.00,1.00,0.00,0.00,0.00,-1.00,0,None,0,aggregation
160,170.54,remora0,remora9,30.00,30.00,30.00,30.00,30.00,30.00,30.00,30.00,30.00,30.00,30.00,30.00,30.00,30.00,30.00,30.00,30.00,30.00,30.00,30.00,5.42,5.41,5.41,5.41,5.41,5.41,5.40,5.40,5.40,5.40,7.68,7.70,5.41,5.41,5.41,5.41,5.40,5.40,5.40,5.40,300.00,0.00,0.00,1.00,0.00,0.00,0.00,-1.00,0,None,0,aggregation
160,171.54,remora0,remora9,30.00,30.00,30.00,30.00,30.00,30.00,30.00,30.00,30.00,30.00,30.00,30.00,30.00,30.00,30.00,30.00,30.00,30.00,30.00,30.00,5.39,5.39,5.39,5.39,5.39,5.38,5.38,5.38,5.38,5.37,5.39,5.39,5.39,5.39,5.39,5.38,5.38,5.38,5.38,5.37,300.00,0.00,0.00,1.00,0.00,0.00,0.00,-1.00,0,None,0,aggregation
160,172.54,remora0,remora9,30.00,30.00,30.00,30.00,30.00,30.00,30.00,30.00,30.00,30.00,30.00,30.00,30.00,30.00,30.00,30.00,30.00,30.00,30.00,30.00,5.37,5.37,5.37,5.36,5.36,5.36,5.36,5.36,5.35,5.35,5.37,5.37,5.37,5.36,5.36,5.36,5.36,5.36,5.35,5.35,300.00,0.00,0.00,1.00,0.00,0.00,0.00,-1.00,0,None,0,aggregation
160,173.54,remora0,remora9,30.00,30.00,30.00,30.00,30.00,30.00,30.00,30.00,30.00,30.00,30.00,30.00,30.00,30.00,30.00,30.00,30.00,30.00,30.00,30.00,5.35,5.35,5.34,5.34,5.34,5.34,5.34,5.33,5.33,5.33,5.35,5.35,5.34,5.34,5.34,5.34,5.34,5.33,5.33,5.33,300.00,0.00,0.00,1.00,0.00,0.00,0.00,-1.00,0,None,0,aggregation
160,174.54,remora0,remora9,30.00,30.00,30.00,30.00,30.00,30.00,30.00,30.00,30.00,30.00,30.00,30.00,30.00,30.00,30.00,30.00,30.00,30.00,30.00,30.00,5.33,5.32,5.32,5.32,5.32,5.32,5.31,5.31,5.31,5.31,5.33,5.32,5.32,5.32,5.32,5.32,5.31,5.31,5.31,5.31,300.00,0.00,0.00,1.00,0.00,0.00,0.00,-1.00,0,None,0,aggregation
160,175.54,remora0,remora9,30.00,30.00,30.00,30.00,30.00,30.00,30.00,30.00,30.00,30.00,30.00,30.00,30.00,30.00,30.00,30.00,30.00,30.00,30.00,30.00,5.30,5.30,5.30,5.30,5.29,5.29,5.29,5.29,5.29,5.28,5.30,5.30,5.30,5.30,5.29,5.29,5.29,5.29,5.29,5.28,300.00,0.00,0.00,1.00,0.00,0.00,0.00,-1.00,0,None,0,aggregation
160,176.54,remora0,remora9,30.00,30.00,30.00,30.00,30.00,30.00,30.00,30.00,30.00,30.00,30.00,30.00,30.00,30.00,30.00,30.00,30.00,30.00,30.00,30.00,5.28,5.28,5.28,5.27,5.27,5.27,5.27,5.27,5.26,5.26,5.28,5.28,5.28,5.27,5.27,5.27,5.27,5.27,5.26,5.26,300.00,0.00,0.00,1.00,0.00,0.00,0.00,-1.00,0,None,0,aggregation
160,177.54,remora0,remora9,30.00,30.00,30.00,30.00,30.00,30.00,30.00,30.00,30.00,30.00,30.00,30.00,30.00,30.00,30.00,30.00,30.00,30.00,30.00,30.00,5.26,5.26,5.25,5.25,5.25,5.25,5.24,5.24,5.24,5.24,5.26,5.26,5.25,5.25,5.25,5.25,5.24,5.24,5.24,5.24,300.00,0.00,0.00,1.00,0.00,0.00,0.00,-1.00,0,None,0,aggregation
160,178.54,remora0,remora9,30.00,30.00,30.00,30.00,30.00,30.00,30.00,30.00,30.00,30.00,30.00,30.00,30.00,30.00,30.00,30.00,30.00,30.00,30.00,30.00,5.24,5.23,5.23,5.23,5.23,5.23,5.23,5.23,5.23,5.23,5.24,5.23,5.23,5.23,5.23,5.23,5.23,5.23,5.23,5.23,300.00,0.00,0.00,1.00,0.00,0.00,0.00,-1.00,0,None,0,aggregation
160,179.54,remora0,remora9,30.00,30.00,30.00,30.00,30.00,30.00,30.00,30.00,30.00,30.00,30.00,30.00,30.00,30.00,30.00,30.00,30.00,30.00,30.00,30.00,5.22,5.22,5.22,5.22,5.22,5.21,5.21,5.21,5.21,5.21,5.22,5.22,5.22,5.22,5.22,5.21,5.21,5.21,5.21,5.21,300.00,0.00,0.00,1.00,0.00,0.00,0.00,-1.00,0,None,0,aggregation
160,180.54,remora0,remora9,30.00,30.00,30.00,30.00,30.00,30.00,30.00,30.00,30.00,30.00,30.00,30.00,30.00,30.00,30.00,30.00,30.00,30.00,30.00,30.00,5.21,5.21,5.21,5.20,5.20,5.20,5.20,5.20,5.20,5.20,5.21,5.21,5.21,5.20,5.20,5.20,5.20,5.20,5.20,5.20,300.00,0.00,0.00,1.00,0.00,0.00,0.00,-1.00,0,None,0,aggregation
160,181.54,remora0,remora9,30.00,30.00,30.00,30.00,30.00,30.00,30.00,30.00,30.00,30.00,30.00,30.00,30.00,30.00,30.00,30.00,30.00,30.00,30.00,30.00,5.20,5.20,5.20,5.20,5.20,5.20,5.20,5.20,5.20,5.20,5.20,5.20,5.20,5.20,5.20,5.20,5.20,5.20,5.20,5.20,300.00,0.00,0.00,1.00,0.00,0.00,0.00,-1.00,0,None,0,aggregation
160,182.54,remora0,remora9,30.00,30.00,30.00,30.00,30.00,30.00,30.00,30.00,30.00,30.00,30.00,30.00,30.00,30.00,30.00,30.00,30.00,30.00,30.00,30.00,5.20,5.21,5.21,5.21,5.21,5.21,5.21,5.21,5.21,5.21,5.20,5.21,5.21,5.21,5.21,5.21,5.21,5.21,5.21,5.21,300.00,0.00,0.00,1.00,0.00,0.00,0.00,-1.00,0,None,0,aggregation
160,201.54,remora0,remora9,29.49,29.49,29.49,29.49,29.48,29.48,29.49,29.49,29.48,29.48,30.18,30.18,30.18,30.18,30.18,30.18,30.18,30.18,30.18,30.18,2.26,2.23,2.20,2.17,2.14,2.11,2.08,2.05,2.02,1.99,5.17,5.15,5.12,6.32,6.29,6.26,6.23,6.20,6.17,6.14,298.33,0.00,0.00,1.00,0.00,0.00,0.00,-1.00,0,None,0,aggregation
160,202.54,remora0,remora9,29.53,29.53,29.54,29.54,29.53,29.53,29.55,29.55,29.54,29.54,30.18,30.18,30.18,30.18,30.18,30.18,30.18,30.18,30.18,30.18,1.96,1.93,1.90,1.87,1.84,1.81,1.78,1.75,1.72,1.69,6.11,6.08,6.06,6.03,6.00,5.97,5.95,5.92,5.89,5.86,298.32,0.00,1.00,1.00,0.00,0.00,0.00,-1.00,0,None,0,aggregation
160,203.54,remora0,remora9,29.56,29.56,0.00,0.00,0.00,0.00,0.00,0.00,0.00,0.00,30.18,30.18,0.00,0.00,0.00,0.00,0.00,0.00,0.00,0.00,1.66,1.63,1.61,1.61,1.61,1.61,1.61,1.61,1.61,1.61,5.84,5.81,5.79,5.79,5.79,5.79,5.80,5.80,5.80,5.80,274.40,0.00,1.00,1.00,0.00,0.00,0.00,-1.00,0,None,0,aggregation
160,204.54,remora0,remora9,0.00,0.00,0.00,0.00,0.00,0.00,0.00,0.00,0.00,0.00,0.00,0.00,0.00,0.00,0.00,0.00,0.00,0.00,0.00,0.00,1.61,1.61,1.61,1.60,1.60,1.60,1.60,1.60,1.60,1.60,5.80,5.80,5.80,5.80,5.80,5.80,5.80,5.81,5.81,5.81,244.49,0.00,1.00,1.00,0.00,0.00,0.00,-1.00,0,None,0,aggregation
160,205.54,remora0,remora9,0.00,0.00,0.00,0.00,0.00,0.00,0.00,0.00,0.00,0.00,0.00,0.00,0.00,0.00,0.00,0.00,0.00,0.00,0.00,0.00,1.60,1.60,1.60,1.60,1.60,1.60,1.60,1.60,1.60,1.60,5.81,5.81,5.81,4.41,4.41,4.41,4.41,4.41,4.40,4.40,214.66,0.00,1.00,1.00,0.00,0.00,0.00,-1.00,0,None,0,aggregation
160,206.54,remora0,remora9,0.00,0.00,0.00,0.00,0.00,0.00,0.00,0.00,0.00,0.00,0.00,0.00,0.00,0.00,0.00,0.00,0.00,0.00,0.00,0.00,1.60,1.60,1.60,1.60,1.60,1.60,1.60,1.60,1.60,1.60,4.40,4.40,4.40,4.41,4.41,4.41,4.41,4.41,4.42,4.42,184.86,0.00,1.00,1.00,0.00,0.00,0.00,-1.00,0,None,0,aggregation
160,207.54,remora0,remora9,0.00,0.00,0.00,0.00,0.00,0.00,0.00,0.00,0.00,0.00,0.00,0.00,0.00,0.00,0.00,0.00,0.00,0.00,0.00,0.00,1.60,1.60,1.60,1.60,1.60,1.60,1.60,1.60,1.60,1.60,4.43,4.43,4.44,4.44,4.45,4.46,4.46,4.47,4.48,4.49,155.09,0.00,1.00,1.00,0.00,0.00,0.00,-1.00,0,None,0,aggregation
160,208.54,remora0,remora9,0.00,0.00,0.00,0.00,0.00,0.00,0.00,0.00,0.00,0.00,0.00,0.00,0.00,0.00,0.00,0.00,0.00,0.00,0.00,0.00,1.60,1.60,1.60,1.60,1.60,1.60,1.60,1.60,1.60,1.60,4.50,4.50,4.51,4.52,4.53,4.54,4.55,4.56,4.56,4.57,125.29,0.00,1.00,1.00,0.00,0.00,0.00,-1.00,0,None,0,aggregation
160,209.54,remora0,remora9,0.00,0.00,0.00,0.00,0.00,0.00,0.00,0.00,0.00,0.00,0.00,0.00,0.00,0.00,0.00,0.00,0.00,0.00,0.00,0.00,1.60,1.60,1.60,1.60,1.60,1.60,1.60,1.60,1.60,1.60,5.94,5.94,5.94,5.95,5.95,5.96,5.96,5.97,5.97,5.98,95.49,0.00,1.00,1.00,0.00,0.00,0.00,-1.00,0,None,0,aggregation
160,210.54,remora0,remora9,0.00,0.00,0.00,0.00,0.00,0.00,0.00,0.00,0.00,0.00,0.00,0.00,0.00,0.00,0.00,0.00,0.00,0.00,0.00,0.00,1.60,1.60,1.60,1.60,1.60,1.60,1.60,1.60,1.60,1.60,5.98,5.99,5.99,6.00,6.00,6.01,6.01,6.02,6.02,6.03,65.67,0.00,1.00,1.00,0.00,0.00,0.00,-1.00,0,None,0,aggregation
160,211.54,remora0,remora9,0.00,0.00,0.00,0.00,0.00,0.00,0.00,0.00,0.00,0.00,0.00,0.00,0.00,0.00,0.00,0.00,0.00,0.00,0.00,0.00,1.60,1.60,1.60,1.60,1.60,1.60,1.60,1.60,1.60,1.60,6.03,6.04,6.05,6.05,6.06,6.06,6.07,4.76,4.76,4.76,35.83,0.00,1.00,0.00,0.00,0.00,0.00,-1.00,0,None,0,aggregation
160,212.54,remora0,remora9,0.00,0.00,0.00,0.00,0.00,0.00,0.00,0.00,0.00,0.00,0.00,0.00,0.00,0.00,0.00,0.00,0.00,0.00,0.00,0.00,1.60,1.60,1.60,1.60,1.60,1.60,1.60,1.60,1.60,1.60,4.76,4.76,4.76,4.76,4.76,4.76,4.76,4.76,4.76,4.76,5.97,0.00,1.00,0.00,0.00,0.00,0.00,-1.00,0,None,0,aggregation
160,213.54,remora0,remora9,0.00,0.00,0.00,0.00,0.00,0.00,0.00,0.00,0.00,0.00,0.00,0.00,0.00,0.00,0.00,0.00,0.00,0.00,0.00,0.00,1.60,1.60,1.60,1.59,1.59,1.59,1.59,1.59,1.59,1.59,4.76,4.76,4.76,4.76,4.75,4.76,4.76,4.76,4.76,4.75,0.00,0.00,1.00,0.00,0.00,0.00,0.00,-1.00,0,None,0,aggregation
160,214.54,remora0,remora9,0.00,0.00,0.00,0.00,0.00,0.00,0.00,0.00,0.00,0.00,0.00,0.00,0.00,0.00,0.00,0.00,0.00,0.00,0.00,0.00,1.59,1.59,1.59,1.59,1.59,1.59,1.59,1.59,1.59,1.59,4.75,4.75,4.75,4.75,4.75,4.75,4.74,4.75,4.75,4.75,0.00,0.00,1.00,0.00,0.00,0.00,0.00,-1.00,0,None,0,aggregation
160,215.54,remora0,remora9,0.00,0.00,0.00,0.00,0.00,0.00,0.00,0.00,0.00,0.00,0.00,0.00,0.00,0.00,0.00,0.00,0.00,0.00,0.00,0.00,1.59,1.59,1.59,1.59,1.59,1.59,1.59,1.59,1.59,1.59,4.75,4.74,4.74,4.74,4.74,4.74,4.74,4.74,4.74,4.74,0.00,0.00,1.00,0.00,0.00,0.00,0.00,-1.00,0,None,0,aggregation
160,216.54,remora0,remora9,0.00,0.00,0.00,0.00,0.00,0.00,0.00,0.00,0.00,0.00,0.00,0.00,0.00,0.00,0.00,0.00,0.00,0.00,0.00,0.00,1.59,1.59,1.59,1.59,1.59,1.59,1.59,1.59,1.59,1.59,4.74,4.74,4.73,4.73,4.73,4.73,4.73,4.73,4.73,4.73,0.00,0.00,1.00,0.00,0.00,0.00,0.00,-1.00,0,None,0,aggregation
160,217.54,remora0,remora9,0.00,0.00,0.00,0.00,0.00,0.00,0.00,0.00,0.00,0.00,0.00,0.00,0.00,0.00,0.00,0.00,0.00,0.00,0.00,0.00,1.59,1.59,1.59,1.59,1.59,1.59,1.59,1.59,1.59,1.59,4.73,4.73,4.73,4.73,4.73,4.72,4.72,4.72,4.72,4.72,0.00,0.00,1.00,0.00,0.00,0.00,0.00,-1.00,0,None,0,aggregation
160,218.54,remora0,remora9,0.00,0.00,0.00,0.00,0.00,0.00,0.00,0.00,0.00,0.00,0.00,0.00,0.00,0.00,0.00,0.00,0.00,0.00,0.00,0.00,1.59,1.59,1.59,1.59,1.59,1.59,1.59,1.59,1.59,1.59,4.72,4.72,4.72,4.72,4.72,4.72,4.72,4.71,4.71,4.71,0.00,0.00,1.00,0.00,0.00,0.00,0.00,-1.00,0,None,0,aggregation
160,219.54,remora0,remora9,0.00,0.00,0.00,0.00,0.00,0.00,0.00,0.00,0.00,0.00,0.00,0.00,0.00,0.00,0.00,0.00,0.00,0.00,0.00,0.00,1.59,1.59,1.59,1.59,1.59,1.59,1.59,1.59,1.59,1.59,4.71,4.71,4.71,4.71,4.71,4.71,4.71,4.71,4.71,4.71,0.00,0.00,1.00,0.00,0.00,0.00,0.00,-1.00,0,None,0,aggregation
160,220.54,remora0,remora9,0.00,0.00,0.00,0.00,0.00,0.00,0.00,0.00,0.00,0.00,0.00,0.00,0.00,0.00,0.00,0.00,0.00,0.00,0.00,0.00,1.59,1.59,1.59,1.59,1.59,1.59,1.59,1.59,1.59,1.59,4.70,4.70,4.70,4.70,4.70,4.70,4.70,4.70,4.70,4.69,0.00,0.00,1.00,0.00,0.00,0.00,0.00,-1.00,0,None,0,aggregation
160,221.54,remora0,remora9,0.00,0.00,0.00,0.00,0.00,0.00,0.00,0.00,0.00,0.00,0.00,0.00,0.00,0.00,0.00,0.00,0.00,0.00,0.00,0.00,1.59,1.59,1.59,1.59,1.59,1.59,1.59,1.59,1.59,1.59,4.69,4.69,4.69,4.69,4.69,4.69,4.69,4.69,4.69,4.69,0.00,0.00,1.00,0.00,0.00,0.00,0.00,-1.00,0,None,0,aggregation
160,131.54,remora0,remora7,0.00,0.00,0.00,0.00,0.00,0.00,0.00,0.00,0.00,0.00,0.00,0.00,0.00,0.00,0.00,0.00,0.00,0.00,0.00,0.00,1.60,1.60,1.60,1.60,1.60,1.60,1.60,1.60,1.60,1.60,5.91,5.91,5.92,5.92,5.92,5.93,5.93,5.94,5.94,5.94,0.00,0.00,1.00,0.00,0.00,0.00,0.00,-1.00,0,None,0,aggregation
160,132.54,remora0,remora7,0.00,0.00,0.00,0.00,0.00,0.00,0.00,0.00,0.00,0.00,0.00,0.00,0.00,0.00,0.00,0.00,0.00,0.00,0.00,0.00,1.60,1.60,1.60,1.60,1.60,1.60,1.60,1.60,1.60,1.60,5.95,5.95,5.96,5.96,5.96,5.97,5.97,5.97,5.98,5.98,0.00,0.00,1.00,0.00,0.00,0.00,0.00,-1.00,0,None,0,aggregation
160,133.54,remora0,remora7,0.00,0.00,0.00,0.00,0.00,0.00,0.00,0.00,0.00,0.00,0.00,0.00,0.00,0.00,0.00,0.00,0.00,0.00,0.00,0.00,1.60,1.60,1.60,1.60,1.60,1.60,1.60,1.60,1.60,1.60,5.99,5.99,6.00,6.00,5.84,5.84,5.84,5.84,5.85,5.85,0.00,0.00,1.00,0.00,0.00,0.00,0.00,-1.00,0,None,0,aggregation
160,134.54,remora0,remora7,0.00,0.00,0.00,0.00,0.00,0.00,0.00,0.00,0.00,0.00,0.00,0.00,0.00,0.00,0.00,0.00,0.00,0.00,0.00,0.00,1.60,1.60,1.60,1.60,1.60,1.60,1.60,1.60,1.60,1.60,5.85,5.85,5.85,5.85,5.85,5.85,5.85,5.85,5.85,5.85,0.00,0.00,1.00,0.00,0.00,0.00,0.00,-1.00,0,None,0,aggregation
160,135.54,remora0,remora7,0.00,0.00,0.00,0.00,0.00,0.00,0.00,0.00,0.00,0.00,0.00,0.00,0.00,0.00,0.00,0.00,0.00,0.00,0.00,0.00,1.60,1.60,1.60,1.60,1.60,1.60,1.60,1.60,1.60,1.60,5.85,5.85,5.85,5.85,5.85,5.85,5.85,5.85,5.86,5.86,0.00,0.00,1.00,0.00,0.00,0.00,0.00,-1.00,0,None,0,aggregation
160,136.54,remora0,remora7,0.00,0.00,0.00,0.00,0.00,0.00,0.00,0.00,0.00,0.00,0.00,0.00,0.00,0.00,0.00,0.00,0.00,0.00,0.00,0.00,1.60,1.60,1.60,1.60,1.60,1.60,1.60,1.60,1.60,1.60,5.86,5.86,5.86,5.87,5.87,5.87,5.87,5.87,5.87,5.87,0.00,0.00,1.00,0.00,0.00,0.00,0.00,-1.00,0,None,0,aggregation
160,137.54,remora0,remora7,0.00,0.00,0.00,0.00,0.00,0.00,0.00,0.00,0.00,0.00,0.00,0.00,0.00,0.00,0.00,0.00,0.00,0.00,0.00,0.00,1.60,1.60,1.60,1.60,1.60,1.60,1.60,1.60,1.60,1.60,5.87,5.87,5.87,5.87,5.87,5.87,5.87,5.87,5.88,5.88,0.00,0.00,1.00,0.00,0.00,0.00,0.00,-1.00,0,None,0,aggregation
160,138.54,remora0,remora7,0.00,0.00,0.00,0.00,0.00,0.00,0.00,0.00,0.00,0.00,0.00,0.00,0.00,0.00,0.00,0.00,0.00,0.00,0.00,0.00,1.60,1.60,1.60,1.60,1.60,1.60,1.60,1.60,1.60,1.60,5.88,5.88,5.88,5.88,5.89,5.89,5.89,5.89,5.89,5.89,0.00,0.00,1.00,0.00,0.00,0.00,0.00,-1.00,0,None,0,aggregation
160,139.54,remora0,remora7,0.00,0.00,0.00,0.00,0.00,0.00,0.00,0.00,0.00,0.00,0.00,0.00,0.00,0.00,0.00,0.00,0.00,0.00,0.00,0.00,1.60,1.60,1.60,1.60,1.60,1.60,1.60,1.60,1.60,1.60,5.89,5.89,5.90,5.90,5.90,5.90,5.91,5.91,5.91,5.92,0.00,0.00,1.00,0.00,0.00,0.00,0.00,-1.00,0,None,0,aggregation
160,140.54,remora0,remora7,0.00,0.00,0.00,0.00,0.00,0.00,0.00,0.00,0.00,0.00,0.00,0.00,0.00,0.00,0.00,0.00,0.00,0.00,0.00,0.00,1.60,1.60,1.60,1.60,1.60,1.60,1.60,1.60,1.60,1.60,5.92,5.92,5.92,5.92,5.92,5.92,5.92,5.92,5.92,5.92,0.00,0.00,1.00,0.00,0.00,0.00,0.00,-1.00,0,None,0,aggregation
160,141.54,remora0,remora7,0.00,0.00,0.00,0.00,0.00,0.00,0.00,0.00,0.00,0.00,0.00,0.00,0.00,0.00,0.00,0.00,0.00,0.00,0.00,0.00,1.60,1.60,1.60,1.60,1.60,1.60,1.60,1.60,1.60,1.60,5.92,5.92,5.92,5.92,5.92,5.92,5.92,5.92,5.92,5.92,0.00,0.00,1.00,0.00,0.00,0.00,0.00,-1.00,0,None,0,aggregation
160,142.54,remora0,remora7,0.00,0.00,0.00,0.00,0.00,0.00,0.00,0.00,0.00,0.00,0.00,0.00,0.00,0.00,0.00,0.00,0.00,0.00,0.00,0.00,1.60,1.60,1.60,1.60,1.60,1.60,1.60,1.60,1.60,1.60,5.92,5.92,5.92,5.92,5.92,5.92,5.92,5.92,5.92,5.92,0.00,0.00,1.00,0.00,0.00,0.00,0.00,-1.00,0,None,0,aggregation
160,143.54,remora0,remora7,0.00,0.00,23.41,23.41,23.75,23.75,24.62,24.62,25.49,25.49,0.00,0.00,27.19,27.19,27.41,27.41,27.96,27.96,28.50,28.50,1.60,1.60,1.60,1.62,1.63,1.65,1.67,1.69,1.71,1.73,5.92,5.92,5.92,5.91,5.90,5.89,5.89,5.88,5.87,5.87,20.83,0.00,1.00,0.00,0.00,0.00,0.00,-1.00,0,None,0,aggregation
160,144.54,remora0,remora7,26.05,26.05,26.63,26.63,27.02,27.02,27.32,27.32,27.60,27.60,28.82,28.82,29.14,29.14,29.35,29.35,29.50,29.50,29.63,29.63,1.75,1.78,1.80,1.82,1.84,1.87,1.89,1.91,1.94,1.96,5.86,5.85,5.85,5.84,6.43,6.42,6.41,6.41,6.40,6.39,48.94,0.00,1.00,1.00,0.00,0.00,0.00,-1.00,0,None,0,aggregation
160,145.54,remora0,remora7,27.68,27.68,27.70,27.70,27.81,27.81,27.90,27.90,27.78,27.78,29.67,29.67,29.68,29.68,29.73,29.73,29.76,29.76,29.71,29.71,1.99,2.01,2.04,2.06,2.09,2.12,2.14,2.17,2.20,2.22,6.38,6.37,6.36,6.35,6.35,6.34,6.33,6.32,6.32,6.31,77.68,0.00,1.00,1.00,0.00,0.00,0.00,-1.00,0,None,0,aggregation
160,146.54,remora0,remora7,27.87,27.87,27.94,27.94,27.87,27.87,27.67,27.67,27.44,27.44,29.75,29.75,29.78,29.78,29.75,29.75,29.66,29.66,29.56,29.56,2.26,2.31,2.37,2.42,2.48,2.54,2.59,2.65,2.71,2.76,6.30,6.30,6.30,6.30,6.29,6.29,6.29,6.29,6.28,6.28,106.41,0.00,1.00,1.00,0.00,0.00,0.00,-1.00,0,None,0,aggregation
160,147.54,remora0,remora7,27.04,27.04,26.33,26.33,25.64,25.64,24.66,24.66,22.66,22.66,29.36,29.36,28.98,28.98,28.58,28.58,27.99,27.99,26.69,26.69,2.82,2.87,2.93,2.98,3.03,3.08,3.13,3.18,3.23,3.28,6.28,6.28,6.28,6.27,6.27,6.27,6.27,6.26,6.26,6.26,133.20,0.00,0.00,1.00,0.00,0.00,0.00,-1.00,0,None,0,aggregation
160,148.54,remora0,remora7,20.99,20.99,17.68,17.68,15.24,15.24,10.20,10.20,7.52,7.52,25.54,25.54,23.16,23.16,21.34,21.34,17.47,17.47,15.37,15.37,3.33,3.37,3.41,3.45,3.49,3.52,3.56,3.59,3.62,3.64,6.26,6.26,6.26,6.26,6.26,6.26,6.25,6.25,6.25,6.25,150.65,0.00,0.00,1.00,0.00,0.00,0.00,-1.00,0,None,0,aggregation
160,149.54,remora0,remora7,3.20,3.20,2.38,2.38,1.35,1.35,2.42,2.42,2.14,2.14,11.96,11.96,11.31,11.31,10.49,10.49,11.34,11.34,11.12,11.12,3.66,3.68,3.70,3.72,3.74,3.75,3.77,3.78,3.79,3.81,6.25,6.25,6.25,6.26,6.26,6.27,6.27,6.27,6.27,6.28,157.43,0.00,0.00,1.00,0.00,0.00,0.00,-1.00,0,None,0,aggregation
160,150.54,remora0,remora7,1.28,1.28,2.36,2.36,2.80,2.80,2.15,2.15,2.33,2.33,10.44,10.44,11.30,11.30,11.64,11.64,11.12,11.12,11.27,11.27,3.82,3.83,3.84,3.85,3.86,3.87,3.88,3.89,3.90,3.91,6.28,6.28,6.29,6.29,6.29,6.29,6.29,6.29,6.29,6.29,164.10,0.00,0.00,1.00,0.00,0.00,0.00,-1.00,0,None,0,aggregation
160,151.54,remora0,remora7,1.94,1.94,0.90,0.90,1.80,1.80,3.44,3.44,2.89,2.89,10.96,10.96,10.13,10.13,10.85,10.85,12.15,12.15,11.72,11.72,3.91,3.92,3.93,3.94,3.94,3.95,3.96,3.97,3.98,3.99,6.29,6.29,6.30,6.30,6.30,6.30,6.30,6.30,6.30,6.31,170.77,0.00,0.00,1.00,0.00,0.00,0.00,-1.00,0,None,0,aggregation
160,152.54,remora0,remora7,2.70,1.74,1.74,1.74,2.13,2.13,1.54,1.54,-0.29,-0.29,11.57,10.80,10.80,10.80,11.11,11.11,10.64,10.64,9.18,9.18,4.00,4.01,4.02,4.03,4.04,4.05,4.06,4.07,4.08,4.10,6.31,6.31,6.31,6.32,6.32,6.32,6.32,6.33,6.33,6.34,176.80,0.00,0.00,1.00,0.00,0.00,0.00,-1.00,0,None,0,aggregation
160,153.54,remora0,remora7,0.22,0.22,-1.11,-1.11,-1.43,-1.43,-0.54,-0.54,0.46,0.46,9.59,9.59,8.53,8.53,8.27,8.27,8.98,8.98,9.78,9.78,4.11,4.12,4.14,4.15,4.16,4.18,4.19,4.21,4.23,4.24,6.34,6.35,6.36,6.36,6.36,6.37,6.37,6.38,6.39,6.40,160.24,0.00,0.00,1.00,0.00,0.00,0.00,-1.00,0,None,0,aggregation
160,154.54,remora0,remora7,0.61,0.61,-0.90,-0.90,-0.36,-0.36,0.30,0.30,2.75,2.75,9.90,9.90,8.70,8.70,9.13,9.13,9.65,9.65,11.60,11.60,4.26,4.28,4.30,4.32,4.34,4.35,4.37,4.39,4.41,4.43,6.40,6.41,6.42,6.42,6.43,6.43,6.44,6.44,6.45,6.45,137.27,0.00,0.00,1.00,0.00,0.00,0.00,-1.00,0,None,0,aggregation
160,155.54,remora0,remora7,4.97,4.97,4.98,4.98,6.45,6.45,7.20,7.20,7.83,7.83,13.36,13.36,13.38,13.38,14.54,14.54,15.13,15.13,15.62,15.62,4.45,4.47,4.49,4.51,4.53,4.55,4.57,4.59,4.61,4.63,6.46,6.46,6.47,6.48,6.48,6.49,6.50,6.51,6.51,6.52,118.88,0.00,0.00,1.00,0.00,0.00,0.00,-1.00,0,None,0,aggregation
160,156.54,remora0,remora7,8.74,8.74,9.89,9.89,11.18,11.18,12.66,12.66,13.45,13.45,16.33,16.33,17.23,17.23,18.23,18.23,19.37,19.37,19.98,19.98,4.65,4.67,4.69,4.71,4.73,4.74,4.76,4.78,4.79,4.81,6.53,6.53,6.54,6.54,6.55,6.56,6.56,6.57,6.58,6.58,104.85,0.00,0.00,1.00,0.00,0.00,0.00,-1.00,0,None,0,aggregation
160,157.54,remora0,remora7,14.89,14.89,15.40,15.40,15.89,15.89,16.67,16.67,16.67,17.96,21.07,21.07,21.46,21.46,21.83,21.83,22.41,22.41,22.41,23.36,4.82,4.84,4.85,4.87,4.88,4.89,4.91,4.92,4.93,4.94,6.59,6.60,6.61,6.62,6.63,6.64,6.65,6.66,6.67,6.68,97.04,0.00,0.00,1.00,0.00,0.00,0.00,-1.00,0,None,0,aggregation
160,158.54,remora0,remora7,18.36,18.36,19.24,19.24,19.79,19.79,20.40,20.40,20.72,20.72,23.66,23.66,24.30,24.30,24.69,24.69,25.13,25.13,25.35,25.35,4.95,4.96,4.98,4.99,5.00,5.00,5.01,5.02,5.03,5.04,6.70,6.71,6.72,6.73,6.75,6.76,6.77,6.79,6.80,6.81,101.75,0.00,0.00,1.00,0.00,0.00,0.00,-1.00,0,None,0,aggregation
160,159.54,remora0,remora7,21.09,21.09,22.10,22.10,23.05,23.05,23.80,23.80,24.50,24.50,25.61,25.61,26.31,26.31,26.95,26.95,27.44,27.44,27.89,27.89,5.05,5.05,5.06,5.07,5.07,5.08,5.09,5.09,5.09,5.10,6.82,6.84,6.85,6.86,6.88,6.89,6.90,6.92,6.93,6.95,119.86,0.00,0.00,1.00,0.00,0.00,0.00,-1.00,0,None,0,aggregation
160,160.54,remora0,remora7,25.01,25.01,25.64,25.64,26.10,26.10,26.46,26.46,26.76,26.76,28.21,28.21,28.59,28.59,28.85,28.85,29.06,29.06,29.22,29.22,5.10,5.11,5.11,5.11,5.12,5.12,5.12,5.12,5.13,5.13,6.96,6.97,6.98,7.00,7.01,7.02,7.04,7.05,7.07,7.08,140.58,0.00,0.00,1.00,0.00,0.00,0.00,-1.00,0,None,0,aggregation
160,161.54,remora0,remora7,27.11,27.11,27.49,27.49,27.55,27.55,27.88,27.88,27.99,27.99,29.40,29.40,29.58,29.58,29.61,29.61,29.76,29.76,29.80,29.80,5.13,5.13,5.13,5.13,5.14,5.14,5.14,5.14,5.14,5.14,7.10,7.11,7.13,7.14,7.16,7.17,7.18,7.20,7.22,7.24,162.52,0.00,0.00,1.00,0.00,0.00,0.00,-1.00,0,None,0,aggregation
160,162.54,remora0,remora7,28.29,28.29,28.31,28.31,28.16,28.16,27.89,27.89,17.45,17.45,29.92,29.92,29.93,29.93,29.87,29.87,29.76,29.76,22.99,22.99,5.14,5.14,5.14,5.52,5.53,5.53,5.53,5.54,5.54,5.54,7.25,7.27,7.29,7.66,7.68,7.24,7.26,7.28,7.30,7.32,183.75,0.00,0.00,1.00,0.00,0.00,0.00,-1.00,0,None,0,aggregation
160,163.54,remora0,remora7,-34.30,-34.30,29.73,29.73,0.00,0.00,30.00,30.00,30.00,30.00,-23.84,-23.84,30.15,30.15,0.00,0.00,30.00,30.00,30.00,30.00,5.55,5.55,5.55,5.55,5.55,5.55,5.55,5.55,5.55,5.55,7.34,7.34,7.35,7.38,7.40,7.41,7.59,7.61,7.64,7.67,203.28,0.00,0.00,1.00,0.00,0.00,0.00,-1.00,0,None,0,aggregation
160,164.54,remora0,remora7,30.00,30.00,30.00,30.00,30.00,30.00,30.00,30.00,30.00,30.00,30.00,30.00,30.00,30.00,30.00,30.00,30.00,30.00,30.00,30.00,5.55,5.55,5.54,5.54,5.54,5.54,5.54,5.53,5.53,5.53,7.70,7.73,7.75,7.78,7.81,7.83,7.85,7.87,7.90,7.92,228.14,0.00,0.00,1.00,0.00,0.00,0.00,-1.00,0,None,0,aggregation
160,165.54,remora0,remora7,30.00,30.00,30.00,30.00,30.00,30.00,30.00,30.00,30.00,30.00,30.00,30.00,30.00,30.00,30.00,30.00,30.00,30.00,30.00,30.00,5.53,5.52,5.52,5.52,5.52,5.52,5.51,5.51,5.51,5.51,7.26,7.28,7.30,7.33,7.35,7.37,7.39,7.41,7.43,7.46,247.79,0.00,0.00,1.00,0.00,0.00,0.00,-1.00,0,None,0,aggregation
160,166.54,remora0,remora7,30.00,30.00,30.00,30.00,30.00,30.00,30.00,30.00,30.00,30.00,30.00,30.00,30.00,30.00,30.00,30.00,30.00,30.00,30.00,30.00,5.51,5.50,5.50,5.50,5.50,5.50,5.49,5.49,5.49,5.49,7.48,7.49,7.51,7.53,7.55,7.58,7.60,7.62,7.64,7.67,263.09,0.00,0.00,1.00,0.00,0.00,0.00,-1.00,0,None,0,aggregation
160,167.54,remora0,remora7,30.00,30.00,30.00,30.00,30.00,30.00,30.00,30.00,30.00,30.00,30.00,30.00,30.00,30.00,30.00,30.00,30.00,30.00,30.00,30.00,5.48,5.48,5.48,5.48,5.48,5.47,5.47,5.47,5.47,5.46,7.69,7.71,7.73,7.75,7.78,7.80,7.82,7.84,7.86,7.88,274.11,0.00,0.00,1.00,0.00,0.00,0.00,-1.00,0,None,0,aggregation
160,168.54,remora0,remora7,30.00,30.00,30.00,30.00,30.00,30.00,30.00,30.00,30.00,30.00,30.00,30.00,30.00,30.00,30.00,30.00,30.00,30.00,30.00,30.00,5.46,5.46,5.46,5.46,5.45,5.45,5.45,5.45,5.44,5.44,7.90,7.93,7.95,7.97,8.00,8.02,8.04,8.06,8.08,8.11,281.94,0.00,0.00,1.00,0.00,0.00,0.00,-1.00,0,None,0,aggregation
160,169.54,remora0,remora7,30.00,30.00,30.00,30.00,30.00,30.00,30.00,30.00,30.00,30.00,30.00,30.00,30.00,30.00,30.00,30.00,30.00,30.00,30.00,30.00,5.44,5.44,5.43,5.43,5.43,5.43,5.43,5.42,5.42,5.42,8.12,8.14,8.16,8.17,8.19,8.20,8.22,8.24,8.26,8.27,287.07,0.00,0.00,1.00,0.00,0.00,0.00,-1.00,0,None,0,aggregation
160,170.54,remora0,remora7,30.00,30.00,30.00,30.00,30.00,30.00,30.00,30.00,30.00,30.00,30.00,30.00,30.00,30.00,30.00,30.00,30.00,30.00,30.00,30.00,5.42,5.41,5.41,5.41,5.41,5.41,5.40,5.40,5.40,5.40,8.29,8.32,8.34,8.36,8.38,8.40,8.42,7.66,7.68,7.69,289.68,0.00,0.00,1.00,0.00,0.00,0.00,-1.00,0,None,0,aggregation
160,171.54,remora0,remora7,30.00,30.00,30.00,30.00,30.00,30.00,30.00,30.00,30.00,30.00,30.00,30.00,30.00,30.00,30.00,30.00,30.00,30.00,30.00,30.00,5.39,5.39,5.39,5.39,5.39,5.38,5.38,5.38,5.38,5.37,5.39,5.39,5.39,5.39,5.39,5.38,5.38,5.38,5.38,5.37,291.06,0.00,0.00,1.00,0.00,0.00,0.00,-1.00,0,None,0,aggregation
160,172.54,remora0,remora7,30.00,30.00,30.00,30.00,30.00,30.00,30.00,30.00,30.00,30.00,30.00,30.00,30.00,30.00,30.00,30.00,30.00,30.00,30.00,30.00,5.37,5.37,5.37,5.36,5.36,5.36,5.36,5.36,5.35,5.35,5.37,5.37,5.37,5.36,5.36,5.36,5.36,5.36,5.35,5.35,293.80,0.00,0.00,1.00,0.00,0.00,0.00,-1.00,0,None,0,aggregation
160,173.54,remora0,remora7,30.00,30.00,30.00,30.00,30.00,30.00,30.00,30.00,30.00,30.00,30.00,30.00,30.00,30.00,30.00,30.00,30.00,30.00,30.00,30.00,5.35,5.35,5.34,5.34,5.34,5.34,5.34,5.33,5.33,5.33,5.35,5.35,5.34,5.34,5.34,5.34,5.34,5.33,5.33,5.33,300.00,0.00,0.00,1.00,0.00,0.00,0.00,-1.00,0,None,0,aggregation
160,174.54,remora0,remora7,30.00,30.00,30.00,30.00,30.00,30.00,30.00,30.00,30.00,30.00,30.00,30.00,30.00,30.00,30.00,30.00,30.00,30.00,30.00,30.00,5.33,5.32,5.32,5.32,5.32,5.32,5.31,5.31,5.31,5.31,5.33,5.32,5.32,5.32,5.32,5.32,5.31,5.31,5.31,5.31,300.00,0.00,0.00,1.00,0.00,0.00,0.00,-1.00,0,None,0,aggregation
160,175.54,remora0,remora7,30.00,30.00,30.00,30.00,30.00,30.00,30.00,30.00,30.00,30.00,30.00,30.00,30.00,30.00,30.00,30.00,30.00,30.00,30.00,30.00,5.30,5.30,5.30,5.30,5.29,5.29,5.29,5.29,5.29,5.28,5.30,5.30,5.30,5.30,5.29,5.29,5.29,5.29,5.29,5.28,300.00,0.00,0.00,1.00,0.00,0.00,0.00,-1.00,0,None,0,aggregation
160,176.54,remora0,remora7,30.00,30.00,30.00,30.00,30.00,30.00,30.00,30.00,30.00,30.00,30.00,30.00,30.00,30.00,30.00,30.00,30.00,30.00,30.00,30.00,5.28,5.28,5.28,5.27,5.27,5.27,5.27,5.27,5.26,5.26,5.28,5.28,5.28,5.27,5.27,5.27,5.27,5.27,5.26,5.26,300.00,0.00,0.00,1.00,0.00,0.00,0.00,-1.00,0,None,0,aggregation
160,177.54,remora0,remora7,30.00,30.00,30.00,30.00,30.00,30.00,30.00,30.00,30.00,30.00,30.00,30.00,30.00,30.00,30.00,30.00,30.00,30.00,30.00,30.00,5.26,5.26,5.25,5.25,5.25,5.25,5.24,5.24,5.24,5.24,5.26,5.26,5.25,5.25,5.25,5.25,5.24,5.24,5.24,5.24,300.00,0.00,0.00,1.00,0.00,0.00,0.00,-1.00,0,None,0,aggregation
160,178.54,remora0,remora7,30.00,30.00,30.00,30.00,0.00,0.00,29.97,29.97,30.00,30.00,30.00,30.00,30.00,30.00,0.00,0.00,28.44,28.44,28.51,28.51,5.24,5.23,5.23,5.23,5.23,5.23,5.23,5.23,5.23,5.23,5.24,5.23,5.23,5.23,5.23,5.23,5.23,5.23,5.23,5.23,293.69,0.00,0.00,1.00,0.00,0.00,0.00,-1.00,0,None,0,aggregation
160,179.54,remora0,remora7,30.02,30.02,30.04,30.04,30.08,30.08,30.10,30.10,30.11,30.11,28.58,28.58,28.65,28.65,28.78,28.78,28.84,28.84,28.90,28.90,5.22,5.22,5.22,5.22,5.22,5.21,5.21,5.21,5.21,5.21,5.22,5.22,5.22,5.22,5.22,5.21,5.21,5.21,5.21,5.21,293.10,0.00,0.00,1.00,0.00,0.00,0.00,-1.00,0,None,0,aggregation
160,180.54,remora0,remora7,30.14,30.14,30.16,30.16,30.17,30.17,30.18,30.18,30.18,30.18,29.02,29.02,29.14,29.14,29.19,29.19,29.29,29.29,29.39,29.39,5.21,5.21,5.21,5.20,5.20,5.20,5.20,5.20,5.20,5.20,5.21,5.21,5.21,5.20,5.20,5.20,5.20,5.20,5.20,5.20,292.79,0.00,0.00,1.00,0.00,0.00,0.00,-1.00,0,None,0,aggregation
160,181.54,remora0,remora7,30.18,30.18,30.18,30.18,30.18,30.18,30.17,30.17,30.18,30.18,29.39,29.39,29.49,29.49,29.49,29.49,29.63,29.63,29.57,29.57,5.20,5.20,5.20,5.20,5.20,5.20,5.20,5.20,5.20,5.20,5.20,5.20,5.20,5.20,5.20,5.20,5.20,5.20,5.20,5.20,292.64,0.00,0.00,1.00,0.00,0.00,0.00,-1.00,0,None,0,aggregation
160,182.54,remora0,remora7,30.17,30.17,30.17,30.17,30.17,30.17,30.17,30.17,30.17,30.17,29.62,29.62,29.62,29.62,29.62,29.62,29.62,29.62,29.62,29.62,5.20,5.21,5.21,5.21,5.21,5.21,5.21,5.21,5.21,5.21,5.20,5.21,5.21,5.21,5.21,5.21,5.21,5.21,5.21,5.21,292.53,0.00,0.00,1.00,0.00,0.00,0.00,-1.00,0,None,0,aggregation
160,183.54,remora0,remora7,30.17,30.17,30.17,30.17,30.18,30.18,30.18,30.18,30.18,30.18,29.62,29.62,29.62,29.62,29.57,29.57,29.57,29.57,29.53,29.53,5.22,5.22,5.22,10.00,10.00,3.29,3.25,3.22,3.18,3.14,5.22,5.22,5.22,10.00,10.00,3.29,3.25,3.22,3.18,3.14,292.41,0.00,0.00,1.00,0.00,0.00,0.00,-1.00,0,None,0,aggregation
160,184.54,remora0,remora7,30.18,30.18,30.19,30.19,30.19,30.19,30.18,30.18,30.18,30.18,29.49,29.49,29.44,29.44,29.44,29.44,29.34,29.34,29.29,29.29,3.11,3.07,3.03,3.00,2.96,2.92,2.88,2.84,2.80,2.76,3.11,3.07,3.03,3.00,2.96,2.92,2.88,2.84,2.80,2.76,292.20,0.00,1.00,1.00,0.00,0.00,0.00,-1.00,0,None,0,aggregation
160,185.54,remora0,remora7,30.17,30.17,30.17,30.17,30.15,30.15,30.14,30.14,30.11,30.11,29.19,29.19,29.19,29.19,29.08,29.08,29.02,29.02,28.90,28.90,2.72,2.68,2.64,2.60,2.55,2.51,2.47,2.43,2.38,2.34,2.72,2.68,2.64,2.60,2.55,2.51,2.47,2.43,2.38,2.34,291.81,0.00,1.00,1.00,0.00,0.00,0.00,-1.00,0,None,0,aggregation
160,186.54,remora0,remora7,30.10,30.10,30.06,30.06,30.04,30.04,30.00,30.00,29.95,29.95,28.84,28.84,28.71,28.71,28.65,28.65,28.51,28.51,28.37,28.37,2.30,2.25,2.21,2.17,2.12,2.08,2.03,1.99,1.95,1.90,2.30,2.25,2.21,2.17,2.12,2.08,2.03,1.99,1.95,1.90,291.14,0.00,1.00,1.00,0.00,0.00,0.00,-1.00,0,None,0,aggregation
160,187.54,remora0,remora7,29.89,29.89,29.83,29.83,29.77,29.77,0.00,0.00,0.00,0.00,28.22,28.22,28.07,28.07,27.91,27.91,0.00,0.00,0.00,0.00,1.86,1.81,1.77,1.72,1.68,1.64,1.61,1.60,1.60,1.60,4.77,4.74,4.71,4.68,4.65,4.63,4.61,4.61,4.61,4.61,278.51,0.00,1.00,1.00,0.00,0.00,0.00,-1.00,0,None,0,aggregation
160,188.54,remora0,remora7,0.00,0.00,0.00,0.00,0.00,0.00,0.00,0.00,0.00,0.00,0.00,0.00,0.00,0.00,0.00,0.00,0.00,0.00,0.00,0.00,1.60,1.60,1.60,1.61,1.61,1.61,1.60,1.60,1.60,1.60,4.61,4.61,4.61,4.61,4.61,4.61,4.61,4.61,4.61,4.61,254.81,0.00,1.00,1.00,0.00,0.00,0.00,-1.00,0,None,0,aggregation
160,189.54,remora0,remora7,0.00,0.00,0.00,0.00,0.00,0.00,0.00,0.00,0.00,0.00,0.00,0.00,0.00,0.00,0.00,0.00,0.00,0.00,0.00,0.00,1.60,1.60,1.60,1.60,1.60,1.60,1.60,1.60,1.60,1.60,4.61,4.61,4.61,4.61,4.61,4.61,4.61,4.61,4.61,4.61,225.40,0.00,1.00,1.00,0.00,0.00,0.00,-1.00,0,None,0,aggregation
160,190.54,remora0,remora7,0.00,0.00,0.00,0.00,0.00,0.00,0.00,0.00,0.00,0.00,0.00,0.00,0.00,0.00,0.00,0.00,0.00,0.00,0.00,0.00,1.60,1.60,1.60,1.60,1.60,1.60,1.60,1.60,1.60,1.60,4.61,4.61,4.61,4.61,4.61,4.61,4.61,4.61,4.61,4.61,195.72,0.00,1.00,1.00,0.00,0.00,0.00,-1.00,0,None,0,aggregation
160,191.54,remora0,remora7,0.00,0.00,0.00,0.00,0.00,0.00,0.00,0.00,0.00,0.00,0.00,0.00,0.00,0.00,0.00,0.00,0.00,0.00,0.00,0.00,1.60,1.60,1.60,1.60,1.60,1.60,1.60,1.60,1.60,1.60,4.61,4.61,4.61,4.61,4.61,4.61,4.61,5.56,5.55,5.54,165.87,0.00,1.00,1.00,0.00,0.00,0.00,-1.00,0,None,0,aggregation
160,192.54,remora0,remora7,0.00,0.00,0.00,0.00,0.00,0.00,0.00,0.00,0.00,0.00,0.00,0.00,0.00,0.00,0.00,0.00,0.00,0.00,0.00,0.00,1.61,1.61,1.61,1.61,1.61,1.61,1.61,1.61,1.61,1.61,5.53,5.53,5.52,5.51,5.50,5.50,5.49,5.48,5.47,5.47,135.98,0.00,1.00,1.00,0.00,0.00,0.00,-1.00,0,None,0,aggregation
160,193.54,remora0,remora7,0.00,0.00,0.00,0.00,0.00,0.00,0.00,0.00,0.00,0.00,0.00,0.00,0.00,0.00,0.00,0.00,0.00,0.00,0.00,0.00,1.61,1.61,1.61,1.61,1.61,1.61,1.61,1.61,1.61,1.61,5.46,5.45,5.45,5.44,5.43,5.42,5.42,5.41,5.40,5.39,106.10,0.00,1.00,1.00,0.00,0.00,0.00,-1.00,0,None,0,aggregation
160,194.54,remora0,remora7,0.00,0.00,0.00,0.00,0.00,0.00,0.00,0.00,0.00,0.00,0.00,0.00,0.00,0.00,0.00,0.00,0.00,0.00,0.00,0.00,1.61,1.61,1.61,1.61,1.61,1.61,1.61,1.61,1.61,1.61,5.39,5.38,5.37,5.36,5.36,5.35,5.34,5.33,5.33,5.32,76.30,0.00,1.00,1.00,0.00,0.00,0.00,-1.00,0,None,0,aggregation
160,195.54,remora0,remora7,0.00,0.00,0.00,0.00,0.00,0.00,0.00,0.00,0.00,0.00,0.00,0.00,0.00,0.00,0.00,0.00,0.00,0.00,0.00,0.00,1.61,1.61,1.61,1.61,1.61,1.61,1.61,1.61,1.61,1.61,5.31,5.31,5.30,5.29,5.28,5.28,5.27,5.26,5.25,5.25,46.69,0.00,1.00,1.00,0.00,0.00,0.00,-1.00,0,None,0,aggregation
160,196.54,remora0,remora7,0.00,0.00,0.00,0.00,0.00,0.00,0.00,0.00,0.00,0.00,0.00,0.00,0.00,0.00,0.00,0.00,0.00,0.00,0.00,0.00,1.61,1.61,1.61,1.61,1.61,1.61,1.61,1.61,1.61,1.61,5.24,5.23,5.22,5.22,5.21,5.20,5.19,5.19,5.18,5.17,17.37,0.00,1.00,0.00,0.00,0.00,0.00,-1.00,0,None,0,aggregation
160,197.54,remora0,remora7,0.00,0.00,0.00,0.00,0.00,0.00,0.00,0.00,0.00,0.00,0.00,0.00,0.00,0.00,0.00,0.00,0.00,0.00,0.00,0.00,1.61,1.61,1.61,1.61,1.61,1.61,1.61,1.61,1.61,1.61,5.16,5.16,5.15,5.14,5.14,5.13,5.12,5.11,5.11,5.10,0.00,0.00,1.00,0.00,0.00,0.00,0.00,-1.00,0,None,0,aggregation
160,198.54,remora0,remora7,0.00,0.00,0.00,0.00,0.00,0.00,0.00,0.00,0.00,0.00,0.00,0.00,0.00,0.00,0.00,0.00,0.00,0.00,0.00,0.00,1.61,1.61,1.61,1.61,1.61,1.61,1.61,1.61,1.61,1.61,5.09,5.08,5.08,5.07,5.06,5.05,5.05,5.04,5.03,5.02,0.00,0.00,1.00,0.00,0.00,0.00,0.00,-1.00,0,None,0,aggregation
160,199.54,remora0,remora7,0.00,0.00,0.00,0.00,0.00,0.00,0.00,0.00,0.00,0.00,0.00,0.00,0.00,0.00,0.00,0.00,0.00,0.00,0.00,0.00,1.61,1.61,1.61,1.61,1.61,1.61,1.61,1.61,1.61,1.61,5.02,5.01,5.00,5.00,4.99,4.98,4.97,4.97,4.96,4.95,0.00,0.00,1.00,0.00,0.00,0.00,0.00,-1.00,0,None,0,aggregation
160,200.54,remora0,remora7,0.00,0.00,0.00,0.00,0.00,0.00,0.00,0.00,0.00,0.00,0.00,0.00,0.00,0.00,0.00,0.00,0.00,0.00,0.00,0.00,1.62,1.62,1.62,1.62,1.62,1.62,1.62,1.62,1.62,1.62,4.94,4.94,4.93,4.92,4.91,4.91,4.90,4.89,4.88,4.88,0.00,0.00,1.00,0.00,0.00,0.00,0.00,-1.00,0,None,0,aggregation
160,201.54,remora0,remora7,0.00,0.00,0.00,0.00,0.00,0.00,0.00,0.00,0.00,0.00,0.00,0.00,0.00,0.00,0.00,0.00,0.00,0.00,0.00,0.00,1.62,1.62,1.62,1.62,1.62,1.62,1.62,1.62,1.62,1.62,4.87,4.86,4.85,4.85,4.84,4.83,4.83,4.82,4.81,4.80,0.00,0.00,1.00,0.00,0.00,0.00,0.00,-1.00,0,None,0,aggregation
160,202.54,remora0,remora7,0.00,0.00,0.00,0.00,0.00,0.00,0.00,0.00,0.00,0.00,0.00,0.00,0.00,0.00,0.00,0.00,0.00,0.00,0.00,0.00,1.62,1.62,1.62,1.62,1.62,1.62,1.62,1.62,1.62,1.62,4.80,4.79,4.78,4.78,4.77,4.76,4.76,4.75,4.75,4.74,0.00,0.00,1.00,0.00,0.00,0.00,0.00,-1.00,0,None,0,aggregation
160,203.54,remora0,remora7,0.00,0.00,0.00,0.00,0.00,0.00,0.00,0.00,0.00,0.00,0.00,0.00,0.00,0.00,0.00,0.00,0.00,0.00,0.00,0.00,1.62,1.62,1.61,1.61,1.61,1.61,1.61,1.61,1.61,1.61,4.73,4.73,4.73,4.73,4.73,4.73,4.73,4.73,4.73,4.73,0.00,0.00,1.00,0.00,0.00,0.00,0.00,-1.00,0,None,0,aggregation
160,204.54,remora0,remora7,0.00,0.00,0.00,0.00,0.00,0.00,0.00,0.00,0.00,0.00,0.00,0.00,0.00,0.00,0.00,0.00,0.00,0.00,0.00,0.00,1.61,1.61,1.61,1.60,1.60,1.60,1.60,1.60,1.60,1.60,4.74,4.74,4.74,4.74,4.74,4.74,4.74,4.74,4.75,4.75,0.00,0.00,1.00,0.00,0.00,0.00,0.00,-1.00,0,None,0,aggregation
160,205.54,remora0,remora7,0.00,0.00,0.00,0.00,0.00,0.00,0.00,0.00,0.00,0.00,0.00,0.00,0.00,0.00,0.00,0.00,0.00,0.00,0.00,0.00,1.60,1.60,1.60,1.60,1.60,1.60,1.60,1.60,1.60,1.60,4.75,4.75,4.75,4.75,4.75,4.76,4.76,4.76,4.76,4.76,0.00,0.00,1.00,0.00,0.00,0.00,0.00,-1.00,0,None,0,aggregation
160,206.54,remora0,remora7,0.00,0.00,0.00,0.00,0.00,0.00,0.00,0.00,0.00,0.00,0.00,0.00,0.00,0.00,0.00,0.00,0.00,0.00,0.00,0.00,1.60,1.60,1.60,1.60,1.60,1.60,1.60,1.60,1.60,1.60,4.76,4.77,4.77,4.77,4.77,4.78,4.78,4.78,4.79,4.79,0.00,0.00,1.00,0.00,0.00,0.00,0.00,-1.00,0,None,0,aggregation
160,207.54,remora0,remora7,0.00,0.00,0.00,0.00,0.00,0.00,0.00,0.00,0.00,0.00,0.00,0.00,0.00,0.00,0.00,0.00,0.00,0.00,0.00,0.00,1.60,1.60,1.60,1.60,1.60,1.60,1.60,1.60,1.60,1.60,4.79,4.80,4.80,4.80,4.81,4.81,4.82,4.82,4.83,4.83,0.00,0.00,1.00,0.00,0.00,0.00,0.00,-1.00,0,None,0,aggregation
160,208.54,remora0,remora7,0.00,0.00,0.00,0.00,0.00,0.00,0.00,0.00,0.00,0.00,0.00,0.00,0.00,0.00,0.00,0.00,0.00,0.00,0.00,0.00,1.60,1.60,1.60,1.60,1.60,1.60,1.60,1.60,1.60,1.60,4.83,4.84,4.84,4.85,4.85,4.86,4.86,4.87,4.87,4.88,0.00,0.00,1.00,0.00,0.00,0.00,0.00,-1.00,0,None,0,aggregation
160,209.54,remora0,remora7,0.00,0.00,0.00,0.00,0.00,0.00,0.00,0.00,0.00,0.00,0.00,0.00,0.00,0.00,0.00,0.00,0.00,0.00,0.00,0.00,1.60,1.60,1.60,1.60,1.60,1.60,1.60,1.60,1.60,1.60,4.88,4.88,4.89,4.89,4.90,4.90,4.91,4.91,4.92,4.92,0.00,0.00,1.00,0.00,0.00,0.00,0.00,-1.00,0,None,0,aggregation
160,210.54,remora0,remora7,0.00,0.00,0.00,0.00,0.00,0.00,0.00,0.00,0.00,0.00,0.00,0.00,0.00,0.00,0.00,0.00,0.00,0.00,0.00,0.00,1.60,1.60,1.60,1.60,1.60,1.60,1.60,1.60,1.60,1.60,4.93,4.94,4.94,4.95,4.95,4.96,4.96,4.97,4.98,4.98,0.00,0.00,1.00,0.00,0.00,0.00,0.00,-1.00,0,None,0,aggregation
160,211.54,remora0,remora7,0.00,0.00,0.00,0.00,0.00,0.00,0.00,0.00,0.00,0.00,0.00,0.00,0.00,0.00,0.00,0.00,0.00,0.00,0.00,0.00,1.60,1.60,1.60,1.60,1.60,1.60,1.60,1.60,1.60,1.60,4.99,4.99,5.00,5.01,5.01,5.02,5.03,5.03,5.04,5.05,0.00,0.00,1.00,0.00,0.00,0.00,0.00,-1.00,0,None,0,aggregation
160,212.54,remora0,remora7,0.00,0.00,0.00,0.00,0.00,0.00,0.00,0.00,0.00,0.00,0.00,0.00,0.00,0.00,0.00,0.00,0.00,0.00,0.00,0.00,1.60,1.60,1.60,1.60,1.60,1.60,1.60,1.60,1.60,1.60,5.05,5.06,5.07,5.07,5.08,5.08,5.09,5.10,5.10,5.11,0.00,0.00,1.00,0.00,0.00,0.00,0.00,-1.00,0,None,0,aggregation
160,213.54,remora0,remora7,0.00,0.00,0.00,0.00,0.00,0.00,0.00,0.00,0.00,0.00,0.00,0.00,0.00,0.00,0.00,0.00,0.00,0.00,0.00,0.00,1.60,1.60,1.60,1.59,1.59,1.59,1.59,1.59,1.59,1.59,5.12,5.13,5.13,5.14,5.14,5.15,5.16,5.16,5.17,5.18,0.00,0.00,1.00,0.00,0.00,0.00,0.00,-1.00,0,None,0,aggregation
160,214.54,remora0,remora7,0.00,0.00,0.00,0.00,0.00,0.00,0.00,0.00,0.00,0.00,0.00,0.00,0.00,0.00,0.00,0.00,0.00,0.00,0.00,0.00,1.59,1.59,1.59,1.59,1.59,1.59,1.59,1.59,1.59,1.59,5.18,5.19,5.20,5.20,5.21,5.21,5.22,5.23,5.24,5.24,0.00,0.00,1.00,0.00,0.00,0.00,0.00,-1.00,0,None,0,aggregation
160,215.54,remora0,remora7,0.00,0.00,0.00,0.00,0.00,0.00,0.00,0.00,0.00,0.00,0.00,0.00,0.00,0.00,0.00,0.00,0.00,0.00,0.00,0.00,1.59,1.59,1.59,1.59,1.59,1.59,1.59,1.59,1.59,1.59,5.25,5.26,5.26,5.27,5.27,5.28,5.29,5.30,5.31,5.31,0.00,0.00,1.00,0.00,0.00,0.00,0.00,-1.00,0,None,0,aggregation
160,216.54,remora0,remora7,0.00,0.00,0.00,0.00,0.00,0.00,0.00,0.00,0.00,0.00,0.00,0.00,0.00,0.00,0.00,0.00,0.00,0.00,0.00,0.00,1.59,1.59,1.59,1.59,1.59,1.59,1.59,1.59,1.59,1.59,5.32,5.32,5.33,5.34,5.34,5.35,5.36,5.36,5.37,5.38,0.00,0.00,1.00,0.00,0.00,0.00,0.00,-1.00,0,None,0,aggregation
160,217.54,remora0,remora7,0.00,0.00,0.00,0.00,0.00,0.00,0.00,0.00,0.00,0.00,0.00,0.00,0.00,0.00,0.00,0.00,0.00,0.00,0.00,0.00,1.59,1.59,1.59,1.59,1.59,1.59,1.59,1.59,1.59,1.59,5.39,5.39,5.40,3.87,3.87,3.87,3.87,3.86,3.86,3.86,0.00,0.00,1.00,0.00,0.00,0.00,0.00,-1.00,0,None,0,aggregation
160,218.54,remora0,remora7,0.00,0.00,0.00,0.00,0.00,0.00,0.00,0.00,0.00,0.00,0.00,0.00,0.00,0.00,0.00,0.00,0.00,0.00,0.00,0.00,1.59,1.59,1.59,1.59,1.59,1.59,1.59,1.59,1.59,1.59,3.86,3.86,3.86,3.86,3.86,3.86,3.86,3.85,5.39,5.38,0.00,0.00,1.00,0.00,0.00,0.00,0.00,-1.00,0,None,0,aggregation
160,219.54,remora0,remora7,0.00,0.00,0.00,0.00,0.00,0.00,0.00,0.00,0.00,0.00,0.00,0.00,0.00,0.00,0.00,0.00,0.00,0.00,0.00,0.00,1.59,1.59,1.59,1.59,1.59,1.59,1.59,1.59,1.59,1.59,5.37,5.36,5.36,5.35,5.34,5.33,5.32,5.32,5.31,5.30,0.00,0.00,1.00,0.00,0.00,0.00,0.00,-1.00,0,None,0,aggregation
160,220.54,remora0,remora7,0.00,0.00,0.00,0.00,0.00,0.00,0.00,0.00,0.00,0.00,0.00,0.00,0.00,0.00,0.00,0.00,0.00,0.00,0.00,0.00,1.59,1.59,1.59,1.59,1.59,1.59,1.59,1.59,1.59,1.59,5.29,5.28,5.27,5.26,5.26,5.25,5.24,5.24,5.23,5.22,0.00,0.00,1.00,0.00,0.00,0.00,0.00,-1.00,0,None,0,aggregation
160,221.54,remora0,remora7,0.00,0.00,0.00,0.00,0.00,0.00,0.00,0.00,0.00,0.00,0.00,0.00,0.00,0.00,0.00,0.00,0.00,0.00,0.00,0.00,1.59,1.59,1.59,1.59,1.59,1.59,1.59,1.59,1.59,1.59,5.21,5.20,5.19,5.18,5.18,5.17,5.16,5.15,5.14,5.14,0.00,0.00,1.00,0.00,0.00,0.00,0.00,-1.00,0,None,0,aggregation
160,222.54,remora0,remora7,0.00,0.00,0.00,0.00,0.00,0.00,0.00,0.00,0.00,0.00,0.00,0.00,0.00,0.00,0.00,0.00,0.00,0.00,0.00,0.00,1.59,1.59,1.59,1.64,1.64,1.64,1.64,1.64,1.64,1.64,5.13,5.12,5.11,6.26,6.25,6.24,6.23,6.23,6.21,6.20,0.00,0.00,1.00,0.00,0.00,0.00,0.00,-1.00,0,None,0,aggregation
160,223.54,remora0,remora7,0.00,0.00,0.00,0.00,0.00,0.00,0.00,0.00,0.00,0.00,0.00,0.00,0.00,0.00,0.00,0.00,0.00,0.00,0.00,0.00,1.64,1.64,1.64,1.64,1.64,1.64,1.64,1.64,1.64,1.64,6.19,6.18,6.16,6.15,6.14,6.13,6.12,6.11,6.10,6.08,0.00,0.00,1.00,0.00,0.00,0.00,0.00,-1.00,0,None,0,aggregation
160,224.54,remora0,remora7,0.00,0.00,0.00,0.00,0.00,0.00,0.00,0.00,0.00,0.00,0.00,0.00,0.00,0.00,0.00,0.00,0.00,0.00,0.00,0.00,1.64,1.64,1.64,1.64,1.64,1.64,1.64,1.64,1.64,1.64,6.07,6.06,6.05,6.04,6.03,6.01,6.00,5.99,5.97,5.96,0.00,0.00,1.00,0.00,0.00,0.00,0.00,-1.00,0,None,0,aggregation
160,225.54,remora0,remora7,0.00,0.00,0.00,0.00,0.00,0.00,0.00,0.00,0.00,0.00,0.00,0.00,0.00,0.00,0.00,0.00,0.00,0.00,0.00,0.00,1.64,1.64,1.64,1.64,1.64,1.64,1.64,1.64,1.64,1.64,5.95,5.94,5.93,5.92,5.90,5.89,5.88,5.86,5.85,5.84,0.00,0.00,1.00,0.00,0.00,0.00,0.00,-1.00,0,None,0,aggregation
160,226.54,remora0,remora7,0.00,0.00,0.00,0.00,0.00,0.00,0.00,0.00,0.00,0.00,0.00,0.00,0.00,0.00,0.00,0.00,0.00,0.00,0.00,0.00,1.64,1.64,1.64,1.64,1.64,1.64,1.64,1.64,1.64,1.64,5.82,5.81,5.80,5.79,5.77,5.76,5.75,5.74,5.73,5.72,0.00,0.00,1.00,0.00,0.00,0.00,0.00,-1.00,0,None,0,aggregation
160,227.54,remora0,remora7,0.00,0.00,0.00,0.00,0.00,0.00,0.00,0.00,0.00,0.00,0.00,0.00,0.00,0.00,0.00,0.00,0.00,0.00,0.00,0.00,1.64,1.64,1.64,1.64,1.64,1.64,1.64,1.64,1.64,1.64,5.70,5.69,5.68,5.66,5.65,5.63,5.62,5.60,5.59,5.57,0.00,0.00,1.00,0.00,0.00,0.00,0.00,-1.00,0,None,0,aggregation
160,290.54,remora0,remora7,30.11,30.11,30.02,30.02,29.95,29.95,29.78,29.78,29.67,29.67,28.88,28.88,28.56,28.56,28.36,28.36,27.93,27.93,27.69,27.69,5.15,5.13,5.11,5.08,5.06,5.04,5.02,5.00,4.98,4.97,5.74,5.72,5.69,5.67,5.65,5.63,5.60,5.58,5.56,5.54,297.89,0.00,0.00,1.00,0.00,0.00,0.00,-1.00,0,None,0,aggregation
160,291.54,remora0,remora7,29.42,29.42,29.25,29.25,28.95,28.95,28.73,28.73,28.46,28.46,27.17,27.17,26.83,26.83,26.28,26.28,25.89,25.89,25.43,25.43,4.95,4.93,4.92,4.91,4.89,4.88,4.87,4.86,4.84,4.83,5.53,5.51,5.49,5.47,5.45,5.43,5.42,5.40,5.38,5.37,295.59,0.00,0.00,1.00,0.00,0.00,0.00,-1.00,0,None,0,aggregation
160,292.54,remora0,remora7,28.03,28.03,27.68,27.68,27.25,27.25,27.03,27.03,26.60,26.60,24.72,24.72,24.16,24.16,23.50,23.50,23.17,23.17,22.52,22.52,4.82,4.81,4.80,4.79,4.78,4.77,4.76,4.74,4.73,4.72,5.35,5.34,5.32,5.30,5.29,5.27,5.25,5.24,5.22,5.21,291.13,0.00,0.00,1.00,0.00,0.00,0.00,-1.00,0,None,0,aggregation
160,293.54,remora0,remora7,25.57,25.57,25.06,25.06,24.23,24.23,23.26,23.26,22.34,22.34,21.03,21.03,20.31,20.31,19.15,19.15,17.81,17.81,16.57,16.57,4.71,4.70,4.68,4.67,4.66,4.65,4.63,4.62,4.61,4.59,5.19,5.17,5.16,5.14,5.13,5.11,5.09,5.08,5.06,5.05,282.67,0.00,0.00,1.00,0.00,0.00,0.00,-1.00,0,None,0,aggregation
160,294.54,remora0,remora7,21.39,21.39,20.48,20.48,19.89,19.89,18.30,18.30,17.75,17.75,15.31,15.31,14.11,14.11,13.33,13.33,11.27,11.27,10.56,10.56,4.58,4.56,4.55,4.53,4.52,4.50,4.49,4.47,4.45,4.44,5.03,5.01,5.00,4.98,4.97,4.95,4.94,4.92,4.91,4.89,268.92,0.00,0.00,1.00,0.00,0.00,0.00,-1.00,0,None,0,aggregation
160,295.54,remora0,remora7,16.15,16.15,15.74,15.74,15.74,15.74,15.85,15.85,15.70,15.70,8.50,8.50,7.98,7.98,7.98,7.98,8.13,8.13,7.93,7.93,4.42,4.40,4.39,4.37,4.35,4.33,4.32,4.30,4.28,4.26,4.88,4.86,4.85,4.83,4.82,4.80,4.79,4.77,4.76,4.74,250.95,0.00,0.00,1.00,0.00,0.00,0.00,-1.00,0,None,0,aggregation
160,296.54,remora0,remora7,16.71,16.71,17.68,17.68,18.25,18.25,19.19,19.19,19.57,19.57,9.22,9.22,10.46,10.46,11.21,11.21,12.43,12.43,12.92,12.92,4.25,4.23,4.21,4.19,4.18,4.16,4.14,4.13,4.11,4.10,4.73,4.71,4.70,4.68,4.67,4.65,4.63,4.62,4.60,4.59,235.85,0.00,0.00,1.00,0.00,0.00,0.00,-1.00,0,None,0,aggregation
160,297.54,remora0,remora7,19.91,19.91,20.16,20.16,20.80,20.80,21.52,21.52,21.80,21.80,13.35,13.35,13.68,13.68,14.53,14.53,15.48,15.48,15.85,15.85,4.08,4.06,4.05,4.03,4.02,4.00,3.99,3.98,3.96,3.95,4.57,4.55,4.54,4.52,4.51,4.49,4.48,4.46,4.45,4.43,223.77,0.00,0.00,1.00,0.00,0.00,0.00,-1.00,0,None,0,aggregation
160,298.54,remora0,remora7,22.12,22.12,22.45,22.45,22.59,22.59,22.96,22.96,23.32,23.32,16.28,16.28,16.73,16.73,16.92,16.92,17.41,17.41,17.91,17.91,3.94,3.92,3.91,3.90,3.89,3.88,3.86,3.85,3.84,3.83,4.41,4.40,4.39,4.37,4.36,4.34,4.33,4.31,4.30,4.29,213.92,0.00,0.00,1.00,0.00,0.00,0.00,-1.00,0,None,0,aggregation
160,299.54,remora0,remora7,23.64,23.64,23.80,23.80,24.21,24.21,24.55,24.55,24.78,24.78,18.34,18.34,18.56,18.56,19.12,19.12,19.60,19.60,19.91,19.91,3.82,3.81,3.80,3.79,3.78,3.77,3.76,3.76,3.75,3.74,4.27,4.26,4.25,4.23,4.22,4.21,4.20,4.18,4.17,4.16,205.93,0.00,0.00,1.00,0.00,0.00,0.00,-1.00,0,None,0,aggregation
160,300.54,remora0,remora7,25.15,25.15,25.42,25.42,25.81,25.81,25.97,25.97,26.21,26.21,20.44,20.44,20.82,20.82,21.37,21.37,21.61,21.61,21.96,21.96,3.73,3.72,3.72,3.71,3.70,3.70,3.69,3.68,3.68,3.67,4.15,4.14,4.13,4.12,4.11,4.10,4.09,4.08,4.07,4.06,200.32,0.00,0.00,1.00,0.00,0.00,0.00,-1.00,0,None,0,aggregation
160,301.54,remora0,remora7,26.48,26.48,26.87,26.87,26.95,26.95,27.39,27.39,27.45,27.45,22.35,22.35,22.93,22.93,23.05,23.05,23.71,23.71,23.81,23.81,3.67,3.66,3.66,3.65,3.65,3.64,3.64,3.63,3.63,3.62,4.05,4.05,4.04,4.03,4.02,4.02,4.01,4.00,4.00,3.99,197.78,0.00,0.00,1.00,0.00,0.00,0.00,-1.00,0,None,0,aggregation
160,302.54,remora0,remora7,27.59,27.59,27.97,27.97,27.99,27.99,28.36,28.36,28.41,28.41,24.03,24.03,24.62,24.62,24.65,24.65,25.26,25.26,25.34,25.34,3.62,3.62,3.61,3.61,3.61,3.60,3.60,3.60,3.59,3.59,3.99,3.98,3.98,3.97,3.97,3.96,3.96,3.95,3.95,3.95,198.73,0.00,0.00,1.00,0.00,0.00,0.00,-1.00,0,None,0,aggregation
160,303.54,remora0,remora7,28.77,28.77,28.89,28.89,29.04,29.04,29.10,29.10,29.33,29.33,25.95,25.95,26.16,26.16,26.44,26.44,26.55,26.55,26.98,26.98,3.59,3.59,3.58,3.58,3.58,3.58,3.57,3.57,3.57,3.57,3.94,3.94,3.94,3.94,3.94,3.94,3.93,3.93,3.93,3.93,204.92,0.00,0.00,1.00,0.00,0.00,0.00,-1.00,0,None,0,aggregation
160,304.54,remora0,remora7,29.45,29.45,29.57,29.57,29.69,29.69,29.75,29.75,29.80,29.80,27.21,27.21,27.46,27.46,27.72,27.72,27.86,27.86,27.99,27.99,3.57,3.56,3.56,3.56,3.56,3.56,3.56,3.55,3.55,3.55,3.93,3.93,3.93,3.93,3.93,3.94,3.94,3.94,3.94,3.94,217.33,0.00,0.00,1.00,0.00,0.00,0.00,-1.00,0,None,0,aggregation
160,305.54,remora0,remora7,29.90,29.90,29.95,29.95,30.03,30.03,30.07,30.07,30.10,30.10,28.24,28.24,28.38,28.38,28.59,28.59,28.73,28.73,28.86,28.86,3.55,3.55,3.55,3.55,3.55,3.54,3.54,3.54,3.54,3.54,3.95,3.95,3.95,3.95,3.96,3.96,3.96,3.97,3.97,3.98,234.65,0.00,0.00,1.00,0.00,0.00,0.00,-1.00,0,None,0,aggregation
160,306.54,remora0,remora7,30.15,30.15,30.17,30.17,30.18,30.18,30.19,30.19,30.18,30.18,29.07,29.07,29.18,29.18,29.28,29.28,29.45,29.45,29.49,29.49,3.54,3.54,3.54,3.54,3.53,3.53,3.53,3.53,3.53,3.53,3.98,3.98,3.99,3.99,4.00,4.00,4.01,4.02,4.02,4.03,249.62,0.00,0.00,1.00,0.00,0.00,0.00,-1.00,0,None,0,aggregation
160,307.54,remora0,remora7,30.18,30.18,30.17,30.17,30.16,30.16,30.11,30.11,30.08,30.08,29.58,29.58,29.67,29.67,29.71,29.71,29.84,29.84,29.89,29.89,3.53,3.53,3.53,3.53,3.53,3.52,3.52,3.52,3.52,3.52,4.03,4.04,4.04,4.05,4.06,4.06,4.07,4.08,4.08,4.09,261.85,0.00,0.00,1.00,0.00,0.00,0.00,-1.00,0,None,0,aggregation
160,308.54,remora0,remora7,30.07,30.07,30.05,30.05,30.01,30.01,29.95,29.95,29.93,29.93,29.92,29.92,29.95,29.95,29.99,29.99,30.04,30.04,30.06,30.06,3.52,3.52,3.52,3.52,3.52,3.52,3.52,3.52,3.51,3.51,4.10,4.11,4.11,4.12,4.13,4.14,4.14,4.15,4.16,4.17,271.97,0.00,0.00,1.00,0.00,0.00,0.00,-1.00,0,None,0,aggregation
160,309.54,remora0,remora7,29.90,29.90,29.82,29.82,29.75,29.75,29.72,29.72,29.68,29.68,30.08,30.08,30.12,30.12,30.14,30.14,30.15,30.15,30.16,30.16,3.51,3.51,3.51,3.51,3.51,3.51,3.51,3.51,3.51,3.51,4.18,4.18,4.19,4.20,4.21,4.22,4.23,4.23,4.24,4.25,280.27,0.00,0.00,1.00,0.00,0.00,0.00,-1.00,0,None,0,aggregation
160,310.54,remora0,remora7,29.66,29.66,29.57,29.57,29.56,29.56,29.49,29.49,29.50,29.50,30.17,30.17,30.18,30.18,30.18,30.18,30.18,30.18,30.18,30.18,3.51,3.51,3.51,3.51,3.51,3.51,3.51,3.51,3.51,3.51,4.26,4.27,4.28,4.29,4.30,4.31,4.31,4.32,4.33,4.34,286.67,0.00,0.00,1.00,0.00,0.00,0.00,-1.00,0,None,0,aggregation
160,311.54,remora0,remora7,29.45,29.45,29.39,29.39,29.44,29.44,29.53,29.53,29.57,29.57,30.19,30.19,30.18,30.18,30.19,30.19,30.18,30.18,30.18,30.18,3.51,3.51,3.51,3.51,3.51,3.51,3.51,3.51,3.51,3.51,4.35,4.36,4.37,4.38,4.39,4.40,4.41,4.42,4.43,4.44,291.40,0.00,0.00,1.00,0.00,0.00,0.00,-1.00,0,None,0,aggregation
160,312.54,remora0,remora7,29.66,29.66,29.69,29.69,29.77,29.77,29.77,29.77,29.83,29.83,30.17,30.17,30.16,30.16,30.14,30.14,30.14,30.14,30.11,30.11,3.51,3.51,3.51,3.51,3.52,3.52,3.52,3.52,3.52,3.52,4.45,4.46,4.47,4.48,4.49,4.50,4.51,4.52,4.53,4.54,294.92,0.00,0.00,1.00,0.00,0.00,0.00,-1.00,0,None,0,aggregation
160,313.54,remora0,remora7,29.87,29.87,29.90,29.90,29.92,29.92,29.95,29.95,29.98,29.98,30.10,30.10,30.08,30.08,30.06,30.06,30.04,30.04,30.02,30.02,3.52,3.52,3.52,3.53,3.53,3.53,3.53,3.53,3.53,3.54,4.55,4.56,4.57,4.58,4.59,4.60,4.62,4.63,4.64,4.65,297.19,0.00,0.00,1.00,0.00,0.00,0.00,-1.00,0,None,0,aggregation
160,314.54,remora0,remora7,30.00,30.00,30.02,30.02,30.04,30.04,30.04,30.04,30.08,30.08,30.00,30.00,29.98,29.98,29.95,29.95,29.95,29.95,29.90,29.90,3.54,3.54,3.54,3.54,3.55,3.55,3.55,3.55,3.56,3.56,4.66,4.67,4.68,4.69,4.71,4.72,4.73,4.74,4.75,4.76,298.53,0.00,0.00,1.00,0.00,0.00,0.00,-1.00,0,None,0,aggregation
160,315.54,remora0,remora7,30.08,30.08,30.10,30.10,30.11,30.11,30.11,30.11,30.13,30.13,29.90,29.90,29.87,29.87,29.83,29.83,29.83,29.83,29.80,29.80,3.56,3.56,3.57,3.57,3.57,3.57,3.58,3.58,3.58,3.59,4.78,4.79,4.80,4.81,4.82,4.84,4.85,4.86,4.87,4.88,299.22,0.00,0.00,1.00,0.00,0.00,0.00,-1.00,0,None,0,aggregation
160,316.54,remora0,remora7,30.14,30.14,30.14,30.14,30.14,30.14,30.16,30.16,30.16,30.16,29.77,29.77,29.77,29.77,29.77,29.77,29.69,29.69,29.69,29.69,3.59,3.59,3.60,3.60,3.60,3.61,3.61,3.61,3.62,3.62,4.90,4.91,4.92,4.94,4.95,4.96,4.97,4.99,5.00,5.01,299.44,0.00,0.00,1.00,0.00,0.00,0.00,-1.00,0,None,0,aggregation
160,317.54,remora0,remora7,30.16,30.16,30.17,30.17,30.17,30.17,30.17,30.17,30.17,30.17,29.69,29.69,29.62,29.62,29.62,29.62,29.62,29.62,29.62,29.62,3.62,3.63,3.63,3.64,3.64,3.65,3.65,3.65,3.66,3.66,5.03,5.04,5.05,5.07,5.08,5.10,5.11,5.12,5.14,5.15,299.40,0.00,0.00,1.00,0.00,0.00,0.00,-1.00,0,None,0,aggregation
160,318.54,remora0,remora7,30.18,30.18,30.18,30.18,30.18,30.18,30.18,30.18,30.19,30.19,29.53,29.53,29.53,29.53,29.53,29.53,29.53,29.53,29.44,29.44,3.67,3.67,3.68,3.68,3.69,3.70,3.70,3.71,3.71,3.72,5.17,5.18,5.19,5.21,5.22,5.24,5.25,5.27,5.28,5.30,299.25,0.00,0.00,1.00,0.00,0.00,0.00,-1.00,0,None,0,aggregation
160,319.54,remora0,remora7,30.19,30.19,30.19,30.19,30.19,30.19,30.18,30.18,30.18,30.18,29.44,29.44,29.44,29.44,29.44,29.44,29.39,29.39,29.34,29.34,3.72,3.73,3.74,3.74,3.75,3.76,3.76,3.77,3.78,3.78,5.31,5.33,5.34,5.36,5.37,5.39,5.41,5.42,5.44,5.45,299.10,0.00,0.00,1.00,0.00,0.00,0.00,-1.00,0,None,0,aggregation
160,320.54,remora0,remora7,30.18,30.18,30.18,30.18,30.18,30.18,30.18,30.18,30.17,30.17,29.34,29.34,29.34,29.34,29.29,29.29,29.29,29.29,29.24,29.24,3.79,3.80,3.81,3.81,3.82,3.83,3.84,3.84,3.85,3.86,5.47,5.49,5.50,5.52,5.53,5.55,5.57,5.58,5.60,5.62,298.97,0.00,0.00,1.00,0.00,0.00,0.00,-1.00,0,None,0,aggregation
160,321.54,remora0,remora7,30.17,30.17,30.17,30.17,30.17,30.17,30.17,30.17,30.17,30.17,29.24,29.24,29.24,29.24,29.19,29.19,29.19,29.19,29.19,29.19,3.87,3.88,3.89,3.90,3.91,3.91,3.92,3.93,3.94,3.95,5.64,5.65,5.67,5.69,5.71,5.72,5.74,5.76,5.78,5.80,298.83,0.00,0.00,1.00,0.00,0.00,0.00,-1.00,0,None,0,aggregation
160,322.54,remora0,remora7,30.16,30.16,30.16,30.16,30.15,30.15,30.15,30.15,30.15,30.15,29.14,29.14,29.14,29.14,29.08,29.08,29.08,29.08,29.08,29.08,3.96,3.97,3.99,4.00,4.01,4.02,4.03,4.04,4.05,4.06,5.81,5.83,5.85,5.87,5.89,5.91,5.93,5.94,5.96,5.98,298.51,0.00,0.00,1.00,0.00,0.00,0.00,-1.00,0,None,0,aggregation
160,131.54,remora0,remora1,28.12,28.12,28.23,28.23,28.36,28.36,28.15,28.15,28.01,27.78,24.87,24.87,25.05,25.05,25.25,25.25,24.91,24.91,24.69,24.32,2.68,2.70,2.73,2.76,2.78,2.81,2.84,2.86,2.89,2.92,6.16,6.15,6.15,6.14,6.14,6.13,6.13,6.12,6.12,6.11,148.59,0.00,1.00,1.00,0.00,0.00,0.00,-1.00,0,None,1,aggregation
160,132.54,remora0,remora1,27.78,27.78,27.74,27.74,27.28,27.28,27.27,27.27,27.12,27.12,24.32,24.32,24.27,24.27,23.55,23.55,23.53,23.53,23.31,23.31,2.94,2.97,2.99,3.02,3.05,3.07,3.10,3.12,3.15,3.17,6.11,6.10,6.10,6.09,6.09,6.08,6.08,6.08,6.07,6.07,174.20,0.00,0.00,1.00,0.00,0.00,0.00,-1.00,0,None,1,aggregation
160,133.54,remora0,remora1,26.78,26.78,26.63,26.63,26.61,26.61,26.34,26.34,26.14,26.14,22.79,22.79,22.57,22.57,22.55,22.55,22.14,22.14,21.85,21.85,3.20,3.22,3.25,3.27,3.30,3.32,3.34,3.37,3.39,3.42,6.06,6.06,6.06,6.06,5.89,5.88,5.87,5.87,5.86,5.86,198.64,0.00,0.00,1.00,0.00,0.00,0.00,-1.00,0,None,1,aggregation
160,134.54,remora0,remora1,26.24,26.24,26.20,26.20,26.27,26.27,26.42,26.42,26.47,26.47,21.99,21.99,21.94,21.94,22.04,22.04,22.26,22.26,22.33,22.33,3.44,3.46,3.49,3.51,3.53,3.56,3.58,3.60,3.63,3.65,5.85,5.84,5.84,5.83,5.83,5.82,5.82,5.81,5.81,5.80,222.86,0.00,0.00,1.00,0.00,0.00,0.00,-1.00,0,None,1,aggregation
160,135.54,remora0,remora1,26.48,26.48,26.57,26.57,26.46,26.46,26.52,26.52,26.39,26.39,22.35,22.35,22.48,22.48,22.32,22.32,22.41,22.41,22.21,22.21,3.67,3.70,3.72,3.74,3.77,3.79,3.81,3.83,3.86,3.88,5.80,5.79,5.79,5.78,5.78,5.77,5.77,5.77,5.77,5.76,247.28,0.00,0.00,1.00,0.00,0.00,0.00,-1.00,0,None,1,aggregation
160,136.54,remora0,remora1,26.36,26.36,26.45,26.45,26.22,26.22,26.32,26.00,26.00,26.00,22.17,22.17,22.30,22.30,21.97,21.97,22.11,21.64,21.64,21.64,3.90,3.92,3.95,3.97,3.99,4.01,4.03,4.05,4.07,4.09,5.76,5.76,5.76,5.75,5.75,5.75,5.75,5.75,5.75,5.75,255.69,0.00,0.00,1.00,0.00,0.00,0.00,-1.00,0,None,1,aggregation
160,137.54,remora0,remora1,25.96,25.96,25.77,25.77,26.04,26.04,25.29,25.29,25.36,25.36,21.59,21.59,21.32,21.32,21.71,21.71,20.63,20.63,20.74,20.74,4.11,4.14,4.16,4.18,4.20,4.21,4.23,4.25,4.27,4.29,5.75,5.75,5.75,5.75,5.76,5.76,5.76,5.77,5.77,5.78,254.98,0.00,0.00,1.00,0.00,0.00,0.00,-1.00,0,None,1,aggregation
160,138.54,remora0,remora1,24.97,24.97,24.68,24.68,24.33,23.71,23.71,23.71,23.36,23.36,20.18,20.18,19.77,19.77,19.29,18.43,18.43,18.43,17.96,17.96,4.31,4.33,4.34,4.36,4.38,4.40,4.41,4.40,4.38,4.37,5.78,5.79,5.79,5.80,5.80,5.81,5.81,5.82,5.82,5.83,249.64,0.00,0.00,1.00,0.00,0.00,0.00,-1.00,0,None,1,aggregation
160,139.54,remora0,remora1,23.37,23.37,23.11,23.26,23.26,23.26,22.96,22.96,22.71,22.71,17.96,17.96,17.62,17.82,17.82,17.82,17.41,17.41,17.07,17.07,4.35,4.34,4.32,4.31,4.29,4.28,4.27,4.25,4.24,4.23,5.84,5.84,5.85,5.85,5.86,5.87,5.88,5.88,5.89,5.90,242.04,0.00,0.00,1.00,0.00,0.00,0.00,-1.00,0,None,1,aggregation
160,140.54,remora0,remora1,22.74,22.74,22.36,22.36,22.67,22.67,22.56,22.56,22.86,22.86,17.11,17.11,16.60,16.60,17.02,17.02,16.87,16.87,17.27,17.27,4.22,4.21,4.20,4.19,4.18,4.17,4.16,4.15,4.14,4.13,5.91,5.92,5.93,5.93,5.94,5.95,5.95,5.96,5.97,5.97,234.53,0.00,0.00,1.00,0.00,0.00,0.00,-1.00,0,None,1,aggregation
160,141.54,remora0,remora1,23.66,23.66,24.21,24.21,24.94,24.94,25.42,25.42,26.17,26.67,18.37,18.37,19.11,19.11,20.14,20.14,20.82,20.82,21.90,22.64,4.13,4.12,4.11,4.11,4.10,4.09,4.09,4.08,4.08,4.08,5.98,5.99,5.99,6.00,6.01,6.01,6.02,6.03,6.04,6.05,230.53,0.00,0.00,1.00,0.00,0.00,0.00,-1.00,0,None,1,aggregation
160,142.54,remora0,remora1,26.67,26.67,27.19,27.19,27.70,27.70,27.81,27.81,28.24,28.24,22.64,22.64,23.40,23.40,24.19,24.19,24.37,24.37,25.06,25.06,4.07,4.07,4.07,4.07,4.06,4.06,4.06,4.06,4.06,4.07,6.06,6.07,6.07,6.08,6.09,6.11,6.12,6.13,6.14,6.15,230.64,0.00,0.00,1.00,0.00,0.00,0.00,-1.00,0,None,1,aggregation
160,143.54,remora0,remora1,29.08,29.08,29.22,29.22,29.34,29.34,29.74,29.74,30.03,30.03,26.50,26.50,26.77,26.77,26.99,26.99,27.84,27.84,28.60,28.60,4.07,4.07,4.07,4.08,4.08,4.09,4.10,4.11,4.12,4.13,6.16,6.17,6.18,6.19,6.21,6.22,6.23,6.25,6.26,6.27,234.61,0.00,0.00,1.00,0.00,0.00,0.00,-1.00,0,None,1,aggregation
160,144.54,remora0,remora1,30.17,30.17,30.17,30.17,30.11,30.11,29.93,29.93,29.66,29.66,29.20,29.20,29.65,29.65,29.85,29.85,30.06,30.06,30.17,30.17,4.14,4.15,4.16,4.18,4.19,4.21,4.20,4.20,4.20,4.19,6.29,6.30,6.32,6.34,6.35,6.37,6.38,6.39,6.41,6.42,240.29,0.00,0.00,1.00,0.00,0.00,0.00,-1.00,0,None,1,aggregation
160,145.54,remora0,remora1,29.53,29.53,29.12,29.12,28.98,28.98,28.50,28.50,28.41,28.41,30.18,30.18,30.16,30.16,30.13,30.13,29.99,29.99,29.96,29.96,4.19,4.19,4.19,4.19,4.19,4.19,4.20,4.20,4.20,4.21,6.43,6.45,6.46,6.47,6.49,6.50,6.52,6.53,6.55,6.56,245.37,0.00,0.00,1.00,0.00,0.00,0.00,-1.00,0,None,1,aggregation
160,146.54,remora0,remora1,28.11,28.11,28.07,28.07,28.06,28.06,28.01,28.01,27.75,27.75,29.85,29.85,29.83,29.83,29.83,29.83,29.81,29.81,29.70,29.70,4.22,4.22,4.23,4.24,4.25,4.26,4.27,4.29,4.30,4.31,6.58,6.60,6.62,6.64,6.66,6.68,6.70,6.72,6.74,6.76,250.15,0.00,0.00,1.00,0.00,0.00,0.00,-1.00,0,None,1,aggregation
160,147.54,remora0,remora1,27.71,27.71,27.48,27.48,27.68,27.68,27.16,27.16,26.90,26.90,29.68,29.68,29.58,29.58,29.67,29.67,29.42,29.42,29.29,29.29,4.33,4.35,4.36,4.38,4.40,4.42,4.44,4.46,4.48,4.51,6.78,6.80,6.82,6.85,6.87,6.89,6.91,6.93,6.95,6.98,255.17,0.00,0.00,1.00,0.00,0.00,0.00,-1.00,0,None,1,aggregation
160,148.54,remora0,remora1,27.02,27.02,26.30,26.30,26.30,26.30,25.88,25.88,26.01,26.01,29.35,29.35,28.97,28.97,28.96,28.96,28.72,28.72,28.80,28.80,4.53,4.56,4.58,4.61,4.63,4.66,4.69,4.72,4.75,4.78,7.00,7.02,7.05,7.07,7.09,7.11,7.13,7.16,7.18,7.20,261.21,0.00,0.00,1.00,0.00,0.00,0.00,-1.00,0,None,1,aggregation
160,149.54,remora0,remora1,25.10,25.10,25.79,25.79,26.23,26.23,26.43,26.43,26.84,26.84,28.26,28.26,28.68,28.68,28.92,28.92,29.04,29.04,29.25,29.25,4.81,4.84,4.86,4.89,4.90,4.92,4.94,4.98,5.01,5.04,7.22,7.24,7.27,7.29,7.31,7.33,7.35,6.93,6.96,6.97,268.31,0.00,0.00,1.00,0.00,0.00,0.00,-1.00,0,None,1,aggregation
160,150.54,remora0,remora1,27.12,27.12,27.31,27.31,27.49,27.49,27.74,27.74,0.00,0.00,29.40,29.40,29.49,29.49,29.58,29.58,29.70,29.70,0.00,0.00,5.06,5.08,5.10,5.12,5.14,5.17,5.19,5.22,5.24,5.24,6.99,7.01,7.03,7.05,7.07,7.08,7.10,7.12,7.13,7.14,271.29,0.00,0.00,1.00,0.00,0.00,0.00,-1.00,0,None,1,aggregation
160,151.54,remora0,remora1,30.00,30.00,30.00,30.00,30.00,30.00,30.00,30.00,30.00,30.00,30.00,30.00,30.00,30.00,30.00,30.00,30.00,30.00,30.00,30.00,5.25,5.28,5.31,5.34,5.37,5.40,5.43,5.46,5.49,5.51,7.15,7.16,7.18,7.20,7.22,7.23,7.25,6.72,6.73,6.75,278.75,0.00,0.00,1.00,0.00,0.00,0.00,-1.00,0,None,1,aggregation
160,152.54,remora0,remora1,30.00,30.00,30.00,30.00,30.00,30.00,30.00,30.00,30.00,30.00,30.00,30.00,30.00,30.00,30.00,30.00,30.00,30.00,30.00,30.00,5.54,5.57,5.60,5.63,5.65,5.68,5.71,5.74,5.78,5.81,6.76,6.77,6.79,6.80,6.02,6.03,6.04,6.06,6.07,6.09,283.03,0.00,0.00,1.00,0.00,0.00,0.00,-1.00,0,None,1,aggregation
160,153.54,remora0,remora1,30.00,30.00,30.00,30.00,30.00,30.00,30.00,30.00,30.00,30.00,30.00,30.00,30.00,30.00,30.00,30.00,30.00,30.00,30.00,30.00,5.85,5.89,5.92,5.92,5.91,5.90,5.89,5.88,5.87,5.86,6.10,6.12,6.14,6.15,6.16,6.17,6.19,6.20,6.22,6.23,284.62,0.00,0.00,1.00,0.00,0.00,0.00,-1.00,0,None,1,aggregation
160,154.54,remora0,remora1,30.00,30.00,30.00,30.00,30.00,30.00,30.00,30.00,30.00,30.00,30.00,30.00,30.00,30.00,30.00,30.00,30.00,30.00,30.00,30.00,5.85,5.84,5.83,5.82,5.81,5.80,5.79,5.78,5.77,5.76,6.25,6.26,6.27,6.29,6.30,6.32,6.33,6.35,6.36,6.37,284.72,0.00,0.00,1.00,0.00,0.00,0.00,-1.00,0,None,1,aggregation
160,155.54,remora0,remora1,30.00,30.00,30.00,30.00,30.00,30.00,30.00,30.00,30.00,30.00,30.00,30.00,30.00,30.00,30.00,30.00,30.00,30.00,30.00,30.00,5.76,5.75,5.74,5.74,5.73,5.72,5.72,5.71,5.71,5.70,6.39,6.40,6.42,6.43,6.44,6.46,6.47,6.49,6.50,6.51,285.22,0.00,0.00,1.00,0.00,0.00,0.00,-1.00,0,None,1,aggregation
160,156.54,remora0,remora1,30.00,30.00,30.00,30.00,30.00,30.00,30.00,30.00,30.00,30.00,30.00,30.00,30.00,30.00,30.00,30.00,30.00,30.00,30.00,30.00,5.70,5.69,5.69,5.68,5.68,5.67,5.67,5.67,5.66,5.66,6.53,6.54,6.56,6.57,6.58,6.60,6.61,6.62,6.64,6.65,286.32,0.00,0.00,1.00,0.00,0.00,0.00,-1.00,0,None,1,aggregation
160,157.54,remora0,remora1,30.00,30.00,30.00,30.00,30.00,30.00,30.00,30.00,30.00,30.00,30.00,30.00,30.00,30.00,30.00,30.00,30.00,30.00,30.00,30.00,5.66,5.66,5.65,5.65,5.65,5.65,5.65,5.65,5.65,5.65,6.67,6.68,6.69,6.71,6.72,6.74,6.75,6.77,6.79,6.80,287.87,0.00,0.00,1.00,0.00,0.00,0.00,-1.00,0,None,1,aggregation
160,158.54,remora0,remora1,30.00,30.00,30.00,30.00,30.00,30.00,30.00,30.00,30.00,30.00,30.00,30.00,30.00,30.00,30.00,30.00,30.00,30.00,30.00,30.00,5.65,5.65,5.65,5.65,5.65,5.65,5.65,5.65,5.65,5.65,6.81,6.83,6.84,6.85,6.87,6.88,6.89,6.91,6.92,6.93,290.24,0.00,0.00,1.00,0.00,0.00,0.00,-1.00,0,None,1,aggregation
160,159.54,remora0,remora1,30.00,30.00,30.00,30.00,30.00,30.00,30.00,30.00,30.00,30.00,30.00,30.00,30.00,30.00,30.00,30.00,30.00,30.00,30.00,30.00,5.65,5.65,5.66,5.66,5.66,5.66,5.66,5.67,5.67,5.67,6.95,6.96,6.97,6.98,7.00,7.01,7.02,7.04,7.05,7.06,292.78,0.00,0.00,1.00,0.00,0.00,0.00,-1.00,0,None,1,aggregation
160,160.54,remora0,remora1,30.00,30.00,30.00,30.00,30.00,30.00,30.00,30.00,30.00,30.00,30.00,30.00,30.00,30.00,30.00,30.00,30.00,30.00,30.00,30.00,5.67,5.68,5.68,5.68,5.69,5.69,5.69,5.70,5.70,5.71,7.08,7.09,7.10,7.12,7.13,7.14,7.16,7.17,7.19,7.20,300.00,0.00,0.00,1.00,0.00,0.00,0.00,-1.00,0,None,1,aggregation
160,161.54,remora0,remora1,30.00,30.00,30.00,30.00,30.00,30.00,30.00,30.00,30.00,30.00,30.00,30.00,30.00,30.00,30.00,30.00,30.00,30.00,30.00,30.00,5.71,5.71,5.72,5.72,5.73,5.73,5.74,5.74,5.75,5.75,7.22,7.24,7.25,7.27,7.29,7.30,7.32,7.34,7.36,7.38,300.00,0.00,0.00,1.00,0.00,0.00,0.00,-1.00,0,None,1,aggregation
160,162.54,remora0,remora1,30.00,30.00,30.00,30.00,30.00,30.00,30.00,30.00,30.00,30.00,30.00,30.00,30.00,30.00,30.00,30.00,30.00,30.00,30.00,30.00,5.76,5.76,5.77,6.56,6.57,6.57,6.58,6.58,6.59,6.60,7.40,7.41,7.43,8.02,8.04,8.07,8.09,8.12,8.15,8.18,300.00,0.00,0.00,1.00,0.00,0.00,0.00,-1.00,0,None,1,aggregation
160,196.54,remora0,remora1,0.00,0.00,0.00,0.00,0.00,0.00,0.00,0.00,0.00,0.00,0.00,0.00,0.00,0.00,0.00,0.00,0.00,0.00,0.00,0.00,1.58,1.58,1.58,1.58,1.58,1.58,1.58,1.58,1.58,1.58,5.27,5.27,5.27,5.27,5.27,5.27,5.27,5.27,5.27,5.27,0.00,0.00,1.00,0.00,0.00,0.00,0.00,-1.00,0,None,1,aggregation
160,197.54,remora0,remora1,0.00,0.00,0.00,0.00,0.00,0.00,0.00,0.00,0.00,0.00,0.00,0.00,0.00,0.00,0.00,0.00,0.00,0.00,0.00,0.00,1.58,1.58,1.58,1.58,1.58,1.58,1.58,1.58,1.58,1.58,5.27,5.27,5.27,5.27,5.27,5.27,5.27,5.27,5.27,5.27,0.00,0.00,1.00,0.00,0.00,0.00,0.00,-1.00,0,None,1,aggregation
160,198.54,remora0,remora1,0.00,0.00,0.00,0.00,0.00,0.00,0.00,0.00,0.00,0.00,0.00,0.00,0.00,0.00,0.00,0.00,0.00,0.00,0.00,0.00,1.58,1.58,1.58,1.58,1.58,1.58,1.58,1.58,1.58,1.58,5.27,5.27,5.27,5.27,5.27,5.27,5.27,5.27,5.27,5.27,0.00,0.00,1.00,0.00,0.00,0.00,0.00,-1.00,0,None,1,aggregation
160,199.54,remora0,remora1,0.00,0.00,0.00,0.00,0.00,0.00,0.00,0.00,0.00,0.00,0.00,0.00,0.00,0.00,0.00,0.00,0.00,0.00,0.00,0.00,1.58,1.58,1.58,1.58,1.58,1.58,1.58,1.58,1.58,1.58,5.27,5.27,5.27,5.27,5.27,5.27,5.27,5.27,5.27,5.27,0.00,0.00,1.00,0.00,0.00,0.00,0.00,-1.00,0,None,1,aggregation
160,200.54,remora0,remora1,0.00,0.00,0.00,0.00,0.00,0.00,0.00,0.00,0.00,0.00,0.00,0.00,0.00,0.00,0.00,0.00,0.00,0.00,0.00,0.00,1.58,1.58,1.58,1.58,1.58,1.58,1.58,1.58,1.58,1.58,5.27,5.27,5.27,5.27,5.27,5.27,6.45,6.44,6.43,6.42,0.00,0.00,1.00,0.00,0.00,0.00,0.00,-1.00,0,None,1,aggregation
160,201.54,remora0,remora1,0.00,0.00,0.00,0.00,0.00,0.00,0.00,0.00,0.00,0.00,0.00,0.00,0.00,0.00,0.00,0.00,0.00,0.00,0.00,0.00,1.58,1.58,1.58,1.58,1.58,1.58,1.58,1.58,1.58,1.58,6.42,6.41,6.40,6.40,6.39,6.38,6.37,6.37,6.36,6.35,0.00,0.00,1.00,0.00,0.00,0.00,0.00,-1.00,0,None,1,aggregation
160,202.54,remora0,remora1,0.00,0.00,-23.72,-23.72,-23.55,-23.55,-23.10,-22.58,-22.58,-22.58,0.00,0.00,-34.18,-34.18,-34.01,-34.01,-33.56,-33.05,-33.05,-33.05,1.58,1.58,1.60,1.65,1.71,1.76,1.81,1.87,1.92,1.97,6.34,6.34,6.33,6.33,6.33,6.33,6.33,6.33,6.32,6.32,22.72,0.00,1.00,0.00,0.00,0.00,0.00,-1.00,0,None,1,aggregation
160,203.54,remora0,remora1,-22.00,-22.00,-21.26,-21.26,-20.17,-20.17,-19.16,-19.16,-17.95,-17.95,-32.47,-32.47,-31.73,-31.73,-30.63,-30.63,-29.63,-29.63,-28.41,-28.41,2.02,2.07,2.12,2.17,2.21,2.26,2.30,2.35,2.39,2.43,6.32,6.32,6.32,6.32,6.32,6.32,6.32,6.33,6.33,6.33,48.06,0.00,1.00,1.00,0.00,0.00,0.00,-1.00,0,None,1,aggregation
160,204.54,remora0,remora1,-16.51,-16.51,-14.75,-14.75,-13.04,-13.04,-11.17,-11.17,-9.22,-9.22,-26.97,-26.97,-25.22,-25.22,-23.50,-23.50,-21.63,-21.63,-19.69,-19.69,2.47,2.51,2.54,2.58,2.61,2.64,2.67,2.70,2.73,2.75,7.06,7.05,7.04,7.03,7.03,7.02,7.01,7.00,6.99,6.99,66.23,0.00,1.00,1.00,0.00,0.00,0.00,-1.00,0,None,1,aggregation
160,205.54,remora0,remora1,-6.89,-6.89,-4.77,-4.77,-2.17,-2.17,0.46,0.46,3.37,3.37,-17.35,-17.35,-15.23,-15.23,-12.64,-12.64,-10.00,-10.00,-7.10,-7.10,2.78,2.80,2.82,2.83,2.85,2.87,2.88,2.89,2.90,2.91,6.98,6.97,6.96,6.96,6.95,6.94,6.94,6.93,6.92,6.92,73.47,0.00,1.00,1.00,0.00,0.00,0.00,-1.00,0,None,1,aggregation
160,206.54,remora0,remora1,6.38,6.38,8.81,8.81,11.57,11.57,14.31,14.31,16.67,16.67,-3.80,-3.80,-0.76,-0.76,2.71,2.71,6.17,6.17,9.17,9.17,2.91,2.92,2.93,2.93,2.93,2.93,2.94,2.94,2.94,2.94,6.91,6.91,6.91,6.90,6.90,6.90,6.90,6.90,6.90,6.90,80.59,0.00,1.00,1.00,0.00,0.00,0.00,-1.00,0,None,1,aggregation
160,207.54,remora0,remora1,19.35,19.35,22.17,22.17,24.49,24.49,26.44,27.81,27.81,27.81,12.63,12.63,16.35,16.35,19.51,19.51,22.30,24.37,24.37,24.37,2.94,2.94,2.94,2.94,2.95,2.95,2.95,2.96,2.97,2.98,6.90,6.90,6.91,6.91,6.91,6.92,6.93,6.93,6.94,6.95,102.30,0.00,1.00,1.00,0.00,0.00,0.00,-1.00,0,None,1,aggregation
160,208.54,remora0,remora1,29.04,29.04,29.65,29.65,30.07,30.07,30.18,30.18,30.07,30.07,26.43,26.43,27.65,27.65,28.74,28.74,29.51,29.51,29.91,29.91,2.99,3.00,3.01,3.03,3.05,3.07,3.09,3.11,3.13,3.16,6.95,6.96,6.97,6.98,6.99,7.00,7.01,7.03,7.04,7.05,131.43,0.00,0.00,1.00,0.00,0.00,0.00,-1.00,0,None,1,aggregation
160,209.54,remora0,remora1,29.82,29.82,29.51,29.51,28.98,28.98,28.58,28.58,28.14,28.14,30.12,30.12,30.18,30.18,30.13,30.13,30.02,30.02,29.86,29.86,3.19,3.22,3.25,3.28,3.31,3.34,3.38,3.41,3.45,3.49,7.06,7.07,7.09,7.10,7.11,7.13,7.14,7.15,7.17,7.18,160.97,0.00,0.00,1.00,0.00,0.00,0.00,-1.00,0,None,1,aggregation
160,210.54,remora0,remora1,27.80,27.80,27.46,27.46,27.19,27.19,26.81,26.81,26.59,26.59,29.72,29.72,29.57,29.57,29.43,29.43,29.24,29.24,29.12,29.12,3.52,3.56,3.60,3.64,3.68,3.73,3.77,3.81,3.85,3.90,7.20,7.21,7.23,7.24,7.26,7.27,7.29,7.30,7.32,7.33,189.26,0.00,0.00,1.00,0.00,0.00,0.00,-1.00,0,None,1,aggregation
160,211.54,remora0,remora1,26.51,26.51,26.38,26.38,26.27,26.27,26.27,26.16,25.97,25.97,29.08,29.08,29.01,29.01,28.95,28.95,28.95,28.89,28.78,28.78,3.94,3.98,4.03,4.07,4.12,4.16,4.21,4.25,4.29,4.34,7.35,7.36,7.38,7.40,7.41,7.43,7.45,6.83,6.84,6.86,216.87,0.00,0.00,1.00,0.00,0.00,0.00,-1.00,0,None,1,aggregation
160,212.54,remora0,remora1,25.95,25.95,26.42,26.42,26.78,26.78,27.14,27.14,27.36,27.36,28.77,28.77,29.03,29.03,29.23,29.23,29.41,29.41,29.52,29.52,4.35,4.36,4.37,4.37,4.39,4.43,4.45,4.46,4.47,4.48,6.86,6.87,6.88,6.88,6.89,6.91,6.92,6.92,6.93,6.94,222.10,0.00,0.00,1.00,0.00,0.00,0.00,-1.00,0,None,1,aggregation
160,213.54,remora0,remora1,27.58,27.58,28.01,28.01,28.16,28.16,28.29,28.29,28.49,28.49,29.62,29.62,29.81,29.81,29.87,29.87,29.92,29.92,29.99,29.99,4.49,4.49,4.51,4.55,4.57,4.58,4.58,4.59,4.61,4.64,6.95,6.96,6.97,6.98,6.99,7.00,7.01,7.02,7.03,7.05,225.74,0.00,0.00,1.00,0.00,0.00,0.00,-1.00,0,None,1,aggregation
160,214.54,remora0,remora1,28.66,28.66,28.75,28.75,28.91,28.91,28.98,28.98,29.09,29.09,30.05,30.05,30.07,30.07,30.11,30.11,30.13,30.13,30.15,30.15,4.66,4.67,4.68,4.69,4.71,4.74,4.76,4.77,4.78,4.79,7.06,7.07,7.08,7.09,7.11,7.12,7.14,7.15,7.16,7.17,237.06,0.00,0.00,1.00,0.00,0.00,0.00,-1.00,0,None,1,aggregation
160,215.54,remora0,remora1,29.22,29.22,29.22,29.31,29.31,29.31,29.42,29.42,29.44,29.44,30.17,30.17,30.17,30.18,30.18,30.18,30.18,30.18,30.19,30.19,4.81,4.83,4.85,4.87,4.89,4.90,4.92,4.93,4.95,4.96,7.19,7.20,7.22,7.23,7.25,7.26,7.27,7.29,7.30,7.32,259.58,0.00,0.00,1.00,0.00,0.00,0.00,-1.00,0,None,1,aggregation
160,216.54,remora0,remora1,29.45,29.45,29.55,29.55,29.54,29.54,29.58,29.58,29.58,29.58,30.19,30.19,30.18,30.18,30.18,30.18,30.18,30.18,30.18,30.18,4.98,5.00,5.02,5.04,5.06,5.08,5.10,5.11,5.13,5.14,7.34,7.35,7.37,7.38,7.40,7.42,7.44,7.45,7.47,7.48,282.32,0.00,0.00,1.00,0.00,0.00,0.00,-1.00,0,None,1,aggregation
160,217.54,remora0,remora1,29.65,29.65,29.73,29.73,29.73,29.80,29.80,29.80,29.87,29.87,30.17,30.17,30.15,30.15,30.15,30.13,30.13,30.13,30.10,30.10,5.16,5.17,5.19,5.21,5.23,5.25,5.27,5.29,5.32,5.34,7.50,7.52,7.54,6.73,6.75,6.76,6.78,6.79,6.81,6.83,290.56,0.00,0.00,1.00,0.00,0.00,0.00,-1.00,0,None,1,aggregation
160,218.54,remora0,remora1,29.92,29.92,29.92,29.92,29.98,29.98,30.02,30.02,30.06,30.06,30.06,30.06,30.06,30.06,30.02,30.02,29.98,29.98,29.92,29.92,5.36,5.37,5.39,5.40,5.42,5.44,5.47,5.49,5.51,5.52,6.84,6.86,6.87,6.89,6.90,6.92,6.94,6.96,6.97,6.99,291.43,0.00,0.00,1.00,0.00,0.00,0.00,-1.00,0,None,1,aggregation
160,219.54,remora0,remora1,30.08,30.08,30.10,30.10,30.11,30.11,30.13,30.13,30.15,30.15,29.90,29.90,29.87,29.87,29.83,29.83,29.80,29.80,29.73,29.73,5.54,5.57,5.59,5.62,5.64,5.65,5.67,5.69,5.70,5.73,7.01,7.03,7.05,7.07,7.09,7.10,7.12,7.14,7.16,7.18,291.86,0.00,0.00,1.00,0.00,0.00,0.00,-1.00,0,None,1,aggregation
160,220.54,remora0,remora1,30.15,30.15,30.16,-1.62,-1.62,-1.37,-1.37,-1.37,-0.93,-0.93,29.73,29.73,29.69,-17.31,-17.31,-17.07,-17.07,-17.07,-16.63,-16.63,5.75,5.78,5.80,5.83,5.83,5.83,5.82,5.81,5.80,5.80,5.80,5.82,5.84,5.86,5.86,5.85,5.84,5.84,5.83,5.83,278.96,0.00,0.00,1.00,0.00,0.00,0.00,-1.00,0,None,1,aggregation
160,221.54,remora0,remora1,-0.40,-0.40,0.22,0.22,27.03,27.03,1.18,1.18,1.64,2.47,-16.09,-16.09,-15.47,-15.47,29.35,29.35,-14.51,-14.51,-14.06,-13.22,5.80,5.80,5.79,5.78,5.79,5.81,5.82,5.82,5.81,5.81,5.82,5.82,5.82,5.81,5.81,5.82,5.83,5.83,5.82,5.82,262.66,0.00,0.00,1.00,1.00,0.00,1.00,-1.00,0,None,1,aggregation
160,222.54,remora0,remora1,2.47,3.36,3.36,3.36,21.12,21.12,20.66,20.66,4.44,4.95,-13.22,-12.33,-12.33,-12.33,25.64,25.64,25.31,25.31,-11.26,-10.75,5.81,5.81,5.81,5.81,5.82,5.82,5.82,5.81,5.81,5.81,5.82,5.82,5.82,5.82,5.83,5.83,5.84,5.84,5.85,5.85,246.48,0.00,0.00,1.00,1.00,0.00,1.00,-1.00,0,None,1,aggregation
160,223.54,remora0,remora1,4.95,4.95,5.94,6.96,6.96,7.92,7.92,12.12,12.12,12.12,-10.75,-10.75,-9.76,-8.74,-8.74,-7.64,-7.64,18.96,18.96,18.96,5.81,5.82,5.82,5.82,5.82,5.83,5.83,5.83,5.83,5.82,5.85,5.85,5.86,5.86,5.86,5.86,5.86,5.86,5.86,5.87,223.15,0.00,0.00,1.00,1.00,0.00,1.00,-1.00,0,None,1,aggregation
160,224.54,remora0,remora1,12.73,12.73,14.69,14.69,16.74,16.74,18.51,18.51,20.18,20.18,19.42,19.42,20.92,20.92,22.46,22.46,23.77,23.77,24.97,24.97,5.81,5.81,5.80,5.80,5.79,5.78,5.78,5.77,5.76,5.76,5.88,5.88,5.89,5.89,5.89,5.90,5.91,5.92,5.93,5.94,213.10,0.00,0.00,1.00,0.00,0.00,0.00,-1.00,0,None,1,aggregation
160,225.54,remora0,remora1,21.73,21.73,22.89,22.89,24.24,24.24,25.22,25.22,26.12,26.12,26.06,26.06,26.85,26.85,27.72,27.72,28.34,28.34,28.86,28.86,5.75,5.75,5.74,5.74,5.74,5.74,5.73,5.73,5.73,5.73,5.95,5.96,5.96,5.97,5.98,6.00,6.01,6.03,6.04,6.06,209.14,0.00,0.00,1.00,0.00,0.00,0.00,-1.00,0,None,1,aggregation
160,226.54,remora0,remora1,26.84,26.84,27.40,27.91,27.91,27.91,5.64,6.22,6.22,6.22,29.25,29.25,29.54,29.77,29.77,29.77,-10.06,-9.48,-9.48,-9.48,5.73,5.74,5.74,5.74,5.74,5.75,5.76,5.77,5.78,5.79,6.07,6.09,6.10,6.12,6.14,6.16,6.17,6.17,6.17,6.18,197.10,0.00,0.00,1.00,0.00,0.00,0.00,-1.00,0,None,1,aggregation
160,227.54,remora0,remora1,7.23,7.23,25.68,25.68,25.45,25.45,26.12,26.84,26.84,26.84,-8.47,-8.47,28.61,28.61,28.48,28.48,28.86,29.25,29.25,29.25,5.80,5.81,5.81,5.82,5.82,5.82,5.82,5.82,5.83,5.83,6.18,6.19,6.20,6.21,6.23,6.24,6.26,6.28,6.29,6.31,189.26,0.00,0.00,1.00,1.00,0.00,1.00,-1.00,0,None,1,aggregation
160,228.54,remora0,remora1,27.40,27.40,27.91,27.91,28.37,28.37,28.65,28.65,29.02,29.02,29.54,29.54,29.77,29.77,29.95,29.95,30.04,30.04,30.14,30.14,5.84,5.84,5.85,5.85,5.86,5.87,5.88,5.88,5.89,5.90,6.33,6.35,6.37,6.38,6.40,6.41,6.43,6.45,6.47,6.50,188.34,0.00,0.00,1.00,0.00,0.00,0.00,-1.00,0,None,1,aggregation
160,229.54,remora0,remora1,29.24,29.24,29.44,29.44,29.57,29.57,29.73,29.73,29.80,29.80,30.17,30.17,30.19,30.19,30.18,30.18,30.15,30.15,30.13,30.13,5.92,5.93,5.94,5.95,5.96,5.98,5.99,6.01,6.02,6.04,6.52,6.54,6.56,6.58,6.61,6.63,6.66,6.68,6.70,6.72,188.23,0.00,0.00,1.00,0.00,0.00,0.00,-1.00,0,None,1,aggregation
160,230.54,remora0,remora1,29.92,29.92,29.98,29.98,30.02,30.02,30.08,30.08,30.11,30.11,30.06,30.06,30.02,30.02,29.98,29.98,29.90,29.90,29.83,29.83,6.06,6.07,6.09,6.11,6.13,6.15,6.17,6.19,6.21,6.23,6.74,6.77,6.79,6.81,6.84,6.86,6.88,6.91,6.93,6.96,202.83,0.00,0.00,1.00,0.00,0.00,0.00,-1.00,0,None,1,aggregation
160,231.54,remora0,remora1,30.09,30.06,30.05,30.02,30.00,29.97,29.94,29.91,29.87,29.84,29.81,29.78,29.68,29.65,29.59,29.56,29.53,29.50,29.50,29.47,6.25,6.27,6.30,6.32,6.34,6.37,6.39,6.42,6.44,6.47,6.98,7.01,7.03,7.05,7.08,7.10,7.13,7.15,7.18,7.20,221.31,0.00,0.00,1.00,0.00,0.00,0.00,99.00,1,GradualMotor,1,aggregation
160,232.54,remora0,remora1,29.81,29.78,29.74,29.71,29.66,29.63,29.60,29.57,29.54,29.51,29.44,29.41,29.42,29.39,29.39,29.36,29.33,29.30,29.27,29.24,6.49,6.52,6.55,6.57,6.60,6.63,6.65,6.68,6.71,6.74,7.23,7.26,7.28,7.31,7.34,7.36,7.39,7.42,7.44,7.47,239.03,0.00,0.00,1.00,0.00,0.00,0.00,98.00,1,GradualMotor,1,aggregation
160,233.54,remora0,remora1,29.47,29.44,29.41,29.38,29.35,29.32,29.27,29.24,29.21,29.18,29.24,29.21,29.18,29.15,29.12,29.09,29.09,29.06,29.03,29.00,6.77,6.80,6.83,6.86,6.89,6.92,6.95,6.98,7.01,7.04,7.50,7.52,7.55,7.58,7.61,7.64,7.66,7.69,7.72,7.75,262.62,0.00,0.00,1.00,0.00,0.00,0.00,97.00,1,GradualMotor,1,aggregation
160,234.54,remora0,remora1,29.15,29.12,29.05,29.02,28.99,28.96,28.89,28.86,28.81,28.78,28.97,28.94,28.97,28.94,28.91,28.88,28.89,28.86,28.85,28.82,7.07,7.08,7.09,7.12,7.15,7.18,7.22,7.25,7.28,7.32,7.78,7.79,7.81,7.84,7.87,7.90,7.93,7.96,7.99,8.02,272.11,0.00,0.00,1.00,0.00,0.00,0.00,96.00,1,GradualMotor,1,aggregation
160,235.54,remora0,remora1,28.70,28.67,28.61,28.58,28.52,28.46,28.43,28.40,28.34,28.31,28.83,28.80,28.79,28.76,28.75,28.73,28.70,28.67,28.65,28.62,7.35,7.39,7.42,7.46,7.49,7.53,7.56,7.60,7.63,7.67,8.05,8.08,8.11,8.14,8.17,8.20,8.24,8.27,8.30,8.33,274.93,0.00,0.00,1.00,0.00,0.00,0.00,95.00,1,GradualMotor,1,aggregation
160,236.54,remora0,remora1,28.25,28.22,28.16,28.13,28.10,28.07,27.97,27.94,27.91,27.88,28.60,28.57,28.55,28.52,28.49,28.46,28.45,28.42,28.39,28.36,7.71,7.74,7.78,7.82,7.86,7.89,7.93,7.97,8.01,8.04,8.36,8.40,8.43,8.46,8.50,8.53,8.56,8.60,8.63,8.67,285.38,0.00,0.00,1.00,0.00,0.00,0.00,94.00,1,GradualMotor,1,aggregation
160,237.54,remora0,remora1,27.85,27.82,27.71,27.68,27.65,27.62,27.60,27.57,27.54,27.51,28.33,28.30,28.28,28.25,28.22,28.19,28.16,28.13,28.10,28.07,8.08,8.12,8.16,8.20,8.24,8.28,8.32,8.36,8.40,8.44,8.70,8.73,8.77,8.80,8.84,8.87,8.91,8.95,8.98,9.02,291.20,0.00,0.00,1.00,0.00,0.00,0.00,93.00,1,GradualMotor,1,aggregation
160,238.54,remora0,remora1,27.44,27.41,27.38,27.35,27.28,27.25,27.22,27.19,27.16,27.13,28.04,28.01,27.98,27.95,27.92,27.89,27.86,27.83,27.80,27.77,8.48,8.52,8.56,8.60,8.64,8.68,8.72,8.76,8.80,8.85,9.05,9.09,9.13,9.16,9.20,9.24,9.27,9.31,9.35,9.38,289.72,0.00,0.00,1.00,0.00,0.00,0.00,92.00,1,GradualMotor,1,aggregation
160,239.54,remora0,remora1,27.10,27.07,27.04,27.01,26.98,26.95,26.92,26.89,26.87,26.84,27.74,27.71,27.68,27.65,27.62,27.59,27.56,27.53,27.50,27.47,8.89,8.93,8.97,9.01,9.06,9.10,9.14,9.18,9.23,9.27,9.42,9.46,8.97,9.01,9.06,9.10,9.14,9.18,9.23,9.27,287.15,0.00,0.00,1.00,0.00,0.00,0.00,91.00,1,GradualMotor,1,aggregation
160,240.54,remora0,remora1,26.81,26.78,26.75,26.72,26.69,26.66,26.63,26.60,26.57,26.54,27.44,27.41,27.38,27.35,27.32,27.29,27.26,27.23,27.20,27.17,9.31,9.36,9.40,9.44,9.49,9.53,9.57,9.62,9.66,9.71,9.31,9.36,9.40,9.44,9.49,9.53,9.57,9.62,9.66,9.71,284.14,0.00,0.00,1.00,0.00,0.00,0.00,90.00,1,GradualMotor,1,aggregation
160,241.54,remora0,remora1,6.08,6.08,6.56,7.20,7.19,7.19,7.58,7.94,7.93,7.92,-8.03,-8.02,-7.52,-6.53,-6.52,-6.51,-5.30,-4.17,-4.16,-4.16,9.74,9.77,9.80,9.82,9.85,9.88,9.91,9.93,9.96,9.99,9.74,9.77,9.80,9.82,9.85,9.88,9.91,9.93,9.96,9.99,255.38,0.00,0.00,1.00,0.00,0.00,0.00,89.00,1,GradualMotor,1,aggregation
160,242.54,remora0,remora1,21.43,21.41,21.15,21.13,21.45,21.43,21.74,21.71,22.01,22.30,24.58,24.55,24.37,24.34,24.54,24.51,24.69,24.67,24.84,25.00,10.00,10.00,10.00,10.00,10.00,10.00,10.00,10.00,10.00,10.00,10.00,10.00,10.00,10.00,10.00,10.00,10.00,10.00,10.00,10.00,248.96,0.00,0.00,1.00,1.00,0.00,1.00,88.00,1,GradualMotor,1,aggregation
160,243.54,remora0,remora1,22.27,22.25,22.52,22.79,22.76,22.74,22.90,22.87,23.20,23.18,24.97,24.94,25.09,25.23,25.20,25.17,25.25,25.22,25.39,25.36,10.00,10.00,10.00,10.00,10.00,10.00,10.00,10.00,10.00,10.00,10.00,10.00,10.00,10.00,10.00,10.00,10.00,10.00,10.00,10.00,243.71,0.00,0.00,1.00,0.00,0.00,0.00,87.00,1,GradualMotor,1,aggregation
160,244.54,remora0,remora1,23.32,23.30,23.44,23.41,23.54,23.52,23.72,23.92,23.89,23.86,25.42,25.39,25.45,25.42,25.47,25.44,25.53,25.60,25.57,25.54,10.00,10.00,10.00,10.00,10.00,10.00,10.00,10.00,10.00,10.00,10.00,10.00,10.00,10.00,10.00,10.00,10.00,10.00,10.00,10.00,239.31,0.00,0.00,1.00,0.00,0.00,0.00,86.00,1,GradualMotor,1,aggregation
160,245.54,remora0,remora1,23.97,23.95,24.06,24.03,24.13,24.10,24.14,24.11,24.20,24.18,25.57,25.54,25.57,25.54,25.56,25.53,25.53,25.50,25.51,25.48,10.00,10.00,10.00,10.00,10.00,10.00,10.00,10.00,10.00,10.00,10.00,10.00,10.00,10.00,10.00,10.00,10.00,10.00,10.00,10.00,235.50,0.00,0.00,1.00,0.00,0.00,0.00,85.00,1,GradualMotor,1,aggregation
160,246.54,remora0,remora1,24.27,24.24,24.27,24.35,24.32,24.29,24.31,24.29,24.36,24.33,25.49,25.46,25.45,25.45,25.42,25.39,25.37,25.34,25.34,25.31,10.00,10.00,10.00,10.00,10.00,10.00,10.00,10.00,10.00,10.00,10.00,10.00,10.00,10.00,10.00,10.00,10.00,10.00,10.00,10.00,232.08,0.00,0.00,1.00,0.00,0.00,0.00,84.00,1,GradualMotor,1,aggregation
160,247.54,remora0,remora1,24.35,24.32,24.34,24.31,24.38,24.35,24.32,24.29,24.35,24.32,25.29,25.26,25.24,25.21,25.19,25.16,25.13,25.10,25.08,25.05,10.00,10.00,10.00,10.00,10.00,10.00,10.00,10.00,10.00,10.00,10.00,10.00,10.00,10.00,10.00,10.00,10.00,10.00,10.00,10.00,228.90,0.00,0.00,1.00,0.00,0.00,0.00,83.00,1,GradualMotor,1,aggregation
160,248.54,remora0,remora1,24.29,24.26,24.31,24.28,24.25,24.22,24.27,24.24,24.21,24.18,25.02,24.99,24.96,24.93,24.90,24.87,24.84,24.81,24.78,24.75,10.00,10.00,10.00,10.00,10.00,10.00,10.00,10.00,10.00,10.00,10.00,10.00,10.00,10.00,10.00,10.00,10.00,10.00,10.00,10.00,225.88,0.00,0.00,1.00,0.00,0.00,0.00,82.00,1,GradualMotor,1,aggregation
160,249.54,remora0,remora1,24.22,24.19,24.16,24.13,24.14,24.11,24.11,24.08,24.05,24.02,24.72,24.69,24.66,24.63,24.59,24.56,24.53,24.50,24.47,24.44,10.00,10.00,10.00,10.00,10.00,10.00,10.00,10.00,10.00,10.00,10.00,10.00,10.00,10.00,10.00,10.00,10.00,10.00,10.00,10.00,222.94,0.00,0.00,1.00,0.00,0.00,0.00,81.00,1,GradualMotor,1,aggregation
160,250.54,remora0,remora1,24.02,24.00,24.00,23.97,23.94,23.91,23.91,23.88,23.85,23.82,24.40,24.37,24.33,24.30,24.27,24.24,24.20,24.17,24.14,24.11,10.00,10.00,10.00,10.00,10.00,10.00,10.00,10.00,10.00,10.00,10.00,10.00,10.00,10.00,10.00,10.00,10.00,10.00,10.00,10.00,220.04,0.00,0.00,1.00,0.00,0.00,0.00,80.00,1,GradualMotor,1,aggregation
160,251.54,remora0,remora1,23.81,23.78,23.78,23.75,23.72,23.69,23.66,23.63,23.60,23.57,24.07,24.04,24.00,23.97,23.94,23.91,23.88,23.85,23.82,23.79,10.00,10.00,10.00,10.00,10.00,10.00,9.34,9.30,9.27,9.24,10.00,10.00,10.00,10.00,10.00,10.00,9.34,9.30,9.27,9.24,242.84,0.00,0.00,1.00,0.00,0.00,0.00,79.00,1,GradualMotor,1,aggregation
160,252.54,remora0,remora1,23.54,23.51,23.53,23.50,23.47,23.44,23.41,23.38,23.35,23.32,23.76,23.73,23.68,23.65,23.62,23.59,23.56,23.53,23.50,23.47,9.20,9.17,9.14,9.11,9.07,9.04,9.01,8.98,8.95,8.92,9.20,9.17,9.14,9.11,9.07,9.04,9.01,8.98,8.95,8.92,243.27,0.00,0.00,1.00,0.00,0.00,0.00,78.00,1,GradualMotor,1,aggregation
160,253.54,remora0,remora1,23.29,23.26,23.25,23.22,23.19,23.16,23.13,23.10,23.07,23.04,23.44,23.41,23.36,23.33,23.30,23.27,23.24,23.21,23.18,23.15,8.88,8.85,8.82,8.79,8.76,8.73,8.70,8.67,8.64,8.61,8.88,8.85,8.82,8.79,8.76,8.73,8.70,8.67,8.64,8.61,242.53,0.00,0.00,1.00,0.00,0.00,0.00,77.00,1,GradualMotor,1,aggregation
160,254.54,remora0,remora1,23.01,22.98,22.97,22.94,22.93,22.90,22.87,22.84,22.81,22.78,23.12,23.09,23.05,23.02,22.97,22.94,22.91,22.88,22.85,22.82,8.58,8.55,8.52,8.49,8.46,8.43,8.41,8.38,8.35,8.32,8.58,8.55,8.52,8.49,8.46,8.43,8.41,8.38,8.35,8.32,240.93,0.00,0.00,1.00,0.00,0.00,0.00,76.00,1,GradualMotor,1,aggregation
160,255.54,remora0,remora1,22.75,22.72,22.69,22.66,22.63,22.60,22.57,22.54,22.51,22.48,22.79,22.76,22.73,22.70,22.67,22.64,22.61,22.58,22.55,22.52,8.29,8.27,8.24,8.21,8.18,8.16,8.13,8.10,8.08,8.05,8.29,8.27,8.24,8.21,8.18,8.16,8.13,8.10,8.08,8.05,238.76,0.00,0.00,1.00,0.00,0.00,0.00,75.00,1,GradualMotor,1,aggregation
160,256.54,remora0,remora1,22.45,22.42,22.41,22.38,22.35,22.32,22.29,22.26,22.23,22.20,22.49,22.46,22.41,22.38,22.35,22.32,22.29,22.26,22.23,22.20,8.03,8.00,7.97,7.95,7.92,7.90,7.87,7.85,7.83,7.80,8.03,8.00,7.97,7.95,7.92,7.90,7.87,7.85,7.83,7.80,236.24,0.00,0.00,1.00,0.00,0.00,0.00,74.00,1,GradualMotor,1,aggregation
160,257.54,remora0,remora1,22.17,22.14,22.11,22.08,22.05,22.02,21.99,21.96,21.93,21.90,22.17,22.14,22.11,22.08,22.05,22.02,21.99,21.96,21.93,21.90,7.78,7.75,7.73,7.71,7.68,7.66,7.64,7.62,7.59,7.57,7.78,7.75,7.73,7.71,7.68,7.66,7.64,7.62,7.59,7.57,233.53,0.00,0.00,1.00,0.00,0.00,0.00,73.00,1,GradualMotor,1,aggregation
160,258.54,remora0,remora1,21.87,21.84,21.81,21.80,21.77,21.74,21.69,21.66,21.63,21.60,21.87,21.84,21.81,21.76,21.73,21.70,21.69,21.66,21.63,21.60,7.55,7.53,7.51,7.49,7.46,7.44,7.42,7.40,7.38,7.36,7.55,7.53,7.51,7.49,7.46,7.44,7.42,7.40,7.38,7.36,230.69,0.00,0.00,1.00,0.00,0.00,0.00,72.00,1,GradualMotor,1,aggregation
160,259.54,remora0,remora1,21.57,21.54,21.51,21.48,21.45,21.42,21.39,21.36,21.33,21.30,21.57,21.54,21.51,21.48,21.45,21.42,21.39,21.36,21.33,21.30,7.34,7.32,7.31,7.29,7.27,7.25,7.23,7.21,7.20,7.18,7.34,7.32,7.31,7.29,7.27,7.25,7.23,7.21,7.20,7.18,227.78,0.00,0.00,1.00,0.00,0.00,0.00,71.00,1,GradualMotor,1,aggregation
160,260.54,remora0,remora1,21.27,21.24,21.21,21.18,21.15,21.12,21.11,21.08,21.05,21.02,21.27,21.24,21.21,21.18,21.15,21.12,21.07,21.04,21.01,20.98,7.16,7.14,7.13,7.11,7.10,7.08,7.06,7.05,7.03,7.02,7.16,7.14,7.13,7.11,7.10,7.08,7.06,7.05,7.03,7.02,224.82,0.00,0.00,1.00,0.00,0.00,0.00,70.00,1,GradualMotor,1,aggregation
160,261.54,remora0,remora1,20.99,20.96,20.93,20.90,20.85,20.82,20.79,20.76,20.73,20.70,20.95,20.92,20.89,20.86,20.85,20.82,20.79,20.76,20.73,20.70,7.00,6.99,6.98,6.96,6.95,6.94,6.92,6.91,6.90,6.88,7.00,6.99,6.98,6.96,6.95,6.94,6.92,6.91,6.90,6.88,221.85,0.00,0.00,1.00,0.00,0.00,0.00,69.00,1,GradualMotor,1,aggregation
160,262.54,remora0,remora1,20.67,20.64,20.61,20.58,20.55,20.52,20.51,20.48,20.45,20.42,20.67,20.64,20.61,20.58,20.55,20.52,20.48,20.45,20.42,20.39,6.87,6.86,6.85,6.84,6.83,6.82,6.81,6.80,6.79,6.78,6.87,6.86,6.85,6.84,6.83,6.82,6.81,6.80,6.79,6.78,218.86,0.00,0.00,1.00,0.00,0.00,0.00,68.00,1,GradualMotor,1,aggregation
160,263.54,remora0,remora1,20.37,20.34,20.31,20.28,20.25,20.22,20.21,20.18,20.15,20.12,20.37,20.34,20.31,20.28,20.25,20.22,20.18,20.15,20.12,20.09,6.77,6.76,6.75,6.74,6.73,6.73,6.72,6.71,6.70,6.70,6.77,6.76,6.75,6.74,6.73,6.73,6.72,6.71,6.70,6.70,215.86,0.00,0.00,1.00,0.00,0.00,0.00,67.00,1,GradualMotor,1,aggregation
160,264.54,remora0,remora1,20.07,20.04,20.01,19.98,19.95,19.92,19.91,19.88,19.85,19.82,20.07,20.04,20.01,19.98,19.95,19.92,19.88,19.85,19.82,19.79,6.69,6.69,6.68,6.67,6.67,6.66,6.66,6.65,6.65,6.65,6.69,6.69,6.68,6.67,6.67,6.66,6.66,6.65,6.65,6.65,212.86,0.00,0.00,1.00,0.00,0.00,0.00,66.00,1,GradualMotor,1,aggregation
160,265.54,remora0,remora1,19.79,19.76,19.71,19.68,19.65,19.62,19.59,19.56,19.53,19.50,19.76,19.73,19.71,19.68,19.65,19.62,19.59,19.56,19.53,19.50,6.64,6.64,6.64,6.63,6.63,6.63,6.63,6.63,6.63,6.62,6.64,6.64,6.64,6.63,6.63,6.63,6.63,6.63,6.63,6.62,209.86,0.00,0.00,1.00,0.00,0.00,0.00,65.00,1,GradualMotor,1,aggregation
160,266.54,remora0,remora1,4.53,4.52,4.77,4.77,5.12,5.12,18.66,18.63,18.49,18.46,-5.66,-5.65,-5.38,-5.38,-4.88,-4.87,19.38,19.35,19.29,19.26,6.62,6.61,6.60,6.58,6.57,6.56,6.56,6.55,6.55,6.55,6.62,6.61,6.60,6.58,6.57,6.56,6.56,6.55,6.55,6.55,195.30,0.00,0.00,1.00,1.00,0.00,1.00,64.00,1,GradualMotor,1,aggregation
160,267.54,remora0,remora1,18.51,18.48,18.45,18.42,18.43,18.40,18.41,18.38,18.39,18.36,19.25,19.22,19.19,19.16,19.14,19.11,19.09,19.06,19.03,19.00,6.55,6.55,6.55,6.54,6.54,6.54,6.54,6.54,6.55,6.55,6.55,6.55,6.55,6.54,6.54,6.54,6.54,6.54,6.55,6.55,192.04,0.00,0.00,1.00,0.00,0.00,0.00,63.00,1,GradualMotor,1,aggregation
160,268.54,remora0,remora1,18.39,18.37,18.34,18.34,18.31,18.31,18.28,18.25,18.25,18.23,18.98,18.95,18.92,18.89,18.86,18.83,18.80,18.77,18.75,18.72,6.55,6.55,6.55,6.55,6.56,6.56,6.56,6.57,6.57,6.58,6.55,6.55,6.55,6.55,6.56,6.56,6.56,6.57,6.57,6.58,188.88,0.00,0.00,1.00,0.00,0.00,0.00,62.00,1,GradualMotor,1,aggregation
160,269.54,remora0,remora1,18.20,18.17,18.14,18.11,18.14,18.11,18.08,18.05,18.04,18.02,18.69,18.66,18.62,18.59,18.56,18.53,18.50,18.47,18.44,18.41,6.59,6.60,6.60,6.61,6.62,6.63,6.63,6.64,6.65,6.65,6.59,6.60,6.60,6.61,6.62,6.63,6.63,6.64,6.65,6.65,185.77,0.00,0.00,1.00,0.00,0.00,0.00,61.00,1,GradualMotor,1,aggregation
160,270.54,remora0,remora1,17.99,17.96,17.95,17.92,17.92,17.89,17.86,17.83,17.80,17.77,18.38,18.35,18.32,18.29,18.26,18.23,18.20,18.17,18.14,18.11,6.66,6.66,6.67,6.68,6.68,6.69,6.69,6.69,6.70,6.70,6.66,6.66,6.67,6.68,6.68,6.69,6.69,6.69,6.70,6.70,182.70,0.00,0.00,1.00,0.00,0.00,0.00,60.00,1,GradualMotor,1,aggregation
160,271.54,remora0,remora1,17.76,17.76,17.73,17.70,17.67,17.64,17.63,17.60,17.57,17.54,18.07,18.04,18.01,17.98,17.95,17.92,17.88,17.85,17.82,17.79,6.71,6.71,6.71,6.72,6.72,6.72,6.72,6.73,6.73,6.73,6.71,6.71,6.71,6.72,6.72,6.72,6.72,6.73,6.73,6.73,179.66,0.00,0.00,1.00,0.00,0.00,0.00,59.00,1,GradualMotor,1,aggregation
160,272.54,remora0,remora1,17.51,17.48,17.45,17.42,17.39,17.36,17.36,17.33,17.32,17.29,17.76,17.73,17.70,17.67,17.64,17.61,17.57,17.54,17.50,17.47,6.73,6.73,6.73,6.73,6.73,6.73,6.73,6.73,6.73,6.73,6.73,6.73,6.73,6.73,6.73,6.73,6.73,6.73,6.73,6.73,176.63,0.00,0.00,1.00,0.00,0.00,0.00,58.00,1,GradualMotor,1,aggregation
160,273.54,remora0,remora1,17.26,17.23,17.20,17.17,17.14,17.11,17.10,17.07,17.04,17.01,17.44,17.41,17.38,17.35,17.32,17.29,17.26,17.23,17.20,17.17,6.73,6.73,6.73,6.73,6.73,6.73,6.73,6.72,6.72,6.72,6.73,6.73,6.73,6.73,6.73,6.73,6.73,6.72,6.72,6.72,173.61,0.00,0.00,1.00,0.00,0.00,0.00,57.00,1,GradualMotor,1,aggregation
160,274.54,remora0,remora1,16.98,16.95,16.92,16.89,16.86,16.83,16.80,16.79,16.76,16.73,17.14,17.11,17.08,17.04,17.01,16.98,16.95,16.92,16.89,16.86,6.72,6.72,6.71,6.71,6.71,6.71,6.70,6.70,6.70,6.69,6.72,6.72,6.71,6.71,6.71,6.71,6.70,6.70,6.70,6.69,170.60,0.00,0.00,1.00,0.00,0.00,0.00,56.00,1,GradualMotor,1,aggregation
160,275.54,remora0,remora1,16.70,16.67,16.64,16.62,16.59,16.56,16.53,16.50,16.47,16.44,16.83,16.80,16.77,16.73,16.70,16.67,16.64,16.61,16.58,16.55,6.69,6.69,6.68,6.68,6.67,6.67,6.67,6.66,6.66,6.65,6.69,6.69,6.68,6.68,6.67,6.67,6.67,6.66,6.66,6.65,167.59,0.00,0.00,1.00,0.00,0.00,0.00,55.00,1,GradualMotor,1,aggregation
160,276.54,remora0,remora1,16.41,16.38,16.35,16.32,16.31,16.28,16.25,16.22,16.19,16.16,16.52,16.49,16.46,16.43,16.39,16.36,16.33,16.29,16.26,16.23,6.65,6.65,6.64,6.64,6.63,6.63,6.62,6.62,6.61,6.61,6.65,6.65,6.64,6.64,6.63,6.63,6.62,6.62,6.61,6.61,176.14,0.00,0.00,1.00,0.00,0.00,0.00,54.00,1,GradualMotor,1,aggregation
160,277.54,remora0,remora1,16.13,16.10,16.07,16.04,16.01,15.98,15.95,15.92,15.89,15.86,16.20,16.17,16.14,16.11,16.08,16.05,16.02,15.99,15.96,15.93,6.60,6.60,6.59,6.59,6.58,6.58,6.57,6.57,6.56,6.56,6.60,6.60,6.59,6.59,6.58,6.58,6.57,6.57,6.56,6.56,173.40,0.00,0.00,1.00,0.00,0.00,0.00,53.00,1,GradualMotor,1,aggregation
160,278.54,remora0,remora1,15.83,15.80,15.77,15.74,15.71,15.68,15.66,15.63,15.60,15.57,15.90,15.87,15.84,15.81,15.78,15.75,15.71,15.68,15.65,15.62,6.55,6.55,6.54,6.54,6.53,6.53,6.52,6.52,6.51,6.50,6.55,6.55,6.54,6.54,6.53,6.53,6.52,6.52,6.51,6.50,170.56,0.00,0.00,1.00,0.00,0.00,0.00,52.00,1,GradualMotor,1,aggregation
160,279.54,remora0,remora1,15.54,15.51,15.49,15.46,15.43,15.40,15.37,15.34,15.31,15.28,15.59,15.56,15.53,15.50,15.47,15.44,15.41,15.38,15.35,15.32,6.50,6.49,6.49,6.48,6.48,6.47,6.47,6.46,6.45,6.45,6.50,6.49,6.49,6.48,6.48,6.47,6.47,6.46,6.45,6.45,167.66,0.00,0.00,1.00,0.00,0.00,0.00,51.00,1,GradualMotor,1,aggregation
160,280.54,remora0,remora1,15.25,15.22,15.19,15.16,15.13,15.10,15.07,15.04,15.01,14.98,15.29,15.26,15.23,15.20,15.17,15.14,15.11,15.08,15.05,15.02,6.44,6.44,6.43,6.42,6.42,6.41,6.41,6.40,6.40,6.39,6.44,6.44,6.43,6.42,6.42,6.41,6.41,6.40,6.40,6.39,164.73,0.00,0.00,1.00,0.00,0.00,0.00,50.00,1,GradualMotor,1,aggregation
160,281.54,remora0,remora1,14.95,14.92,14.89,14.86,14.83,14.80,14.77,14.74,14.71,14.69,14.99,14.96,14.93,14.90,14.87,14.84,14.81,14.78,14.75,14.71,6.38,6.38,6.37,6.37,6.36,6.35,6.35,6.34,6.34,6.33,6.38,6.38,6.37,6.37,6.36,6.35,6.35,6.34,6.34,6.33,161.77,0.00,0.00,1.00,0.00,0.00,0.00,49.00,1,GradualMotor,1,aggregation
160,282.54,remora0,remora1,14.66,-8.71,-8.69,-8.67,-8.65,-8.64,14.57,14.54,-8.56,-8.54,14.68,-1.05,-1.05,-1.05,-1.04,-1.04,14.32,14.29,-1.01,-1.01,6.33,6.32,6.30,6.28,6.25,6.23,6.21,6.21,6.19,6.17,6.33,6.32,6.30,6.28,6.25,6.23,6.21,6.21,6.19,6.17,152.01,0.00,0.00,1.00,0.00,0.00,0.00,48.00,1,GradualMotor,1,aggregation
160,283.54,remora0,remora1,-8.51,-8.45,-8.43,-8.41,14.25,14.22,-8.29,-8.27,-8.22,-8.20,-0.99,-0.94,-0.94,-0.94,13.54,13.51,-0.87,-0.86,-0.83,-0.82,6.14,6.12,6.09,6.07,6.06,6.08,6.08,6.07,6.07,6.07,6.14,6.12,6.09,6.07,6.06,6.08,6.08,6.07,6.07,6.07,141.26,0.00,0.00,1.00,0.00,0.00,0.00,47.00,1,GradualMotor,1,aggregation
160,284.54,remora0,remora1,-8.12,-8.02,-8.00,-7.99,13.42,-7.83,-7.82,-7.80,-7.72,-7.70,-0.75,-0.67,-0.67,-0.67,12.15,-0.55,-0.55,-0.55,-0.48,-0.48,6.06,6.06,6.05,6.05,6.05,6.06,6.06,6.06,6.06,6.05,6.06,6.06,6.05,6.05,6.05,6.06,6.06,6.06,6.06,6.05,129.44,0.00,0.00,1.00,0.00,0.00,0.00,46.00,1,GradualMotor,1,aggregation
160,285.54,remora0,remora1,12.84,12.81,-7.52,-7.51,-7.43,-7.41,-7.28,-7.26,11.85,11.82,11.30,11.27,-0.35,-0.35,-0.28,-0.28,-0.17,-0.17,9.94,9.91,6.06,6.07,6.07,6.07,6.06,6.06,6.06,6.05,6.05,6.06,6.06,6.07,6.07,6.07,6.06,6.06,6.06,6.05,6.05,6.06,119.70,0.00,0.00,1.00,0.00,0.00,0.00,45.00,1,GradualMotor,1,aggregation
160,286.54,remora0,remora1,-7.05,-7.04,-6.95,-6.94,11.11,11.09,-6.72,-6.70,-6.62,-6.61,0.00,0.00,0.07,0.07,8.98,8.96,0.24,0.24,0.30,0.30,6.07,6.06,6.06,6.06,6.06,6.07,6.07,6.07,6.06,6.06,6.07,6.06,6.06,6.06,6.06,6.07,6.07,6.07,6.06,6.06,108.05,0.00,0.00,1.00,0.00,0.00,0.00,44.00,1,GradualMotor,1,aggregation
160,287.54,remora0,remora1,-6.45,-6.44,9.93,9.91,-6.20,-6.12,-6.10,-5.94,-5.92,-5.91,0.44,0.44,7.47,7.46,0.63,0.69,0.69,0.84,0.84,0.84,6.06,6.06,6.06,6.06,6.06,6.06,6.06,6.06,6.06,6.05,6.06,6.06,6.06,6.06,6.06,6.06,6.06,6.06,6.06,6.05,95.94,0.00,0.00,1.00,0.00,0.00,0.00,43.00,1,GradualMotor,1,aggregation
160,288.54,remora0,remora1,8.72,8.70,8.55,8.53,-5.70,-5.61,-5.60,-5.43,-5.42,-5.40,5.97,5.95,5.77,5.76,0.97,1.04,1.04,1.20,1.19,1.19,6.06,6.06,6.06,6.07,6.07,6.07,6.07,6.07,6.06,6.06,6.06,6.06,6.06,6.07,6.07,6.07,6.07,6.07,6.06,6.06,84.43,0.00,0.00,1.00,0.00,0.00,0.00,42.00,1,GradualMotor,1,aggregation
160,289.54,remora0,remora1,-5.23,-5.05,-5.04,-5.03,6.59,6.57,6.56,6.54,-4.86,-4.85,1.35,1.51,1.50,1.50,3.38,3.37,3.37,3.36,1.59,1.59,6.06,6.06,6.06,6.06,6.06,6.06,6.06,6.07,6.07,6.07,6.06,6.06,6.06,6.06,6.06,6.06,6.06,6.07,6.07,6.07,72.03,0.00,0.00,1.00,0.00,0.00,0.00,41.00,1,GradualMotor,1,aggregation
160,290.54,remora0,remora1,-4.77,-4.60,-4.59,-4.58,-4.40,-4.39,5.14,5.13,5.11,5.10,1.65,1.80,1.80,1.80,1.95,1.95,1.69,1.68,1.68,1.68,6.06,6.06,6.06,6.06,6.06,6.06,6.06,6.06,6.06,6.06,6.06,6.06,6.06,6.06,6.06,6.06,6.06,6.06,6.06,6.06,59.08,0.00,0.00,1.00,0.00,0.00,0.00,40.00,1,GradualMotor,1,aggregation
160,291.54,remora0,remora1,-4.24,-4.16,-4.15,-4.14,-3.97,-3.96,4.16,4.15,4.14,4.13,2.02,2.09,2.08,2.08,2.23,2.22,0.58,0.58,0.58,0.57,6.06,6.06,6.06,6.06,6.06,6.06,6.06,6.06,6.06,6.06,6.06,6.06,6.06,6.06,6.06,6.06,6.06,6.06,6.06,6.06,45.78,0.00,0.00,1.00,0.00,0.00,0.00,39.00,1,GradualMotor,1,aggregation
160,292.54,remora0,remora1,-3.83,-3.82,-3.74,-3.73,3.73,3.72,3.64,-3.62,-3.61,-3.60,2.28,2.27,2.33,2.33,0.13,0.13,0.04,2.38,2.37,2.37,6.06,6.06,6.06,6.06,6.06,6.06,6.06,6.06,6.06,6.06,6.06,6.06,6.06,6.06,6.06,6.06,6.06,6.06,6.06,6.06,39.09,0.00,0.00,0.00,0.00,0.00,0.00,38.00,1,GradualMotor,1,aggregation
160,293.54,remora0,remora1,3.67,3.66,3.65,3.64,-3.56,-3.49,-3.48,-3.47,3.25,3.24,0.12,0.12,0.12,0.12,2.33,2.38,2.38,2.37,-0.31,-0.30,6.06,6.07,6.07,6.07,6.07,6.07,6.07,6.07,6.07,6.07,6.06,6.07,6.07,6.07,6.07,6.07,6.07,6.07,6.07,6.07,33.89,0.00,0.00,0.00,0.00,0.00,0.00,37.00,1,GradualMotor,1,aggregation
160,294.54,remora0,remora1,3.23,-3.38,-3.37,-3.36,-3.28,-3.27,2.91,2.90,2.90,2.89,-0.30,2.40,2.39,2.39,2.45,2.44,-0.63,-0.63,-0.63,-0.63,6.07,6.07,6.07,6.07,6.07,6.07,6.07,6.07,6.07,6.07,6.07,6.07,6.07,6.07,6.07,6.07,6.07,6.07,6.07,6.07,29.63,0.00,0.00,0.00,0.00,0.00,0.00,36.00,1,GradualMotor,1,aggregation
160,295.54,remora0,remora1,3.08,3.07,-3.23,-3.22,-3.16,-3.15,2.77,2.76,2.69,2.68,-0.38,-0.38,2.38,2.37,2.42,2.41,-0.70,-0.70,-0.78,-0.77,6.07,6.07,6.07,6.07,6.07,6.07,6.07,6.07,6.07,6.07,6.07,6.07,6.07,6.07,6.07,6.07,6.07,6.07,6.07,6.07,23.56,0.00,0.00,0.00,0.00,0.00,0.00,35.00,1,GradualMotor,1,aggregation
160,296.54,remora0,remora1,2.93,2.92,3.04,3.03,-3.15,-3.14,-3.08,-3.07,2.73,2.73,-0.45,-0.45,-0.29,-0.28,2.27,2.26,2.30,2.30,-0.60,-0.59,6.07,6.07,6.07,6.07,6.07,6.07,6.07,6.07,6.07,6.07,6.07,6.07,6.07,6.07,6.07,6.07,6.07,6.07,6.07,6.07,19.79,0.00,0.00,0.00,0.00,0.00,0.00,34.00,1,GradualMotor,1,aggregation
160,297.54,remora0,remora1,2.72,2.71,2.95,2.94,-3.03,-3.02,-2.98,-2.97,2.65,2.65,-0.59,-0.59,-0.28,-0.28,2.23,2.22,2.25,2.24,-0.58,-0.58,6.07,6.07,6.07,6.07,6.07,6.07,6.07,6.07,6.07,6.07,6.07,6.07,6.07,6.07,6.07,6.07,6.07,6.07,6.07,6.07,16.70,0.00,0.00,0.00,0.00,0.00,0.00,33.00,1,GradualMotor,1,aggregation
160,298.54,remora0,remora1,2.64,2.63,2.80,-2.93,-2.92,-2.91,2.83,2.82,-2.83,-2.82,-0.58,-0.57,-0.34,2.19,2.18,2.18,-0.27,-0.27,2.21,2.20,6.07,6.07,6.07,6.07,6.07,6.07,6.07,6.07,6.07,6.07,6.07,6.07,6.07,6.07,6.07,6.07,6.07,6.07,6.07,6.07,13.24,0.00,0.00,0.00,0.00,0.00,0.00,32.00,1,GradualMotor,1,aggregation
160,299.54,remora0,remora1,2.68,2.67,2.66,2.65,-2.80,-2.75,-2.74,-2.73,2.38,2.37,-0.41,-0.41,-0.41,-0.41,2.15,2.18,2.18,2.17,-0.69,-0.69,6.07,6.07,6.07,6.07,6.07,6.07,6.07,6.07,6.07,6.07,6.07,6.07,6.07,6.07,6.07,6.07,6.07,6.07,6.07,6.07,10.93,0.00,0.00,0.00,0.00,0.00,0.00,31.00,1,GradualMotor,1,aggregation
160,300.54,remora0,remora1,2.36,-2.66,-2.65,-2.64,-2.59,-2.58,2.09,2.09,2.08,2.07,-0.68,2.18,2.17,2.16,2.20,2.19,-0.95,-0.95,-0.95,-0.94,6.07,6.07,6.07,6.07,6.07,6.07,6.07,6.07,6.07,6.07,6.07,6.07,6.07,6.07,6.07,6.07,6.07,6.07,6.07,6.07,9.18,0.00,0.00,0.00,0.00,0.00,0.00,30.00,1,GradualMotor,1,aggregation
160,301.54,remora0,remora1,2.23,2.22,2.38,2.37,2.48,2.47,-2.61,-2.60,-2.56,-2.55,-0.73,-0.73,-0.52,-0.52,-0.38,-0.38,1.99,1.98,2.01,2.00,6.07,6.08,6.08,6.08,6.08,6.08,6.08,6.08,6.08,6.08,6.07,6.08,6.08,6.08,6.08,6.08,6.08,6.08,6.08,6.08,8.30,0.00,0.00,0.00,0.00,0.00,0.00,29.00,1,GradualMotor,1,aggregation
160,302.54,remora0,remora1,2.32,2.31,2.30,2.29,2.39,2.38,-2.51,-2.47,-2.46,-2.45,-0.51,-0.50,-0.50,-0.50,-0.37,-0.37,1.93,1.96,1.95,1.95,6.08,6.08,6.08,6.08,6.08,6.08,6.08,6.08,6.08,6.08,6.08,6.08,6.08,6.08,6.08,6.08,6.08,6.08,6.08,6.08,7.92,0.00,0.00,0.00,0.00,0.00,0.00,28.00,1,GradualMotor,1,aggregation
160,303.54,remora0,remora1,2.19,2.18,2.17,2.16,2.31,2.40,2.39,-2.45,-2.44,-2.43,-0.55,-0.55,-0.55,-0.55,-0.35,-0.23,-0.22,1.82,1.82,1.81,6.08,6.08,6.08,6.08,6.08,6.08,6.08,6.08,6.08,6.08,6.08,6.08,6.08,6.08,6.08,6.08,6.08,6.08,6.08,6.08,7.37,0.00,0.00,0.00,0.00,0.00,0.00,27.00,1,GradualMotor,1,aggregation
160,304.54,remora0,remora1,-2.38,-2.37,2.14,2.13,2.13,2.12,-2.30,-2.29,-2.25,-2.25,1.84,1.83,-0.47,-0.47,-0.46,-0.46,1.83,1.83,1.84,1.84,6.08,6.08,6.08,6.08,6.08,6.08,6.08,6.08,6.08,6.08,6.08,6.08,6.08,6.08,6.08,6.08,6.08,6.08,6.08,6.08,7.02,0.00,0.00,0.00,0.00,0.00,0.00,26.00,1,GradualMotor,1,aggregation
160,305.54,remora0,remora1,1.89,1.88,-2.15,-2.14,1.76,1.75,1.75,1.74,1.78,1.77,-0.69,-0.69,1.89,1.88,-0.80,-0.80,-0.79,-0.79,-0.73,-0.73,6.08,6.08,6.08,6.08,6.08,6.08,6.08,6.08,6.08,6.08,6.08,6.08,6.08,6.08,6.08,6.08,6.08,6.08,6.08,6.08,6.64,0.00,0.00,0.00,0.00,0.00,0.00,25.00,1,GradualMotor,1,aggregation
160,306.54,remora0,remora1,1.86,-2.17,-2.16,-2.15,-2.11,-2.10,1.63,1.63,1.53,1.52,-0.61,1.73,1.72,1.71,1.73,1.73,-0.82,-0.82,-0.92,-0.92,6.08,6.08,6.08,6.08,6.08,6.08,6.08,6.08,6.08,6.08,6.08,6.08,6.08,6.08,6.08,6.08,6.08,6.08,6.08,6.08,6.04,0.00,0.00,0.00,0.00,0.00,0.00,24.00,1,GradualMotor,1,aggregation
160,307.54,remora0,remora1,1.61,1.60,1.68,1.67,1.84,1.83,-2.10,-2.07,-2.06,-2.05,-0.81,-0.80,-0.69,-0.69,-0.47,-0.46,1.56,1.57,1.56,1.56,6.08,6.08,6.08,6.08,6.08,6.08,6.08,6.08,6.08,6.08,6.08,6.08,6.08,6.08,6.08,6.08,6.08,6.08,6.08,6.08,5.62,0.00,0.00,0.00,0.00,0.00,0.00,23.00,1,GradualMotor,1,aggregation
160,308.54,remora0,remora1,1.71,1.70,1.69,1.69,1.76,1.76,-2.01,-2.00,-1.97,-1.96,-0.56,-0.56,-0.55,-0.55,-0.45,-0.44,1.50,1.49,1.50,1.50,6.08,6.08,6.08,6.08,6.08,6.08,6.08,6.08,6.08,6.08,6.08,6.08,6.08,6.08,6.08,6.08,6.08,6.08,6.08,6.08,5.32,0.00,0.00,0.00,0.00,0.00,0.00,22.00,1,GradualMotor,1,aggregation
160,309.54,remora0,remora1,-1.90,-1.84,-1.84,-1.83,-1.77,-1.76,-1.71,-1.70,-1.64,-1.63,1.54,1.58,1.57,1.56,1.61,1.60,1.64,1.63,1.66,1.65,6.08,6.08,6.08,6.08,6.08,6.08,6.08,6.08,6.08,6.08,6.08,6.08,6.08,6.08,6.08,6.08,6.08,6.08,6.08,6.08,4.67,0.00,0.00,0.00,0.00,0.00,0.00,21.00,1,GradualMotor,1,aggregation
160,310.54,remora0,remora1,-1.56,-1.48,-1.47,-1.47,-1.40,-1.39,-1.32,-1.31,-1.25,-1.18,1.67,1.68,1.68,1.67,1.68,1.67,1.68,1.68,1.69,1.70,6.08,6.08,6.08,6.08,6.08,6.08,6.08,6.08,6.08,6.08,6.08,6.08,6.08,6.08,6.08,6.08,6.08,6.08,6.08,6.08,4.39,0.00,0.00,0.00,0.00,0.00,0.00,20.00,1,GradualMotor,1,aggregation
160,311.54,remora0,remora1,-1.18,-1.17,-1.11,-1.10,-1.04,-1.04,-0.98,-0.98,-0.92,-0.91,1.69,1.68,1.69,1.68,1.69,1.68,1.69,1.68,1.69,1.68,6.08,6.08,6.08,6.08,6.08,6.08,6.08,6.08,6.08,6.08,6.08,6.08,6.08,6.08,6.08,6.08,6.08,6.08,6.08,6.08,4.05,0.00,0.00,0.00,0.00,0.00,0.00,19.00,1,GradualMotor,1,aggregation
160,312.54,remora0,remora1,-0.23,-0.23,-0.85,-0.85,-0.82,-0.78,-0.77,-0.77,-0.44,-0.44,-2.21,-2.20,1.67,1.66,1.66,1.66,1.66,1.65,-2.33,-2.32,6.08,6.08,6.08,6.08,6.08,6.08,6.08,6.08,6.08,6.08,6.08,6.08,6.08,6.08,6.08,6.08,6.08,6.08,6.08,6.08,4.16,0.00,0.00,0.00,0.00,0.00,0.00,18.00,1,GradualMotor,1,aggregation
160,313.54,remora0,remora1,-0.72,-0.71,-0.69,-0.69,-0.65,-0.64,-0.60,-0.60,-0.69,-0.69,1.63,1.62,1.62,1.61,1.61,1.60,1.61,1.60,-2.48,-2.47,6.08,6.08,6.08,6.08,6.08,6.08,6.08,6.08,6.08,6.08,6.08,6.08,6.08,6.08,6.08,6.08,6.08,6.08,6.08,6.08,4.12,0.00,0.00,0.00,0.00,0.00,0.00,17.00,1,GradualMotor,1,aggregation
160,314.54,remora0,remora1,-0.56,-0.55,-0.54,-0.54,-0.50,-0.47,-0.46,-0.85,-0.84,-0.43,1.58,1.57,1.56,1.55,1.55,1.55,1.55,-2.54,-2.53,1.52,6.08,6.08,6.08,6.08,6.08,6.08,6.08,6.08,6.08,6.08,6.08,6.08,6.08,6.08,6.08,6.08,6.08,6.08,6.08,6.08,4.41,0.00,0.00,0.00,0.00,0.00,0.00,16.00,1,GradualMotor,1,aggregation
160,315.54,remora0,remora1,-0.43,-0.42,-0.41,-0.41,-0.38,-0.37,-0.34,-0.94,-0.94,-0.32,1.51,1.51,1.50,1.49,1.49,1.48,1.48,-2.53,-2.52,1.46,6.08,6.08,6.08,6.08,6.08,6.08,6.08,6.08,6.08,6.08,6.08,6.08,6.08,6.08,6.08,6.08,6.08,6.08,6.08,6.08,4.75,0.00,0.00,0.00,0.00,0.00,0.00,15.00,1,GradualMotor,1,aggregation
160,316.54,remora0,remora1,-0.31,-0.31,-0.30,-0.30,-0.27,-0.27,-1.00,-0.24,-0.24,-0.23,1.45,1.44,1.43,1.42,1.42,1.41,-2.49,1.39,1.38,1.38,6.08,6.08,6.08,6.08,6.08,6.08,6.08,6.08,6.08,6.08,6.08,6.08,8.04,8.03,8.03,8.02,8.02,8.01,8.00,8.00,5.13,0.00,0.00,0.00,0.00,0.00,0.00,14.00,1,GradualMotor,1,aggregation
160,317.54,remora0,remora1,-0.23,-0.23,-0.21,-1.05,-1.04,-1.04,-0.19,-0.19,-0.18,-0.18,1.37,1.36,1.35,-2.48,-2.46,-2.44,1.32,1.31,1.30,1.29,6.08,6.08,6.08,6.08,6.08,6.08,6.08,6.08,6.08,6.08,7.99,7.98,7.98,7.97,7.96,7.96,7.95,7.94,7.94,7.93,5.63,0.00,0.00,0.00,0.00,0.00,0.00,13.00,1,GradualMotor,1,aggregation
160,318.54,remora0,remora1,-0.16,-1.04,-1.03,-0.14,-0.14,-0.13,-0.13,-0.13,-0.12,-0.12,1.28,-2.38,-2.36,1.26,1.25,1.24,1.23,1.22,1.21,1.20,6.08,6.08,6.08,6.08,6.08,6.08,6.08,6.08,6.08,6.08,7.92,7.92,7.91,7.91,7.90,7.89,7.89,7.88,7.87,7.87,5.96,0.00,0.00,0.00,0.00,0.00,0.00,12.00,1,GradualMotor,1,aggregation
160,319.54,remora0,remora1,-0.10,-0.10,-1.04,-1.03,-0.08,-0.08,-0.08,-0.08,-0.07,-0.06,1.20,1.19,-2.26,-2.24,1.16,1.15,1.14,1.13,1.13,1.12,6.08,6.08,6.08,6.08,6.08,6.08,6.08,6.08,6.08,6.08,7.86,7.85,7.85,7.84,7.83,7.83,7.82,7.81,7.81,7.80,6.63,0.00,0.00,0.00,0.00,0.00,0.00,11.00,1,GradualMotor,1,aggregation
160,320.54,remora0,remora1,-1.03,-1.02,-0.05,-0.05,-0.05,-0.05,-0.04,-0.04,-0.03,-0.03,-2.17,-2.15,1.09,1.08,1.07,1.06,1.05,1.04,1.03,1.02,6.08,6.08,6.08,6.08,6.08,6.08,6.08,6.08,6.08,6.08,7.80,7.79,7.78,7.78,7.77,7.76,7.76,7.75,7.74,7.74,7.21,0.00,0.00,0.00,0.00,0.00,0.00,10.00,1,GradualMotor,1,aggregation
160,321.54,remora0,remora1,-0.99,-0.98,-0.02,-0.02,-0.01,-0.01,-0.01,-0.01,-0.94,-0.93,-2.02,-2.00,0.99,0.98,0.97,0.97,0.96,0.95,-1.89,-1.87,6.08,6.08,6.08,6.08,6.08,6.08,6.08,6.08,6.08,6.08,7.73,7.72,7.72,7.71,7.70,7.70,7.69,7.68,7.68,7.67,7.75,0.00,0.00,0.00,0.00,0.00,0.00,9.00,1,GradualMotor,1,aggregation
160,322.54,remora0,remora1,0.00,0.00,0.00,0.00,0.01,0.01,-0.89,-0.88,0.02,0.02,0.92,0.91,0.90,0.89,0.88,0.87,-1.75,-1.73,0.84,0.83,6.08,6.08,6.08,6.08,6.08,6.08,6.08,6.08,6.08,6.08,7.66,7.66,7.65,7.64,7.64,7.63,7.62,7.62,7.61,7.61,7.59,0.00,0.00,0.00,0.00,0.00,0.00,8.00,1,GradualMotor,1,aggregation
160,323.54,remora0,remora1,0.02,0.02,-0.84,-0.82,0.02,0.02,0.02,0.03,0.03,0.02,0.82,0.81,-1.64,-1.62,0.78,0.77,0.76,0.75,0.74,0.73,6.08,6.08,6.08,6.08,6.08,6.08,6.08,6.08,6.08,6.08,7.60,7.59,7.59,7.58,7.57,7.57,7.56,7.55,7.55,7.54,7.46,0.00,0.00,0.00,0.00,0.00,0.00,7.00,1,GradualMotor,1,aggregation
160,324.54,remora0,remora1,-0.77,-0.76,0.03,0.03,0.03,0.03,0.03,0.03,0.03,0.03,-1.50,-1.47,0.70,0.69,0.68,0.67,0.66,0.65,0.64,0.63,6.09,6.09,6.10,6.11,6.12,6.13,6.13,6.14,6.14,6.15,7.53,7.53,7.53,7.53,7.53,7.52,7.52,7.52,7.52,7.51,7.20,0.00,0.00,0.00,0.00,0.00,0.00,6.00,1,GradualMotor,1,aggregation
160,325.54,remora0,remora1,-0.67,-0.66,0.03,0.03,0.03,0.03,0.03,0.03,-0.59,-0.58,-1.29,-1.27,0.60,0.59,0.58,0.57,0.55,0.54,-1.12,-1.10,6.15,6.16,6.16,6.16,6.16,6.16,6.16,6.16,6.16,6.16,7.51,7.51,7.50,7.50,7.50,7.49,7.49,7.48,7.48,7.48,6.96,0.00,0.00,0.00,0.00,0.00,0.00,5.00,1,GradualMotor,1,aggregation
160,326.54,remora0,remora1,0.03,0.03,0.03,0.03,0.03,0.03,-0.51,0.03,0.03,0.03,0.51,0.50,0.49,0.48,0.47,0.46,-0.96,0.44,0.43,0.42,6.16,6.16,6.16,6.16,6.16,6.16,6.16,6.16,6.16,6.16,7.47,7.47,7.46,7.46,7.45,7.45,7.44,7.44,7.43,7.43,6.57,0.00,0.00,0.00,0.00,0.00,0.00,4.00,1,GradualMotor,1,aggregation
160,327.54,remora0,remora1,0.03,0.03,-0.44,0.03,0.03,0.03,0.03,0.03,0.03,0.03,0.41,0.40,-0.83,0.38,0.37,0.36,0.35,0.34,0.33,0.32,6.16,6.16,6.16,6.16,6.16,6.17,6.17,6.17,6.18,6.18,7.42,7.42,7.41,7.41,7.40,7.39,7.39,7.38,7.38,7.37,5.89,0.00,0.00,0.00,0.00,0.00,0.00,3.00,1,GradualMotor,1,aggregation
160,328.54,remora0,remora1,0.03,0.02,-0.32,-0.31,0.02,0.02,0.02,0.02,-0.25,-0.24,0.31,0.30,-0.60,-0.58,0.26,0.25,0.24,0.23,-0.47,-0.45,6.19,6.20,6.20,6.21,6.22,6.23,6.23,6.24,6.25,6.26,7.37,7.36,7.36,7.36,7.35,7.35,7.34,7.34,7.33,7.33,5.36,0.00,0.00,0.00,0.00,0.00,0.00,2.00,1,GradualMotor,1,aggregation
160,329.54,remora0,remora1,0.02,0.02,0.02,0.01,0.01,0.01,-0.16,-0.15,-0.13,-0.12,0.20,0.19,0.18,0.17,0.16,0.15,-0.30,-0.27,-0.25,-0.22,6.28,6.29,6.30,6.31,6.33,6.34,6.36,6.37,6.39,6.40,7.33,7.32,7.32,7.32,7.31,7.31,7.31,7.30,7.30,7.30,4.74,0.00,0.00,0.00,0.00,0.00,0.00,1.00,1,GradualMotor,1,aggregation
160,330.54,remora0,remora1,0.01,0.01,0.01,0.01,0.00,0.00,0.00,0.00,0.00,0.00,0.10,0.08,0.07,0.06,0.05,0.04,0.03,0.02,0.01,0.00,6.42,6.44,6.46,6.47,6.49,6.51,6.53,6.55,6.57,6.59,7.30,7.29,7.29,7.29,7.29,7.29,7.29,7.28,7.28,7.28,4.04,0.00,0.00,0.00,0.00,0.00,0.00,0.00,1,GradualMotor,1,aggregation
160,331.54,remora0,remora1,0.00,0.00,0.00,0.00,0.00,0.00,0.00,0.00,0.00,0.00,0.00,0.00,0.00,0.00,0.00,0.00,0.00,0.00,0.00,0.00,6.61,6.63,6.66,6.68,6.70,6.72,6.75,6.77,6.79,6.82,7.28,7.28,7.28,7.28,7.28,7.28,7.28,7.28,7.28,7.28,3.17,0.00,0.00,0.00,0.00,0.00,0.00,0.00,1,GradualMotor,1,aggregation
160,332.54,remora0,remora1,0.00,0.00,0.00,0.00,0.00,0.00,0.00,0.00,0.00,0.00,0.00,0.00,0.00,0.00,0.00,0.00,0.00,0.00,0.00,0.00,6.84,6.86,6.89,6.91,6.94,6.96,6.99,7.01,7.04,7.06,7.28,7.28,7.28,7.28,7.28,7.28,7.28,7.28,7.29,7.29,2.56,0.00,0.00,0.00,0.00,0.00,0.00,0.00,1,GradualMotor,1,aggregation
160,333.54,remora0,remora1,0.00,0.00,0.00,0.00,0.00,0.00,0.00,0.00,0.00,0.00,0.00,0.00,0.00,0.00,0.00,0.00,0.00,0.00,0.00,0.00,7.09,7.11,7.14,7.16,7.19,7.22,7.24,7.27,7.29,7.29,7.29,7.29,7.29,7.29,7.30,7.30,7.30,7.30,7.30,7.31,2.00,0.00,0.00,0.00,0.00,0.00,0.00,0.00,1,GradualMotor,1,aggregation
160,334.54,remora0,remora1,0.00,0.00,0.00,0.00,0.00,0.00,0.00,0.00,0.00,0.00,0.00,0.00,0.00,0.00,0.00,0.00,0.00,0.00,0.00,0.00,7.27,7.25,7.23,7.21,7.19,7.17,7.15,7.13,7.11,7.09,7.31,7.31,7.31,7.32,7.32,7.32,7.33,7.33,7.33,7.34,1.49,0.00,0.00,0.00,0.00,0.00,0.00,0.00,1,GradualMotor,1,aggregation
160,335.54,remora0,remora1,0.00,0.00,0.00,0.00,0.00,0.00,0.00,0.00,0.00,0.00,0.00,0.00,0.00,0.00,0.00,0.00,0.00,0.00,0.00,0.00,7.07,7.05,7.03,7.01,7.00,6.98,6.96,6.94,6.92,6.90,7.34,7.34,7.35,7.35,7.35,7.36,7.36,7.36,7.37,7.37,0.95,0.00,0.00,0.00,0.00,0.00,0.00,0.00,1,GradualMotor,1,aggregation
160,131.54,remora0,remora6,0.00,0.00,0.00,0.00,0.00,0.00,0.00,0.00,0.00,0.00,0.00,0.00,0.00,0.00,0.00,0.00,0.00,0.00,0.00,0.00,1.60,1.60,1.60,1.60,1.60,1.60,1.60,1.60,1.60,1.60,5.31,5.31,5.31,5.32,5.32,5.33,5.33,5.34,5.34,5.35,106.06,0.00,1.00,1.00,0.00,0.00,0.00,-1.00,0,None,0,aggregation
160,132.54,remora0,remora6,0.00,0.00,0.00,0.00,0.00,0.00,0.00,0.00,0.00,0.00,0.00,0.00,0.00,0.00,0.00,0.00,0.00,0.00,0.00,0.00,1.60,1.60,1.60,1.60,1.60,1.60,1.60,1.60,1.60,1.60,5.35,5.36,5.36,5.37,5.37,5.37,5.38,5.38,5.39,5.39,76.69,0.00,1.00,1.00,0.00,0.00,0.00,-1.00,0,None,0,aggregation
160,133.54,remora0,remora6,0.00,0.00,0.00,0.00,0.00,0.00,0.00,0.00,0.00,0.00,0.00,0.00,0.00,0.00,0.00,0.00,0.00,0.00,0.00,0.00,1.60,1.60,1.60,1.60,1.60,1.60,1.60,1.60,1.60,1.60,5.40,5.40,5.41,5.41,5.07,5.07,5.07,5.07,5.07,5.07,47.23,0.00,1.00,1.00,0.00,0.00,0.00,-1.00,0,None,0,aggregation
160,134.54,remora0,remora6,0.00,0.00,0.00,0.00,0.00,0.00,0.00,0.00,0.00,0.00,0.00,0.00,0.00,0.00,0.00,0.00,0.00,0.00,0.00,0.00,1.60,1.60,1.60,1.60,1.60,1.60,1.60,1.60,1.60,1.60,5.08,5.07,5.07,5.07,5.07,5.07,5.07,5.07,5.07,5.07,17.74,0.00,1.00,0.00,0.00,0.00,0.00,-1.00,0,None,0,aggregation
160,135.54,remora0,remora6,0.00,0.00,0.00,0.00,0.00,0.00,0.00,0.00,0.00,0.00,0.00,0.00,0.00,0.00,0.00,0.00,0.00,0.00,0.00,0.00,1.60,1.60,1.60,1.60,1.60,1.60,1.60,1.60,1.60,1.60,5.07,5.07,5.07,5.07,5.08,5.08,5.08,5.08,5.08,5.08,0.00,0.00,1.00,0.00,0.00,0.00,0.00,-1.00,0,None,0,aggregation
160,136.54,remora0,remora6,0.00,0.00,0.00,0.00,0.00,0.00,0.00,0.00,0.00,0.00,0.00,0.00,0.00,0.00,0.00,0.00,0.00,0.00,0.00,0.00,1.60,1.60,1.60,1.60,1.60,1.60,1.60,1.60,1.60,1.60,5.09,5.09,5.09,5.09,5.10,5.10,5.10,5.10,5.09,5.09,0.00,0.00,1.00,0.00,0.00,0.00,0.00,-1.00,0,None,0,aggregation
160,137.54,remora0,remora6,0.00,0.00,0.00,0.00,0.00,0.00,0.00,0.00,0.00,0.00,0.00,0.00,0.00,0.00,0.00,0.00,0.00,0.00,0.00,0.00,1.60,1.60,1.60,1.60,1.60,1.60,1.60,1.60,1.60,1.60,5.09,5.08,5.08,5.09,5.09,5.09,5.09,5.09,5.09,5.09,0.00,0.00,1.00,0.00,0.00,0.00,0.00,-1.00,0,None,0,aggregation
160,138.54,remora0,remora6,0.00,0.00,0.00,0.00,0.00,0.00,0.00,0.00,0.00,0.00,0.00,0.00,0.00,0.00,0.00,0.00,0.00,0.00,0.00,0.00,1.60,1.60,1.60,1.60,1.60,1.60,1.60,1.60,1.60,1.60,5.10,5.10,5.10,5.10,5.10,5.10,5.10,5.10,5.10,5.10,0.00,0.00,1.00,0.00,0.00,0.00,0.00,-1.00,0,None,0,aggregation
160,139.54,remora0,remora6,0.00,0.00,0.00,0.00,0.00,0.00,0.00,0.00,0.00,0.00,0.00,0.00,0.00,0.00,0.00,0.00,0.00,0.00,0.00,0.00,1.60,1.60,1.60,1.60,1.60,1.60,1.60,1.60,1.60,1.60,5.10,5.10,5.10,5.11,5.11,5.11,5.11,5.12,5.12,5.12,0.00,0.00,1.00,0.00,0.00,0.00,0.00,-1.00,0,None,0,aggregation
160,140.54,remora0,remora6,0.00,0.00,0.00,0.00,0.00,0.00,0.00,0.00,0.00,0.00,0.00,0.00,0.00,0.00,0.00,0.00,0.00,0.00,0.00,0.00,1.60,1.60,1.60,1.60,1.60,1.60,1.60,1.60,1.60,1.60,5.13,5.12,5.12,5.12,5.12,5.12,5.12,5.12,5.12,5.13,0.00,0.00,1.00,0.00,0.00,0.00,0.00,-1.00,0,None,0,aggregation
160,141.54,remora0,remora6,0.00,0.00,0.00,0.00,0.00,0.00,0.00,0.00,0.00,0.00,0.00,0.00,0.00,0.00,0.00,0.00,0.00,0.00,0.00,0.00,1.60,1.60,1.60,1.60,1.60,1.60,1.60,1.60,1.60,1.60,5.13,5.13,6.11,6.10,6.10,6.10,6.10,6.10,6.09,6.09,0.00,0.00,1.00,0.00,0.00,0.00,0.00,-1.00,0,None,0,aggregation
160,142.54,remora0,remora6,0.00,0.00,0.00,0.00,0.00,0.00,0.00,0.00,0.00,0.00,0.00,0.00,0.00,0.00,0.00,0.00,0.00,0.00,0.00,0.00,1.60,1.60,1.60,1.60,1.60,1.60,1.60,1.60,1.60,1.60,6.09,6.09,6.09,6.09,6.08,6.08,6.08,6.07,6.07,6.07,0.00,0.00,1.00,0.00,0.00,0.00,0.00,-1.00,0,None,0,aggregation
160,143.54,remora0,remora6,0.00,0.00,0.00,0.00,0.00,0.00,0.00,0.00,0.00,0.00,0.00,0.00,0.00,0.00,0.00,0.00,0.00,0.00,0.00,0.00,1.60,1.60,1.60,1.62,1.63,1.65,1.67,1.69,1.71,1.73,6.06,6.06,6.06,6.06,6.06,6.06,6.06,6.06,6.07,6.07,0.00,0.00,1.00,0.00,0.00,0.00,0.00,-1.00,0,None,0,aggregation
160,144.54,remora0,remora6,0.00,0.00,0.00,0.00,0.00,0.00,0.00,0.00,0.00,0.00,0.00,0.00,0.00,0.00,0.00,0.00,0.00,0.00,0.00,0.00,1.75,1.78,1.80,1.82,1.84,1.87,1.89,1.91,1.94,1.96,6.07,6.08,6.08,6.08,6.08,6.09,6.09,6.09,6.09,6.10,0.00,0.00,1.00,0.00,0.00,0.00,0.00,-1.00,0,None,0,aggregation
160,145.54,remora0,remora6,0.00,0.00,0.00,0.00,0.00,0.00,0.00,0.00,0.00,0.00,0.00,0.00,0.00,0.00,0.00,0.00,0.00,0.00,0.00,0.00,1.99,2.01,2.04,2.06,2.09,2.12,2.14,2.17,2.20,2.22,6.10,6.10,6.10,6.10,6.10,6.10,6.11,6.11,6.12,6.12,0.00,0.00,1.00,0.00,0.00,0.00,0.00,-1.00,0,None,0,aggregation
160,146.54,remora0,remora6,-35.22,-35.22,-35.16,-35.16,-34.91,-34.91,-34.49,-34.49,-33.95,-33.95,-24.75,-24.75,-24.69,-24.69,-24.45,-24.45,-24.02,-24.02,-23.49,-23.49,2.26,2.31,2.37,2.42,2.48,2.54,2.59,2.65,2.71,2.76,6.13,6.16,6.18,6.21,6.23,6.26,6.28,6.31,6.34,6.36,29.51,0.00,1.00,0.00,0.00,0.00,0.00,-1.00,0,None,0,aggregation
160,147.54,remora0,remora6,-33.20,-33.20,-32.38,-32.38,-31.52,-31.52,-30.45,-30.45,-29.25,-29.25,-22.74,-22.74,-21.91,-21.91,-21.06,-21.06,-19.98,-19.98,-18.79,-18.79,2.82,2.87,2.93,2.98,3.03,3.08,3.13,3.18,3.23,3.28,6.39,6.42,6.44,6.47,6.49,6.52,6.54,6.56,6.58,6.61,55.64,0.00,0.00,1.00,0.00,0.00,0.00,-1.00,0,None,0,aggregation
160,148.54,remora0,remora6,-28.08,-28.08,-26.67,-26.67,-25.31,-25.31,-23.87,-23.87,-22.35,-22.35,-17.61,-17.61,-16.20,-16.20,-14.84,-14.84,-13.40,-13.40,-11.89,-11.89,3.33,3.37,3.41,3.45,3.49,3.52,3.56,3.59,3.62,3.64,6.63,6.65,6.67,6.69,6.70,6.72,6.73,6.75,6.76,6.78,75.66,0.00,0.00,1.00,0.00,0.00,0.00,-1.00,0,None,0,aggregation
160,149.54,remora0,remora6,-20.59,-20.59,-19.13,-19.13,-17.24,-17.24,-15.49,-15.49,-13.70,-13.70,-10.13,-10.13,-8.67,-8.67,-6.78,-6.78,-5.03,-5.03,-3.24,-3.24,3.66,3.68,3.70,3.72,3.74,3.75,3.77,3.78,3.79,3.81,6.79,6.80,6.81,6.82,6.83,6.84,6.85,6.86,6.86,6.87,87.66,0.00,0.00,1.00,0.00,0.00,0.00,-1.00,0,None,0,aggregation
160,150.54,remora0,remora6,-11.67,-11.67,-9.82,-9.82,-7.74,-7.74,-5.86,-5.86,-3.60,-3.60,-1.21,-1.21,0.64,0.64,2.72,2.72,4.60,4.60,6.54,6.54,3.82,3.83,3.84,3.85,3.86,3.87,3.88,3.89,3.90,3.91,6.88,6.89,6.89,6.89,6.90,6.90,6.90,6.91,6.91,6.91,90.79,0.00,0.00,1.00,0.00,0.00,0.00,-1.00,0,None,0,aggregation
160,151.54,remora0,remora6,-1.29,-1.29,0.79,0.79,2.84,2.84,4.86,4.86,6.63,6.63,8.39,8.39,10.04,10.04,11.68,11.68,13.28,13.28,14.68,14.68,3.91,3.92,3.93,3.94,3.94,3.95,3.96,3.97,3.98,3.99,6.91,6.92,6.92,6.92,6.92,6.92,6.93,6.93,6.93,6.93,97.98,0.00,0.00,1.00,0.00,0.00,0.00,-1.00,0,None,0,aggregation
160,152.54,remora0,remora6,8.58,8.58,10.27,10.27,11.72,11.72,13.32,13.32,14.88,14.88,16.21,16.21,17.53,17.53,18.65,18.65,19.88,19.88,21.06,21.06,4.00,4.01,4.02,4.03,4.04,4.05,4.06,4.07,4.08,4.10,6.94,6.94,6.94,6.95,6.95,6.96,6.96,6.97,6.98,6.99,113.19,0.00,0.00,1.00,0.00,0.00,0.00,-1.00,0,None,0,aggregation
160,153.54,remora0,remora6,16.01,16.01,17.10,17.10,18.51,18.51,19.52,19.52,20.34,20.34,21.91,21.91,22.73,22.73,23.77,23.77,24.50,24.50,25.08,25.08,4.11,4.12,4.14,4.15,4.16,4.18,4.19,4.21,4.23,4.24,7.00,7.01,7.02,7.03,7.03,7.04,7.05,7.06,7.08,7.09,134.14,0.00,0.00,1.00,0.00,0.00,0.00,-1.00,0,None,0,aggregation
160,154.54,remora0,remora6,21.12,21.12,22.03,22.03,22.75,22.75,23.45,23.45,23.98,23.98,25.64,25.64,26.26,26.26,26.75,26.75,27.21,27.21,27.56,27.56,4.26,4.28,4.30,4.32,4.34,4.35,4.37,4.39,4.41,4.43,7.10,7.11,7.12,6.41,6.42,6.43,6.45,6.46,6.47,6.48,158.81,0.00,0.00,1.00,0.00,0.00,0.00,-1.00,0,None,0,aggregation
160,155.54,remora0,remora6,24.49,24.49,24.98,24.98,25.45,25.45,25.79,25.79,26.23,26.23,27.89,27.89,28.19,28.19,28.48,28.48,28.68,28.68,28.92,28.92,4.45,4.47,4.49,4.51,4.53,4.55,4.57,4.59,4.61,4.63,6.49,6.50,6.51,6.53,6.54,6.55,6.56,6.57,6.59,6.60,185.72,0.00,0.00,1.00,0.00,0.00,0.00,-1.00,0,None,0,aggregation
160,156.54,remora0,remora6,26.43,26.43,26.64,26.64,27.03,27.03,27.22,27.22,27.40,27.40,29.04,29.04,29.15,29.15,29.35,29.35,29.45,29.45,29.54,29.54,4.65,4.67,4.69,4.71,4.73,4.74,4.76,4.78,4.79,4.81,6.61,6.62,6.64,6.65,6.66,6.68,6.69,6.70,6.71,6.73,184.33,0.00,0.00,1.00,0.00,0.00,0.00,-1.00,0,None,0,aggregation
160,157.54,remora0,remora6,27.57,27.57,27.74,27.74,27.91,27.91,28.07,28.07,28.07,28.14,29.62,29.62,29.70,29.70,29.77,29.77,29.83,29.83,29.83,29.87,4.82,4.84,4.85,4.87,4.88,4.89,4.91,4.92,4.93,4.94,6.74,6.75,6.77,6.78,6.79,6.81,6.82,6.83,5.79,5.80,187.02,0.00,0.00,1.00,0.00,0.00,0.00,-1.00,0,None,0,aggregation
160,158.54,remora0,remora6,28.22,28.22,28.37,28.37,28.44,28.44,28.51,28.51,28.65,28.65,29.89,29.89,29.95,29.95,29.97,29.97,30.00,30.00,30.04,30.04,4.95,4.96,4.98,4.99,5.00,5.00,5.01,5.02,5.03,5.04,5.81,5.82,5.83,5.84,5.85,5.86,5.87,5.88,5.89,5.90,196.20,0.00,0.00,1.00,0.00,0.00,0.00,-1.00,0,None,0,aggregation
160,159.54,remora0,remora6,28.71,28.71,28.78,28.78,28.84,28.84,28.96,28.96,28.96,28.96,30.06,30.06,30.08,30.08,30.10,30.10,30.13,30.13,30.13,30.13,5.05,5.05,5.06,5.07,5.07,5.08,5.09,5.09,5.09,5.10,5.91,5.93,5.94,5.94,5.95,5.96,5.97,5.97,5.98,5.99,213.68,0.00,0.00,1.00,0.00,0.00,0.00,-1.00,0,None,0,aggregation
160,160.54,remora0,remora6,29.08,29.08,29.08,29.08,29.14,29.14,29.19,29.19,29.24,29.24,30.15,30.15,30.15,30.15,30.16,30.16,30.17,30.17,30.17,30.17,5.10,5.11,5.11,5.11,5.12,5.12,5.12,5.12,5.13,5.13,6.00,6.01,6.02,6.03,6.04,6.05,6.06,6.06,6.07,6.07,240.20,0.00,0.00,1.00,0.00,0.00,0.00,-1.00,0,None,0,aggregation
160,161.54,remora0,remora6,29.29,29.29,29.34,29.34,29.34,29.34,29.44,29.44,29.44,29.44,30.18,30.18,30.18,30.18,30.18,30.18,30.19,30.19,30.19,30.19,5.13,5.13,5.13,5.13,5.14,5.14,5.14,5.14,5.14,5.14,6.07,6.08,6.08,6.08,6.09,6.09,6.09,6.10,6.10,6.10,262.79,0.00,0.00,1.00,0.00,0.00,0.00,-1.00,0,None,0,aggregation
160,193.54,remora0,remora6,0.00,0.00,0.00,0.00,0.00,0.00,0.00,0.00,0.00,0.00,0.00,0.00,0.00,0.00,0.00,0.00,0.00,0.00,0.00,0.00,1.61,1.61,1.61,1.61,1.61,1.61,1.61,1.61,1.61,1.61,5.13,5.13,5.12,5.11,5.11,5.10,5.09,5.09,5.08,5.07,74.63,0.00,1.00,1.00,0.00,0.00,0.00,-1.00,0,None,0,aggregation
160,194.54,remora0,remora6,0.00,0.00,0.00,0.00,0.00,0.00,0.00,0.00,0.00,0.00,0.00,0.00,0.00,0.00,0.00,0.00,0.00,0.00,0.00,0.00,1.61,1.61,1.61,1.61,1.61,1.61,1.61,1.61,1.61,1.61,5.06,5.06,5.05,5.04,5.04,5.03,5.02,5.02,5.01,5.00,56.98,0.00,1.00,1.00,0.00,0.00,0.00,-1.00,0,None,0,aggregation
160,195.54,remora0,remora6,0.00,0.00,0.00,0.00,0.00,0.00,0.00,0.00,0.00,0.00,0.00,0.00,0.00,0.00,0.00,0.00,0.00,0.00,0.00,0.00,1.61,1.61,1.61,1.61,1.61,1.61,1.61,1.61,1.61,1.61,4.99,4.99,4.98,4.97,4.97,4.96,4.95,4.95,4.94,4.93,36.30,0.00,1.00,0.00,0.00,0.00,0.00,-1.00,0,None,0,aggregation
160,196.54,remora0,remora6,0.00,0.00,0.00,0.00,0.00,0.00,0.00,0.00,0.00,0.00,0.00,0.00,0.00,0.00,0.00,0.00,0.00,0.00,0.00,0.00,1.61,1.61,1.61,1.61,1.61,1.61,1.61,1.61,1.61,1.61,4.93,4.92,4.91,4.90,4.90,4.89,4.88,4.88,4.87,4.86,13.87,0.00,1.00,0.00,0.00,0.00,0.00,-1.00,0,None,0,aggregation
160,197.54,remora0,remora6,0.00,0.00,0.00,0.00,0.00,0.00,0.00,0.00,0.00,0.00,0.00,0.00,0.00,0.00,0.00,0.00,0.00,0.00,0.00,0.00,1.61,1.61,1.61,1.61,1.61,1.61,1.61,1.61,1.61,1.61,4.86,4.85,4.84,4.84,4.83,4.82,4.81,4.81,4.80,4.79,0.00,0.00,1.00,0.00,0.00,0.00,0.00,-1.00,0,None,0,aggregation
160,198.54,remora0,remora6,0.00,0.00,0.00,0.00,0.00,0.00,0.00,0.00,0.00,0.00,0.00,0.00,0.00,0.00,0.00,0.00,0.00,0.00,0.00,0.00,1.61,1.61,1.61,1.61,1.61,1.61,1.61,1.61,1.61,1.61,4.79,4.78,4.77,4.77,4.76,4.75,4.75,4.74,4.73,4.73,0.00,0.00,1.00,0.00,0.00,0.00,0.00,-1.00,0,None,0,aggregation
160,199.54,remora0,remora6,0.00,0.00,0.00,0.00,0.00,0.00,0.00,0.00,0.00,0.00,0.00,0.00,0.00,0.00,0.00,0.00,0.00,0.00,0.00,0.00,1.61,1.61,1.61,1.61,1.61,1.61,1.61,1.61,1.61,1.61,4.72,4.71,4.70,4.70,4.69,4.68,4.68,4.67,4.66,4.66,0.00,0.00,1.00,0.00,0.00,0.00,0.00,-1.00,0,None,0,aggregation
160,200.54,remora0,remora6,0.00,0.00,0.00,0.00,0.00,0.00,0.00,0.00,0.00,0.00,0.00,0.00,0.00,0.00,0.00,0.00,0.00,0.00,0.00,0.00,1.62,1.62,1.62,1.62,1.62,1.62,1.62,1.62,1.62,1.62,4.65,4.64,4.64,4.63,4.62,4.62,4.61,4.60,4.59,4.59,0.00,0.00,1.00,0.00,0.00,0.00,0.00,-1.00,0,None,0,aggregation
160,201.54,remora0,remora6,0.00,0.00,0.00,0.00,0.00,0.00,0.00,0.00,0.00,0.00,0.00,0.00,0.00,0.00,0.00,0.00,0.00,0.00,0.00,0.00,1.62,1.62,1.62,1.62,1.62,1.62,1.62,1.62,1.62,1.62,4.58,4.57,4.57,4.56,4.55,4.55,4.54,4.53,4.53,4.52,0.00,0.00,1.00,0.00,0.00,0.00,0.00,-1.00,0,None,0,aggregation
160,202.54,remora0,remora6,0.00,0.00,0.00,0.00,0.00,0.00,0.00,0.00,0.00,0.00,0.00,0.00,0.00,0.00,0.00,0.00,0.00,0.00,0.00,0.00,1.62,1.62,1.62,1.62,1.62,1.62,1.62,1.62,1.62,1.62,4.51,4.51,4.50,4.49,4.49,4.48,4.48,4.48,4.47,4.47,0.00,0.00,1.00,0.00,0.00,0.00,0.00,-1.00,0,None,0,aggregation
160,203.54,remora0,remora6,0.00,0.00,0.00,0.00,0.00,0.00,0.00,0.00,0.00,0.00,0.00,0.00,0.00,0.00,0.00,0.00,0.00,0.00,0.00,0.00,1.62,1.62,1.62,1.62,1.62,1.62,1.62,1.62,1.62,1.62,4.46,4.46,4.45,4.46,4.46,4.46,4.46,4.46,4.47,4.47,0.00,0.00,1.00,0.00,0.00,0.00,0.00,-1.00,0,None,0,aggregation
160,204.54,remora0,remora6,0.00,0.00,0.00,0.00,0.00,0.00,0.00,0.00,0.00,0.00,0.00,0.00,0.00,0.00,0.00,0.00,0.00,0.00,0.00,0.00,1.62,1.62,1.62,1.62,1.62,1.62,1.62,1.62,1.62,1.62,4.47,4.47,4.47,4.47,4.48,4.48,4.48,4.48,4.48,4.48,0.00,0.00,1.00,0.00,0.00,0.00,0.00,-1.00,0,None,0,aggregation
160,205.54,remora0,remora6,0.00,0.00,0.00,0.00,0.00,0.00,0.00,0.00,0.00,0.00,0.00,0.00,0.00,0.00,0.00,0.00,0.00,0.00,0.00,0.00,1.62,1.62,1.62,1.62,1.62,1.62,1.62,1.62,1.62,1.62,4.49,4.49,4.49,4.49,4.49,4.49,4.50,4.50,4.50,4.50,0.00,0.00,1.00,0.00,0.00,0.00,0.00,-1.00,0,None,0,aggregation
160,206.54,remora0,remora6,0.00,0.00,0.00,0.00,0.00,0.00,0.00,0.00,0.00,0.00,0.00,0.00,0.00,0.00,0.00,0.00,0.00,0.00,0.00,0.00,1.62,1.62,1.63,1.63,1.63,1.63,1.63,1.63,1.63,1.63,4.50,4.51,4.51,4.51,4.51,4.52,4.52,4.52,4.53,4.53,0.00,0.00,1.00,0.00,0.00,0.00,0.00,-1.00,0,None,0,aggregation
160,207.54,remora0,remora6,0.00,0.00,0.00,0.00,0.00,0.00,0.00,0.00,0.00,0.00,0.00,0.00,0.00,0.00,0.00,0.00,0.00,0.00,0.00,0.00,1.63,1.63,1.63,1.63,1.63,1.63,1.63,1.63,1.63,1.63,4.53,4.54,4.54,4.54,4.55,4.55,4.56,4.56,4.57,4.57,0.00,0.00,1.00,0.00,0.00,0.00,0.00,-1.00,0,None,0,aggregation
160,208.54,remora0,remora6,0.00,0.00,0.00,0.00,0.00,0.00,0.00,0.00,0.00,0.00,0.00,0.00,0.00,0.00,0.00,0.00,0.00,0.00,0.00,0.00,1.63,1.63,1.63,1.63,1.63,1.63,1.63,1.63,1.63,1.63,4.57,4.58,4.58,4.59,4.59,4.60,4.60,4.61,4.61,4.62,0.00,0.00,1.00,0.00,0.00,0.00,0.00,-1.00,0,None,0,aggregation
160,209.54,remora0,remora6,0.00,0.00,0.00,0.00,0.00,0.00,0.00,0.00,0.00,0.00,0.00,0.00,0.00,0.00,0.00,0.00,0.00,0.00,0.00,0.00,1.63,1.63,1.63,1.63,1.63,1.63,1.63,1.63,1.63,1.63,4.62,4.63,4.63,4.64,4.64,4.65,4.65,4.66,4.66,4.67,0.00,0.00,1.00,0.00,0.00,0.00,0.00,-1.00,0,None,0,aggregation
160,210.54,remora0,remora6,0.00,0.00,0.00,0.00,0.00,0.00,0.00,0.00,0.00,0.00,0.00,0.00,0.00,0.00,0.00,0.00,0.00,0.00,0.00,0.00,1.63,1.63,1.63,1.63,1.63,1.63,1.63,1.63,1.63,1.63,4.67,4.68,4.68,4.69,4.69,4.70,4.70,4.71,4.71,4.72,0.00,0.00,1.00,0.00,0.00,0.00,0.00,-1.00,0,None,0,aggregation
160,211.54,remora0,remora6,0.00,0.00,0.00,0.00,0.00,0.00,0.00,0.00,0.00,0.00,0.00,0.00,0.00,0.00,0.00,0.00,0.00,0.00,0.00,0.00,1.63,1.63,1.63,1.63,1.63,1.63,1.63,1.63,1.63,1.63,4.73,4.73,4.74,4.74,4.75,4.76,4.76,4.77,4.78,4.78,0.00,0.00,1.00,0.00,0.00,0.00,0.00,-1.00,0,None,0,aggregation
160,212.54,remora0,remora6,0.00,0.00,0.00,0.00,0.00,0.00,0.00,0.00,0.00,0.00,0.00,0.00,0.00,0.00,0.00,0.00,0.00,0.00,0.00,0.00,1.63,1.63,1.63,1.63,1.63,1.63,1.63,1.63,1.63,1.63,4.79,4.80,4.80,4.81,4.82,4.82,4.83,4.83,4.84,4.85,0.00,0.00,1.00,0.00,0.00,0.00,0.00,-1.00,0,None,0,aggregation
160,213.54,remora0,remora6,0.00,0.00,0.00,0.00,0.00,0.00,0.00,0.00,0.00,0.00,0.00,0.00,0.00,0.00,0.00,0.00,0.00,0.00,0.00,0.00,1.63,1.63,1.63,1.63,1.63,1.63,1.63,1.63,1.63,1.63,4.86,4.86,4.87,4.87,4.88,4.89,4.90,4.90,4.91,4.91,0.00,0.00,1.00,0.00,0.00,0.00,0.00,-1.00,0,None,0,aggregation
160,214.54,remora0,remora6,0.00,0.00,0.00,0.00,0.00,0.00,0.00,0.00,0.00,0.00,0.00,0.00,0.00,0.00,0.00,0.00,0.00,0.00,0.00,0.00,1.63,1.63,1.63,1.63,1.63,1.63,1.63,1.63,1.63,1.63,4.92,4.93,4.94,4.94,4.95,4.95,4.96,4.97,4.98,4.99,0.00,0.00,1.00,0.00,0.00,0.00,0.00,-1.00,0,None,0,aggregation
160,215.54,remora0,remora6,0.00,0.00,0.00,0.00,0.00,0.00,0.00,0.00,0.00,0.00,0.00,0.00,0.00,0.00,0.00,0.00,0.00,0.00,0.00,0.00,1.63,1.63,1.63,1.63,1.63,1.63,1.63,1.63,1.63,1.63,4.99,5.00,5.00,5.01,5.01,5.02,5.03,5.04,5.05,5.05,0.00,0.00,1.00,0.00,0.00,0.00,0.00,-1.00,0,None,0,aggregation
160,216.54,remora0,remora6,0.00,0.00,0.00,0.00,0.00,0.00,0.00,0.00,0.00,0.00,0.00,0.00,0.00,0.00,0.00,0.00,0.00,0.00,0.00,0.00,1.63,1.63,1.63,1.63,1.63,1.63,1.63,1.63,1.63,1.63,5.06,5.07,5.07,5.08,5.08,5.09,5.10,5.10,5.11,5.12,0.00,0.00,1.00,0.00,0.00,0.00,0.00,-1.00,0,None,0,aggregation
160,217.54,remora0,remora6,0.00,0.00,0.00,0.00,0.00,0.00,0.00,0.00,0.00,0.00,0.00,0.00,0.00,0.00,0.00,0.00,0.00,0.00,0.00,0.00,1.63,1.63,1.63,1.63,1.63,1.63,1.63,1.63,1.63,1.63,5.13,5.14,5.14,5.15,5.15,5.16,5.17,5.17,5.18,5.19,0.00,0.00,1.00,0.00,0.00,0.00,0.00,-1.00,0,None,0,aggregation
160,218.54,remora0,remora6,0.00,0.00,0.00,0.00,0.00,0.00,0.00,0.00,0.00,0.00,0.00,0.00,0.00,0.00,0.00,0.00,0.00,0.00,0.00,0.00,1.63,1.63,1.63,1.63,1.63,1.63,1.63,1.63,1.63,1.63,5.19,5.20,5.21,5.22,5.22,5.23,5.24,5.24,5.25,5.26,0.00,0.00,1.00,0.00,0.00,0.00,0.00,-1.00,0,None,0,aggregation
160,219.54,remora0,remora6,0.00,0.00,0.00,0.00,0.00,0.00,0.00,0.00,0.00,0.00,0.00,0.00,0.00,0.00,0.00,0.00,0.00,0.00,0.00,0.00,1.63,1.63,1.63,1.63,1.63,1.63,1.63,1.63,1.63,1.63,5.26,6.21,6.21,6.21,6.21,6.21,6.21,6.21,6.21,6.21,0.00,0.00,1.00,0.00,0.00,0.00,0.00,-1.00,0,None,0,aggregation
160,220.54,remora0,remora6,0.00,0.00,0.00,0.00,0.00,0.00,0.00,0.00,0.00,0.00,0.00,0.00,0.00,0.00,0.00,0.00,0.00,0.00,0.00,0.00,1.63,1.63,1.63,1.63,1.63,1.63,1.63,1.63,1.63,1.63,5.26,5.25,5.24,5.23,5.22,5.22,5.21,5.20,5.20,5.19,0.00,0.00,1.00,0.00,0.00,0.00,0.00,-1.00,0,None,0,aggregation
160,221.54,remora0,remora6,0.00,0.00,0.00,0.00,0.00,0.00,0.00,0.00,0.00,0.00,0.00,0.00,0.00,0.00,0.00,0.00,0.00,0.00,0.00,0.00,1.63,1.63,1.63,1.63,1.63,1.63,1.63,1.63,1.63,1.63,5.18,5.17,5.16,5.15,5.15,5.14,5.13,5.12,5.11,5.11,0.00,0.00,1.00,0.00,0.00,0.00,0.00,-1.00,0,None,0,aggregation
160,222.54,remora0,remora6,0.00,0.00,0.00,0.00,0.00,0.00,0.00,0.00,0.00,0.00,0.00,0.00,0.00,0.00,0.00,0.00,0.00,0.00,0.00,0.00,1.63,1.64,1.64,1.64,1.64,1.64,1.64,1.64,1.64,1.64,5.10,5.09,5.08,5.81,5.80,5.79,5.78,5.77,5.76,5.75,0.00,0.00,1.00,0.00,0.00,0.00,0.00,-1.00,0,None,0,aggregation
160,223.54,remora0,remora6,0.00,0.00,0.00,0.00,0.00,0.00,0.00,0.00,0.00,0.00,0.00,0.00,0.00,0.00,0.00,0.00,0.00,0.00,0.00,0.00,1.64,1.64,1.64,1.64,1.64,1.64,1.64,1.64,1.64,1.64,5.74,5.72,5.71,5.70,5.68,5.67,5.67,5.66,5.65,5.63,0.00,0.00,1.00,0.00,0.00,0.00,0.00,-1.00,0,None,0,aggregation
160,224.54,remora0,remora6,0.00,0.00,0.00,0.00,0.00,0.00,0.00,0.00,0.00,0.00,0.00,0.00,0.00,0.00,0.00,0.00,0.00,0.00,0.00,0.00,1.64,1.64,1.64,1.64,1.64,1.64,1.64,1.64,1.64,1.64,5.62,5.61,5.59,5.58,5.57,5.56,5.55,5.53,5.52,5.51,0.00,0.00,1.00,0.00,0.00,0.00,0.00,-1.00,0,None,0,aggregation
160,225.54,remora0,remora6,0.00,0.00,0.00,0.00,0.00,0.00,0.00,0.00,0.00,0.00,0.00,0.00,0.00,0.00,0.00,0.00,0.00,0.00,0.00,0.00,1.64,1.64,1.64,1.64,1.64,1.64,1.64,1.64,1.64,1.64,5.49,5.48,5.48,5.47,5.45,5.44,5.43,5.41,5.40,5.38,0.00,0.00,1.00,0.00,0.00,0.00,0.00,-1.00,0,None,0,aggregation
160,226.54,remora0,remora6,0.00,0.00,0.00,0.00,0.00,0.00,0.00,0.00,0.00,0.00,0.00,0.00,0.00,0.00,0.00,0.00,0.00,0.00,0.00,0.00,1.64,1.64,1.64,1.64,1.64,1.64,1.64,1.64,1.64,1.64,5.37,5.36,5.35,5.34,5.32,5.31,5.30,5.29,5.28,5.27,0.00,0.00,1.00,0.00,0.00,0.00,0.00,-1.00,0,None,0,aggregation
160,227.54,remora0,remora6,0.00,0.00,0.00,0.00,0.00,0.00,0.00,0.00,0.00,0.00,0.00,0.00,0.00,0.00,0.00,0.00,0.00,0.00,0.00,0.00,1.64,1.64,1.64,1.64,1.64,1.64,1.64,1.64,1.64,1.64,5.26,5.24,5.23,5.22,5.20,5.19,5.17,5.16,5.14,5.13,0.00,0.00,1.00,0.00,0.00,0.00,0.00,-1.00,0,None,0,aggregation
160,228.54,remora0,remora6,0.00,0.00,-23.45,-23.45,-22.74,-22.74,-21.53,-21.53,-20.28,-20.28,0.00,0.00,-12.98,-12.98,-12.28,-12.28,-11.06,-11.06,-9.82,-9.82,1.64,1.64,6.31,6.31,6.30,6.30,6.28,6.26,6.24,6.22,5.11,5.10,6.81,6.80,6.79,6.78,6.76,6.74,6.73,6.71,13.41,0.00,0.00,0.00,0.00,0.00,0.00,-1.00,0,None,0,aggregation
160,229.54,remora0,remora6,-18.63,-18.63,-17.06,-17.06,-15.43,-15.43,-13.65,-13.65,-11.72,-11.72,-8.16,-8.16,-6.59,-6.59,-4.97,-4.97,-3.19,-3.19,-1.26,-1.26,6.20,6.18,6.17,6.17,6.15,6.12,6.11,6.11,6.11,6.11,6.69,6.67,6.65,6.64,6.63,6.60,6.58,6.57,6.56,6.55,23.48,0.00,0.00,0.00,0.00,0.00,0.00,-1.00,0,None,0,aggregation
160,230.54,remora0,remora6,-9.93,-9.93,-7.99,-7.99,-6.07,-6.07,-4.04,-4.04,-1.79,-1.79,0.54,0.54,2.47,2.47,4.40,4.40,6.19,6.19,7.99,7.99,6.11,6.10,6.10,6.10,6.10,6.10,6.09,6.09,6.08,6.08,6.54,6.53,6.51,6.50,6.48,6.47,6.45,6.44,6.42,6.40,25.97,0.00,0.00,0.00,0.00,0.00,0.00,-1.00,0,None,0,aggregation
160,231.54,remora0,remora6,0.28,0.28,2.28,2.28,4.08,4.08,5.86,5.86,7.56,7.56,9.64,9.64,11.23,11.23,12.66,12.66,14.07,14.07,15.41,15.41,6.06,6.03,6.00,5.97,5.94,5.90,5.87,5.83,5.80,5.76,6.38,6.34,6.31,6.28,6.24,6.21,6.17,6.14,6.10,6.06,34.28,0.00,0.00,0.00,0.00,0.00,0.00,-1.00,0,None,0,aggregation
160,232.54,remora0,remora6,9.08,9.08,10.41,10.41,11.83,11.83,13.03,13.03,14.26,14.26,16.60,16.60,17.63,17.63,18.74,18.74,19.66,19.66,20.60,20.60,5.73,5.69,5.65,5.61,5.57,5.53,5.49,5.45,5.41,5.37,6.03,5.99,5.95,5.91,5.87,5.83,5.79,5.75,5.71,5.66,49.46,0.00,0.00,1.00,0.00,0.00,0.00,-1.00,0,None,0,aggregation
160,233.54,remora0,remora6,15.13,15.13,16.20,16.20,16.99,16.99,17.46,17.46,17.84,17.84,21.25,21.25,22.06,22.06,22.65,22.65,23.00,23.00,23.28,23.28,5.33,5.28,5.24,5.19,5.15,5.10,5.07,5.05,5.02,4.98,5.62,5.58,5.54,5.49,5.45,5.41,5.37,5.34,5.30,5.26,69.05,0.00,0.00,1.00,0.00,0.00,0.00,-1.00,0,None,0,aggregation
160,234.54,remora0,remora6,18.10,18.10,18.26,18.26,18.31,18.31,18.01,18.01,17.84,17.84,23.47,23.47,23.58,23.58,23.62,23.62,23.40,23.40,23.27,23.27,4.93,4.88,4.84,4.79,4.75,4.70,4.65,4.61,4.56,4.51,5.22,5.19,5.16,5.12,5.08,5.04,5.00,4.96,4.91,4.87,89.83,0.00,0.00,1.00,0.00,0.00,0.00,-1.00,0,None,0,aggregation
160,235.54,remora0,remora6,17.03,17.03,16.84,16.84,16.31,16.31,15.83,15.83,15.10,15.10,22.68,22.68,22.54,22.54,22.14,22.14,21.79,21.79,21.23,21.23,4.46,4.42,4.37,4.32,4.28,4.23,4.18,4.14,4.09,4.04,4.83,4.79,4.75,4.71,4.67,4.63,4.59,4.56,4.52,4.48,108.98,0.00,0.00,1.00,0.00,0.00,0.00,-1.00,0,None,0,aggregation
160,236.54,remora0,remora6,14.80,14.80,13.88,13.88,13.12,13.12,12.70,12.70,12.19,12.19,21.01,21.01,20.31,20.31,19.73,19.73,19.41,19.41,19.01,19.01,4.00,3.95,3.91,3.86,3.82,2.67,2.69,2.71,2.73,2.75,4.44,4.40,4.37,4.33,4.30,3.73,3.71,3.70,3.68,3.66,125.60,0.00,0.00,1.00,0.00,0.00,0.00,-1.00,0,None,0,aggregation
160,237.54,remora0,remora6,11.59,11.59,11.18,11.18,10.98,10.98,10.89,10.89,10.68,10.68,18.55,18.55,18.23,18.23,18.08,18.08,18.00,18.00,17.84,17.84,2.77,2.79,2.81,2.83,2.85,2.87,2.89,2.91,2.93,2.96,3.65,3.63,3.62,3.60,3.59,3.57,3.56,3.55,3.53,3.52,140.20,0.00,1.00,1.00,0.00,0.00,0.00,-1.00,0,None,0,aggregation
160,238.54,remora0,remora6,10.58,10.58,10.49,10.49,10.72,10.72,11.07,11.07,11.18,11.18,17.77,17.77,17.69,17.69,17.87,17.87,18.15,18.15,18.23,18.23,2.98,3.00,3.03,3.00,2.96,2.92,2.88,2.84,2.80,2.76,3.51,3.50,3.48,3.47,3.46,3.45,3.44,3.43,3.42,3.41,141.16,0.00,1.00,1.00,0.00,0.00,0.00,-1.00,0,None,0,aggregation
160,239.54,remora0,remora6,11.56,11.56,11.89,11.89,12.14,12.14,12.63,12.63,13.16,13.16,18.52,18.52,18.78,18.78,18.97,18.97,19.35,19.35,19.76,19.76,2.72,2.69,2.65,2.61,2.57,2.53,2.49,2.46,2.42,2.38,3.41,3.40,3.39,3.38,3.38,3.37,3.36,3.36,3.35,3.35,146.77,0.00,1.00,1.00,0.00,0.00,0.00,-1.00,0,None,0,aggregation
160,240.54,remora0,remora6,13.67,13.67,14.28,14.28,14.91,14.91,15.59,15.59,16.32,16.32,20.15,20.15,20.61,20.61,21.09,21.09,21.60,21.60,22.15,22.15,2.35,2.31,2.28,2.24,2.21,2.17,2.14,2.11,2.08,2.05,3.35,3.34,3.34,3.34,3.34,3.34,3.34,3.34,3.34,3.34,162.32,0.00,1.00,1.00,0.00,0.00,0.00,-1.00,0,None,0,aggregation
160,241.54,remora0,remora6,17.19,17.19,17.77,17.77,18.62,18.62,19.51,19.51,20.23,20.23,22.80,22.80,23.22,23.22,23.84,23.84,24.49,24.49,25.00,25.00,2.02,1.99,1.96,1.93,1.91,1.88,1.86,1.83,1.81,1.79,3.34,3.34,3.34,3.35,3.35,3.36,3.36,3.37,3.38,3.38,175.28,0.00,1.00,1.00,0.00,0.00,0.00,-1.00,0,None,0,aggregation
160,242.54,remora0,remora6,20.92,20.92,21.86,21.86,22.63,22.63,23.44,23.44,24.22,24.22,25.49,25.49,26.15,26.15,26.67,26.67,27.21,27.21,27.72,27.72,1.77,1.75,1.73,1.72,1.70,1.69,1.68,1.67,1.67,1.68,2.93,2.92,2.91,2.90,2.90,2.89,2.89,2.89,2.89,2.89,184.72,0.00,1.00,1.00,0.00,0.00,0.00,-1.00,0,None,0,aggregation
160,243.54,remora0,remora6,24.82,24.82,25.26,25.26,-17.72,-17.72,-17.60,-17.60,-17.31,-17.31,28.09,28.09,28.36,28.36,-2.02,-2.02,-1.90,-1.90,-1.61,-1.61,1.69,1.71,1.73,1.74,1.75,1.74,1.73,1.73,1.72,1.71,2.90,2.91,2.93,2.94,2.94,2.92,2.90,2.88,2.87,2.85,181.61,0.00,1.00,1.00,1.00,1.00,0.00,-1.00,0,None,0,aggregation
160,131.54,remora0,remora4,-9.47,-9.47,13.69,13.69,13.02,13.02,14.60,14.60,16.48,16.48,6.23,6.23,5.38,5.38,4.53,4.53,6.54,6.54,8.92,8.92,3.89,3.86,3.84,3.82,3.80,3.78,3.76,3.74,3.72,3.70,6.63,6.62,6.61,6.60,6.59,6.58,6.58,6.57,6.56,6.56,62.04,0.00,0.00,1.00,0.00,0.00,0.00,-1.00,0,None,0,aggregation
160,132.54,remora0,remora4,18.01,18.01,-10.19,-10.19,-9.74,-9.74,16.57,16.57,16.35,16.35,10.90,10.90,5.51,5.51,5.96,5.96,9.05,9.05,8.76,8.76,3.69,3.67,3.65,3.62,3.60,3.57,3.55,3.53,3.51,3.50,6.55,6.54,6.54,6.52,6.51,6.50,6.49,6.49,6.48,6.48,64.47,0.00,0.00,1.00,1.00,0.00,1.00,-1.00,0,None,0,aggregation
160,133.54,remora0,remora4,17.80,17.80,19.20,19.20,-9.82,-9.82,19.70,19.70,19.65,-9.60,10.63,10.63,12.44,12.44,5.88,5.88,13.08,13.08,13.03,6.10,3.48,3.47,3.46,3.45,3.43,3.41,3.39,3.38,3.37,3.37,6.47,6.46,6.46,6.46,6.45,6.44,6.43,6.43,6.43,6.43,70.87,0.00,0.00,1.00,1.00,0.00,1.00,-1.00,0,None,0,aggregation
160,134.54,remora0,remora4,-9.60,-9.60,-8.98,-8.98,-8.98,-8.98,15.68,15.68,16.05,16.05,6.10,6.10,6.72,6.72,6.72,6.72,7.91,7.91,8.38,8.38,3.35,3.33,3.30,3.28,3.26,3.24,3.23,3.22,3.21,3.20,6.42,6.41,6.40,6.40,6.39,6.38,6.37,6.37,6.36,6.36,70.84,0.00,0.00,1.00,0.00,0.00,0.00,-1.00,0,None,0,aggregation
160,135.54,remora0,remora4,17.29,17.29,18.90,18.90,19.98,19.98,21.05,21.05,22.06,22.06,9.97,9.97,12.05,12.05,13.46,13.46,14.86,14.86,16.20,16.20,3.20,3.19,3.19,3.18,3.18,3.18,3.18,3.19,3.19,3.19,6.36,6.35,6.35,6.35,6.35,6.35,6.35,6.35,6.35,6.35,82.58,0.00,0.00,1.00,0.00,0.00,0.00,-1.00,0,None,0,aggregation
160,136.54,remora0,remora4,23.00,23.00,23.86,23.86,24.52,24.52,-10.55,-10.55,-10.06,-10.06,17.46,17.46,18.64,18.64,19.56,19.56,5.14,5.14,5.64,5.64,3.20,3.21,3.21,3.22,3.23,3.24,3.24,3.23,3.22,3.21,6.36,6.36,6.36,6.37,6.37,6.38,6.38,6.38,6.37,6.37,90.30,0.00,0.00,1.00,1.00,0.00,1.00,-1.00,0,None,0,aggregation
160,137.54,remora0,remora4,-9.06,-9.06,21.24,21.24,21.05,21.05,21.90,21.90,22.72,22.72,6.63,6.63,15.11,15.11,14.86,14.86,15.99,15.99,17.08,17.08,3.20,3.19,3.19,3.20,3.21,3.22,3.24,3.25,3.26,3.28,6.36,6.36,6.36,6.36,6.37,6.37,6.37,6.38,6.39,6.39,98.89,0.00,0.00,1.00,0.00,0.00,0.00,-1.00,0,None,0,aggregation
160,138.54,remora0,remora4,23.63,23.63,24.22,24.22,-9.74,-9.74,-9.24,-9.24,22.21,22.21,18.32,18.32,19.14,19.14,5.96,5.96,6.46,6.46,16.41,16.41,3.30,3.32,3.33,3.36,3.36,3.36,3.36,3.36,3.37,3.39,6.40,6.41,6.42,6.43,6.43,6.43,6.43,6.43,6.43,6.44,106.54,0.00,0.00,1.00,1.00,0.00,1.00,-1.00,0,None,0,aggregation
160,139.54,remora0,remora4,21.99,21.99,22.67,22.67,23.35,23.35,24.00,24.00,24.45,24.45,16.10,16.10,17.02,17.02,17.94,17.94,18.83,18.83,19.45,19.45,3.41,3.43,3.46,3.48,3.51,3.53,3.56,3.59,3.62,3.65,6.44,6.45,6.46,6.47,6.48,6.49,6.50,6.51,6.53,6.54,120.82,0.00,0.00,1.00,0.00,0.00,0.00,-1.00,0,None,0,aggregation
160,140.54,remora0,remora4,-9.70,-9.70,-9.32,-9.32,-8.32,-8.32,20.33,20.33,19.89,19.89,6.00,6.00,6.38,6.38,7.37,7.37,13.91,13.91,13.33,13.33,3.67,3.68,3.69,3.70,3.71,3.72,3.74,3.77,3.80,3.83,6.55,6.55,6.55,6.56,6.56,6.56,6.57,6.58,7.16,7.16,121.19,0.00,0.00,1.00,1.00,0.00,1.00,-1.00,0,None,0,aggregation
160,141.54,remora0,remora4,20.30,20.30,20.82,20.82,21.13,21.13,21.57,21.57,21.74,21.87,13.88,13.88,14.55,14.55,14.96,14.96,15.55,15.55,15.77,15.95,3.86,3.90,3.93,3.96,4.00,4.03,4.07,4.10,4.14,4.18,7.17,7.17,7.18,7.18,7.19,7.20,7.20,7.21,7.22,7.23,130.59,0.00,0.00,1.00,0.00,0.00,0.00,-1.00,0,None,0,aggregation
160,142.54,remora0,remora4,21.87,21.87,21.80,21.80,22.02,22.02,-10.73,-10.73,-10.25,-10.25,15.95,15.95,15.86,15.86,16.15,16.15,4.97,4.97,5.44,5.44,4.22,4.26,4.30,4.33,4.37,4.41,4.44,4.46,4.48,4.50,7.24,7.24,7.25,7.26,7.27,7.29,7.29,7.29,7.29,7.29,134.20,0.00,0.00,1.00,1.00,0.00,1.00,-1.00,0,None,0,aggregation
160,143.54,remora0,remora4,17.22,17.22,16.11,16.11,-9.66,-9.66,14.16,14.16,13.20,13.20,9.87,9.87,8.46,8.46,6.04,6.04,5.98,5.98,4.76,4.76,4.53,4.57,4.60,4.64,4.67,4.69,4.72,4.75,4.79,4.82,7.30,7.31,7.31,7.32,7.32,7.32,7.32,7.32,7.32,7.33,132.05,0.00,0.00,1.00,1.00,0.00,1.00,-1.00,0,None,0,aggregation
160,144.54,remora0,remora4,13.58,13.58,-10.22,-10.22,12.60,12.60,10.88,10.88,12.12,12.12,5.24,5.24,5.47,5.47,4.00,4.00,1.84,1.84,3.39,3.39,4.85,4.89,4.91,4.94,4.96,4.99,5.01,5.02,5.02,5.03,7.33,7.33,7.33,7.33,7.33,7.33,7.33,7.33,7.33,7.32,133.29,0.00,0.00,1.00,1.00,0.00,1.00,-1.00,0,None,0,aggregation
160,145.54,remora0,remora4,-10.74,-10.74,-10.41,-10.41,10.99,10.99,10.97,10.97,12.61,12.61,4.96,4.96,5.29,5.29,1.98,1.98,1.95,1.95,4.01,4.01,5.02,5.02,5.01,5.01,5.01,5.01,5.02,5.02,5.03,5.03,7.32,7.31,7.31,7.30,7.29,7.29,7.29,7.28,7.28,7.28,122.05,0.00,0.00,1.00,1.00,0.00,1.00,-1.00,0,None,0,aggregation
160,146.54,remora0,remora4,14.14,14.14,-10.89,-10.48,-10.48,-10.48,12.00,12.00,12.02,12.02,5.95,5.95,4.81,5.22,5.22,5.22,3.25,3.25,3.27,3.27,5.04,5.05,5.06,5.06,5.05,5.05,5.06,5.06,5.07,5.08,7.28,7.28,7.28,7.28,7.28,7.28,7.28,7.28,7.28,7.28,114.52,0.00,0.00,1.00,1.00,0.00,1.00,-1.00,0,None,0,aggregation
160,147.54,remora0,remora4,13.62,13.62,15.24,15.24,-10.98,-10.98,-10.63,-10.63,12.96,12.96,5.29,5.29,7.35,7.35,4.72,4.72,5.06,5.06,4.45,4.45,5.10,5.11,5.12,5.14,5.15,5.16,5.16,5.17,5.18,5.20,7.29,7.29,7.29,7.30,7.30,7.30,7.29,7.29,7.29,7.30,106.35,0.00,0.00,1.00,1.00,0.00,1.00,-1.00,0,None,0,aggregation
160,148.54,remora0,remora4,12.31,12.31,13.46,13.46,-10.53,-10.53,-10.12,-10.12,11.50,11.50,3.64,3.64,5.08,5.08,5.16,5.16,5.58,5.58,2.61,2.61,5.22,5.23,5.25,5.28,5.29,5.30,5.31,5.31,5.31,5.31,7.30,7.30,7.30,7.31,7.31,7.31,7.31,7.30,7.30,7.30,99.15,0.00,0.00,1.00,1.00,0.00,1.00,-1.00,0,None,0,aggregation
160,149.54,remora0,remora4,11.68,11.68,13.28,14.68,14.68,-10.71,-10.71,-10.71,15.02,15.02,2.84,2.84,4.86,6.63,6.63,4.98,4.98,4.98,7.07,7.07,5.32,5.32,5.33,5.35,5.37,5.39,5.40,5.41,5.43,5.45,7.30,7.30,7.31,7.31,7.32,7.34,7.34,6.81,6.81,6.81,86.13,0.00,0.00,1.00,1.00,0.00,1.00,-1.00,0,None,0,aggregation
160,150.54,remora0,remora4,14.50,14.50,-10.52,-10.52,-10.09,-10.09,12.39,12.39,11.86,11.86,6.41,6.41,5.18,5.18,5.61,5.61,3.74,3.74,3.07,3.07,5.48,5.50,5.52,5.53,5.54,5.54,5.54,5.55,5.56,5.56,6.82,6.83,6.84,6.84,6.84,6.83,6.83,6.83,6.82,6.83,84.80,0.00,0.00,1.00,1.00,0.00,1.00,-1.00,0,None,0,aggregation
160,151.54,remora0,remora4,13.46,13.46,15.02,15.02,-10.51,-10.51,-10.16,-10.16,12.93,12.93,5.08,5.08,7.07,7.07,5.18,5.18,5.54,5.54,4.42,4.42,5.55,5.54,5.54,5.53,5.52,5.51,5.50,5.50,5.49,5.47,6.83,6.84,6.84,6.85,6.85,6.85,6.85,6.84,6.84,6.85,73.55,0.00,0.00,1.00,1.00,0.00,1.00,-1.00,0,None,0,aggregation
160,152.54,remora0,remora4,11.68,11.68,13.10,13.10,14.68,14.68,16.04,-10.77,-10.77,-10.77,2.84,2.84,4.64,4.64,6.63,6.63,8.36,4.93,4.93,4.93,5.46,5.44,5.43,5.41,5.40,5.39,5.38,5.37,5.35,5.35,6.85,6.85,6.86,6.86,6.87,6.88,6.88,6.89,6.89,6.89,68.58,0.00,0.00,1.00,1.00,0.00,1.00,-1.00,0,None,0,aggregation
160,153.54,remora0,remora4,-10.27,-10.27,13.28,12.93,12.93,12.93,14.33,14.33,-10.15,-10.15,5.43,5.43,4.86,4.42,4.42,4.42,6.19,6.19,5.55,5.55,5.34,5.34,5.34,5.33,5.32,5.31,5.29,5.28,5.27,5.26,6.90,6.90,6.91,6.92,6.93,6.93,6.94,6.95,6.96,6.97,65.75,0.00,0.00,1.00,1.00,0.00,1.00,-1.00,0,None,0,aggregation
160,154.54,remora0,remora4,14.33,14.33,14.33,14.33,-10.19,-10.19,-9.76,-9.76,11.11,11.11,6.19,6.19,6.19,6.19,5.51,5.51,5.94,5.94,2.12,2.12,5.25,5.23,5.22,5.21,5.20,5.20,5.20,5.19,5.18,5.17,6.98,6.99,7.00,6.25,6.25,6.25,6.25,6.25,6.25,6.25,65.19,0.00,0.00,1.00,1.00,0.00,1.00,-1.00,0,None,0,aggregation
160,155.54,remora0,remora4,10.62,10.62,11.66,11.66,13.09,13.09,14.34,14.34,-10.94,-10.88,1.51,1.51,2.82,2.82,4.62,4.62,6.21,6.21,4.76,4.82,5.16,5.15,5.15,5.14,5.14,5.12,5.11,5.10,5.09,5.09,6.26,6.26,6.27,6.27,6.28,6.29,6.30,6.31,6.32,6.32,66.94,0.00,0.00,1.00,1.00,0.00,1.00,-1.00,0,None,0,aggregation
160,156.54,remora0,remora4,-10.88,-10.88,11.75,11.75,11.02,11.02,11.97,11.97,-10.93,-10.93,4.82,4.82,2.93,2.93,2.01,2.01,3.21,3.21,4.77,4.77,5.08,5.08,5.07,5.06,5.05,5.04,5.03,5.03,5.03,5.03,6.32,6.32,6.32,6.32,6.32,6.33,6.34,6.35,6.36,6.36,66.30,0.00,0.00,1.00,1.00,0.00,1.00,-1.00,0,None,0,aggregation
160,157.54,remora0,remora4,-10.52,-10.52,9.10,9.10,8.82,8.82,9.94,9.94,9.94,11.83,5.18,5.18,-0.40,-0.40,-0.74,-0.74,0.66,0.66,0.66,3.03,5.03,5.02,5.01,5.01,5.00,4.99,4.99,4.98,4.98,4.97,6.37,6.38,6.38,6.39,6.40,6.40,6.41,6.41,6.42,6.43,63.77,0.00,0.00,1.00,0.00,0.00,0.00,-1.00,0,None,0,aggregation
160,158.54,remora0,remora4,12.72,12.72,-11.81,-11.81,-11.49,-11.49,10.06,10.06,9.94,9.94,4.15,4.15,3.89,3.89,4.21,4.21,0.81,0.81,0.66,0.66,4.96,4.95,4.94,4.94,4.94,4.94,4.93,4.93,4.92,4.92,6.44,6.45,6.46,6.47,6.48,6.49,6.50,6.51,6.52,6.53,63.28,0.00,0.00,1.00,0.00,0.00,0.00,-1.00,0,None,0,aggregation
160,159.54,remora0,remora4,11.39,11.39,-11.58,-11.58,11.40,11.40,10.75,10.75,-11.64,-11.64,2.48,2.48,4.12,4.12,2.49,2.49,1.67,1.67,4.06,4.06,4.91,4.90,4.90,4.89,4.89,4.89,4.88,4.87,4.87,4.87,6.54,6.54,6.55,6.56,6.58,6.59,6.61,6.62,6.64,6.64,61.24,0.00,0.00,1.00,0.00,0.00,0.00,-1.00,0,None,0,aggregation
160,160.54,remora0,remora4,-11.25,-11.25,8.43,8.42,8.42,8.42,9.98,9.98,11.53,11.53,4.45,4.45,-1.23,-1.24,-1.24,-1.24,0.70,0.70,2.65,2.65,4.86,4.86,4.86,4.85,4.85,4.85,4.85,4.84,4.83,4.82,6.64,6.65,6.65,6.66,6.67,6.68,6.69,6.70,6.72,6.73,59.66,0.00,0.00,1.00,0.00,0.00,0.00,-1.00,0,None,0,aggregation
160,161.54,remora0,remora4,12.58,12.58,-12.52,-12.52,-12.14,-12.14,10.41,10.41,10.37,10.37,3.98,3.98,3.17,3.17,3.55,3.55,1.25,1.25,1.19,1.19,4.82,4.81,4.80,4.80,4.80,4.80,4.80,4.79,4.78,4.77,6.75,6.76,6.78,6.79,6.80,6.81,6.83,6.84,6.86,6.87,58.64,0.00,0.00,1.00,0.00,0.00,0.00,-1.00,0,None,0,aggregation
160,162.54,remora0,remora4,11.62,11.62,-12.29,-11.98,-11.98,-11.98,9.98,9.98,9.40,9.40,2.76,2.76,3.41,3.72,3.72,3.72,0.70,0.70,-0.02,-0.02,4.77,4.77,4.76,4.77,4.76,4.76,4.76,4.75,4.75,4.74,6.89,6.91,6.92,6.94,6.95,6.96,6.98,6.99,7.01,7.02,56.32,0.00,0.00,1.00,0.00,0.00,0.00,-1.00,0,None,0,aggregation
160,163.54,remora0,remora4,10.51,10.51,12.42,12.42,-12.52,-12.52,-12.21,-12.21,10.60,10.60,1.37,1.37,3.78,3.78,3.18,3.18,3.49,3.49,1.48,1.48,4.73,4.73,4.72,4.72,4.71,4.71,4.71,4.71,4.71,4.70,7.04,7.05,7.06,7.08,7.09,7.10,7.11,7.12,7.14,7.16,55.63,0.00,0.00,1.00,0.00,0.00,0.00,-1.00,0,None,0,aggregation
160,164.54,remora0,remora4,10.53,10.53,12.14,12.14,-12.34,-12.34,-12.10,-12.10,10.56,10.56,1.40,1.40,3.43,3.43,3.36,3.36,3.60,3.60,1.43,1.43,4.69,4.69,4.68,4.67,4.67,4.67,4.67,4.67,4.66,4.66,7.18,7.19,7.21,7.23,7.25,7.26,7.27,7.29,7.30,7.32,55.05,0.00,0.00,1.00,0.00,0.00,0.00,-1.00,0,None,0,aggregation
160,165.54,remora0,remora4,10.19,10.19,11.56,11.56,-12.09,-12.09,12.47,12.47,12.37,-12.19,0.98,0.98,2.70,2.70,3.61,3.61,3.84,3.84,3.72,3.51,4.65,4.65,4.64,4.64,4.64,4.64,4.63,4.63,4.62,4.61,7.33,7.35,7.37,7.38,7.40,7.41,7.43,7.44,7.46,7.48,54.21,0.00,0.00,1.00,0.00,0.00,0.00,-1.00,0,None,0,aggregation
160,166.54,remora0,remora4,-12.19,-12.19,-11.73,-11.73,10.22,10.22,10.43,10.43,11.80,11.80,3.51,3.51,3.97,3.97,1.01,1.01,1.27,1.27,2.99,2.99,4.61,4.61,4.61,4.61,4.60,4.60,4.60,4.59,4.58,4.58,7.49,7.50,7.52,7.53,7.54,7.56,7.57,7.59,7.60,7.62,54.12,0.00,0.00,1.00,0.00,0.00,0.00,-1.00,0,None,0,aggregation
160,167.54,remora0,remora4,-11.79,-11.79,12.53,12.53,12.04,12.04,-11.81,-11.81,-11.42,10.05,3.91,3.91,3.92,3.92,3.30,3.30,3.88,3.88,4.27,0.79,4.57,4.57,4.57,4.57,4.56,4.56,4.55,4.55,4.55,4.55,7.64,7.65,7.66,7.68,7.69,7.71,7.72,7.73,7.75,7.76,55.23,0.00,0.00,1.00,1.00,0.00,1.00,-1.00,0,None,0,aggregation
160,168.54,remora0,remora4,10.05,10.05,10.45,10.45,11.72,11.72,-11.64,-11.64,12.14,12.14,0.79,0.79,1.30,1.30,2.89,2.89,4.06,4.06,3.42,3.42,4.55,4.54,4.54,4.53,4.53,4.52,4.52,4.52,4.52,4.51,7.77,7.78,7.80,7.81,7.83,7.84,7.85,7.86,7.88,7.89,55.91,0.00,0.00,1.00,1.00,0.00,1.00,-1.00,0,None,0,aggregation
160,169.54,remora0,remora4,-11.22,-11.22,11.03,10.98,10.98,-11.34,-11.34,-11.34,-10.88,-10.88,4.48,4.48,2.02,1.97,1.97,4.35,4.35,4.35,4.82,4.82,4.51,4.51,4.51,4.50,4.50,4.49,4.49,4.49,4.49,4.49,7.91,7.92,7.93,7.95,7.97,8.00,8.01,8.02,8.03,8.05,54.67,0.00,0.00,1.00,0.00,0.00,0.00,-1.00,0,None,0,aggregation
160,170.54,remora0,remora4,7.77,7.77,7.58,7.58,9.02,9.02,10.17,10.17,11.55,11.55,-2.05,-2.05,-2.30,-2.30,-0.49,-0.49,0.94,0.94,2.68,2.68,4.49,4.49,4.48,4.48,4.48,4.47,4.47,4.47,4.46,4.46,8.06,8.07,7.43,7.44,7.44,7.45,7.46,7.46,7.47,7.47,54.55,0.00,0.00,1.00,0.00,0.00,0.00,-1.00,0,None,0,aggregation
160,171.54,remora0,remora4,-12.22,-11.85,-11.85,-11.85,8.00,8.00,6.58,6.58,7.30,7.30,3.47,3.85,3.85,3.85,-1.77,-1.77,-3.55,-3.55,-2.64,-2.64,4.46,4.46,4.46,4.45,4.45,4.45,4.45,4.45,4.44,4.44,6.21,6.20,6.19,6.18,6.17,6.16,6.14,6.13,6.12,6.11,51.81,0.00,0.00,1.00,0.00,0.00,0.00,-1.00,0,None,0,aggregation
160,172.54,remora0,remora4,7.79,7.79,8.51,8.51,9.22,9.22,9.39,9.39,-13.97,-13.78,-2.04,-2.04,-1.13,-1.13,-0.24,-0.24,-0.03,-0.03,1.72,1.92,4.44,4.43,4.43,4.42,4.42,4.42,4.41,4.41,4.41,4.41,6.10,6.09,6.08,6.07,6.06,6.05,6.03,6.02,6.01,6.00,51.03,0.00,0.00,1.00,0.00,0.00,0.00,-1.00,0,None,0,aggregation
160,173.54,remora0,remora4,-13.78,-13.78,4.13,4.13,1.94,1.94,2.16,2.16,2.58,2.58,1.92,1.92,-6.34,-6.34,-8.52,-8.52,-8.31,-8.31,-7.89,-7.89,4.41,4.41,4.41,4.41,4.40,4.40,4.39,4.38,4.37,4.37,5.99,5.98,5.97,5.96,5.95,5.93,5.92,5.90,5.89,5.87,48.42,0.00,0.00,1.00,0.00,0.00,0.00,-1.00,0,None,0,aggregation
160,174.54,remora0,remora4,3.06,3.06,3.44,3.44,4.81,4.81,6.54,8.20,8.20,8.20,-7.41,-7.41,-7.02,-7.02,-5.65,-5.65,-3.60,-1.52,-1.52,-1.52,4.36,4.36,4.36,4.36,4.36,4.35,4.34,4.33,4.33,4.33,5.86,5.85,5.84,5.83,5.82,5.80,5.79,5.77,5.76,5.75,44.75,0.00,0.00,0.00,0.00,0.00,0.00,-1.00,0,None,0,aggregation
160,175.54,remora0,remora4,9.86,9.86,11.50,11.50,13.10,13.10,-17.37,-17.37,-17.27,-17.27,0.56,0.56,2.61,2.61,4.64,4.64,-1.68,-1.68,-1.57,-1.57,4.33,4.33,4.32,4.32,4.31,4.30,4.29,4.27,4.26,4.26,5.74,5.73,5.72,5.71,5.70,5.69,5.67,5.65,5.63,5.61,46.51,0.00,0.00,1.00,0.00,0.00,0.00,-1.00,0,None,0,aggregation
160,176.54,remora0,remora4,10.77,10.77,10.41,10.41,11.86,11.86,-17.30,-17.30,11.86,11.86,1.70,1.70,1.25,1.25,3.07,3.07,-1.60,-1.60,3.07,3.07,4.25,4.24,4.23,4.22,4.21,4.20,4.18,4.17,4.16,4.16,5.60,5.58,5.57,5.55,5.54,5.52,5.51,5.48,5.47,5.46,48.38,0.00,0.00,1.00,0.00,0.00,0.00,-1.00,0,None,0,aggregation
160,177.54,remora0,remora4,11.13,11.13,-17.27,-17.27,11.50,11.50,11.13,11.13,-17.32,-17.32,2.16,2.16,-1.57,-1.57,2.61,2.61,2.16,2.16,-1.62,-1.62,4.15,4.14,4.13,4.12,4.10,4.09,4.09,4.09,4.08,4.08,5.45,5.43,5.41,5.39,5.37,5.36,5.35,5.34,5.32,5.31,50.57,0.00,0.00,1.00,0.00,0.00,0.00,-1.00,0,None,0,aggregation
160,178.54,remora0,remora4,-17.21,-17.21,8.94,8.94,8.76,8.76,10.23,11.68,11.68,-17.46,-1.51,-1.51,-0.59,-0.59,-0.82,-0.82,1.02,2.84,2.84,-1.77,4.07,4.06,4.04,4.03,4.02,4.01,4.00,3.98,3.97,3.96,5.29,5.27,5.25,5.23,5.21,5.20,5.18,5.17,5.15,5.14,51.01,0.00,0.00,1.00,1.00,0.00,1.00,-1.00,0,None,0,aggregation
160,179.54,remora0,remora4,-17.46,-17.46,-17.31,-17.31,8.39,8.39,8.02,8.02,9.68,9.68,-1.77,-1.77,-1.62,-1.62,-1.29,-1.29,-1.75,-1.75,0.33,0.33,3.95,3.94,3.92,3.91,3.90,3.89,3.88,3.88,3.87,3.86,5.12,5.10,5.08,5.05,5.04,5.02,5.01,4.99,4.98,4.96,52.89,0.00,0.00,1.00,0.00,0.00,0.00,-1.00,0,None,0,aggregation
160,180.54,remora0,remora4,11.13,11.13,12.57,12.57,-17.66,-17.66,-17.59,10.04,10.04,10.04,2.16,2.16,3.97,3.97,-1.96,-1.96,-1.89,0.79,0.79,0.79,3.86,3.86,3.85,3.84,3.83,3.82,3.81,3.80,3.80,3.80,4.95,4.94,4.93,4.92,4.90,4.88,4.86,4.84,4.83,4.82,55.94,0.00,0.00,1.00,1.00,0.00,1.00,-1.00,0,None,0,aggregation
160,181.54,remora0,remora4,10.23,10.23,11.68,11.68,-17.64,-17.64,-17.55,-17.55,8.76,8.76,1.02,1.02,2.84,2.84,-1.94,-1.94,-1.85,-1.85,-0.82,-0.82,3.79,3.78,3.77,3.76,3.75,3.73,3.72,3.71,3.69,3.68,4.81,4.79,4.78,4.76,4.74,4.72,4.70,4.68,4.66,4.64,60.18,0.00,0.00,1.00,1.00,0.00,1.00,-1.00,0,None,0,aggregation
160,182.54,remora0,remora4,8.02,8.02,9.49,9.49,10.95,10.95,12.21,12.21,-17.78,-17.78,-1.75,-1.75,0.10,0.10,1.93,1.93,3.52,3.52,-2.08,-2.08,3.67,3.66,3.65,3.64,3.63,3.62,3.61,3.61,3.60,3.59,4.63,4.61,4.59,4.58,4.57,4.55,4.54,4.53,4.51,4.49,62.26,0.00,0.00,1.00,1.00,0.00,1.00,-1.00,0,None,0,aggregation
160,183.54,remora0,remora4,-17.71,-17.71,8.94,8.94,8.76,8.76,10.59,10.59,-17.75,-17.75,-2.02,-2.02,-0.59,-0.59,-0.82,-0.82,1.47,1.47,-2.05,-2.05,3.58,3.57,3.56,3.56,3.55,3.55,3.55,3.54,3.53,3.52,4.47,4.45,4.44,4.43,4.41,4.40,4.39,4.38,4.36,4.34,65.84,0.00,0.00,1.00,1.00,0.00,1.00,-1.00,0,None,0,aggregation
160,184.54,remora0,remora4,11.10,11.10,10.74,10.74,-17.77,-17.77,11.52,11.52,11.34,11.34,2.12,2.12,1.66,1.66,-2.07,-2.07,2.64,2.64,2.41,2.41,3.51,3.50,3.50,3.49,3.49,3.48,3.47,3.46,3.45,3.44,4.32,4.31,4.30,4.29,4.27,4.25,4.24,4.23,4.21,4.20,71.15,0.00,0.00,1.00,1.00,0.00,1.00,-1.00,0,None,0,aggregation
160,185.54,remora0,remora4,-17.79,-17.79,-17.73,-17.73,9.10,9.10,9.28,9.28,10.80,10.80,-2.09,-2.09,-2.04,-2.04,-0.39,-0.39,-0.17,-0.17,1.74,1.74,3.44,3.43,3.42,3.42,3.41,4.81,4.79,4.77,4.75,4.73,4.19,4.17,4.15,4.13,4.12,4.81,4.79,4.77,4.75,4.73,70.14,0.00,0.00,1.00,1.00,0.00,1.00,-1.00,0,None,0,aggregation
160,186.54,remora0,remora4,12.14,12.14,-17.82,-17.79,-17.79,-17.79,10.08,10.08,9.67,9.67,3.42,3.42,-2.13,-2.09,-2.09,-2.09,0.83,0.83,0.32,0.32,4.72,4.70,4.68,4.65,4.62,4.60,4.57,4.55,4.54,4.52,4.72,4.70,4.68,4.65,4.62,4.60,4.57,4.55,4.54,4.52,70.48,0.00,0.00,1.00,1.00,0.00,1.00,-1.00,0,None,0,aggregation
160,187.54,remora0,remora4,11.02,11.02,-17.80,-17.80,-17.77,-17.77,8.98,8.98,8.63,8.63,2.01,2.01,-2.10,-2.10,-2.07,-2.07,-0.55,-0.55,-0.98,-0.98,4.50,4.48,4.46,4.43,4.41,4.38,4.36,4.34,4.32,4.30,4.50,4.48,4.46,4.43,4.41,4.38,4.36,4.34,4.32,4.30,69.51,0.00,0.00,1.00,1.00,0.00,1.00,-1.00,0,None,0,aggregation
160,188.54,remora0,remora4,9.99,9.99,11.57,11.57,-17.84,-17.84,11.97,11.97,11.15,11.15,0.72,0.72,2.71,2.71,-2.14,-2.14,3.21,3.21,2.17,2.17,4.28,4.26,4.25,4.23,4.21,4.18,4.16,4.14,4.13,4.11,4.28,4.26,4.25,4.23,4.21,4.18,4.16,4.14,4.13,4.11,70.39,0.00,0.00,1.00,1.00,0.00,1.00,-1.00,0,None,0,aggregation
160,189.54,remora0,remora4,-17.84,-17.84,-17.80,-17.80,8.35,8.35,8.02,8.02,9.34,9.34,-2.14,-2.14,-2.10,-2.10,-1.33,-1.33,-1.75,-1.75,-0.10,-0.10,4.09,10.00,10.00,10.00,10.00,10.00,10.00,10.00,10.00,10.00,4.09,10.00,10.00,10.00,10.00,10.00,10.00,10.00,10.00,10.00,70.47,0.00,0.00,1.00,1.00,0.00,1.00,-1.00,0,None,0,aggregation
160,131.54,remora0,remora2,2.43,2.43,3.97,3.97,3.07,3.07,3.01,3.01,3.52,3.52,-13.26,-13.26,12.57,12.57,11.86,11.86,-12.69,-12.69,12.21,12.21,5.30,5.30,5.30,5.31,5.32,5.33,5.33,5.33,5.34,5.35,7.53,7.52,7.51,7.51,7.50,7.50,7.49,7.48,7.48,7.47,180.51,0.00,0.00,1.00,1.00,0.00,1.00,-1.00,0,None,0,aggregation
160,132.54,remora0,remora2,3.07,3.07,3.06,3.06,3.44,3.44,0.33,0.33,-0.13,-0.13,11.86,11.86,-12.64,-12.64,-12.25,-12.25,9.68,9.68,9.31,9.31,5.36,5.37,5.37,5.38,5.38,5.38,5.39,5.40,5.41,5.42,7.47,7.47,7.46,7.45,7.44,7.44,7.43,7.43,7.42,7.42,157.19,0.00,0.00,1.00,1.00,0.00,1.00,-1.00,0,None,0,aggregation
160,133.54,remora0,remora2,2.16,2.16,3.97,3.97,2.94,2.94,4.64,4.64,4.42,4.42,11.13,11.13,12.57,12.57,-12.76,-12.76,13.10,13.10,12.93,12.93,5.43,5.45,5.46,5.48,5.49,5.49,5.50,5.52,5.54,5.56,7.41,7.41,7.41,7.41,7.40,7.40,7.39,7.39,7.39,7.39,136.72,0.00,0.00,1.00,1.00,0.00,1.00,-1.00,0,None,0,aggregation
160,134.54,remora0,remora2,2.94,3.32,3.32,1.70,1.70,1.70,1.70,1.70,3.97,3.15,-12.75,-12.37,-12.37,10.77,10.77,10.77,10.77,10.77,12.57,-12.55,5.56,5.56,5.55,5.55,5.55,5.56,5.56,5.57,5.58,5.58,7.39,7.38,7.38,7.37,7.37,7.37,7.37,7.37,7.37,7.37,115.84,0.00,0.00,1.00,1.00,0.00,1.00,-1.00,0,None,0,aggregation
160,135.54,remora0,remora2,3.15,3.60,3.60,3.60,0.79,0.79,0.33,0.33,2.16,2.16,-12.55,-12.10,-12.10,-12.10,10.04,10.04,9.68,9.68,11.13,11.13,5.58,5.58,5.58,5.57,5.57,5.58,5.58,5.59,5.59,5.60,7.36,7.36,7.35,7.34,7.34,7.34,7.34,7.34,7.34,7.34,95.85,0.00,0.00,1.00,1.00,0.00,1.00,-1.00,0,None,0,aggregation
160,136.54,remora0,remora2,4.19,4.19,3.03,3.03,3.41,3.41,1.25,1.25,1.25,1.25,12.75,12.75,-12.67,-12.67,-12.29,-12.29,10.41,10.41,10.41,10.41,5.61,5.62,5.62,5.61,5.61,5.60,5.61,5.61,5.62,5.62,7.34,7.34,7.33,7.33,7.32,7.32,7.32,7.32,7.32,7.33,75.52,0.00,0.00,1.00,1.00,0.00,1.00,-1.00,0,None,0,aggregation
160,137.54,remora0,remora2,3.07,3.07,3.28,3.28,3.52,3.07,3.07,3.07,3.31,3.70,11.86,11.86,-12.42,-12.42,12.21,11.86,11.86,11.86,-12.38,-12.00,5.63,5.64,5.64,5.63,5.63,5.64,5.65,5.66,5.66,5.65,7.33,7.34,7.34,7.34,7.34,7.35,7.35,7.36,7.36,7.36,69.93,0.00,0.00,1.00,1.00,0.00,1.00,-1.00,0,None,0,aggregation
160,138.54,remora0,remora2,3.70,3.70,0.10,0.10,0.10,0.10,2.39,2.39,4.19,4.19,-12.00,-12.00,9.49,9.49,9.49,9.49,11.32,11.32,12.75,12.75,5.65,5.64,5.64,5.65,5.65,5.66,5.66,5.67,5.68,5.69,7.36,7.37,7.37,7.37,7.38,7.39,7.40,7.40,7.41,7.42,65.98,0.00,0.00,1.00,1.00,0.00,1.00,-1.00,0,None,0,aggregation
160,139.54,remora0,remora2,3.03,3.03,3.41,3.41,1.70,1.70,1.25,1.25,3.29,3.29,-12.66,-12.66,-12.28,-12.28,10.77,10.77,10.41,10.41,12.04,12.04,5.69,5.68,5.68,5.68,5.68,5.68,5.69,5.69,5.70,5.71,7.42,7.42,7.43,7.43,7.43,7.44,7.44,7.45,7.46,7.46,62.28,0.00,0.00,1.00,1.00,0.00,1.00,-1.00,0,None,0,aggregation
160,140.54,remora0,remora2,5.31,5.31,2.94,2.94,3.26,3.26,3.07,3.07,2.39,2.39,13.63,13.63,-12.76,-12.76,-12.44,-12.44,11.86,11.86,11.32,11.32,5.71,5.72,5.73,5.72,5.72,5.71,5.71,5.71,5.71,5.70,7.47,7.48,7.49,7.50,7.50,7.50,7.51,7.51,7.52,7.53,60.90,0.00,0.00,1.00,1.00,0.00,1.00,-1.00,0,None,0,aggregation
160,141.54,remora0,remora2,4.42,4.42,3.31,3.63,3.63,3.63,1.93,1.93,1.70,1.70,12.93,12.93,-12.39,-12.07,-12.07,-12.07,10.95,10.95,10.77,10.77,5.70,5.70,5.69,5.68,5.66,5.65,5.64,5.63,5.63,5.62,7.53,7.54,7.55,7.55,7.55,7.55,7.55,7.56,7.57,7.57,60.12,0.00,0.00,1.00,1.00,0.00,1.00,-1.00,0,None,0,aggregation
160,142.54,remora0,remora2,3.74,3.74,3.59,4.19,4.19,4.19,4.19,3.43,3.43,3.43,12.39,12.39,-12.11,12.75,12.75,12.75,12.75,-12.27,-12.27,-12.27,5.62,5.61,5.60,5.59,5.58,5.57,5.57,5.56,5.55,5.53,7.58,7.59,7.59,7.59,7.60,7.61,7.62,7.63,7.63,7.64,61.63,0.00,0.00,1.00,1.00,0.00,1.00,-1.00,0,None,0,aggregation
160,143.54,remora0,remora2,3.89,3.89,1.02,1.02,1.02,1.02,2.84,2.84,3.76,3.76,-11.81,-11.81,10.23,10.23,10.23,10.23,11.68,11.68,-11.94,-11.94,5.52,5.50,5.48,5.48,5.47,5.46,5.45,5.44,5.43,5.41,7.64,7.64,7.65,7.65,7.66,7.19,7.19,7.19,7.19,7.19,59.46,0.00,0.00,1.00,1.00,0.00,1.00,-1.00,0,None,0,aggregation
160,144.54,remora0,remora2,3.74,3.74,3.52,3.52,3.66,3.66,4.05,4.05,0.33,0.33,12.39,12.39,12.21,12.21,-12.04,-12.04,-11.65,-11.65,9.68,9.68,5.40,5.39,5.38,5.37,5.36,5.34,5.32,5.30,5.28,5.27,7.18,7.18,7.19,7.19,7.18,7.18,7.17,7.17,7.16,7.16,59.44,0.00,0.00,1.00,1.00,0.00,1.00,-1.00,0,None,0,aggregation
160,145.54,remora0,remora2,0.33,0.33,2.61,2.61,4.42,4.42,3.38,3.38,3.77,3.77,9.68,9.68,11.50,11.50,12.93,12.93,-12.32,-12.32,-11.92,-11.92,5.26,5.25,5.24,5.23,5.22,5.21,5.19,5.17,5.15,5.13,7.16,7.16,7.16,7.16,7.16,7.17,7.16,7.16,7.15,7.14,60.13,0.00,0.00,1.00,0.00,0.00,0.00,-1.00,0,None,0,aggregation
160,146.54,remora0,remora2,3.61,3.61,4.37,7.02,7.02,7.02,3.81,3.81,4.15,4.15,12.29,12.29,12.89,14.99,14.99,14.99,-11.89,-11.89,-11.55,-11.55,5.11,5.10,5.09,5.08,5.07,5.07,5.05,5.03,5.01,4.99,7.14,7.14,7.14,7.14,7.14,7.14,7.14,7.14,7.13,7.12,61.56,0.00,0.00,1.00,1.00,0.00,1.00,-1.00,0,None,0,aggregation
160,147.54,remora0,remora2,7.33,7.33,8.33,8.33,4.69,4.69,5.05,5.05,8.83,8.83,15.23,15.23,16.01,16.01,-11.01,-11.01,-10.65,-10.65,16.40,16.40,4.97,4.96,4.96,4.95,4.93,4.91,4.89,4.87,4.85,4.84,7.12,7.12,7.12,7.12,7.12,7.12,7.11,7.11,7.10,7.10,63.67,0.00,0.00,1.00,1.00,0.00,1.00,-1.00,0,None,0,aggregation
160,148.54,remora0,remora2,9.21,9.21,5.79,5.79,6.16,6.16,8.79,8.79,9.08,10.75,16.70,16.70,-9.91,-9.91,-9.53,-9.53,16.37,16.37,16.60,17.90,4.83,4.82,4.81,4.79,4.77,4.74,4.73,4.72,4.70,4.69,7.10,7.11,7.10,7.10,7.10,7.09,7.09,7.09,7.10,7.10,66.43,0.00,0.00,1.00,1.00,0.00,1.00,-1.00,0,None,0,aggregation
160,149.54,remora0,remora2,10.75,10.75,12.78,12.78,13.73,13.73,14.38,14.38,5.21,5.21,17.90,17.90,19.47,19.47,20.19,20.19,20.69,20.69,-10.49,-10.49,4.69,4.68,4.68,4.69,4.72,4.75,4.77,4.77,4.76,4.75,7.10,7.10,7.11,7.12,7.13,7.15,7.16,7.16,7.17,7.17,74.15,0.00,0.00,1.00,0.00,0.00,0.00,-1.00,0,None,0,aggregation
160,150.54,remora0,remora2,5.68,5.68,11.37,10.66,10.66,10.66,11.78,11.78,13.14,5.46,-10.01,-10.01,18.38,17.83,17.83,17.83,18.70,18.70,19.74,-10.24,4.76,4.77,4.79,4.81,4.83,4.84,4.85,4.85,4.86,4.88,7.17,7.17,7.18,7.19,7.20,7.21,7.22,7.23,7.24,7.24,78.62,0.00,0.00,1.00,1.00,0.00,1.00,-1.00,0,None,0,aggregation
160,151.54,remora0,remora2,5.46,5.46,5.99,5.99,10.20,10.20,9.62,9.62,10.76,10.76,-10.24,-10.24,-9.70,-9.70,17.47,17.47,17.02,17.02,17.91,17.91,4.88,4.87,4.87,4.86,4.87,4.88,4.89,4.90,4.92,4.93,7.24,7.24,7.24,7.24,7.25,7.26,7.27,6.59,6.60,6.60,81.77,0.00,0.00,1.00,1.00,0.00,1.00,-1.00,0,None,0,aggregation
160,152.54,remora0,remora2,12.19,12.19,12.34,5.28,5.28,5.28,11.65,11.65,11.36,11.36,19.01,19.01,19.13,-10.42,-10.42,-10.42,18.60,18.60,18.37,18.37,4.94,4.95,4.97,4.98,4.98,4.98,4.98,5.00,5.01,5.02,6.60,6.60,6.60,6.61,6.60,6.60,6.60,6.60,6.60,6.61,86.48,0.00,0.00,1.00,1.00,0.00,1.00,-1.00,0,None,0,aggregation
160,153.54,remora0,remora2,5.46,5.85,5.85,5.85,8.28,8.28,7.69,8.62,8.62,8.62,-10.24,-9.85,-9.85,-9.85,15.97,15.97,15.51,16.24,16.24,16.24,5.03,5.03,5.03,5.03,5.04,5.05,5.06,5.07,5.08,5.09,6.61,6.61,6.61,6.60,6.60,6.60,6.60,6.61,6.61,6.61,89.33,0.00,0.00,1.00,1.00,0.00,1.00,-1.00,0,None,0,aggregation
160,154.54,remora0,remora2,9.49,9.49,10.69,10.69,5.08,5.08,9.41,9.41,8.47,8.47,16.92,16.92,17.85,17.85,-10.62,-10.62,16.86,16.86,16.12,16.12,5.11,5.12,5.13,5.14,5.14,5.14,5.15,5.16,5.18,5.17,6.62,6.62,6.62,6.62,6.62,6.62,6.62,6.63,6.63,6.64,94.68,0.00,0.00,1.00,1.00,0.00,1.00,-1.00,0,None,0,aggregation
160,155.54,remora0,remora2,5.19,5.63,5.63,5.63,4.23,4.23,2.77,2.77,3.00,3.00,-10.50,-10.07,-10.07,-10.07,12.78,12.78,11.62,11.62,11.80,11.80,5.16,5.15,5.15,5.14,5.14,5.12,5.11,5.10,5.09,5.09,6.64,6.63,6.63,6.63,6.62,6.63,6.63,6.63,6.63,6.63,94.37,0.00,0.00,1.00,1.00,0.00,1.00,-1.00,0,None,0,aggregation
160,156.54,remora0,remora2,4.81,4.81,6.30,6.30,7.89,7.89,4.16,4.16,4.58,4.58,13.24,13.24,14.42,14.42,15.67,15.67,-11.53,-11.53,-11.12,-11.12,5.08,5.08,5.07,5.06,5.05,5.04,5.03,5.03,5.03,5.03,6.64,6.64,6.64,6.65,6.65,6.66,6.66,6.66,6.66,6.66,94.69,0.00,0.00,1.00,0.00,0.00,0.00,-1.00,0,None,0,aggregation
160,157.54,remora0,remora2,4.32,4.32,3.49,3.49,5.30,5.30,4.67,4.67,4.67,5.16,12.85,12.85,12.19,12.19,13.63,13.63,-11.02,-11.02,-11.02,13.52,5.03,5.02,5.01,5.01,5.00,4.99,4.99,4.98,4.98,4.97,6.66,6.66,6.67,6.67,6.68,6.69,6.70,6.70,6.71,6.73,93.35,0.00,0.00,1.00,1.00,0.00,1.00,-1.00,0,None,0,aggregation
160,158.54,remora0,remora2,4.45,4.45,4.90,4.90,4.49,4.49,3.92,4.88,4.88,4.88,12.95,12.95,-10.80,-10.80,12.99,12.99,12.53,-10.82,-10.82,-10.82,4.96,4.95,4.94,4.94,4.94,4.94,4.93,4.93,4.92,4.92,6.74,6.75,6.77,6.78,6.79,6.81,6.82,6.84,6.85,6.86,90.57,0.00,0.00,1.00,1.00,0.00,1.00,-1.00,0,None,0,aggregation
160,159.54,remora0,remora2,3.44,3.44,3.40,4.85,4.85,4.85,3.43,3.43,2.37,4.46,12.16,12.16,12.12,-10.85,-10.85,-10.85,12.14,12.14,11.30,12.96,4.91,4.90,4.90,4.89,4.89,4.89,4.88,4.87,4.87,4.87,6.87,6.89,6.90,6.92,6.93,6.94,6.95,6.96,6.98,6.99,83.40,0.00,0.00,1.00,1.00,0.00,1.00,-1.00,0,None,0,aggregation
160,160.54,remora0,remora2,4.46,4.46,4.44,4.84,4.84,4.84,1.71,1.71,0.91,0.91,12.96,12.96,-11.26,-10.86,-10.86,-10.86,10.78,10.78,10.14,10.14,4.86,4.86,4.86,4.85,4.85,4.85,4.85,4.84,4.83,4.82,7.00,7.02,7.03,7.04,7.04,7.05,7.06,7.07,7.08,7.09,77.62,0.00,0.00,1.00,1.00,0.00,1.00,-1.00,0,None,0,aggregation
160,161.54,remora0,remora2,2.48,2.48,4.03,4.03,4.24,4.24,4.06,4.06,4.16,4.16,11.39,11.39,12.62,12.62,-11.45,-11.45,12.65,12.65,12.73,12.73,4.82,4.81,4.80,4.80,4.80,4.80,4.80,4.79,4.78,4.77,7.10,7.10,7.12,7.13,7.13,7.14,7.14,7.15,7.16,7.17,75.60,0.00,0.00,1.00,1.00,0.00,1.00,-1.00,0,None,0,aggregation
160,162.54,remora0,remora2,4.22,4.22,4.62,4.62,0.65,0.65,0.36,0.36,2.32,2.32,-11.47,-11.47,-11.08,-11.08,9.93,9.93,9.70,9.70,11.26,11.26,4.77,4.77,4.76,4.77,4.76,4.76,4.76,4.75,4.75,4.74,7.18,7.18,7.18,7.19,7.19,7.20,7.21,7.21,7.22,7.23,68.93,0.00,0.00,1.00,1.00,0.00,1.00,-1.00,0,None,0,aggregation
160,163.54,remora0,remora2,3.92,3.92,3.93,3.93,4.25,4.25,0.76,0.76,0.36,0.36,12.53,12.53,-11.76,-11.76,-11.45,-11.45,10.02,10.02,9.71,9.71,4.73,4.73,4.72,4.72,4.71,4.71,4.71,4.71,4.71,4.70,7.23,7.23,7.22,7.23,7.23,7.22,7.22,7.23,7.24,7.25,66.01,0.00,0.00,1.00,1.00,0.00,1.00,-1.00,0,None,0,aggregation
160,164.54,remora0,remora2,1.98,1.98,3.58,3.58,3.64,3.64,3.67,3.67,2.98,2.98,10.99,10.99,12.26,12.26,-12.06,-12.06,12.34,12.34,11.79,11.79,4.69,4.69,4.68,4.67,4.67,4.67,4.67,4.67,4.66,4.66,7.26,7.27,7.28,7.29,7.29,7.30,7.31,7.32,7.33,7.34,61.68,0.00,0.00,1.00,1.00,0.00,1.00,-1.00,0,None,0,aggregation
160,165.54,remora0,remora2,3.68,3.68,4.06,4.06,-0.95,-0.95,-2.02,-2.02,-0.38,-0.38,-12.02,-12.02,-11.64,-11.64,8.66,8.66,7.80,7.80,9.11,9.11,4.65,4.65,4.64,4.64,4.64,4.64,4.63,4.63,4.62,4.61,6.46,6.46,6.46,6.46,6.46,6.46,6.46,6.47,6.47,6.47,59.94,0.00,0.00,1.00,0.00,0.00,0.00,-1.00,0,None,0,aggregation
160,166.54,remora0,remora2,0.88,0.88,2.58,2.58,2.99,2.99,2.82,2.82,1.40,1.40,10.12,10.12,11.47,11.47,-12.71,-12.71,11.66,11.66,10.53,10.53,4.61,4.61,4.61,4.61,4.60,4.60,4.60,4.59,4.58,4.58,6.48,6.48,6.49,6.49,6.50,6.50,6.50,6.50,6.51,6.51,58.44,0.00,0.00,1.00,0.00,0.00,0.00,-1.00,0,None,0,aggregation
160,167.54,remora0,remora2,2.99,2.99,3.36,3.36,-3.03,-3.03,-4.06,-4.06,-2.42,-0.78,-12.70,-12.70,-12.34,-12.34,6.99,6.99,6.17,6.17,7.48,8.79,4.57,4.57,4.57,4.57,4.56,4.56,4.55,4.55,4.55,4.55,6.52,6.52,6.52,6.51,6.52,6.52,6.52,6.52,6.53,6.53,54.50,0.00,0.00,1.00,0.00,0.00,0.00,-1.00,0,None,0,aggregation
160,168.54,remora0,remora2,-0.78,-0.78,0.05,1.41,1.41,1.41,1.61,1.61,1.57,1.57,8.79,8.79,9.46,10.54,10.54,10.54,-14.09,-14.09,10.67,10.67,4.55,4.54,4.54,4.53,4.53,4.52,4.52,4.52,4.52,4.51,6.54,6.54,6.54,6.55,6.55,6.56,6.56,6.56,4.84,4.83,54.25,0.00,0.00,1.00,0.00,0.00,0.00,-1.00,0,None,0,aggregation
160,169.54,remora0,remora2,0.89,1.47,1.47,-1.80,-1.80,-1.80,-4.01,-4.01,-2.39,0.79,10.12,-14.23,-14.23,7.97,7.97,7.97,6.21,6.21,7.51,-14.91,4.51,4.51,4.51,4.50,4.50,4.49,4.49,4.49,4.49,4.49,4.83,4.83,4.84,4.84,4.85,4.87,4.87,4.87,4.86,4.87,51.84,0.00,0.00,1.00,0.00,0.00,0.00,-1.00,0,None,0,aggregation
160,170.54,remora0,remora2,0.79,0.79,-4.07,-4.07,-1.84,-1.84,0.68,0.68,4.02,4.02,-14.91,-14.91,6.16,6.16,7.95,7.95,9.96,9.96,12.62,12.62,4.49,4.49,4.48,4.48,4.48,4.47,4.47,4.47,4.46,4.46,4.86,4.84,4.82,4.81,4.80,4.80,4.79,4.78,4.77,4.76,51.46,0.00,0.00,1.00,0.00,0.00,0.00,-1.00,0,None,0,aggregation
160,171.54,remora0,remora2,-0.05,-0.05,0.22,0.22,7.05,7.05,8.74,8.74,0.70,0.70,-15.75,-15.75,-15.48,-15.48,15.01,15.01,16.33,16.33,-15.00,-15.00,4.46,4.46,4.46,4.45,4.45,4.45,4.45,4.45,4.44,4.44,4.75,4.73,4.71,4.70,4.68,4.67,4.66,4.66,4.64,4.62,53.57,0.00,0.00,1.00,0.00,0.00,0.00,-1.00,0,None,0,aggregation
160,172.54,remora0,remora2,1.02,1.02,12.07,12.07,13.34,13.34,1.71,1.71,1.98,1.98,-14.68,-14.68,18.92,18.92,19.89,19.89,-13.99,-13.99,-13.72,-13.72,4.44,4.43,4.43,4.42,4.42,4.42,4.41,4.41,4.41,4.41,4.61,4.59,4.57,4.56,4.56,4.55,4.54,4.52,4.50,4.48,58.97,0.00,0.00,1.00,1.00,0.00,1.00,-1.00,0,None,0,aggregation
160,173.54,remora0,remora2,2.82,2.82,2.82,2.82,14.22,14.22,14.03,14.03,15.64,15.64,-12.88,-12.88,-12.88,-12.88,20.56,20.56,20.42,20.42,21.64,21.64,4.41,4.41,4.41,4.41,4.40,4.40,4.39,4.37,4.36,4.35,4.47,4.45,4.44,4.42,4.41,4.40,4.39,4.38,4.37,4.36,66.40,0.00,0.00,1.00,1.00,0.00,1.00,-1.00,0,None,0,aggregation
160,174.54,remora0,remora2,4.19,4.19,4.66,4.66,15.47,15.47,15.20,5.47,5.47,5.47,-11.51,-11.51,-11.03,-11.03,21.51,21.51,21.31,-10.22,-10.22,-10.22,4.33,4.30,4.27,4.24,4.22,4.20,4.19,4.18,4.16,4.13,4.35,4.33,4.32,4.30,4.29,4.28,4.27,4.26,4.24,4.23,67.20,0.00,0.00,1.00,1.00,0.00,1.00,-1.00,0,None,0,aggregation
160,175.54,remora0,remora2,6.03,6.03,14.59,14.59,15.03,15.03,16.15,6.41,6.41,6.41,-9.67,-9.67,20.84,20.84,21.18,21.18,22.02,-9.29,-9.29,-9.29,4.10,4.07,4.05,4.03,4.02,4.01,4.00,3.99,3.97,3.94,4.21,4.20,4.19,4.18,4.16,4.15,4.14,4.13,4.12,4.10,73.26,0.00,0.00,1.00,1.00,0.00,1.00,-1.00,0,None,0,aggregation
160,176.54,remora0,remora2,16.27,16.27,15.63,15.63,16.95,16.95,17.43,17.43,6.10,6.10,22.11,22.11,21.63,21.63,22.62,22.62,22.97,22.97,-9.60,-9.60,3.92,3.91,3.89,3.88,3.87,3.86,3.85,3.85,3.82,3.79,4.08,4.07,4.06,4.05,4.04,4.03,4.02,4.01,3.99,3.98,83.05,0.00,0.00,1.00,1.00,0.00,1.00,-1.00,0,None,0,aggregation
160,177.54,remora0,remora2,17.58,17.68,17.68,17.68,18.13,18.13,6.14,6.14,6.57,6.57,23.08,23.16,23.16,23.16,23.49,23.49,-9.56,-9.56,-9.13,-9.13,3.77,3.76,3.75,3.74,3.74,3.73,3.71,3.68,3.65,3.62,3.96,3.95,3.94,3.93,3.92,3.91,3.90,3.88,3.87,3.85,92.84,0.00,0.00,1.00,1.00,0.00,1.00,-1.00,0,None,0,aggregation
160,178.54,remora0,remora2,16.45,16.45,15.88,15.88,16.80,16.80,17.72,17.72,18.62,18.62,22.25,22.25,21.82,21.82,22.50,22.50,23.19,23.19,23.84,23.84,3.59,3.58,3.57,3.56,3.55,3.54,3.53,3.52,3.51,3.50,3.83,3.82,3.81,3.80,3.78,3.77,3.76,3.75,3.74,3.73,107.21,0.00,0.00,1.00,1.00,0.00,1.00,-1.00,0,None,0,aggregation
160,179.54,remora0,remora2,19.20,19.20,20.03,20.03,21.02,5.49,5.49,20.60,20.60,6.18,24.27,24.27,24.86,24.86,25.56,-10.21,-10.21,25.26,25.26,-9.52,3.49,3.49,3.48,3.47,3.47,3.46,3.44,3.41,3.39,3.38,3.72,3.71,3.70,3.69,3.68,3.67,3.66,3.64,3.63,3.62,119.66,0.00,0.00,1.00,1.00,0.00,1.00,-1.00,0,None,0,aggregation
160,180.54,remora0,remora2,6.18,19.39,19.39,19.39,19.02,19.02,6.55,6.55,7.07,7.07,-9.52,24.40,24.40,24.40,24.14,24.14,-9.14,-9.14,-8.63,-8.63,3.36,3.33,3.31,3.31,3.30,3.29,3.27,3.24,3.21,3.18,3.61,3.59,3.58,3.57,3.56,3.55,3.54,3.52,3.50,3.49,126.17,0.00,0.00,1.00,1.00,0.00,1.00,-1.00,0,None,0,aggregation
160,181.54,remora0,remora2,17.00,17.00,16.51,16.51,17.49,17.49,18.45,18.45,19.28,19.28,22.66,22.66,22.29,22.29,23.02,23.02,23.72,23.72,24.32,24.32,3.16,3.14,3.13,3.12,3.11,3.10,3.09,3.08,3.08,3.07,3.47,3.46,3.45,3.44,3.43,3.42,3.41,3.39,3.38,3.37,137.39,0.00,0.00,1.00,1.00,0.00,1.00,-1.00,0,None,0,aggregation
160,182.54,remora0,remora2,19.90,19.90,20.71,20.71,21.34,21.96,21.96,21.96,22.44,22.44,24.77,24.77,25.35,25.35,25.79,26.21,26.21,26.21,26.55,26.55,3.06,3.05,3.04,3.04,3.03,3.03,3.02,3.01,3.01,3.00,3.36,3.36,3.35,3.34,3.33,3.32,3.32,3.31,3.30,3.29,150.76,0.00,0.00,1.00,0.00,0.00,0.00,-1.00,0,None,0,aggregation
160,183.54,remora0,remora2,22.99,5.26,5.26,5.26,5.84,5.84,20.86,20.86,20.66,20.66,26.91,-10.44,-10.44,-10.44,-9.85,-9.85,25.45,25.45,25.31,25.31,3.00,2.99,2.97,2.94,2.91,2.88,2.86,2.85,2.84,2.84,3.29,3.28,3.27,3.25,3.23,3.22,3.20,3.20,3.19,3.18,150.99,0.00,1.00,1.00,1.00,1.00,0.00,-1.00,0,None,0,aggregation
160,184.54,remora0,remora2,21.30,21.30,6.45,6.45,20.87,20.87,20.66,20.66,21.30,21.30,25.76,25.76,-9.24,-9.24,25.46,25.46,25.31,25.31,25.76,25.76,2.83,2.82,2.80,2.78,2.76,2.75,2.74,2.73,2.73,2.72,3.17,3.16,3.15,3.13,3.12,3.11,3.10,3.10,3.09,3.08,162.31,0.00,1.00,1.00,1.00,1.00,0.00,-1.00,0,None,0,aggregation
160,131.54,remora0,remora5,0.00,0.00,0.00,0.00,0.00,0.00,0.00,0.00,0.00,0.00,0.00,0.00,0.00,0.00,0.00,0.00,0.00,0.00,0.00,0.00,2.68,2.70,2.73,2.76,2.78,2.81,2.84,2.86,2.89,2.92,6.31,6.31,6.32,6.32,6.33,6.34,6.34,6.34,6.35,6.36,0.00,0.00,1.00,0.00,0.00,0.00,0.00,-1.00,0,None,0,aggregation
160,132.54,remora0,remora5,0.00,0.00,0.00,0.00,0.00,0.00,0.00,0.00,0.00,0.00,0.00,0.00,0.00,0.00,0.00,0.00,0.00,0.00,0.00,0.00,2.94,2.97,2.99,3.02,3.00,2.97,2.94,2.91,2.88,2.85,6.36,6.37,6.37,6.38,6.38,6.39,6.39,6.40,6.40,6.41,0.00,0.00,1.00,0.00,0.00,0.00,0.00,-1.00,0,None,0,aggregation
160,133.54,remora0,remora5,0.00,0.00,0.00,0.00,0.00,0.00,0.00,0.00,0.00,0.00,0.00,0.00,0.00,0.00,0.00,0.00,0.00,0.00,0.00,0.00,2.82,2.79,2.76,2.73,2.70,2.67,2.64,2.61,2.58,2.55,6.41,6.42,6.43,6.43,6.02,6.02,6.02,6.02,6.03,6.03,0.00,0.00,1.00,0.00,0.00,0.00,0.00,-1.00,0,None,0,aggregation
160,134.54,remora0,remora5,0.00,0.00,0.00,0.00,0.00,0.00,0.00,0.00,0.00,0.00,0.00,0.00,0.00,0.00,0.00,0.00,0.00,0.00,0.00,0.00,2.52,2.49,2.46,2.43,2.40,2.37,2.34,2.31,2.28,2.25,6.03,6.03,6.03,6.03,6.03,6.04,6.04,6.04,6.04,6.05,0.00,0.00,1.00,0.00,0.00,0.00,0.00,-1.00,0,None,0,aggregation
160,135.54,remora0,remora5,0.00,0.00,0.00,0.00,0.00,0.00,0.00,0.00,0.00,0.00,0.00,0.00,0.00,0.00,0.00,0.00,0.00,0.00,0.00,0.00,2.22,2.19,2.16,2.13,2.10,2.07,2.04,2.01,1.98,1.95,6.05,6.05,6.05,6.05,6.05,5.07,5.06,5.06,5.06,5.06,0.00,0.00,1.00,0.00,0.00,0.00,0.00,-1.00,0,None,0,aggregation
160,136.54,remora0,remora5,0.00,0.00,0.00,0.00,0.00,0.00,0.00,0.00,0.00,0.00,0.00,0.00,0.00,0.00,0.00,0.00,0.00,0.00,0.00,0.00,1.92,1.89,1.86,1.83,1.80,1.77,1.74,1.71,1.68,1.65,5.06,5.06,5.06,5.06,5.06,5.05,5.05,5.05,5.05,5.05,0.00,0.00,1.00,0.00,0.00,0.00,0.00,-1.00,0,None,0,aggregation
160,137.54,remora0,remora5,0.00,0.00,0.00,0.00,0.00,0.00,0.00,0.00,0.00,0.00,0.00,0.00,0.00,0.00,0.00,0.00,0.00,0.00,0.00,0.00,1.63,1.62,1.62,1.62,1.62,1.62,1.62,1.62,1.62,1.62,5.05,5.05,5.06,5.06,5.07,5.07,5.08,5.09,5.09,5.10,0.00,0.00,1.00,0.00,0.00,0.00,0.00,-1.00,0,None,0,aggregation
160,138.54,remora0,remora5,0.00,0.00,0.00,0.00,0.00,0.00,0.00,0.00,0.00,0.00,0.00,0.00,0.00,0.00,0.00,0.00,0.00,0.00,0.00,0.00,1.62,1.62,1.62,1.62,1.62,1.62,1.62,1.62,1.62,1.62,5.10,5.10,5.11,5.11,5.12,5.12,5.13,5.13,5.14,5.15,0.00,0.00,1.00,0.00,0.00,0.00,0.00,-1.00,0,None,0,aggregation
160,139.54,remora0,remora5,0.00,0.00,0.00,0.00,0.00,0.00,0.00,0.00,0.00,0.00,0.00,0.00,0.00,0.00,0.00,0.00,0.00,0.00,0.00,0.00,1.62,1.62,1.62,1.62,1.62,1.62,1.62,1.62,1.62,1.62,5.15,5.15,5.16,5.16,5.16,5.17,5.17,5.18,5.18,5.19,0.00,0.00,1.00,0.00,0.00,0.00,0.00,-1.00,0,None,0,aggregation
160,140.54,remora0,remora5,0.00,0.00,0.00,0.00,0.00,0.00,21.25,21.25,21.53,21.53,0.00,0.00,0.00,0.00,0.00,0.00,25.72,25.72,25.92,25.92,1.62,1.62,1.62,1.62,1.62,1.62,1.62,1.64,1.66,1.68,5.19,5.20,5.20,5.20,5.20,5.20,5.20,5.20,6.16,6.15,9.44,0.00,1.00,0.00,0.00,0.00,0.00,-1.00,0,None,0,aggregation
160,141.54,remora0,remora5,22.41,22.41,23.09,23.09,23.85,23.85,24.21,24.21,24.49,24.49,26.52,26.52,26.98,26.98,27.48,27.48,27.71,27.71,27.88,27.88,1.70,1.72,1.74,1.76,1.79,1.81,1.83,1.86,1.88,1.90,6.14,6.13,6.77,6.75,6.74,6.73,6.71,6.70,6.69,6.68,34.91,0.00,1.00,0.00,0.00,0.00,0.00,-1.00,0,None,0,aggregation
160,142.54,remora0,remora5,25.01,25.01,25.31,25.31,25.53,25.53,25.84,25.84,25.96,25.96,28.21,28.21,28.39,28.39,28.52,28.52,28.71,28.71,28.77,28.77,1.93,1.95,1.98,2.00,2.03,2.05,2.08,2.11,2.13,2.16,6.67,6.66,6.64,6.63,6.62,6.61,6.59,6.58,6.57,6.56,61.93,0.00,1.00,1.00,0.00,0.00,0.00,-1.00,0,None,0,aggregation
160,143.54,remora0,remora5,26.14,26.14,26.30,26.30,26.48,26.48,26.44,26.44,26.49,26.49,28.87,28.87,28.97,28.97,29.06,29.06,29.04,29.04,29.07,29.07,2.18,2.21,2.24,2.27,2.29,2.32,2.35,2.37,2.40,2.43,6.54,6.53,6.52,6.51,6.49,6.48,6.47,6.46,6.45,6.43,89.62,0.00,1.00,1.00,0.00,0.00,0.00,-1.00,0,None,0,aggregation
160,144.54,remora0,remora5,26.63,26.63,26.70,26.70,26.65,26.65,26.75,26.75,26.73,26.73,29.14,29.14,29.18,29.18,29.16,29.16,29.21,29.21,29.20,29.20,2.46,2.48,2.51,2.54,2.57,2.60,2.62,2.65,2.68,2.71,6.42,6.41,6.40,6.39,6.38,6.36,6.35,6.34,6.33,6.32,117.55,0.00,1.00,1.00,0.00,0.00,0.00,-1.00,0,None,0,aggregation
160,145.54,remora0,remora5,26.68,26.68,26.69,26.69,26.61,26.61,26.54,26.54,26.72,26.72,29.17,29.17,29.18,29.18,29.13,29.13,29.09,29.09,29.19,29.19,2.73,2.76,2.79,2.82,2.85,2.87,2.90,2.93,2.96,2.99,6.31,6.30,6.29,6.28,6.27,6.26,6.25,6.23,6.22,6.21,145.45,0.00,1.00,1.00,0.00,0.00,0.00,-1.00,0,None,0,aggregation
160,146.54,remora0,remora5,26.87,26.87,26.99,26.99,26.91,26.91,26.98,26.98,26.95,26.95,29.27,29.27,29.33,29.33,29.29,29.29,29.33,29.33,29.31,29.31,3.01,3.04,3.07,3.10,3.13,3.15,3.18,3.21,3.24,3.27,6.20,6.20,6.20,6.19,6.19,6.18,6.18,6.17,6.17,6.16,173.57,0.00,0.00,1.00,0.00,0.00,0.00,-1.00,0,None,0,aggregation
160,147.54,remora0,remora5,27.17,27.17,26.97,26.97,26.90,26.90,27.49,27.49,27.00,27.00,29.42,29.42,29.32,29.32,29.29,29.29,29.58,29.58,29.34,29.34,3.29,3.32,3.35,3.38,3.41,3.43,3.46,3.49,3.52,3.55,6.16,6.16,6.16,6.16,6.15,6.15,6.15,6.14,6.14,6.14,201.82,0.00,0.00,1.00,0.00,0.00,0.00,-1.00,0,None,0,aggregation
160,148.54,remora0,remora5,27.27,27.27,26.94,26.94,27.17,27.17,27.28,27.28,27.44,27.44,29.48,29.48,29.31,29.31,29.43,29.43,29.48,29.48,29.56,29.56,3.57,3.60,3.63,3.66,3.68,3.71,3.74,3.77,3.79,3.82,6.14,6.14,6.14,6.13,6.13,6.13,6.13,6.13,6.13,6.13,230.16,0.00,0.00,1.00,0.00,0.00,0.00,-1.00,0,None,0,aggregation
160,149.54,remora0,remora5,25.01,25.01,-4.90,-4.90,-35.18,-35.18,27.73,27.73,6.00,6.00,28.21,28.21,5.50,5.50,-24.72,-24.72,24.25,24.25,-4.27,-4.27,3.85,3.88,3.89,3.89,3.88,3.86,3.85,3.87,3.89,3.89,6.13,6.68,6.69,6.69,6.15,6.16,6.17,6.18,6.18,6.18,246.90,0.00,0.00,1.00,1.00,0.00,1.00,-1.00,0,None,0,aggregation
160,150.54,remora0,remora5,-18.39,-18.39,-3.85,-3.85,7.37,7.37,12.74,12.74,8.14,8.14,-28.85,-28.85,-14.32,-14.32,-2.56,-2.56,4.18,4.18,-1.60,-1.60,3.88,3.86,3.84,3.83,3.83,3.83,3.84,3.85,3.85,3.86,6.19,6.20,6.21,6.22,6.22,6.23,6.23,6.24,6.24,6.24,246.83,0.00,0.00,1.00,0.00,0.00,0.00,-1.00,0,None,0,aggregation
160,151.54,remora0,remora5,9.95,9.95,6.81,6.81,0.90,0.90,0.59,0.59,3.15,3.15,0.67,0.67,-3.25,-3.25,-9.57,-9.57,-9.88,-9.88,-7.31,-7.31,3.86,3.86,3.87,3.87,3.87,3.87,3.86,3.86,3.86,3.85,6.24,6.24,6.24,6.25,6.25,6.26,6.26,6.27,6.27,6.28,224.99,0.00,0.00,1.00,0.00,0.00,0.00,-1.00,0,None,0,aggregation
160,152.54,remora0,remora5,6.09,6.09,7.37,7.37,19.00,19.00,-8.29,-8.29,-12.77,-12.77,-4.16,-4.16,-2.56,-2.56,12.18,12.18,-18.76,-18.76,-23.23,-23.23,3.85,3.85,3.85,3.86,3.86,3.88,3.88,3.87,3.86,3.84,6.29,6.29,6.30,6.30,6.30,6.30,6.30,6.31,6.32,6.34,208.07,0.00,0.00,1.00,0.00,0.00,0.00,-1.00,0,None,0,aggregation
160,153.54,remora0,remora5,-18.94,-18.94,-2.56,-2.56,8.83,8.83,-23.00,-23.00,-18.77,-18.77,-29.41,-29.41,7.37,7.37,16.41,16.41,-12.53,-12.53,-8.30,-8.30,3.82,3.80,3.79,3.79,3.79,3.80,3.80,3.78,3.77,3.76,6.35,6.36,6.37,6.37,6.38,6.38,6.39,6.40,6.41,6.42,194.48,0.00,0.00,1.00,1.00,0.00,1.00,-1.00,0,None,0,aggregation
160,154.54,remora0,remora5,1.36,1.36,0.35,0.35,-9.24,-9.24,-19.10,-19.10,-3.14,-3.14,10.50,10.50,9.70,9.70,1.23,1.23,-8.64,-8.64,6.90,6.90,3.75,3.76,3.76,3.77,3.77,3.77,3.76,3.75,3.74,3.74,6.43,6.44,6.44,6.45,6.45,6.46,6.47,6.48,6.49,6.49,172.69,0.00,0.00,1.00,0.00,0.00,0.00,-1.00,0,None,0,aggregation
160,155.54,remora0,remora5,-4.11,-4.11,-2.16,-2.16,-7.39,-7.39,-13.14,-13.14,-4.13,-4.13,6.13,6.13,7.69,7.69,3.08,3.08,-2.68,-2.68,6.12,6.12,3.75,3.75,3.75,3.75,3.75,3.75,3.74,3.74,3.73,3.73,6.50,6.50,6.51,6.51,6.52,6.53,6.53,6.54,6.55,6.56,147.76,0.00,0.00,1.00,0.00,0.00,0.00,-1.00,0,None,0,aggregation
160,156.54,remora0,remora5,1.83,1.83,1.96,1.96,-8.27,-8.27,-6.52,-6.52,-3.49,-3.49,10.88,10.88,10.98,10.98,2.20,2.20,3.95,3.95,6.63,6.63,3.73,3.74,3.74,3.75,3.75,3.75,3.75,3.75,3.75,3.75,6.57,6.57,6.58,6.59,6.59,6.60,6.61,6.62,6.62,6.63,123.38,0.00,0.00,1.00,0.00,0.00,0.00,-1.00,0,None,0,aggregation
160,157.54,remora0,remora5,-4.84,-4.84,-3.88,-3.88,-2.10,-2.10,-5.63,-5.63,-5.63,-9.89,5.55,5.55,6.31,6.31,7.73,7.73,4.83,4.83,4.83,0.57,3.75,3.75,3.75,3.75,3.76,3.79,3.82,3.85,3.88,3.90,6.64,6.64,6.65,6.66,6.67,6.69,6.70,6.71,6.07,6.08,96.59,0.00,0.00,1.00,0.00,0.00,0.00,-1.00,0,None,0,aggregation
160,158.54,remora0,remora5,-12.87,-12.87,-12.76,-12.76,-12.04,-12.04,-12.60,-12.60,-11.01,-11.01,-2.41,-2.41,-2.30,-2.30,-1.57,-1.57,-2.13,-2.13,-0.55,-0.55,3.93,3.95,3.98,4.00,4.03,4.05,4.07,4.09,4.12,4.14,6.09,6.11,6.12,6.13,6.14,6.16,6.17,6.18,6.20,6.21,75.28,0.00,0.00,1.00,0.00,0.00,0.00,-1.00,0,None,0,aggregation
160,159.54,remora0,remora5,-10.11,-10.11,-8.44,-8.44,-7.86,-7.86,-6.07,-6.07,-3.41,-3.41,0.36,0.36,2.02,2.02,2.60,2.60,4.39,4.39,6.69,6.69,4.16,4.18,4.20,4.22,4.24,4.26,4.28,4.30,4.32,4.33,6.22,6.23,6.25,6.26,6.27,6.28,6.29,6.31,6.32,6.33,61.17,0.00,0.00,1.00,0.00,0.00,0.00,-1.00,0,None,0,aggregation
160,160.54,remora0,remora5,-1.91,-1.91,0.32,0.32,2.94,2.94,4.58,4.58,6.99,6.99,7.89,7.89,9.67,9.67,11.76,11.76,13.06,13.06,14.96,14.96,4.35,4.36,4.38,4.39,4.40,4.42,4.43,4.44,4.44,4.45,6.35,6.36,6.37,6.38,6.39,6.40,6.42,6.43,6.44,6.46,58.83,0.00,0.00,1.00,0.00,0.00,0.00,-1.00,0,None,0,aggregation
160,161.54,remora0,remora5,9.56,9.56,11.57,11.57,13.10,13.10,14.77,14.77,17.16,17.16,16.97,16.97,18.53,18.53,19.71,19.71,20.98,20.98,22.77,22.77,4.46,4.46,4.47,4.47,4.47,4.47,4.47,4.47,4.47,4.47,6.47,6.49,6.50,6.52,6.53,6.54,6.56,6.57,6.59,6.61,71.71,0.00,0.00,1.00,0.00,0.00,0.00,-1.00,0,None,0,aggregation
160,162.54,remora0,remora5,18.80,18.80,20.68,20.68,22.19,22.19,24.35,24.35,25.44,25.44,23.98,23.98,25.32,25.32,26.37,26.37,27.80,27.80,28.47,28.47,4.47,4.46,4.46,4.45,4.44,4.44,4.43,4.42,4.41,4.40,6.62,6.64,6.65,6.67,6.69,6.70,6.72,6.74,6.76,6.78,85.95,0.00,0.00,1.00,0.00,0.00,0.00,-1.00,0,None,0,aggregation
160,163.54,remora0,remora5,27.44,27.44,29.02,29.02,30.06,30.06,30.13,30.13,28.70,28.70,29.56,29.56,30.14,30.14,29.92,29.92,28.98,28.98,25.83,25.83,4.39,4.38,4.37,4.36,4.35,4.34,4.33,4.32,4.31,4.30,6.79,6.81,6.82,6.84,6.86,6.88,6.26,6.27,6.28,6.30,100.83,0.00,0.00,1.00,0.00,0.00,0.00,-1.00,0,None,0,aggregation
160,164.54,remora0,remora5,25.98,25.98,22.70,22.70,20.04,20.04,17.28,17.28,16.56,16.56,21.62,21.62,17.07,17.07,13.53,13.53,9.95,9.95,9.03,9.03,4.30,4.29,4.29,4.28,4.28,4.28,4.28,4.29,4.29,4.29,6.31,6.33,6.34,6.36,6.37,6.38,6.39,6.41,6.42,6.43,112.07,0.00,0.00,1.00,0.00,0.00,0.00,-1.00,0,None,0,aggregation
160,165.54,remora0,remora5,16.70,16.70,15.57,15.57,14.64,14.64,14.97,14.97,14.76,14.76,9.22,9.22,7.76,7.76,6.58,6.58,7.00,7.00,6.73,6.73,4.30,4.30,4.31,4.32,4.33,4.34,4.35,4.36,4.37,4.38,6.44,6.45,6.47,6.48,6.49,6.50,6.51,6.53,6.54,6.55,120.49,0.00,0.00,1.00,0.00,0.00,0.00,-1.00,0,None,0,aggregation
160,166.54,remora0,remora5,15.33,15.33,15.88,15.88,15.59,15.59,15.84,15.84,16.80,16.80,7.46,7.46,8.16,8.16,7.79,7.79,8.11,8.11,9.34,9.34,4.40,4.41,4.43,4.44,4.46,4.48,4.50,4.52,4.54,4.56,6.57,6.58,6.59,6.61,6.62,6.63,6.64,6.66,6.67,6.69,128.78,0.00,0.00,1.00,0.00,0.00,0.00,-1.00,0,None,0,aggregation
160,167.54,remora0,remora5,16.86,16.86,18.55,18.55,18.01,18.01,18.32,18.32,19.92,19.92,9.41,9.41,11.59,11.59,10.90,10.90,11.29,11.29,13.38,13.38,4.58,4.60,4.62,4.65,4.67,4.70,4.72,4.75,4.78,4.81,6.70,6.71,6.72,6.74,6.75,6.76,6.78,6.79,6.80,6.82,142.14,0.00,0.00,1.00,0.00,0.00,0.00,-1.00,0,None,0,aggregation
160,168.54,remora0,remora5,20.13,20.13,21.10,21.10,21.31,21.31,21.89,21.89,16.30,16.30,13.65,13.65,14.93,14.93,15.20,15.20,15.97,15.97,8.70,8.70,4.84,4.87,4.90,4.93,4.96,4.99,5.03,5.06,5.09,5.12,6.83,6.84,6.86,6.87,6.89,6.90,6.91,6.92,6.94,6.95,152.03,0.00,0.00,1.00,0.00,0.00,0.00,-1.00,0,None,0,aggregation
160,169.54,remora0,remora5,4.90,4.90,-23.91,-23.91,-33.20,-33.20,23.26,23.26,0.00,0.00,-5.56,-5.56,-34.37,-34.37,-22.74,-22.74,17.82,17.82,0.00,0.00,5.15,5.15,5.16,5.18,5.20,5.18,5.18,5.21,5.24,5.24,6.97,6.98,7.00,7.01,7.03,7.04,7.05,7.06,7.07,7.09,164.99,0.00,0.00,1.00,1.00,0.00,1.00,-1.00,0,None,0,aggregation
160,170.54,remora0,remora5,30.00,30.00,30.00,30.00,0.00,0.00,29.15,29.15,29.20,29.20,30.00,30.00,30.00,30.00,0.00,0.00,26.64,26.64,26.74,26.74,5.22,5.19,5.16,5.14,5.13,5.13,5.12,5.10,5.08,5.06,7.10,7.69,7.69,7.69,7.69,7.70,7.71,6.55,6.53,6.52,181.13,0.00,0.00,1.00,0.00,0.00,0.00,-1.00,0,None,0,aggregation
160,171.54,remora0,remora5,29.30,29.30,29.40,29.40,29.45,29.45,29.54,29.54,29.62,29.62,26.93,26.93,27.12,27.12,27.22,27.22,27.40,27.40,27.57,27.57,5.03,5.00,4.97,4.94,4.91,4.90,4.88,4.86,4.84,4.81,6.49,6.47,6.44,6.42,6.40,6.38,6.36,6.34,6.32,6.30,192.98,0.00,0.00,1.00,0.00,0.00,0.00,-1.00,0,None,0,aggregation
160,172.54,remora0,remora5,29.66,29.66,29.70,29.70,29.77,29.77,29.83,29.83,29.83,29.83,27.66,27.66,27.74,27.74,27.91,27.91,28.07,28.07,28.07,28.07,4.78,4.74,4.72,4.70,4.69,4.68,4.66,4.63,4.60,4.56,6.27,6.25,6.22,6.21,6.19,6.18,6.16,6.13,6.11,6.08,197.46,0.00,0.00,1.00,0.00,0.00,0.00,-1.00,0,None,0,aggregation
160,173.54,remora0,remora5,29.89,29.89,29.89,29.89,29.92,29.92,29.95,29.95,29.97,29.97,28.22,28.22,28.22,28.22,28.29,28.29,28.37,28.37,28.44,28.44,4.53,4.50,4.47,4.43,4.41,4.40,4.39,4.37,4.36,4.35,6.05,6.03,6.00,5.97,5.95,5.93,5.92,5.90,5.88,5.87,197.60,0.00,0.00,1.00,0.00,0.00,0.00,-1.00,0,None,0,aggregation
160,174.54,remora0,remora5,30.02,30.02,30.02,30.02,30.04,30.04,30.06,30.06,30.06,30.06,28.58,28.58,28.58,28.58,28.65,28.65,28.71,28.71,28.71,28.71,4.33,4.30,4.27,4.24,4.22,4.20,4.19,4.18,4.16,4.13,5.85,5.82,5.79,5.77,5.75,5.73,5.71,5.70,5.68,5.65,209.57,0.00,0.00,1.00,0.00,0.00,0.00,-1.00,0,None,0,aggregation
160,175.54,remora0,remora5,30.10,30.10,30.10,30.10,30.11,30.11,30.13,30.13,30.13,30.13,28.84,28.84,28.84,28.84,28.90,28.90,28.96,28.96,28.96,28.96,4.10,4.07,4.05,4.03,4.02,4.01,4.00,3.99,3.97,3.94,5.63,5.60,5.58,5.57,5.56,5.54,5.53,5.51,5.48,5.45,227.68,0.00,0.00,1.00,0.00,0.00,0.00,-1.00,0,None,0,aggregation
160,176.54,remora0,remora5,30.14,30.14,30.14,30.14,30.15,30.15,30.15,30.15,30.16,30.16,29.02,29.02,29.02,29.02,29.08,29.08,29.08,29.08,29.14,29.14,3.92,3.91,3.89,3.88,3.87,3.86,3.85,3.85,3.82,3.79,5.43,5.41,5.40,5.39,5.37,5.36,5.34,5.32,5.30,5.27,245.26,0.00,0.00,1.00,0.00,0.00,0.00,-1.00,0,None,0,aggregation
160,177.54,remora0,remora5,30.16,30.16,30.16,30.16,30.17,30.17,30.17,30.17,30.17,30.17,29.14,29.14,29.14,29.14,29.19,29.19,29.24,29.24,29.24,29.24,3.77,3.76,3.75,3.74,3.74,3.73,3.71,3.68,3.65,3.62,5.25,5.24,5.22,5.21,5.19,5.17,5.16,5.13,5.11,5.08,260.12,0.00,0.00,1.00,0.00,0.00,0.00,-1.00,0,None,0,aggregation
160,178.54,remora0,remora5,30.17,30.17,30.17,30.17,30.18,30.18,30.18,30.18,30.18,30.18,29.24,29.24,29.24,29.24,29.29,29.29,29.34,29.34,29.34,29.34,3.59,3.58,3.57,3.56,3.55,3.54,3.53,3.52,3.51,3.50,5.05,5.03,5.01,4.99,4.98,4.96,4.95,4.93,4.92,4.91,272.93,0.00,0.00,1.00,0.00,0.00,0.00,-1.00,0,None,0,aggregation
160,179.54,remora0,remora5,30.18,30.18,30.18,30.18,30.18,30.18,30.18,30.18,30.18,30.18,29.34,29.34,29.34,29.34,29.39,29.39,29.39,29.39,29.39,29.39,3.49,3.49,3.48,3.47,3.47,3.46,3.44,3.41,3.39,3.38,4.89,4.87,4.85,4.84,4.82,4.81,4.78,4.76,4.74,4.73,287.12,0.00,0.00,1.00,0.00,0.00,0.00,-1.00,0,None,0,aggregation
160,180.54,remora0,remora5,30.19,30.19,30.18,30.18,30.18,30.18,30.18,30.18,30.18,30.18,29.44,29.44,29.49,29.49,29.49,29.49,29.49,29.49,29.49,29.49,3.36,3.33,3.31,3.31,3.30,3.29,3.27,3.24,3.21,3.18,4.70,4.68,4.66,4.65,4.64,4.62,4.59,4.56,4.53,4.51,293.78,0.00,0.00,1.00,0.00,0.00,0.00,-1.00,0,None,0,aggregation
160,181.54,remora0,remora5,30.18,30.18,30.18,30.18,30.18,30.18,30.18,30.18,30.18,30.18,29.49,29.49,29.49,29.49,29.53,29.53,29.53,29.53,29.53,29.53,3.16,3.14,3.13,3.12,3.11,3.10,3.09,3.08,3.08,3.07,4.49,4.47,4.46,4.44,4.43,4.41,4.39,4.37,4.35,4.34,295.27,0.00,0.00,1.00,0.00,0.00,0.00,-1.00,0,None,0,aggregation
160,182.54,remora0,remora5,30.18,30.18,30.18,30.18,30.18,30.18,30.18,30.18,30.18,30.18,29.53,29.53,29.53,29.53,29.53,29.53,29.53,29.53,29.57,29.57,3.06,3.05,3.04,3.04,3.03,3.03,3.02,3.01,3.01,3.00,4.32,4.31,4.29,4.28,4.27,4.25,4.24,4.23,4.22,4.20,296.31,0.00,0.00,1.00,0.00,0.00,0.00,-1.00,0,None,0,aggregation
160,183.54,remora0,remora5,30.17,30.17,30.17,30.17,30.17,30.17,30.17,30.17,30.17,30.17,29.62,29.62,29.62,29.62,29.62,29.62,29.62,29.62,29.62,29.62,3.00,2.99,2.97,2.94,2.91,2.88,2.86,2.85,2.84,2.84,4.18,4.17,4.14,4.12,4.09,4.06,4.05,4.03,4.02,4.00,297.08,0.00,1.00,1.00,0.00,0.00,0.00,-1.00,0,None,0,aggregation
160,184.54,remora0,remora5,30.17,30.17,30.18,30.18,30.18,30.18,30.18,30.18,30.18,30.18,29.64,29.64,29.59,29.59,29.53,29.53,29.48,29.48,29.41,29.41,2.83,2.82,2.80,2.78,2.76,2.75,2.74,2.73,2.73,2.72,3.99,3.97,3.95,3.93,3.91,3.89,3.88,3.86,3.85,3.84,297.59,0.00,1.00,1.00,0.00,0.00,0.00,-1.00,0,None,0,aggregation
160,185.54,remora0,remora5,30.18,30.18,30.18,30.18,30.17,30.17,30.17,30.17,30.16,30.16,29.39,29.39,29.32,29.32,29.26,29.26,29.23,29.23,29.17,29.17,2.72,2.71,2.69,2.66,2.64,4.81,4.79,4.77,4.75,4.73,3.82,3.81,3.78,3.76,3.73,4.81,4.79,4.77,4.75,4.73,297.81,0.00,0.00,1.00,0.00,0.00,0.00,-1.00,0,None,0,aggregation
160,186.54,remora0,remora5,30.16,30.16,30.16,30.16,30.15,30.15,30.13,30.13,30.13,30.13,29.16,29.16,29.15,29.15,29.10,29.10,28.99,28.99,29.01,29.01,4.72,4.70,4.68,4.65,4.62,4.60,4.57,4.55,4.54,4.52,4.72,4.70,4.68,4.65,4.62,4.60,4.57,4.55,4.54,4.52,297.82,0.00,0.00,1.00,0.00,0.00,0.00,-1.00,0,None,0,aggregation
160,187.54,remora0,remora5,30.12,30.12,30.13,30.13,30.13,30.13,30.12,30.12,30.12,30.12,28.95,28.95,28.99,28.99,28.97,28.97,28.92,28.92,28.94,28.94,4.50,4.48,4.46,4.43,4.41,4.38,4.36,4.34,4.32,4.30,4.50,4.48,4.46,4.43,4.41,4.38,4.36,4.34,4.32,4.30,297.68,0.00,0.00,1.00,0.00,0.00,0.00,-1.00,0,None,0,aggregation
160,188.54,remora0,remora5,30.11,30.11,30.12,30.12,30.11,30.11,30.12,30.12,30.11,30.11,28.89,28.89,28.94,28.94,28.90,28.90,28.93,28.93,28.89,28.89,4.28,4.26,4.25,4.23,4.21,4.18,4.16,4.14,4.13,4.11,4.28,4.26,4.25,4.23,4.21,4.18,4.16,4.14,4.13,4.11,297.46,0.00,0.00,1.00,0.00,0.00,0.00,-1.00,0,None,0,aggregation
160,261.54,remora0,remora5,30.00,30.00,30.00,30.00,30.00,30.00,30.00,30.00,30.00,30.00,30.00,30.00,30.00,30.00,30.00,30.00,30.00,30.00,30.00,30.00,7.00,6.99,6.98,6.96,6.95,6.94,6.92,6.91,6.90,6.88,7.00,6.99,6.98,6.96,6.95,6.94,6.92,6.91,6.90,6.88,300.00,0.00,0.00,1.00,0.00,0.00,0.00,-1.00,0,None,0,aggregation
160,262.54,remora0,remora5,30.00,30.00,30.00,30.00,30.00,30.00,30.00,30.00,30.00,30.00,30.00,30.00,30.00,30.00,30.00,30.00,30.00,30.00,30.00,30.00,6.87,6.86,6.85,6.84,6.83,6.82,6.81,6.80,6.79,6.78,6.87,6.86,6.85,6.84,6.83,6.82,6.81,6.80,6.79,6.78,300.00,0.00,0.00,1.00,0.00,0.00,0.00,-1.00,0,None,0,aggregation
160,263.54,remora0,remora5,30.00,30.00,30.00,30.00,30.00,30.00,30.00,30.00,30.00,30.00,30.00,30.00,30.00,30.00,30.00,30.00,30.00,30.00,30.00,30.00,6.77,6.76,6.75,6.74,6.73,6.73,6.72,6.71,6.70,6.70,6.77,6.76,6.75,6.74,6.73,6.73,6.72,6.71,6.70,6.70,300.00,0.00,0.00,1.00,0.00,0.00,0.00,-1.00,0,None,0,aggregation
160,264.54,remora0,remora5,30.00,30.00,30.00,30.00,30.00,30.00,30.00,30.00,30.00,30.00,30.00,30.00,30.00,30.00,30.00,30.00,30.00,30.00,30.00,30.00,6.69,6.69,6.68,6.67,6.67,6.66,6.66,6.65,6.65,6.65,6.69,6.69,6.68,6.67,6.67,6.66,6.66,6.65,6.65,6.65,300.00,0.00,0.00,1.00,0.00,0.00,0.00,-1.00,0,None,0,aggregation
160,265.54,remora0,remora5,30.00,30.00,30.00,30.00,30.00,30.00,30.00,30.00,30.00,30.00,30.00,30.00,30.00,30.00,30.00,30.00,30.00,30.00,30.00,30.00,6.64,6.64,6.64,6.63,6.63,6.63,6.63,6.63,6.63,6.62,6.64,6.64,6.64,6.63,6.63,6.63,6.63,6.63,6.63,6.62,300.00,0.00,0.00,1.00,0.00,0.00,0.00,-1.00,0,None,0,aggregation
160,266.54,remora0,remora5,30.00,30.00,30.00,30.00,30.00,30.00,30.00,30.00,30.00,30.00,30.00,30.00,30.00,30.00,30.00,30.00,30.00,30.00,30.00,30.00,6.62,6.61,6.60,6.58,6.57,6.56,6.56,6.55,6.55,6.55,6.62,6.61,6.60,6.58,6.57,6.56,6.56,6.55,6.55,6.55,300.00,0.00,0.00,1.00,0.00,0.00,0.00,-1.00,0,None,0,aggregation
160,267.54,remora0,remora5,30.00,30.00,30.00,30.00,30.00,30.00,30.00,30.00,30.00,30.00,30.00,30.00,30.00,30.00,30.00,30.00,30.00,30.00,30.00,30.00,6.55,6.55,6.55,6.54,6.54,6.54,6.54,6.54,6.55,6.55,6.55,6.55,6.55,6.54,6.54,6.54,6.54,6.54,6.55,6.55,300.00,0.00,0.00,1.00,0.00,0.00,0.00,-1.00,0,None,0,aggregation
160,268.54,remora0,remora5,30.00,30.00,30.00,30.00,30.00,30.00,30.00,30.00,0.00,0.00,30.00,30.00,30.00,30.00,30.00,30.00,30.00,30.00,0.00,0.00,6.55,6.55,6.55,6.55,6.56,6.56,6.56,6.57,6.57,6.58,6.55,6.55,6.55,6.55,6.56,6.56,6.56,6.57,6.57,6.58,294.00,0.00,0.00,1.00,0.00,0.00,0.00,-1.00,0,None,0,aggregation
160,269.54,remora0,remora5,19.88,19.88,20.18,20.18,20.92,20.92,21.63,21.63,22.33,22.33,13.32,13.32,13.72,13.72,14.69,14.69,15.63,15.63,16.56,16.56,6.59,6.60,6.60,6.61,6.62,6.63,6.63,6.64,6.65,6.65,6.59,6.60,6.60,6.61,6.62,6.63,6.63,6.64,6.65,6.65,281.89,0.00,0.00,1.00,0.00,0.00,0.00,-1.00,0,None,0,aggregation
160,270.54,remora0,remora5,23.00,23.00,23.51,23.51,24.02,24.02,24.50,24.50,24.97,24.97,17.46,17.46,18.17,18.17,18.85,18.85,19.52,19.52,20.18,20.18,6.66,6.66,6.67,6.68,6.68,6.69,6.69,6.69,6.70,6.70,6.66,6.66,6.67,6.68,6.68,6.69,6.69,6.69,6.70,6.70,273.30,0.00,0.00,1.00,0.00,0.00,0.00,-1.00,0,None,0,aggregation
160,271.54,remora0,remora5,25.42,25.42,25.74,25.74,26.16,26.16,26.46,26.46,26.75,26.75,20.81,20.81,21.28,21.28,21.88,21.88,22.32,22.32,22.75,22.75,6.71,6.71,6.71,6.72,6.72,6.72,6.72,6.73,6.73,6.73,6.71,6.71,6.71,6.72,6.72,6.72,6.72,6.73,6.73,6.73,267.26,0.00,0.00,1.00,0.00,0.00,0.00,-1.00,0,None,0,aggregation
160,272.54,remora0,remora5,27.12,27.12,27.30,27.30,27.47,27.47,27.81,27.81,27.96,27.96,23.31,23.31,23.58,23.58,23.85,23.85,24.36,24.36,24.61,24.61,6.73,6.73,6.73,6.73,6.73,6.73,6.73,6.73,6.73,6.73,6.73,6.73,6.73,6.73,6.73,6.73,6.73,6.73,6.73,6.73,263.00,0.00,0.00,1.00,0.00,0.00,0.00,-1.00,0,None,0,aggregation
160,273.54,remora0,remora5,28.12,28.12,28.26,28.26,28.48,28.48,28.61,28.61,28.74,28.74,24.86,24.86,25.10,25.10,25.45,25.45,25.68,25.68,25.90,25.90,6.73,6.73,6.73,6.73,6.73,6.73,6.73,6.72,6.72,6.72,6.73,6.73,6.73,6.73,6.73,6.73,6.73,6.72,6.72,6.72,259.92,0.00,0.00,1.00,0.00,0.00,0.00,-1.00,0,None,0,aggregation
160,274.54,remora0,remora5,28.86,28.86,28.98,28.98,29.09,29.09,29.20,29.20,29.20,29.20,26.12,26.12,26.33,26.33,26.54,26.54,26.74,26.74,26.74,26.74,6.72,6.72,6.71,6.71,6.71,6.71,6.70,6.70,6.70,6.69,6.72,6.72,6.71,6.71,6.71,6.71,6.70,6.70,6.70,6.69,257.70,0.00,0.00,1.00,0.00,0.00,0.00,-1.00,0,None,0,aggregation
160,275.54,remora0,remora5,29.30,29.30,29.40,29.40,29.49,29.49,29.54,29.54,29.58,29.58,26.93,26.93,27.12,27.12,27.31,27.31,27.40,27.40,27.49,27.49,6.69,6.69,6.68,6.68,6.67,6.67,6.67,6.66,6.66,6.65,6.69,6.69,6.68,6.68,6.67,6.67,6.67,6.66,6.66,6.65,256.06,0.00,0.00,1.00,0.00,0.00,0.00,-1.00,0,None,0,aggregation
160,276.54,remora0,remora5,29.62,29.62,29.70,29.70,29.77,29.77,29.77,29.77,29.83,29.83,27.57,27.57,27.74,27.74,27.91,27.91,27.91,27.91,28.07,28.07,6.65,6.65,6.64,6.64,6.63,6.63,6.62,6.62,6.61,6.61,6.65,6.65,6.64,6.64,6.63,6.63,6.62,6.62,6.61,6.61,254.85,0.00,0.00,1.00,0.00,0.00,0.00,-1.00,0,None,0,aggregation
160,277.54,remora0,remora5,29.83,29.83,29.89,29.89,29.92,29.92,29.92,29.92,29.97,29.97,28.07,28.07,28.22,28.22,28.29,28.29,28.29,28.29,28.44,28.44,6.60,6.60,6.59,6.59,6.58,6.58,6.57,6.57,6.56,6.56,6.60,6.60,6.59,6.59,6.58,6.58,6.57,6.57,6.56,6.56,253.93,0.00,0.00,1.00,0.00,0.00,0.00,-1.00,0,None,0,aggregation
160,278.54,remora0,remora5,29.97,29.97,30.00,30.00,30.02,30.02,30.04,30.04,30.04,30.04,28.44,28.44,28.51,28.51,28.58,28.58,28.65,28.65,28.65,28.65,6.55,6.55,6.54,6.54,6.53,6.53,6.52,6.52,6.51,6.50,6.55,6.55,6.54,6.54,6.53,6.53,6.52,6.52,6.51,6.50,259.22,0.00,0.00,1.00,0.00,0.00,0.00,-1.00,0,None,0,aggregation
160,279.54,remora0,remora5,30.08,30.08,30.08,30.08,30.10,30.10,30.10,30.10,30.10,30.10,28.78,28.78,28.78,28.78,28.84,28.84,28.84,28.84,28.84,28.84,6.50,6.49,6.49,6.48,6.48,6.47,6.47,6.46,6.45,6.45,6.50,6.49,6.49,6.48,6.48,6.47,6.47,6.46,6.45,6.45,270.79,0.00,0.00,1.00,0.00,0.00,0.00,-1.00,0,None,0,aggregation
160,280.54,remora0,remora5,30.13,30.13,30.13,30.13,30.14,30.14,30.14,30.14,30.14,30.14,28.96,28.96,28.96,28.96,29.02,29.02,29.02,29.02,29.02,29.02,6.44,6.44,6.43,6.42,6.42,6.41,6.41,6.40,6.40,6.39,6.44,6.44,6.43,6.42,6.42,6.41,6.41,7.11,7.11,7.11,278.94,0.00,0.00,1.00,0.00,0.00,0.00,-1.00,0,None,0,aggregation
160,281.54,remora0,remora5,30.15,30.15,30.15,30.15,30.16,30.16,30.16,30.16,30.16,30.16,29.08,29.08,29.08,29.08,29.14,29.14,29.14,29.14,29.14,29.14,6.38,6.38,6.37,6.37,6.36,6.35,6.35,6.34,6.34,6.33,7.11,7.10,7.10,7.10,7.10,7.09,7.09,7.09,7.09,7.09,284.61,0.00,0.00,1.00,0.00,0.00,0.00,-1.00,0,None,0,aggregation
160,282.54,remora0,remora5,30.17,30.17,30.17,30.17,30.17,30.17,30.17,30.17,30.17,30.17,29.19,29.19,29.19,29.19,29.24,29.24,29.24,29.24,29.24,29.24,6.33,6.32,6.30,6.28,6.25,6.23,6.21,6.21,6.19,6.17,7.08,7.08,7.07,7.06,7.05,7.04,7.04,7.03,7.03,7.02,288.57,0.00,0.00,1.00,0.00,0.00,0.00,-1.00,0,None,0,aggregation
160,283.54,remora0,remora5,30.17,30.17,30.17,30.17,0.00,0.00,0.00,0.00,0.00,0.00,29.24,29.24,29.24,29.24,0.00,0.00,0.00,0.00,0.00,0.00,6.14,6.12,6.09,6.07,6.06,6.08,6.08,6.07,6.07,6.07,7.01,6.99,6.98,6.97,6.97,6.96,6.95,6.94,6.92,6.91,273.53,0.00,0.00,1.00,0.00,0.00,0.00,-1.00,0,None,0,aggregation
160,284.54,remora0,remora5,0.00,0.00,0.00,0.00,0.00,0.00,0.00,0.00,0.00,0.00,0.00,0.00,0.00,0.00,0.00,0.00,0.00,0.00,0.00,0.00,6.06,6.06,6.05,6.05,6.05,6.06,6.06,6.06,6.06,6.05,6.89,6.88,6.86,6.85,6.84,6.83,6.82,7.56,7.55,7.53,245.75,0.00,0.00,1.00,0.00,0.00,0.00,-1.00,0,None,0,aggregation
160,285.54,remora0,remora5,0.00,0.00,0.00,0.00,0.00,0.00,0.00,0.00,0.00,0.00,0.00,0.00,0.00,0.00,0.00,0.00,0.00,0.00,0.00,0.00,6.06,6.07,6.07,6.07,6.06,6.06,6.06,6.05,6.05,6.06,7.52,7.51,7.50,7.49,7.48,7.46,7.45,7.44,7.43,7.42,217.40,0.00,0.00,1.00,0.00,0.00,0.00,-1.00,0,None,0,aggregation
160,286.54,remora0,remora5,0.00,0.00,0.00,0.00,0.00,0.00,0.00,0.00,0.00,0.00,0.00,0.00,0.00,0.00,0.00,0.00,0.00,0.00,0.00,0.00,6.07,6.06,6.06,6.06,6.06,6.07,6.07,6.07,6.06,6.06,7.41,7.39,7.38,7.37,7.36,7.35,7.34,7.32,7.31,7.30,188.61,0.00,0.00,1.00,0.00,0.00,0.00,-1.00,0,None,0,aggregation
160,287.54,remora0,remora5,0.00,0.00,0.00,0.00,0.00,0.00,0.00,0.00,0.00,0.00,0.00,0.00,0.00,0.00,0.00,0.00,0.00,0.00,0.00,0.00,6.06,6.06,6.06,6.06,6.06,6.06,6.06,6.06,6.06,6.05,7.29,7.27,7.26,7.25,7.24,7.23,7.22,7.21,7.20,7.18,159.52,0.00,0.00,1.00,0.00,0.00,0.00,-1.00,0,None,0,aggregation
160,288.54,remora0,remora5,0.00,0.00,0.00,0.00,0.00,0.00,0.00,0.00,0.00,0.00,0.00,0.00,0.00,0.00,0.00,0.00,0.00,0.00,0.00,0.00,6.06,6.06,6.06,6.07,6.07,6.07,6.07,6.07,6.06,6.06,7.17,7.16,7.15,7.14,7.13,7.12,7.11,7.10,7.09,7.08,130.23,0.00,0.00,1.00,0.00,0.00,0.00,-1.00,0,None,0,aggregation
160,289.54,remora0,remora5,0.00,0.00,0.00,0.00,0.00,0.00,0.00,0.00,0.00,0.00,0.00,0.00,0.00,0.00,0.00,0.00,0.00,0.00,0.00,0.00,6.06,6.06,6.06,6.06,6.06,6.06,6.06,6.07,6.07,6.07,7.07,7.05,7.04,7.03,7.02,7.01,7.00,6.99,6.98,6.97,100.78,0.00,0.00,1.00,0.00,0.00,0.00,-1.00,0,None,0,aggregation
160,290.54,remora0,remora5,0.00,0.00,0.00,0.00,0.00,0.00,0.00,0.00,0.00,0.00,0.00,0.00,0.00,0.00,0.00,0.00,0.00,0.00,0.00,0.00,6.06,6.06,6.06,6.06,6.06,6.06,6.06,6.06,6.06,6.06,6.97,6.96,6.95,6.95,6.94,6.93,6.93,6.92,6.92,6.91,71.21,0.00,0.00,1.00,0.00,0.00,0.00,-1.00,0,None,0,aggregation
160,291.54,remora0,remora5,0.00,0.00,0.00,0.00,0.00,0.00,0.00,0.00,0.00,0.00,0.00,0.00,0.00,0.00,0.00,0.00,0.00,0.00,0.00,0.00,6.06,6.06,6.06,6.03,6.01,5.99,5.97,5.95,5.92,5.90,6.90,6.90,6.89,6.88,6.87,6.87,6.86,6.85,6.84,6.83,41.58,0.00,0.00,0.00,0.00,0.00,0.00,-1.00,0,None,0,aggregation
160,292.54,remora0,remora5,0.00,0.00,0.00,0.00,0.00,0.00,0.00,0.00,0.00,0.00,0.00,0.00,0.00,0.00,0.00,0.00,0.00,0.00,0.00,0.00,5.88,5.86,5.84,5.82,5.80,5.77,5.75,5.73,5.71,5.69,6.83,6.82,6.81,6.80,6.79,6.78,6.77,6.76,6.75,6.74,11.88,0.00,0.00,0.00,0.00,0.00,0.00,-1.00,0,None,0,aggregation
160,293.54,remora0,remora5,0.00,0.00,0.00,0.00,0.00,0.00,0.00,0.00,0.00,0.00,0.00,0.00,0.00,0.00,0.00,0.00,0.00,0.00,0.00,0.00,5.67,5.65,5.63,5.61,5.59,5.57,5.55,5.54,5.52,5.50,6.73,6.72,6.70,6.69,6.68,6.67,6.66,6.65,6.63,6.62,0.00,0.00,0.00,0.00,0.00,0.00,0.00,-1.00,0,None,0,aggregation
160,294.54,remora0,remora5,0.00,0.00,0.00,0.00,0.00,0.00,0.00,0.00,0.00,0.00,0.00,0.00,0.00,0.00,0.00,0.00,0.00,0.00,0.00,0.00,5.48,5.47,5.45,5.43,5.42,5.40,5.39,5.37,5.36,5.34,6.61,6.60,6.58,6.57,6.56,6.55,6.53,6.52,6.51,6.50,0.00,0.00,0.00,0.00,0.00,0.00,0.00,-1.00,0,None,0,aggregation
160,295.54,remora0,remora5,0.00,0.00,0.00,0.00,0.00,0.00,0.00,0.00,0.00,0.00,0.00,0.00,0.00,0.00,0.00,0.00,0.00,0.00,0.00,0.00,5.33,5.32,5.31,5.29,5.28,5.27,5.26,5.25,5.23,5.22,6.49,6.47,6.46,6.45,6.44,6.43,6.41,6.40,6.39,6.38,0.00,0.00,0.00,0.00,0.00,0.00,0.00,-1.00,0,None,0,aggregation
160,296.54,remora0,remora5,0.00,0.00,0.00,0.00,0.00,0.00,0.00,0.00,0.00,0.00,0.00,0.00,0.00,0.00,0.00,0.00,0.00,0.00,0.00,0.00,5.21,5.20,5.18,5.17,5.15,5.14,5.12,5.11,5.09,5.08,6.36,6.35,6.34,6.32,6.31,6.30,6.28,6.27,6.25,6.24,0.00,0.00,0.00,0.00,0.00,0.00,0.00,-1.00,0,None,0,aggregation
160,297.54,remora0,remora5,0.00,0.00,0.00,0.00,0.00,0.00,0.00,0.00,0.00,0.00,0.00,0.00,0.00,0.00,0.00,0.00,0.00,0.00,0.00,0.00,5.06,5.04,5.03,5.01,5.00,4.98,4.96,4.94,4.93,4.91,6.23,6.21,6.20,6.18,6.17,6.15,6.14,6.12,6.11,6.10,0.00,0.00,0.00,0.00,0.00,0.00,0.00,-1.00,0,None,0,aggregation
160,298.54,remora0,remora5,0.00,0.00,0.00,0.00,0.00,0.00,0.00,0.00,0.00,0.00,0.00,0.00,0.00,0.00,0.00,0.00,0.00,0.00,0.00,0.00,4.89,4.88,4.86,4.84,4.82,4.81,4.79,4.77,4.76,4.74,6.08,6.07,6.05,6.04,6.02,6.01,5.99,5.98,5.97,5.95,0.00,0.00,0.00,0.00,0.00,0.00,0.00,-1.00,0,None,0,aggregation
160,299.54,remora0,remora5,0.00,0.00,0.00,0.00,0.00,0.00,0.00,0.00,0.00,0.00,0.00,0.00,0.00,0.00,0.00,0.00,0.00,0.00,0.00,0.00,4.72,4.71,4.69,4.68,4.66,4.64,4.63,4.61,4.60,4.58,5.94,5.92,5.91,5.89,5.88,5.87,5.85,5.84,5.83,5.81,0.00,0.00,0.00,0.00,0.00,0.00,0.00,-1.00,0,None,0,aggregation
160,300.54,remora0,remora5,0.00,0.00,0.00,0.00,0.00,0.00,0.00,0.00,0.00,0.00,0.00,0.00,0.00,0.00,0.00,0.00,0.00,0.00,0.00,0.00,4.57,4.56,4.54,4.53,4.52,4.50,4.49,4.48,4.47,4.45,5.80,5.79,5.77,5.76,5.75,5.73,5.72,5.71,5.70,5.68,0.00,0.00,0.00,0.00,0.00,0.00,0.00,-1.00,0,None,0,aggregation
160,301.54,remora0,remora5,0.00,0.00,0.00,0.00,0.00,0.00,0.00,0.00,0.00,0.00,0.00,0.00,0.00,0.00,0.00,0.00,0.00,0.00,0.00,0.00,4.44,4.43,4.42,4.41,4.40,4.39,4.38,4.37,4.37,4.36,5.67,5.66,5.65,5.64,5.62,5.61,5.60,5.59,5.58,5.57,0.00,0.00,0.00,0.00,0.00,0.00,0.00,-1.00,0,None,0,aggregation
160,302.54,remora0,remora5,0.00,0.00,0.00,0.00,0.00,0.00,0.00,0.00,0.00,0.00,0.00,0.00,0.00,0.00,0.00,0.00,0.00,0.00,0.00,0.00,4.35,4.34,4.34,4.33,4.33,4.32,4.32,4.31,4.31,4.30,5.56,5.55,5.54,5.53,5.52,5.51,5.50,5.49,5.48,5.47,0.00,0.00,0.00,0.00,0.00,0.00,0.00,-1.00,0,None,0,aggregation
160,303.54,remora0,remora5,0.00,0.00,0.00,0.00,0.00,0.00,0.00,0.00,0.00,0.00,0.00,0.00,0.00,0.00,0.00,0.00,0.00,0.00,0.00,0.00,4.30,4.30,4.30,4.30,4.29,4.29,4.29,4.29,4.30,4.30,5.47,5.46,5.45,5.44,5.43,5.43,5.42,5.41,5.40,5.40,0.00,0.00,0.00,0.00,0.00,0.00,0.00,-1.00,0,None,0,aggregation
160,304.54,remora0,remora5,0.00,0.00,0.00,0.00,0.00,0.00,0.00,0.00,0.00,0.00,0.00,0.00,0.00,0.00,0.00,0.00,0.00,0.00,0.00,0.00,4.30,4.30,4.30,4.31,4.31,4.31,4.32,4.32,4.33,4.33,5.39,5.38,5.38,5.37,5.37,5.36,5.35,5.35,5.34,5.34,0.00,0.00,0.00,0.00,0.00,0.00,0.00,-1.00,0,None,0,aggregation
160,305.54,remora0,remora5,0.00,0.00,0.00,0.00,0.00,0.00,0.00,0.00,0.00,0.00,0.00,0.00,0.00,0.00,0.00,0.00,0.00,0.00,0.00,0.00,4.34,4.35,4.35,4.36,4.37,4.38,4.38,4.39,4.40,4.41,5.33,5.33,5.32,5.32,5.32,5.31,5.31,5.30,5.30,5.30,0.00,0.00,0.00,0.00,0.00,0.00,0.00,-1.00,0,None,0,aggregation
160,306.54,remora0,remora5,0.00,0.00,0.00,0.00,0.00,0.00,0.00,0.00,0.00,0.00,0.00,0.00,0.00,0.00,0.00,0.00,0.00,0.00,0.00,0.00,4.42,4.43,4.44,4.45,4.46,4.48,4.49,4.50,4.51,4.52,5.29,5.29,5.29,5.29,5.28,5.28,5.28,5.28,5.27,5.27,0.00,0.00,0.00,0.00,0.00,0.00,0.00,-1.00,0,None,0,aggregation
160,307.54,remora0,remora5,0.00,0.00,0.00,0.00,0.00,0.00,0.00,0.00,0.00,0.00,0.00,0.00,0.00,0.00,0.00,0.00,0.00,0.00,0.00,0.00,4.54,4.55,4.56,4.58,4.59,4.60,4.62,4.63,4.65,4.66,5.27,5.27,5.27,5.27,5.27,5.26,5.26,5.26,5.26,5.26,0.00,0.00,0.00,0.00,0.00,0.00,0.00,-1.00,0,None,0,aggregation
160,308.54,remora0,remora5,0.00,0.00,0.00,0.00,0.00,0.00,0.00,0.00,0.00,0.00,0.00,0.00,0.00,0.00,0.00,0.00,0.00,0.00,0.00,0.00,4.68,4.69,4.71,4.72,4.74,4.76,4.77,4.79,4.80,4.82,5.26,5.26,5.26,5.26,5.26,5.26,5.26,5.26,5.26,5.26,0.00,0.00,0.00,0.00,0.00,0.00,0.00,-1.00,0,None,0,aggregation
160,309.54,remora0,remora5,0.00,0.00,0.00,0.00,0.00,0.00,0.00,0.00,0.00,0.00,0.00,0.00,0.00,0.00,0.00,0.00,0.00,0.00,0.00,0.00,4.84,4.86,4.84,4.83,4.81,4.80,4.79,4.77,4.76,4.75,5.26,5.26,5.27,5.27,5.27,5.27,5.27,5.27,5.27,5.27,0.00,0.00,0.00,0.00,0.00,0.00,0.00,-1.00,0,None,0,aggregation
160,310.54,remora0,remora5,0.00,0.00,0.00,0.00,0.00,0.00,0.00,0.00,0.00,0.00,0.00,0.00,0.00,0.00,0.00,0.00,0.00,0.00,0.00,0.00,4.73,4.72,4.71,4.70,4.68,4.67,4.66,4.65,4.63,4.62,5.28,5.28,5.28,5.28,5.28,5.28,5.29,5.29,5.29,5.29,0.00,0.00,0.00,0.00,0.00,0.00,0.00,-1.00,0,None,0,aggregation
160,311.54,remora0,remora5,0.00,0.00,0.00,0.00,0.00,0.00,0.00,0.00,0.00,0.00,0.00,0.00,0.00,0.00,0.00,0.00,0.00,0.00,0.00,0.00,4.61,4.60,4.59,4.58,4.56,4.55,4.54,4.53,4.52,4.51,5.30,5.30,5.30,5.30,5.31,5.31,5.31,5.31,5.32,5.32,0.00,0.00,0.00,0.00,0.00,0.00,0.00,-1.00,0,None,0,aggregation
160,312.54,remora0,remora5,0.00,0.00,0.00,0.00,0.00,0.00,0.00,0.00,0.00,0.00,0.00,0.00,0.00,0.00,0.00,0.00,0.00,0.00,0.00,0.00,4.50,4.49,4.48,4.47,4.46,4.45,4.44,4.43,4.42,4.41,5.32,5.33,5.33,5.33,5.33,5.34,5.34,5.34,5.35,5.35,0.00,0.00,0.00,0.00,0.00,0.00,0.00,-1.00,0,None,0,aggregation
160,313.54,remora0,remora5,0.00,0.00,0.00,0.00,0.00,0.00,0.00,0.00,0.00,0.00,0.00,0.00,0.00,0.00,0.00,0.00,0.00,0.00,0.00,0.00,4.40,4.39,4.39,4.38,4.37,4.36,4.35,4.34,4.33,4.33,5.36,5.36,5.36,5.37,5.37,5.37,5.38,5.38,5.39,5.39,0.00,0.00,0.00,0.00,0.00,0.00,0.00,-1.00,0,None,0,aggregation
160,314.54,remora0,remora5,0.00,0.00,0.00,0.00,0.00,0.00,0.00,0.00,0.00,0.00,0.00,0.00,0.00,0.00,0.00,0.00,0.00,0.00,0.00,0.00,4.32,4.31,4.30,4.30,4.29,4.28,4.27,4.27,4.26,4.25,5.39,5.40,5.40,5.41,5.41,5.42,5.42,5.43,5.43,5.43,0.00,0.00,0.00,0.00,0.00,0.00,0.00,-1.00,0,None,0,aggregation
160,315.54,remora0,remora5,0.00,0.00,0.00,0.00,0.00,0.00,0.00,0.00,0.00,0.00,0.00,0.00,0.00,0.00,0.00,0.00,0.00,0.00,0.00,0.00,4.25,4.24,4.23,4.23,4.22,4.21,4.21,4.20,4.20,4.19,5.44,5.44,5.45,5.45,5.46,5.46,5.47,5.48,5.48,5.49,0.00,0.00,0.00,0.00,0.00,0.00,0.00,-1.00,0,None,0,aggregation
160,316.54,remora0,remora5,0.00,0.00,0.00,0.00,0.00,0.00,0.00,0.00,0.00,0.00,0.00,0.00,0.00,0.00,0.00,0.00,0.00,0.00,0.00,0.00,4.19,4.18,4.18,4.17,4.17,4.16,4.16,4.15,4.15,4.14,5.49,5.50,5.50,5.51,5.51,5.52,5.53,5.53,5.54,5.54,0.00,0.00,0.00,0.00,0.00,0.00,0.00,-1.00,0,None,0,aggregation
160,317.54,remora0,remora5,0.00,0.00,0.00,0.00,0.00,0.00,0.00,0.00,0.00,0.00,0.00,0.00,0.00,0.00,0.00,0.00,0.00,0.00,0.00,0.00,4.14,4.13,4.13,4.13,4.12,4.12,4.12,4.11,4.11,4.11,5.55,5.56,5.56,5.57,5.58,5.58,5.59,5.60,5.60,5.61,0.00,0.00,0.00,0.00,0.00,0.00,0.00,-1.00,0,None,0,aggregation
160,318.54,remora0,remora5,0.00,0.00,0.00,0.00,0.00,0.00,0.00,0.00,0.00,0.00,0.00,0.00,0.00,0.00,0.00,0.00,0.00,0.00,0.00,0.00,4.10,4.10,4.10,4.09,4.09,4.09,4.09,4.09,4.08,4.08,5.62,5.62,5.63,5.64,5.64,5.65,5.66,5.67,5.67,5.68,0.00,0.00,0.00,0.00,0.00,0.00,0.00,-1.00,0,None,0,aggregation
160,319.54,remora0,remora5,0.00,0.00,0.00,0.00,0.00,0.00,0.00,0.00,0.00,0.00,0.00,0.00,0.00,0.00,0.00,0.00,0.00,0.00,0.00,0.00,4.08,4.08,4.08,4.08,4.07,4.07,4.07,4.07,4.07,4.07,5.69,5.70,5.70,5.71,5.72,5.73,5.73,5.74,5.75,5.76,0.00,0.00,0.00,0.00,0.00,0.00,0.00,-1.00,0,None,0,aggregation
160,320.54,remora0,remora5,0.00,0.00,0.00,0.00,0.00,0.00,0.00,0.00,0.00,0.00,0.00,0.00,0.00,0.00,0.00,0.00,0.00,0.00,0.00,0.00,4.07,4.07,4.07,4.07,4.07,4.07,4.07,4.07,4.07,4.07,5.77,5.78,5.78,5.79,5.80,5.81,5.82,5.83,5.84,5.84,0.00,0.00,0.00,0.00,0.00,0.00,0.00,-1.00,0,None,0,aggregation
160,321.54,remora0,remora5,0.00,0.00,0.00,0.00,0.00,0.00,0.00,0.00,0.00,0.00,0.00,0.00,0.00,0.00,0.00,0.00,0.00,0.00,0.00,0.00,4.07,4.07,4.07,4.08,4.08,4.08,4.08,4.08,4.08,4.09,5.85,5.86,5.87,5.88,5.89,5.90,5.91,5.92,5.93,5.94,0.00,0.00,0.00,0.00,0.00,0.00,0.00,-1.00,0,None,0,aggregation
160,322.54,remora0,remora5,0.00,0.00,0.00,0.00,0.00,0.00,0.00,0.00,0.00,0.00,0.00,0.00,0.00,0.00,0.00,0.00,0.00,0.00,0.00,0.00,4.09,4.09,4.09,4.10,4.10,4.10,4.10,4.11,4.11,4.11,5.94,5.95,5.96,5.97,5.98,5.99,6.00,6.01,6.02,6.03,0.00,0.00,0.00,0.00,0.00,0.00,0.00,-1.00,0,None,0,aggregation
160,323.54,remora0,remora5,0.00,0.00,0.00,0.00,0.00,0.00,0.00,0.00,0.00,0.00,0.00,0.00,0.00,0.00,0.00,0.00,0.00,0.00,0.00,0.00,4.11,4.12,4.12,4.12,4.13,4.13,4.13,4.14,4.14,4.15,6.04,6.05,6.06,6.07,6.08,6.09,5.11,5.11,5.11,5.11,0.00,0.00,0.00,0.00,0.00,0.00,0.00,-1.00,0,None,0,aggregation
160,324.54,remora0,remora5,-19.08,-19.08,-18.24,-18.24,-15.66,-15.66,-13.43,-13.43,-10.86,-10.86,-8.62,-8.62,-7.78,-7.78,-5.20,-5.20,-2.96,-2.96,-0.40,-0.40,4.15,4.14,4.13,4.12,4.11,4.10,4.10,4.09,4.09,4.09,5.12,5.12,5.12,5.12,5.12,5.12,5.12,5.12,5.12,5.12,10.22,0.00,0.00,0.00,0.00,0.00,0.00,-1.00,0,None,0,aggregation
160,325.54,remora0,remora5,-8.34,-8.34,-5.90,-5.90,-3.92,-3.92,-1.67,-1.67,0.62,0.62,2.13,2.13,4.56,4.56,6.28,6.28,8.08,8.08,9.91,9.91,4.08,4.08,4.08,4.08,4.08,4.09,4.09,4.09,4.10,4.10,5.12,5.12,5.12,5.12,5.12,5.12,5.13,5.13,5.13,5.13,12.91,0.00,0.00,0.00,0.00,0.00,0.00,-1.00,0,None,0,aggregation
160,326.54,remora0,remora5,2.76,2.76,4.62,4.62,6.11,6.11,7.63,7.63,9.30,9.30,11.61,11.61,13.09,13.09,14.27,14.27,15.46,15.46,16.77,16.77,4.11,4.11,4.12,4.13,4.13,4.14,4.15,4.16,4.17,4.18,5.13,5.14,5.14,5.14,5.15,5.15,5.15,5.16,5.16,5.17,23.07,0.00,0.00,0.00,0.00,0.00,0.00,-1.00,0,None,0,aggregation
160,327.54,remora0,remora5,10.49,10.49,11.79,11.79,13.10,13.10,14.51,14.51,15.82,15.82,17.70,17.70,18.70,18.70,19.71,19.71,20.78,20.78,21.77,21.77,4.19,4.19,4.20,4.21,4.22,4.23,4.24,4.25,4.26,4.27,5.17,5.18,5.18,5.19,5.19,5.20,5.21,5.21,5.22,5.23,39.51,0.00,0.00,0.00,0.00,0.00,0.00,-1.00,0,None,0,aggregation
160,328.54,remora0,remora5,16.91,16.91,17.66,17.66,18.85,18.85,19.98,19.98,20.91,20.91,22.59,22.59,23.14,23.14,24.01,24.01,24.83,24.83,25.48,25.48,4.28,4.29,4.30,4.30,4.31,4.32,4.33,4.34,4.35,4.35,5.23,5.24,5.25,5.26,5.26,5.27,5.28,5.29,5.30,5.31,60.94,0.00,0.00,1.00,0.00,0.00,0.00,-1.00,0,None,0,aggregation
160,329.54,remora0,remora5,21.72,21.72,22.39,22.39,23.20,23.20,23.98,23.98,24.83,24.83,26.05,26.05,26.51,26.51,27.05,27.05,27.56,27.56,28.10,28.10,4.36,4.37,4.37,4.38,4.39,4.39,4.40,4.40,4.41,4.42,5.32,5.33,5.34,5.35,5.36,5.37,5.38,5.39,5.40,5.41,86.08,0.00,0.00,1.00,0.00,0.00,0.00,-1.00,0,None,0,aggregation
160,330.54,remora0,remora5,25.35,25.35,25.97,25.97,26.28,26.28,26.71,26.71,27.13,27.13,28.41,28.41,28.78,28.78,28.95,28.95,29.19,29.19,29.40,29.40,4.42,4.42,4.43,4.43,4.44,4.44,4.45,4.45,4.45,4.46,5.42,5.43,5.44,5.45,5.47,5.48,5.49,5.50,5.51,5.52,113.70,0.00,0.00,1.00,0.00,0.00,0.00,-1.00,0,None,0,aggregation
160,331.54,remora0,remora5,27.53,27.53,27.90,27.90,28.35,28.35,28.35,28.57,28.73,28.73,29.60,29.60,29.77,29.77,29.94,29.94,29.94,30.02,30.07,30.07,4.46,4.46,4.46,4.47,4.47,4.47,4.47,4.48,4.48,4.48,5.54,5.55,5.56,5.57,5.59,5.60,5.61,5.62,5.64,5.65,142.73,0.00,0.00,1.00,0.00,0.00,0.00,-1.00,0,None,0,aggregation
160,332.54,remora0,remora5,29.05,29.05,29.21,29.21,29.30,29.30,29.58,29.58,29.71,29.71,30.14,30.14,30.17,30.17,30.18,30.18,30.18,30.18,30.16,30.16,4.48,4.48,4.49,4.49,4.49,4.49,4.49,4.49,4.49,4.50,5.66,5.67,5.69,5.70,5.71,5.73,5.74,5.75,5.77,5.78,172.50,0.00,0.00,1.00,0.00,0.00,0.00,-1.00,0,None,0,aggregation
160,333.54,remora0,remora5,29.82,29.82,29.88,29.88,29.97,29.97,30.01,30.01,30.09,30.09,30.12,30.12,30.09,30.09,30.03,30.03,29.99,29.99,29.88,29.88,4.50,4.50,4.50,4.50,4.50,4.50,4.50,4.51,4.51,4.51,5.79,5.81,5.82,5.83,5.85,5.86,5.87,5.89,5.90,5.91,202.49,0.00,0.00,1.00,0.00,0.00,0.00,-1.00,0,None,0,aggregation
160,334.54,remora0,remora5,30.14,30.14,30.14,30.14,30.17,30.17,30.18,30.18,30.18,30.18,29.77,29.77,29.77,29.77,29.65,29.65,29.55,29.55,29.31,29.31,4.51,4.51,4.51,4.51,4.51,4.52,4.52,4.52,4.52,4.52,5.93,5.94,5.96,5.97,5.98,6.00,6.01,6.02,6.04,6.05,222.15,0.00,0.00,1.00,0.00,0.00,0.00,-1.00,0,None,0,aggregation
160,335.54,remora0,remora5,30.18,30.18,30.16,30.16,30.13,30.13,30.05,30.05,30.10,30.10,29.39,29.39,29.16,29.16,28.99,28.99,28.69,28.69,28.85,28.85,4.52,4.52,4.52,4.52,4.52,4.52,4.52,4.52,4.52,4.52,6.06,6.08,6.09,6.10,6.12,6.13,6.14,6.15,6.17,6.18,249.03,0.00,0.00,1.00,0.00,0.00,0.00,-1.00,0,None,0,aggregation
160,140.54,remora0,remora8,0.00,0.00,0.00,0.00,0.00,0.00,0.00,0.00,0.00,0.00,0.00,0.00,0.00,0.00,0.00,0.00,0.00,0.00,0.00,0.00,1.62,1.62,1.62,1.62,1.62,1.62,1.62,1.64,1.66,1.68,4.85,4.86,4.86,4.86,4.86,4.86,4.87,4.88,4.89,4.90,179.97,0.00,1.00,1.00,0.00,0.00,0.00,-1.00,0,None,0,aggregation
160,141.54,remora0,remora8,0.00,0.00,0.00,0.00,0.00,0.00,0.00,0.00,0.00,0.00,0.00,0.00,0.00,0.00,0.00,0.00,0.00,0.00,0.00,0.00,1.70,1.72,1.74,1.76,1.79,1.81,1.83,1.86,1.88,1.90,4.91,4.92,4.93,4.94,4.95,4.96,4.97,4.98,4.99,5.00,149.98,0.00,1.00,1.00,0.00,0.00,0.00,-1.00,0,None,0,aggregation
160,142.54,remora0,remora8,0.00,0.00,0.00,0.00,0.00,0.00,0.00,0.00,0.00,0.00,0.00,0.00,0.00,0.00,0.00,0.00,0.00,0.00,0.00,0.00,1.93,1.95,1.98,2.00,2.03,2.05,2.08,2.11,2.13,2.16,5.01,5.03,5.04,5.04,5.05,5.07,5.08,5.09,5.10,5.11,119.98,0.00,1.00,1.00,0.00,0.00,0.00,-1.00,0,None,0,aggregation
160,143.54,remora0,remora8,0.00,0.00,0.00,0.00,0.00,0.00,0.00,0.00,0.00,0.00,0.00,0.00,0.00,0.00,0.00,0.00,0.00,0.00,0.00,0.00,2.18,2.21,2.24,2.27,2.29,2.32,2.35,2.37,2.40,2.43,5.12,5.12,5.13,5.14,5.16,5.17,5.18,5.19,5.20,5.21,89.98,0.00,1.00,1.00,0.00,0.00,0.00,-1.00,0,None,0,aggregation
160,144.54,remora0,remora8,0.00,0.00,0.00,0.00,0.00,0.00,0.00,0.00,0.00,0.00,0.00,0.00,0.00,0.00,0.00,0.00,0.00,0.00,0.00,0.00,2.46,2.48,2.51,2.54,2.57,2.60,2.62,2.65,2.68,2.71,5.22,5.23,5.24,5.25,6.45,6.45,6.46,6.46,6.47,6.48,59.99,0.00,1.00,1.00,0.00,0.00,0.00,-1.00,0,None,0,aggregation
160,145.54,remora0,remora8,0.00,0.00,0.00,0.00,0.00,0.00,0.00,0.00,0.00,0.00,0.00,0.00,0.00,0.00,0.00,0.00,0.00,0.00,0.00,0.00,2.73,2.76,2.79,2.82,2.85,2.87,2.90,2.93,2.96,2.99,6.48,6.49,6.50,6.51,6.52,6.52,6.53,6.54,6.54,6.55,29.99,0.00,1.00,0.00,0.00,0.00,0.00,-1.00,0,None,0,aggregation
160,146.54,remora0,remora8,0.00,0.00,0.00,0.00,0.00,0.00,0.00,0.00,0.00,0.00,0.00,0.00,0.00,0.00,0.00,0.00,0.00,0.00,0.00,0.00,3.01,3.04,3.07,3.10,3.13,3.15,3.18,3.21,3.24,3.27,6.55,6.56,6.57,6.58,6.59,6.60,6.61,6.61,6.62,6.62,0.00,0.00,0.00,0.00,0.00,0.00,0.00,-1.00,0,None,0,aggregation
160,147.54,remora0,remora8,0.00,0.00,0.00,0.00,0.00,0.00,0.00,0.00,0.00,0.00,0.00,0.00,0.00,0.00,0.00,0.00,0.00,0.00,0.00,0.00,3.29,3.32,3.35,3.38,3.41,3.43,3.46,3.49,3.52,3.55,6.63,6.64,6.65,6.66,6.67,6.68,6.68,6.69,6.70,6.71,0.00,0.00,0.00,0.00,0.00,0.00,0.00,-1.00,0,None,0,aggregation
160,148.54,remora0,remora8,0.00,0.00,0.00,0.00,0.00,0.00,0.00,0.00,0.00,0.00,0.00,0.00,0.00,0.00,0.00,0.00,0.00,0.00,0.00,0.00,3.57,3.60,3.63,3.66,3.68,3.71,3.74,3.77,3.79,3.82,6.72,6.73,6.74,6.74,6.75,6.76,6.77,6.78,6.79,6.80,0.00,0.00,0.00,0.00,0.00,0.00,0.00,-1.00,0,None,0,aggregation
160,149.54,remora0,remora8,0.00,0.00,0.00,0.00,0.00,0.00,0.00,0.00,0.00,0.00,0.00,0.00,0.00,0.00,0.00,0.00,0.00,0.00,0.00,0.00,3.85,3.88,3.89,3.89,3.88,3.86,3.85,3.87,3.89,3.89,6.81,6.83,6.83,6.84,6.84,6.84,6.85,6.86,6.87,6.87,0.00,0.00,0.00,0.00,0.00,0.00,0.00,-1.00,0,None,0,aggregation
160,150.54,remora0,remora8,0.00,0.00,0.00,0.00,0.00,0.00,0.00,0.00,0.00,0.00,0.00,0.00,0.00,0.00,0.00,0.00,0.00,0.00,0.00,0.00,3.88,3.86,3.84,3.83,3.83,3.83,3.84,3.85,3.85,3.86,6.87,6.87,6.87,6.87,6.88,6.88,6.89,6.90,6.91,6.91,0.00,0.00,0.00,0.00,0.00,0.00,0.00,-1.00,0,None,0,aggregation
160,151.54,remora0,remora8,0.00,0.00,0.00,0.00,0.00,0.00,0.00,0.00,0.00,0.00,0.00,0.00,0.00,0.00,0.00,0.00,0.00,0.00,0.00,0.00,3.86,3.86,3.87,3.87,3.87,3.87,3.86,3.86,3.86,3.85,6.91,6.92,6.92,6.92,6.93,6.93,6.94,6.94,6.95,6.95,0.00,0.00,0.00,0.00,0.00,0.00,0.00,-1.00,0,None,0,aggregation
160,152.54,remora0,remora8,0.00,0.00,0.00,0.00,0.00,0.00,0.00,0.00,0.00,0.00,0.00,0.00,0.00,0.00,0.00,0.00,0.00,0.00,0.00,0.00,3.85,3.85,3.85,3.86,3.86,3.88,3.88,3.87,3.86,3.84,6.96,6.97,6.98,6.98,6.99,6.99,7.00,7.01,7.01,7.01,0.00,0.00,0.00,0.00,0.00,0.00,0.00,-1.00,0,None,0,aggregation
160,153.54,remora0,remora8,0.00,0.00,0.00,0.00,0.00,0.00,0.00,0.00,0.00,0.00,0.00,0.00,0.00,0.00,0.00,0.00,0.00,0.00,0.00,0.00,3.82,3.80,3.79,3.79,3.79,3.80,3.80,3.78,3.77,3.76,7.01,7.01,7.01,7.02,7.02,7.03,7.04,7.04,7.04,7.05,0.00,0.00,0.00,0.00,0.00,0.00,0.00,-1.00,0,None,0,aggregation
160,154.54,remora0,remora8,0.00,0.00,0.00,0.00,0.00,0.00,0.00,0.00,0.00,0.00,0.00,0.00,0.00,0.00,0.00,0.00,0.00,0.00,0.00,0.00,3.75,3.76,3.76,3.77,3.77,3.77,3.76,3.75,3.74,3.74,7.05,7.06,7.07,7.08,7.08,7.09,7.09,7.09,7.10,7.11,0.00,0.00,0.00,0.00,0.00,0.00,0.00,-1.00,0,None,0,aggregation
160,155.54,remora0,remora8,0.00,0.00,0.00,0.00,0.00,0.00,0.00,0.00,0.00,0.00,0.00,0.00,0.00,0.00,0.00,0.00,0.00,0.00,0.00,0.00,3.75,3.75,3.75,3.75,3.75,3.75,3.74,3.74,3.73,3.73,7.11,7.11,7.12,7.12,7.13,7.13,7.13,7.14,7.14,7.15,0.00,0.00,0.00,0.00,0.00,0.00,0.00,-1.00,0,None,0,aggregation
160,156.54,remora0,remora8,0.00,0.00,0.00,0.00,0.00,0.00,0.00,0.00,0.00,0.00,0.00,0.00,0.00,0.00,0.00,0.00,0.00,0.00,0.00,0.00,3.73,3.74,3.74,3.75,3.75,3.75,3.75,3.75,3.75,3.75,7.15,7.16,7.17,7.17,7.18,7.19,7.19,7.19,7.19,7.20,0.00,0.00,0.00,0.00,0.00,0.00,0.00,-1.00,0,None,0,aggregation
160,157.54,remora0,remora8,0.00,0.00,0.00,0.00,-35.16,-35.16,-35.07,-35.07,-35.07,-34.81,0.00,0.00,0.00,0.00,-24.69,-24.69,-24.60,-24.60,-24.60,-24.35,3.75,3.75,3.75,3.75,3.76,3.79,3.82,3.85,3.88,3.90,7.20,7.21,7.21,7.22,7.23,7.26,7.29,7.31,7.34,7.37,17.89,0.00,0.00,0.00,0.00,0.00,0.00,-1.00,0,None,0,aggregation
160,158.54,remora0,remora8,-34.39,-34.39,-33.83,-33.83,-33.20,-33.20,-32.38,-32.38,-31.42,-31.42,-23.93,-23.93,-23.36,-23.36,-22.74,-22.74,-21.91,-21.91,-20.96,-20.96,3.93,3.95,3.98,4.00,4.03,4.05,4.07,4.09,4.12,4.14,7.39,7.42,7.45,7.47,7.50,7.52,7.55,7.57,7.60,7.62,45.71,0.00,0.00,1.00,0.00,0.00,0.00,-1.00,0,None,0,aggregation
160,159.54,remora0,remora8,-30.34,-30.34,-29.13,-29.13,-28.08,-28.08,-26.67,-26.67,-25.31,-25.31,-19.87,-19.87,-18.66,-18.66,-17.61,-17.61,-16.20,-16.20,-14.84,-14.84,4.16,4.18,4.20,4.22,4.24,4.26,4.28,4.30,4.32,4.33,7.64,7.66,7.69,7.71,7.73,7.75,7.76,7.78,7.80,7.82,68.38,0.00,0.00,1.00,0.00,0.00,0.00,-1.00,0,None,0,aggregation
160,160.54,remora0,remora8,-23.87,-23.87,-22.35,-22.35,-20.77,-20.77,-19.13,-19.13,-17.63,-17.63,-13.40,-13.40,-11.89,-11.89,-10.31,-10.31,-8.67,-8.67,-7.16,-7.16,4.35,4.36,4.38,4.39,4.40,4.42,4.43,4.44,4.44,4.45,7.84,7.86,7.87,7.89,7.90,7.91,7.92,7.94,7.95,7.96,83.89,0.00,0.00,1.00,0.00,0.00,0.00,-1.00,0,None,0,aggregation
160,161.54,remora0,remora8,-15.89,-15.89,-14.10,-14.10,-12.49,-12.49,-10.65,-10.65,-8.99,-8.99,-5.42,-5.42,-3.64,-3.64,-2.03,-2.03,-0.18,-0.18,1.47,1.47,4.46,4.46,4.47,4.47,4.47,4.47,4.47,4.47,4.47,4.47,7.97,7.99,8.00,8.01,8.02,8.03,8.03,8.04,8.05,8.06,91.09,0.00,0.00,1.00,0.00,0.00,0.00,-1.00,0,None,0,aggregation
160,162.54,remora0,remora8,-7.12,-7.12,-5.44,-5.44,-3.37,-3.37,-1.52,-1.52,0.33,0.33,3.35,3.35,5.02,5.02,6.72,6.72,8.20,8.20,9.68,9.68,4.47,4.46,4.46,4.45,4.44,4.44,4.43,4.42,4.41,4.40,8.07,8.08,8.08,8.09,8.10,7.47,7.48,7.49,7.50,7.50,93.51,0.00,0.00,1.00,0.00,0.00,0.00,-1.00,0,None,0,aggregation
160,163.54,remora0,remora8,2.16,2.16,3.97,3.97,5.53,5.53,7.07,7.07,8.36,8.36,11.13,11.13,12.57,12.57,13.81,13.81,15.02,15.02,16.04,16.04,4.39,4.38,4.37,4.36,4.35,4.34,4.33,4.32,4.31,4.30,7.51,7.52,7.53,7.53,7.54,7.55,6.80,6.80,6.80,6.80,103.07,0.00,0.00,1.00,0.00,0.00,0.00,-1.00,0,None,0,aggregation
160,164.54,remora0,remora8,9.85,9.85,11.31,11.31,12.53,12.53,13.72,13.72,14.88,14.88,17.20,17.20,18.33,18.33,19.27,19.27,20.18,20.18,21.06,21.06,4.30,4.29,4.29,4.28,4.28,4.28,4.28,4.29,4.29,4.29,6.80,6.80,6.80,6.80,6.80,6.80,6.80,6.81,6.82,6.83,118.91,0.00,0.00,1.00,0.00,0.00,0.00,-1.00,0,None,0,aggregation
160,165.54,remora0,remora8,16.19,16.19,17.28,17.28,18.34,18.34,19.19,19.19,20.18,20.18,22.05,22.05,22.86,22.86,23.64,23.64,24.26,24.26,24.97,24.97,4.30,4.30,4.31,4.32,4.33,4.34,4.35,4.36,4.37,4.38,6.83,6.84,6.84,6.85,6.86,6.87,6.88,6.89,6.90,6.92,139.80,0.00,0.00,1.00,0.00,0.00,0.00,-1.00,0,None,0,aggregation
160,166.54,remora0,remora8,20.97,20.97,21.73,21.73,22.47,22.47,23.03,23.03,23.58,23.58,25.53,25.53,26.06,26.06,26.56,26.56,26.94,26.94,27.30,27.30,4.40,4.41,4.43,4.44,4.46,4.48,4.50,4.52,4.54,4.56,6.93,6.95,6.96,6.98,7.00,7.01,7.03,7.05,7.07,7.09,164.22,0.00,0.00,1.00,0.00,0.00,0.00,-1.00,0,None,0,aggregation
160,167.54,remora0,remora8,24.11,24.11,24.61,24.61,24.98,24.98,25.34,25.34,25.79,25.79,27.64,27.64,27.96,27.96,28.19,28.19,28.41,28.41,28.68,28.68,4.58,4.60,4.62,4.65,4.67,4.70,4.72,4.75,4.78,4.81,7.11,7.13,7.14,7.16,7.18,7.21,7.23,7.25,7.28,7.30,172.90,0.00,0.00,1.00,0.00,0.00,0.00,-1.00,0,None,0,aggregation
160,168.54,remora0,remora8,26.01,26.01,26.23,26.23,26.54,26.54,26.84,26.84,27.03,27.03,28.80,28.80,28.92,28.92,29.09,29.09,29.25,29.25,29.35,29.35,4.84,4.87,4.90,4.93,4.96,4.99,5.03,5.06,5.09,5.12,7.33,7.36,7.38,7.41,7.44,7.47,7.50,7.52,5.09,5.12,172.89,0.00,0.00,1.00,0.00,0.00,0.00,-1.00,0,None,0,aggregation
160,169.54,remora0,remora8,27.22,27.22,27.49,27.49,0.00,0.00,30.00,30.00,30.00,30.00,29.45,29.45,29.58,29.58,0.00,0.00,30.00,30.00,30.00,30.00,5.15,5.18,5.20,5.20,5.20,5.18,5.18,5.21,5.25,5.28,5.15,5.18,5.20,5.20,5.20,5.18,5.18,5.21,5.25,5.28,173.59,0.00,0.00,1.00,0.00,0.00,0.00,-1.00,0,None,0,aggregation
160,209.54,remora0,remora8,30.00,30.00,30.00,30.00,30.00,30.00,30.00,30.00,30.00,30.00,30.00,30.00,30.00,30.00,30.00,30.00,30.00,30.00,30.00,30.00,8.21,8.17,8.12,8.07,8.03,7.98,7.94,7.89,7.85,7.80,8.21,8.17,8.12,8.07,8.03,7.98,7.94,7.89,7.85,7.80,300.00,0.00,0.00,1.00,0.00,0.00,0.00,-1.00,0,None,0,aggregation
160,210.54,remora0,remora8,30.00,30.00,30.00,30.00,30.00,30.00,30.00,30.00,30.00,30.00,30.00,30.00,30.00,30.00,30.00,30.00,30.00,30.00,30.00,30.00,7.76,7.71,7.67,7.63,7.58,7.54,7.50,7.45,7.41,7.37,7.76,7.71,7.67,7.63,7.58,7.54,7.50,7.45,7.41,7.37,300.00,0.00,0.00,1.00,0.00,0.00,0.00,-1.00,0,None,0,aggregation
160,211.54,remora0,remora8,30.00,30.00,30.00,30.00,30.00,30.00,30.00,30.00,30.00,30.00,30.00,30.00,30.00,30.00,30.00,30.00,30.00,30.00,30.00,30.00,7.33,7.29,7.25,7.21,7.17,7.13,7.09,7.05,7.02,6.98,7.33,7.29,7.25,7.21,7.17,7.13,7.09,7.05,7.02,6.98,300.00,0.00,0.00,1.00,0.00,0.00,0.00,-1.00,0,None,0,aggregation
160,212.54,remora0,remora8,30.00,30.00,30.00,30.00,30.00,30.00,30.00,30.00,30.00,30.00,30.00,30.00,30.00,30.00,30.00,30.00,30.00,30.00,30.00,30.00,6.94,6.91,6.87,6.84,6.80,6.77,6.73,6.70,6.67,6.63,6.94,6.91,6.87,6.84,6.80,6.77,6.73,6.70,6.67,6.63,300.00,0.00,0.00,1.00,0.00,0.00,0.00,-1.00,0,None,0,aggregation
160,213.54,remora0,remora8,30.00,30.00,30.00,30.00,30.00,30.00,30.00,30.00,30.00,30.00,30.00,30.00,30.00,30.00,30.00,30.00,30.00,30.00,30.00,30.00,6.60,6.57,6.54,6.51,6.48,6.45,6.42,6.39,6.36,6.34,6.60,6.57,6.54,6.51,6.48,6.45,6.42,6.39,6.36,6.34,300.00,0.00,0.00,1.00,0.00,0.00,0.00,-1.00,0,None,0,aggregation
160,214.54,remora0,remora8,30.00,30.00,30.00,30.00,30.00,30.00,30.00,30.00,30.00,30.00,30.00,30.00,30.00,30.00,30.00,30.00,30.00,30.00,30.00,30.00,6.31,6.28,6.26,6.23,6.21,6.19,6.16,6.14,6.12,6.10,6.31,6.28,6.26,6.23,6.21,6.19,6.16,6.14,6.12,6.10,300.00,0.00,0.00,1.00,0.00,0.00,0.00,-1.00,0,None,0,aggregation
160,215.54,remora0,remora8,30.00,30.00,30.00,30.00,30.00,30.00,30.00,30.00,30.00,30.00,30.00,30.00,30.00,30.00,30.00,30.00,30.00,30.00,30.00,30.00,6.08,6.06,6.04,6.02,6.00,5.98,5.97,5.95,5.94,5.92,6.08,6.06,6.04,6.02,6.00,5.98,5.97,5.95,5.94,5.92,300.00,0.00,0.00,1.00,0.00,0.00,0.00,-1.00,0,None,0,aggregation
160,216.54,remora0,remora8,30.00,30.00,30.00,30.00,30.00,30.00,30.00,30.00,30.00,30.00,30.00,30.00,30.00,30.00,30.00,30.00,30.00,30.00,30.00,30.00,5.91,5.89,5.88,5.87,5.86,5.84,5.83,5.82,5.81,5.81,5.91,5.89,5.88,5.87,5.86,5.84,5.83,5.82,5.81,5.81,300.00,0.00,0.00,1.00,0.00,0.00,0.00,-1.00,0,None,0,aggregation
160,217.54,remora0,remora8,30.00,30.00,30.00,30.00,30.00,30.00,30.00,30.00,30.00,30.00,30.00,30.00,30.00,30.00,30.00,30.00,30.00,30.00,30.00,30.00,5.80,5.79,5.78,5.78,5.77,5.77,5.76,5.76,5.76,5.75,5.80,5.79,5.78,5.78,5.77,5.77,5.76,5.76,5.76,5.75,300.00,0.00,0.00,1.00,0.00,0.00,0.00,-1.00,0,None,0,aggregation
160,218.54,remora0,remora8,30.00,30.00,30.00,30.00,30.00,30.00,30.00,30.00,30.00,30.00,30.00,30.00,30.00,30.00,30.00,30.00,30.00,30.00,30.00,30.00,5.75,5.75,5.75,5.75,5.75,5.75,5.76,5.76,5.76,5.77,7.87,7.86,7.85,7.84,7.83,7.82,7.81,7.81,8.53,8.51,300.00,0.00,0.00,1.00,0.00,0.00,0.00,-1.00,0,None,0,aggregation
160,219.54,remora0,remora8,30.00,30.00,30.00,30.00,30.00,30.00,30.00,30.00,30.00,30.00,30.00,30.00,30.00,30.00,30.00,30.00,30.00,30.00,30.00,30.00,5.77,5.78,5.78,5.79,5.79,5.80,5.81,5.82,5.83,5.84,8.50,8.86,8.84,8.82,8.80,8.79,8.77,8.75,8.73,8.71,300.00,0.00,0.00,1.00,0.00,0.00,0.00,-1.00,0,None,0,aggregation
160,220.54,remora0,remora8,30.00,30.00,30.00,30.00,30.00,30.00,30.00,30.00,30.00,30.00,30.00,30.00,30.00,30.00,30.00,30.00,30.00,30.00,30.00,30.00,5.85,5.86,5.87,5.88,5.88,5.88,5.87,5.86,5.86,5.85,8.70,8.68,8.66,8.65,8.63,8.61,8.59,8.56,8.54,8.52,300.00,0.00,0.00,1.00,0.00,0.00,0.00,-1.00,0,None,0,aggregation
160,221.54,remora0,remora8,30.00,30.00,30.00,30.00,30.00,30.00,30.00,30.00,30.00,30.00,30.00,30.00,30.00,30.00,30.00,30.00,30.00,30.00,30.00,30.00,5.85,5.85,5.84,5.84,5.84,5.84,5.84,5.83,5.83,5.83,8.50,8.48,8.46,8.44,8.42,8.40,8.38,8.36,8.34,8.32,300.00,0.00,0.00,1.00,0.00,0.00,0.00,-1.00,0,None,0,aggregation
160,222.54,remora0,remora8,30.00,30.00,30.00,30.00,30.00,30.00,30.00,30.00,30.00,30.00,30.00,30.00,30.00,30.00,30.00,30.00,30.00,30.00,30.00,30.00,5.83,5.83,5.83,5.83,5.83,5.82,5.82,5.81,5.81,5.81,8.30,8.28,8.26,8.24,8.22,8.20,8.18,8.16,8.14,8.12,300.00,0.00,0.00,1.00,0.00,0.00,0.00,-1.00,0,None,0,aggregation
160,223.54,remora0,remora8,30.00,30.00,30.00,30.00,30.00,30.00,30.00,30.00,30.00,30.00,30.00,30.00,30.00,30.00,30.00,30.00,30.00,30.00,30.00,30.00,5.81,5.82,5.82,5.82,5.82,5.83,5.83,5.83,5.83,5.82,8.10,8.08,8.06,8.04,8.02,8.00,7.99,7.97,7.95,7.93,300.00,0.00,0.00,1.00,0.00,0.00,0.00,-1.00,0,None,0,aggregation
160,224.54,remora0,remora8,30.00,30.00,30.00,30.00,30.00,30.00,30.00,30.00,30.00,30.00,30.00,30.00,30.00,30.00,30.00,30.00,30.00,30.00,30.00,30.00,5.81,5.81,5.80,5.80,5.79,5.78,5.78,5.77,5.76,5.76,7.90,7.88,7.86,7.84,7.82,7.80,7.78,7.76,7.74,7.71,300.00,0.00,0.00,1.00,0.00,0.00,0.00,-1.00,0,None,0,aggregation
160,225.54,remora0,remora8,30.00,30.00,30.00,30.00,30.00,30.00,30.00,30.00,30.00,30.00,30.00,30.00,30.00,30.00,30.00,30.00,30.00,30.00,30.00,30.00,5.75,5.75,5.74,5.74,5.74,5.74,5.73,5.73,5.73,5.73,7.69,7.67,7.65,7.63,7.61,7.59,7.57,7.55,7.53,7.51,300.00,0.00,0.00,1.00,0.00,0.00,0.00,-1.00,0,None,0,aggregation
160,226.54,remora0,remora8,30.00,30.00,30.00,30.00,30.00,30.00,30.00,30.00,30.00,30.00,30.00,30.00,30.00,30.00,30.00,30.00,30.00,30.00,30.00,30.00,5.73,5.74,5.74,5.74,5.74,5.75,5.76,5.77,5.78,5.79,7.49,7.47,7.46,7.44,7.42,7.40,7.38,7.37,7.35,7.33,300.00,0.00,0.00,1.00,0.00,0.00,0.00,-1.00,0,None,0,aggregation
160,227.54,remora0,remora8,30.00,30.00,30.00,30.00,30.00,30.00,30.00,30.00,30.00,30.00,30.00,30.00,30.00,30.00,30.00,30.00,30.00,30.00,30.00,30.00,5.80,5.81,5.81,5.82,5.82,5.82,5.82,5.82,5.83,5.83,7.32,7.30,7.28,7.26,7.24,7.22,7.20,7.18,7.17,7.15,300.00,0.00,0.00,1.00,0.00,0.00,0.00,-1.00,0,None,0,aggregation
160,228.54,remora0,remora8,30.00,30.00,30.00,30.00,30.00,30.00,30.00,30.00,30.00,30.00,30.00,30.00,30.00,30.00,30.00,30.00,30.00,30.00,30.00,30.00,5.84,5.84,5.85,5.85,5.86,5.87,5.88,5.88,5.89,5.90,7.13,7.11,7.07,7.06,7.05,7.04,7.04,7.03,7.02,7.01,300.00,0.00,0.00,1.00,0.00,0.00,0.00,-1.00,0,None,0,aggregation
160,229.54,remora0,remora8,30.00,30.00,30.00,30.00,30.00,30.00,30.00,30.00,30.00,30.00,30.00,30.00,30.00,30.00,30.00,30.00,30.00,30.00,30.00,30.00,5.92,5.93,5.94,5.95,5.96,5.98,5.99,6.01,6.02,6.04,7.00,6.99,6.98,6.98,6.97,6.96,6.95,6.94,6.94,6.93,300.00,0.00,0.00,1.00,0.00,0.00,0.00,-1.00,0,None,0,aggregation
160,230.54,remora0,remora8,30.00,30.00,30.00,30.00,30.00,30.00,30.00,30.00,30.00,30.00,30.00,30.00,30.00,30.00,30.00,30.00,30.00,30.00,30.00,30.00,6.06,6.07,6.09,6.11,6.13,6.15,6.17,6.19,6.21,6.23,6.92,6.92,6.91,6.90,6.90,6.89,6.88,6.87,6.86,6.86,300.00,0.00,0.00,1.00,0.00,0.00,0.00,-1.00,0,None,0,aggregation
160,231.54,remora0,remora8,30.00,30.00,30.00,30.00,30.00,30.00,30.00,30.00,30.00,30.00,30.00,30.00,30.00,30.00,30.00,30.00,30.00,30.00,30.00,30.00,6.25,6.27,6.30,6.32,6.34,6.37,6.39,6.42,6.40,6.37,6.84,6.83,6.81,6.80,6.78,6.77,6.75,6.73,6.72,6.70,300.00,0.00,0.00,1.00,0.00,0.00,0.00,-1.00,0,None,0,aggregation
160,232.54,remora0,remora8,30.00,30.00,30.00,30.00,30.00,30.00,30.00,30.00,30.00,30.00,30.00,30.00,30.00,30.00,30.00,30.00,30.00,30.00,30.00,30.00,6.33,6.29,6.25,6.21,6.17,6.12,6.08,6.04,6.00,5.96,6.68,6.67,6.65,6.63,6.62,6.60,6.58,6.57,6.55,6.54,300.00,0.00,0.00,1.00,0.00,0.00,0.00,-1.00,0,None,0,aggregation
160,233.54,remora0,remora8,30.00,30.00,30.00,30.00,30.00,30.00,30.00,30.00,30.00,30.00,30.00,30.00,30.00,30.00,30.00,30.00,30.00,30.00,30.00,30.00,5.92,5.88,5.83,5.79,5.75,5.71,5.67,5.63,5.59,5.55,6.52,6.50,6.49,6.47,6.46,6.44,6.43,6.42,6.41,6.40,300.00,0.00,0.00,1.00,0.00,0.00,0.00,-1.00,0,None,0,aggregation
160,234.54,remora0,remora8,0.00,0.00,29.80,29.80,29.80,29.80,29.80,29.80,29.86,29.86,0.00,0.00,30.13,30.13,30.13,30.13,30.13,30.13,30.10,30.10,5.52,5.50,5.49,5.45,5.42,5.38,5.34,5.31,5.27,5.23,6.38,6.38,6.37,6.35,6.34,6.33,6.31,6.30,6.29,6.28,293.97,0.00,0.00,1.00,0.00,0.00,0.00,-1.00,0,None,0,aggregation
160,235.54,remora0,remora8,29.86,29.86,29.98,29.98,30.06,30.06,30.13,30.13,30.16,30.16,30.10,30.10,30.02,30.02,29.93,29.93,29.80,29.80,29.71,29.71,5.20,5.17,5.13,5.10,5.07,5.04,5.00,4.97,4.94,4.91,6.27,6.26,6.24,6.23,6.22,6.21,6.20,6.20,6.19,6.18,293.95,0.00,0.00,1.00,0.00,0.00,0.00,-1.00,0,None,0,aggregation
160,236.54,remora0,remora8,30.15,30.15,30.16,30.16,30.17,30.17,30.17,30.17,30.18,30.18,29.74,29.74,29.68,29.68,29.62,29.62,29.64,29.64,29.58,29.58,4.89,4.86,4.83,4.80,4.78,4.03,3.99,3.95,3.90,3.86,6.17,6.16,6.15,6.15,6.14,5.61,5.59,5.57,5.56,5.55,293.86,0.00,0.00,1.00,0.00,0.00,0.00,-1.00,0,None,0,aggregation
160,237.54,remora0,remora8,30.18,30.18,30.18,30.18,30.18,30.18,30.18,30.18,30.17,30.17,29.60,29.60,29.60,29.60,29.60,29.60,29.59,29.59,29.65,29.65,3.82,3.78,3.74,3.70,3.66,3.62,3.58,3.54,3.50,3.46,5.53,5.52,5.50,5.49,5.47,5.46,5.45,5.44,5.42,5.41,293.75,0.00,0.00,1.00,0.00,0.00,0.00,-1.00,0,None,0,aggregation
160,238.54,remora0,remora8,30.17,30.17,30.17,30.17,30.15,30.15,30.18,30.18,30.18,30.18,29.66,29.66,29.66,29.66,29.72,29.72,29.60,29.60,29.58,29.58,3.42,3.38,3.35,3.31,3.27,3.23,3.20,3.16,3.12,3.09,5.40,5.39,5.37,5.36,5.35,5.34,5.33,5.32,5.31,5.30,293.65,0.00,0.00,1.00,0.00,0.00,0.00,-1.00,0,None,0,aggregation
160,239.54,remora0,remora8,30.18,30.18,30.18,30.18,30.19,30.19,30.18,30.18,30.18,30.18,29.54,29.54,29.49,29.49,29.43,29.43,29.38,29.38,29.41,29.41,3.05,3.01,2.98,2.94,2.91,2.88,2.84,2.81,2.78,2.75,5.29,5.28,5.27,5.26,5.25,5.24,5.24,5.23,5.22,5.21,293.47,0.00,1.00,1.00,0.00,0.00,0.00,-1.00,0,None,0,aggregation
160,240.54,remora0,remora8,30.18,30.18,30.19,30.19,30.18,30.18,30.18,30.18,30.18,30.18,29.41,29.41,29.43,29.43,29.49,29.49,29.55,29.55,29.54,29.54,2.72,2.69,2.66,2.63,2.60,2.57,2.55,2.52,2.50,2.47,5.21,5.20,5.20,5.19,5.18,5.18,5.17,5.17,5.17,5.16,293.31,0.00,1.00,1.00,0.00,0.00,0.00,-1.00,0,None,0,aggregation
160,241.54,remora0,remora8,30.18,30.18,30.16,30.16,30.15,30.15,30.14,30.14,30.13,30.13,29.60,29.60,29.67,29.67,29.73,29.73,29.75,29.75,29.80,29.80,2.45,2.43,2.41,2.39,2.37,2.35,2.33,2.32,2.30,2.29,5.16,5.15,5.14,5.14,5.13,5.13,5.12,5.12,5.11,5.11,293.24,0.00,1.00,1.00,0.00,0.00,0.00,-1.00,0,None,0,aggregation
160,242.54,remora0,remora8,30.11,30.11,30.08,30.08,30.06,30.06,30.05,30.05,30.01,30.01,29.85,29.85,29.89,29.89,29.93,29.93,29.95,29.95,29.99,29.99,4.04,4.01,3.98,3.95,3.92,3.89,3.86,3.83,3.81,3.79,4.06,4.05,4.03,4.02,4.01,3.99,3.98,3.97,3.96,3.95,293.23,0.00,0.00,1.00,0.00,0.00,0.00,-1.00,0,None,0,aggregation
160,243.54,remora0,remora8,29.95,29.95,29.90,29.90,29.83,29.83,29.86,29.86,29.87,29.87,30.04,30.04,30.08,30.08,30.12,30.12,30.10,30.10,30.10,30.10,3.78,3.77,3.76,3.75,3.74,3.73,3.72,3.71,3.70,3.69,3.95,3.95,3.94,3.94,3.93,3.91,3.89,3.88,3.86,3.84,293.21,0.00,0.00,1.00,0.00,0.00,0.00,-1.00,0,None,0,aggregation
160,244.54,remora0,remora8,29.93,29.93,29.99,29.99,29.98,29.98,30.03,30.03,30.10,30.10,30.06,30.06,30.01,30.01,30.02,30.02,29.97,29.97,29.87,29.87,3.68,3.67,3.67,3.66,3.65,3.64,3.64,3.63,3.62,3.62,3.82,3.80,3.79,3.79,3.65,3.64,3.64,3.63,3.62,3.62,299.23,0.00,0.00,1.00,0.00,0.00,0.00,-1.00,0,None,0,aggregation
160,245.54,remora0,remora8,30.15,30.15,30.18,30.18,30.19,30.19,30.18,30.18,30.12,30.12,29.73,29.73,29.60,29.60,29.45,29.45,29.31,29.31,28.94,28.94,3.61,3.60,3.60,3.59,3.59,3.58,3.58,3.57,3.57,3.56,3.61,3.60,3.60,3.59,3.59,3.58,3.58,3.57,3.57,3.56,299.04,0.00,0.00,1.00,0.00,0.00,0.00,-1.00,0,None,0,aggregation
160,246.54,remora0,remora8,30.05,30.05,29.92,29.92,29.66,29.66,29.48,29.48,29.12,29.12,28.67,28.67,28.29,28.29,27.67,27.67,27.27,27.27,26.59,26.59,3.56,3.55,3.55,3.55,3.54,3.54,3.54,3.53,3.53,3.53,3.56,3.55,3.55,3.55,3.54,3.54,3.54,3.53,3.53,3.53,297.81,0.00,0.00,1.00,0.00,0.00,0.00,-1.00,0,None,0,aggregation
